#!ascii label  , from subject sub-v1s17x0051137_ses-1 vox2ras=TkReg
450
81771  -23.575  -17.623  -29.149 0.0000000000
77758  -21.123  -21.169  -25.189 0.0000000000
77777  -29.551  -21.524  -27.936 0.0000000000
73674  -24.725  -26.109  -25.648 0.0000000000
94448  -22.407  -5.372  -28.848 0.0000000000
90017  -24.498  -9.109  -28.797 0.0000000000
86907  -18.157  -12.654  -28.261 0.0000000000
69076  -23.640  -29.034  -23.270 0.0000000000
75716  -22.535  -23.422  -25.105 0.0000000000
74659  -21.546  -24.756  -23.500 0.0000000000
93397  -23.251  -6.752  -29.074 0.0000000000
91113  -19.761  -8.467  -30.115 0.0000000000
82804  -19.589  -16.610  -26.807 0.0000000000
84872  -16.928  -14.352  -25.858 0.0000000000
83871  -20.662  -15.385  -28.508 0.0000000000
85989  -23.433  -13.295  -29.808 0.0000000000
84909  -25.637  -15.108  -29.452 0.0000000000
142875  -26.680  -17.544  -27.852 0.0000000000
79715  -19.929  -19.171  -25.099 0.0000000000
79732  -21.761  -18.939  -27.161 0.0000000000
79744  -25.663  -19.967  -28.548 0.0000000000
76733  -24.270  -22.036  -27.570 0.0000000000
75738  -26.755  -23.662  -27.502 0.0000000000
73677  -27.914  -25.538  -25.713 0.0000000000
88985  -17.825  -10.822  -28.447 0.0000000000
151852  -20.924  -10.979  -30.621 0.0000000000
88978  -25.923  -10.667  -27.260 0.0000000000
72575  -21.176  -26.485  -22.288 0.0000000000
71437  -24.365  -27.551  -24.434 0.0000000000
75692  -21.188  -23.836  -23.534 0.0000000000
74647  -20.444  -24.270  -22.594 0.0000000000
144391  -19.314  -7.605  -30.056 0.0000000000
91111  -17.951  -7.973  -29.270 0.0000000000
81769  -21.789  -17.155  -28.248 0.0000000000
157964  -20.330  -15.918  -27.911 0.0000000000
145604  -22.293  -16.666  -28.920 0.0000000000
83884  -22.893  -15.530  -29.895 0.0000000000
149782  -24.599  -16.454  -30.030 0.0000000000
163025  -26.524  -16.307  -28.613 0.0000000000
81784  -25.996  -17.474  -29.824 0.0000000000
78685  -20.519  -20.411  -24.977 0.0000000000
79723  -20.925  -19.023  -26.307 0.0000000000
140909  -21.556  -19.994  -26.316 0.0000000000
78700  -23.701  -20.657  -27.668 0.0000000000
77766  -22.342  -21.289  -26.231 0.0000000000
74688  -23.809  -24.405  -25.731 0.0000000000
75727  -25.008  -23.836  -26.909 0.0000000000
74703  -25.615  -24.563  -26.824 0.0000000000
73690  -27.449  -25.001  -26.979 0.0000000000
72627  -26.596  -26.190  -26.500 0.0000000000
95484  -20.838  -4.716  -28.369 0.0000000000
95462  -21.565  -4.257  -27.732 0.0000000000
95485  -22.104  -4.614  -28.344 0.0000000000
96562  -24.059  -4.039  -28.339 0.0000000000
94450  -24.889  -5.335  -28.816 0.0000000000
92242  -24.236  -7.813  -28.888 0.0000000000
85950  -17.507  -13.461  -27.176 0.0000000000
150058  -15.925  -11.734  -26.489 0.0000000000
86923  -17.813  -12.058  -28.261 0.0000000000
87960  -19.049  -11.291  -29.479 0.0000000000
86925  -19.429  -12.262  -29.347 0.0000000000
85969  -25.326  -13.299  -28.494 0.0000000000
87962  -24.431  -11.836  -28.722 0.0000000000
145019  -25.766  -12.114  -27.692 0.0000000000
78703  -27.900  -20.802  -27.623 0.0000000000
79735  -28.551  -20.195  -27.584 0.0000000000
70214  -22.120  -28.483  -22.347 0.0000000000
71404  -22.574  -28.010  -22.859 0.0000000000
145999  -22.794  -26.962  -23.529 0.0000000000
70229  -24.176  -28.660  -23.757 0.0000000000
77749  -21.000  -21.945  -24.524 0.0000000000
160842  -22.229  -22.304  -25.531 0.0000000000
75705  -21.930  -23.332  -24.572 0.0000000000
152333  -22.387  -23.942  -24.672 0.0000000000
73657  -23.357  -25.482  -24.660 0.0000000000
94447  -20.995  -5.727  -29.546 0.0000000000
93381  -22.799  -6.074  -29.032 0.0000000000
93395  -21.201  -6.409  -29.589 0.0000000000
150317  -20.527  -7.649  -29.834 0.0000000000
90034  -21.985  -8.869  -29.814 0.0000000000
82782  -18.191  -16.510  -25.280 0.0000000000
83841  -18.297  -15.650  -26.370 0.0000000000
84890  -18.686  -14.743  -27.510 0.0000000000
85966  -19.503  -13.922  -28.667 0.0000000000
85986  -20.616  -13.206  -29.778 0.0000000000
84923  -21.755  -14.018  -29.909 0.0000000000
85990  -24.067  -14.086  -29.846 0.0000000000
84892  -26.214  -14.295  -27.940 0.0000000000
84894  -27.062  -15.177  -27.277 0.0000000000
68018  -25.361  -30.038  -23.181 0.0000000000
69078  -25.209  -29.491  -23.703 0.0000000000
80778  -19.955  -17.932  -26.009 0.0000000000
80786  -21.452  -18.218  -27.317 0.0000000000
80796  -22.785  -18.136  -28.435 0.0000000000
80798  -24.963  -18.452  -29.307 0.0000000000
147075  -23.410  -19.669  -27.820 0.0000000000
78710  -25.089  -20.550  -28.352 0.0000000000
154187  -26.731  -22.125  -27.813 0.0000000000
76717  -23.553  -22.883  -26.498 0.0000000000
76735  -25.783  -22.703  -27.630 0.0000000000
76746  -28.082  -22.988  -27.780 0.0000000000
74722  -28.183  -23.969  -27.564 0.0000000000
75718  -29.314  -23.467  -25.214 0.0000000000
93398  -24.682  -5.986  -28.810 0.0000000000
90015  -18.516  -9.706  -29.490 0.0000000000
88998  -21.031  -10.008  -30.737 0.0000000000
88987  -22.620  -9.595  -29.279 0.0000000000
87975  -22.138  -12.146  -30.319 0.0000000000
89000  -23.037  -11.166  -29.560 0.0000000000
159088  -24.791  -9.612  -28.471 0.0000000000
80789  -26.169  -18.837  -28.730 0.0000000000
146016  -28.611  -18.780  -27.557 0.0000000000
73625  -20.379  -25.082  -22.187 0.0000000000
73640  -21.620  -25.620  -23.104 0.0000000000
72592  -22.884  -26.320  -23.847 0.0000000000
72614  -24.414  -26.553  -25.015 0.0000000000
165161  -26.397  -28.862  -24.054 0.0000000000
70257  -25.986  -28.144  -25.103 0.0000000000
72616  -26.371  -27.049  -26.001 0.0000000000
91098  -17.540  -8.149  -28.725 0.0000000000
81770  -22.544  -17.402  -28.679 0.0000000000
82829  -21.566  -16.461  -28.512 0.0000000000
82830  -23.138  -16.856  -29.397 0.0000000000
148999  -22.793  -16.222  -29.571 0.0000000000
81781  -24.121  -16.942  -29.741 0.0000000000
81783  -25.577  -17.069  -30.000 0.0000000000
81772  -24.606  -17.600  -29.603 0.0000000000
78686  -21.087  -20.258  -25.704 0.0000000000
78692  -21.662  -20.758  -25.928 0.0000000000
77765  -21.758  -21.417  -25.628 0.0000000000
74689  -24.324  -25.255  -25.699 0.0000000000
74702  -24.647  -24.580  -26.362 0.0000000000
73688  -25.085  -25.484  -26.284 0.0000000000
73689  -25.998  -25.610  -26.654 0.0000000000
73675  -25.419  -26.314  -26.098 0.0000000000
153729  -21.489  -5.213  -29.038 0.0000000000
143491  -22.943  -4.915  -28.531 0.0000000000
95463  -23.122  -4.277  -28.150 0.0000000000
95487  -24.669  -4.670  -28.713 0.0000000000
145799  -23.338  -5.488  -28.765 0.0000000000
91100  -23.993  -8.564  -28.928 0.0000000000
92243  -24.823  -7.650  -28.724 0.0000000000
91102  -25.110  -8.056  -28.559 0.0000000000
90018  -25.092  -8.820  -28.486 0.0000000000
85951  -18.137  -13.337  -27.882 0.0000000000
86892  -16.913  -12.848  -26.996 0.0000000000
86906  -17.463  -12.618  -27.656 0.0000000000
150151  -17.202  -11.953  -27.779 0.0000000000
86924  -18.589  -12.122  -28.788 0.0000000000
86909  -25.829  -12.850  -27.820 0.0000000000
86928  -25.217  -12.374  -28.266 0.0000000000
77776  -28.316  -21.578  -27.718 0.0000000000
78704  -29.239  -20.923  -27.893 0.0000000000
69061  -23.189  -29.362  -22.734 0.0000000000
69060  -22.544  -29.199  -22.360 0.0000000000
69075  -22.928  -28.701  -22.884 0.0000000000
71403  -21.920  -27.659  -22.495 0.0000000000
164169  -23.015  -28.235  -23.135 0.0000000000
70228  -23.463  -28.406  -23.390 0.0000000000
76703  -20.914  -22.559  -23.998 0.0000000000
76704  -21.479  -22.635  -24.549 0.0000000000
75704  -21.364  -23.245  -24.034 0.0000000000
74670  -21.858  -24.114  -24.147 0.0000000000
74671  -22.714  -24.748  -24.556 0.0000000000
74660  -22.199  -24.951  -24.015 0.0000000000
94463  -20.176  -5.701  -29.528 0.0000000000
158083  -20.519  -6.180  -29.817 0.0000000000
93394  -19.749  -6.418  -29.959 0.0000000000
143681  -19.949  -7.866  -30.011 0.0000000000
91115  -21.272  -8.231  -29.878 0.0000000000
91114  -20.455  -8.452  -30.120 0.0000000000
81749  -19.387  -17.194  -26.077 0.0000000000
83870  -19.877  -15.336  -28.035 0.0000000000
83857  -19.218  -15.337  -27.518 0.0000000000
84891  -19.329  -14.693  -28.106 0.0000000000
84907  -20.060  -14.648  -28.617 0.0000000000
85967  -20.294  -13.909  -29.196 0.0000000000
84908  -20.812  -14.572  -29.081 0.0000000000
83885  -23.738  -15.283  -30.101 0.0000000000
84925  -23.696  -14.622  -30.081 0.0000000000
85991  -25.174  -14.565  -29.523 0.0000000000
141894  -25.614  -14.234  -28.764 0.0000000000
84910  -26.164  -14.980  -28.584 0.0000000000
84893  -26.545  -14.860  -27.782 0.0000000000
82819  -26.832  -16.675  -27.677 0.0000000000
81763  -28.322  -17.957  -27.245 0.0000000000
143527  -24.682  -30.456  -22.734 0.0000000000
68019  -25.371  -30.377  -22.492 0.0000000000
80769  -19.612  -18.426  -25.249 0.0000000000
81738  -19.191  -17.697  -25.347 0.0000000000
79724  -21.438  -19.293  -26.607 0.0000000000
157126  -21.276  -18.718  -26.820 0.0000000000
80787  -22.206  -18.536  -27.734 0.0000000000
80788  -23.083  -18.858  -28.109 0.0000000000
79733  -22.495  -19.287  -27.476 0.0000000000
77773  -23.639  -21.479  -27.361 0.0000000000
78701  -24.500  -20.821  -28.053 0.0000000000
77783  -24.882  -21.227  -28.050 0.0000000000
77784  -25.425  -21.321  -28.075 0.0000000000
77775  -25.064  -21.949  -27.861 0.0000000000
76716  -22.711  -22.831  -25.657 0.0000000000
75728  -25.772  -23.704  -27.155 0.0000000000
75736  -25.411  -23.183  -27.360 0.0000000000
75737  -26.146  -23.332  -27.442 0.0000000000
76744  -26.497  -22.741  -27.660 0.0000000000
75745  -27.021  -23.334  -27.632 0.0000000000
75740  -28.348  -23.410  -27.682 0.0000000000
158558  -27.910  -23.921  -27.661 0.0000000000
73691  -27.742  -25.082  -26.618 0.0000000000
74690  -28.296  -24.572  -26.310 0.0000000000
160737  -28.774  -24.145  -25.491 0.0000000000
74674  -29.011  -24.136  -24.584 0.0000000000
94449  -23.823  -6.136  -28.907 0.0000000000
94464  -24.373  -6.917  -28.841 0.0000000000
84859  -16.861  -14.948  -25.277 0.0000000000
88972  -16.650  -10.892  -27.262 0.0000000000
90014  -17.991  -10.003  -28.769 0.0000000000
88986  -18.416  -10.589  -29.165 0.0000000000
155121  -20.255  -11.088  -30.545 0.0000000000
87971  -19.694  -10.767  -30.292 0.0000000000
88997  -20.309  -10.350  -30.663 0.0000000000
140308  -21.752  -9.779  -30.033 0.0000000000
148699  -21.605  -10.637  -30.293 0.0000000000
85988  -22.113  -13.435  -30.205 0.0000000000
86941  -20.972  -12.553  -30.297 0.0000000000
86943  -22.596  -12.812  -30.106 0.0000000000
88990  -25.302  -11.365  -27.919 0.0000000000
87961  -23.548  -11.856  -29.346 0.0000000000
152341  -24.591  -10.783  -28.464 0.0000000000
88989  -24.263  -10.052  -28.861 0.0000000000
88977  -25.119  -10.251  -27.933 0.0000000000
80799  -25.637  -19.028  -28.956 0.0000000000
79745  -26.238  -19.630  -28.304 0.0000000000
80791  -28.923  -19.566  -27.811 0.0000000000
145555  -20.671  -25.919  -22.057 0.0000000000
73626  -21.100  -25.722  -22.522 0.0000000000
72576  -21.684  -26.393  -22.791 0.0000000000
71422  -23.554  -27.125  -24.016 0.0000000000
72604  -23.623  -26.272  -24.468 0.0000000000
72606  -24.688  -27.139  -24.851 0.0000000000
70230  -25.777  -29.016  -24.119 0.0000000000
71451  -26.390  -27.691  -25.453 0.0000000000
75703  -20.756  -23.113  -23.498 0.0000000000
151944  -20.564  -23.664  -23.027 0.0000000000
74658  -20.937  -24.280  -23.103 0.0000000000
93393  -18.748  -6.443  -29.782 0.0000000000
92254  -18.593  -7.040  -29.763 0.0000000000
91112  -18.610  -7.752  -29.706 0.0000000000
163961  -19.179  -8.315  -30.051 0.0000000000
140704  -20.834  -17.260  -27.414 0.0000000000
82817  -20.405  -16.637  -27.503 0.0000000000
82818  -21.139  -16.897  -27.888 0.0000000000
82828  -20.884  -16.224  -28.171 0.0000000000
157165  -21.322  -15.823  -28.684 0.0000000000
83872  -21.401  -15.156  -29.133 0.0000000000
83873  -22.040  -15.828  -29.249 0.0000000000
82840  -23.699  -16.153  -29.977 0.0000000000
83886  -25.490  -15.843  -29.927 0.0000000000
83874  -26.188  -15.926  -29.275 0.0000000000
82842  -25.867  -16.687  -29.880 0.0000000000
82831  -26.414  -16.981  -29.161 0.0000000000
81773  -26.355  -18.051  -28.937 0.0000000000
79704  -20.117  -19.811  -24.848 0.0000000000
80770  -20.331  -18.717  -25.827 0.0000000000
79716  -20.587  -19.575  -25.580 0.0000000000
79717  -21.122  -19.615  -26.124 0.0000000000
79725  -22.013  -19.646  -26.867 0.0000000000
78699  -22.762  -20.098  -27.217 0.0000000000
78693  -22.196  -20.437  -26.566 0.0000000000
78694  -22.919  -20.932  -26.983 0.0000000000
77767  -23.028  -21.589  -26.762 0.0000000000
75717  -23.271  -23.575  -25.728 0.0000000000
74719  -26.335  -23.997  -27.214 0.0000000000
74721  -27.318  -24.569  -27.339 0.0000000000
73700  -26.872  -25.174  -26.965 0.0000000000
72628  -27.088  -25.794  -26.664 0.0000000000
73676  -27.407  -25.780  -26.423 0.0000000000
95488  -25.787  -4.205  -28.529 0.0000000000
92258  -23.592  -7.355  -29.032 0.0000000000
93382  -25.012  -7.101  -28.615 0.0000000000
86890  -15.498  -11.858  -25.826 0.0000000000
87933  -15.501  -11.138  -26.164 0.0000000000
87950  -16.865  -11.457  -27.537 0.0000000000
87951  -17.540  -11.459  -28.110 0.0000000000
87959  -18.204  -11.390  -28.722 0.0000000000
87973  -20.594  -11.744  -30.370 0.0000000000
157176  -24.186  -13.341  -29.450 0.0000000000
86926  -23.909  -12.614  -29.298 0.0000000000
86927  -24.635  -12.892  -28.894 0.0000000000
78712  -26.514  -20.608  -27.976 0.0000000000
78702  -27.325  -20.010  -27.606 0.0000000000
79736  -29.654  -20.396  -28.744 0.0000000000
71388  -21.560  -27.930  -22.043 0.0000000000
154056  -21.654  -27.009  -22.564 0.0000000000
71420  -22.267  -27.177  -23.006 0.0000000000
71421  -23.090  -27.715  -23.394 0.0000000000
70244  -23.893  -27.975  -23.893 0.0000000000
77748  -20.362  -21.238  -24.277 0.0000000000
160347  -21.643  -22.021  -25.174 0.0000000000
76705  -22.066  -22.743  -25.065 0.0000000000
74687  -23.024  -24.177  -25.125 0.0000000000
74672  -23.554  -24.983  -25.114 0.0000000000
73673  -24.029  -25.794  -25.082 0.0000000000
95483  -19.638  -4.734  -28.197 0.0000000000
94446  -20.247  -5.171  -28.907 0.0000000000
155508  -20.804  -5.254  -29.256 0.0000000000
93380  -21.818  -5.920  -29.226 0.0000000000
93396  -22.165  -6.643  -29.293 0.0000000000
92255  -19.855  -7.186  -30.041 0.0000000000
92256  -21.473  -7.297  -29.598 0.0000000000
92257  -22.671  -7.333  -29.293 0.0000000000
91116  -22.292  -8.039  -29.568 0.0000000000
91099  -22.903  -8.747  -29.065 0.0000000000
83840  -17.532  -15.152  -25.926 0.0000000000
83842  -19.011  -15.921  -26.880 0.0000000000
83856  -18.655  -15.336  -27.044 0.0000000000
84874  -18.121  -14.905  -26.820 0.0000000000
84889  -18.117  -14.133  -27.361 0.0000000000
85952  -18.739  -14.015  -28.082 0.0000000000
85985  -19.828  -13.130  -29.264 0.0000000000
84922  -21.037  -13.913  -29.627 0.0000000000
165580  -22.783  -13.552  -30.087 0.0000000000
83883  -22.139  -14.849  -29.742 0.0000000000
151898  -23.258  -14.070  -30.086 0.0000000000
85968  -24.833  -13.834  -29.295 0.0000000000
85953  -25.958  -13.632  -27.975 0.0000000000
164114  -26.375  -13.857  -27.589 0.0000000000
84876  -26.879  -14.225  -27.206 0.0000000000
84877  -27.664  -14.788  -26.798 0.0000000000
83858  -26.610  -15.671  -28.064 0.0000000000
76738  -29.733  -21.696  -27.971 0.0000000000
140517  -23.947  -30.207  -22.746 0.0000000000
68030  -24.549  -29.923  -23.264 0.0000000000
69077  -24.385  -29.291  -23.558 0.0000000000
80785  -20.749  -18.256  -26.655 0.0000000000
81750  -20.279  -17.391  -26.835 0.0000000000
81760  -21.355  -17.523  -27.646 0.0000000000
81761  -22.004  -17.818  -27.961 0.0000000000
159463  -24.246  -17.995  -29.237 0.0000000000
80797  -23.797  -18.353  -28.777 0.0000000000
79742  -24.142  -19.127  -28.470 0.0000000000
79743  -25.040  -19.537  -28.747 0.0000000000
79734  -24.335  -20.072  -28.229 0.0000000000
78711  -25.731  -20.751  -28.244 0.0000000000
78713  -27.170  -21.460  -27.801 0.0000000000
77786  -27.535  -22.100  -27.817 0.0000000000
159985  -22.125  -21.827  -25.717 0.0000000000
76725  -22.746  -22.130  -26.212 0.0000000000
76726  -23.554  -22.121  -26.984 0.0000000000
76727  -24.540  -23.138  -27.039 0.0000000000
162247  -24.139  -22.555  -27.210 0.0000000000
76745  -27.377  -22.805  -27.739 0.0000000000
77787  -28.308  -22.337  -27.759 0.0000000000
149861  -28.968  -22.773  -27.724 0.0000000000
75741  -28.688  -23.391  -27.608 0.0000000000
74706  -28.008  -24.557  -27.204 0.0000000000
74691  -28.893  -23.810  -26.289 0.0000000000
141000  -24.238  -5.444  -28.764 0.0000000000
94451  -25.231  -5.577  -28.624 0.0000000000
146465  -25.113  -6.419  -28.618 0.0000000000
90031  -17.958  -9.018  -29.124 0.0000000000
146316  -18.683  -8.766  -29.737 0.0000000000
142991  -19.460  -9.073  -30.178 0.0000000000
88996  -19.078  -10.297  -29.848 0.0000000000
90033  -19.631  -9.906  -30.387 0.0000000000
141300  -20.281  -9.356  -30.470 0.0000000000
142071  -21.145  -9.105  -30.391 0.0000000000
90016  -23.683  -9.408  -28.987 0.0000000000
146341  -20.228  -12.413  -29.880 0.0000000000
87974  -21.408  -11.821  -30.434 0.0000000000
87976  -22.789  -11.976  -29.896 0.0000000000
142214  -22.143  -11.346  -30.161 0.0000000000
88988  -23.336  -10.310  -29.178 0.0000000000
91089  -25.580  -8.934  -27.703 0.0000000000
80806  -25.870  -18.244  -29.553 0.0000000000
81762  -26.900  -18.266  -27.424 0.0000000000
152417  -26.851  -19.274  -27.653 0.0000000000
80790  -27.322  -18.892  -27.277 0.0000000000
142228  -27.751  -18.489  -27.076 0.0000000000
73639  -20.965  -24.955  -22.862 0.0000000000
73641  -22.209  -25.591  -23.658 0.0000000000
72591  -22.236  -26.354  -23.325 0.0000000000
73656  -22.819  -25.569  -24.196 0.0000000000
69089  -24.947  -28.920  -24.064 0.0000000000
138620  -25.490  -28.476  -24.524 0.0000000000
156255  -26.242  -28.594  -24.546 0.0000000000
71438  -25.190  -27.704  -24.866 0.0000000000
71450  -25.791  -27.428  -25.501 0.0000000000
152615  -25.135  -26.906  -25.443 0.0000000000
72615  -25.714  -26.894  -25.938 0.0000000000
72617  -27.046  -26.655  -26.167 0.0000000000
69062  -23.818  -29.639  -23.063 0.0000000000
69079  -26.081  -29.391  -23.601 0.0000000000
70245  -24.675  -28.260  -24.305 0.0000000000
71439  -26.781  -28.225  -25.031 0.0000000000
71452  -26.893  -27.502  -25.546 0.0000000000
72605  -24.153  -26.946  -24.555 0.0000000000
72626  -26.011  -26.481  -26.303 0.0000000000
74673  -28.498  -24.797  -25.117 0.0000000000
74704  -26.395  -24.707  -27.021 0.0000000000
74705  -27.754  -24.349  -27.471 0.0000000000
74707  -28.496  -24.012  -27.144 0.0000000000
74720  -26.897  -24.344  -27.350 0.0000000000
75726  -24.101  -23.755  -26.410 0.0000000000
75739  -27.372  -23.994  -27.603 0.0000000000
75746  -27.706  -23.485  -27.696 0.0000000000
76734  -24.892  -22.584  -27.542 0.0000000000
76736  -26.465  -23.122  -27.549 0.0000000000
76737  -28.862  -22.552  -27.771 0.0000000000
76743  -25.882  -22.069  -27.809 0.0000000000
77774  -24.376  -21.393  -27.820 0.0000000000
77785  -26.201  -21.387  -27.999 0.0000000000
80805  -25.478  -17.616  -29.822 0.0000000000
81759  -20.939  -17.745  -27.192 0.0000000000
81782  -25.009  -17.036  -29.999 0.0000000000
82816  -19.746  -15.973  -27.441 0.0000000000
82841  -25.254  -16.490  -30.032 0.0000000000
84924  -23.023  -14.762  -30.089 0.0000000000
84926  -24.333  -14.906  -30.033 0.0000000000
84927  -25.052  -15.098  -29.972 0.0000000000
85940  -26.497  -13.308  -27.321 0.0000000000
85965  -18.883  -13.080  -28.656 0.0000000000
85987  -21.361  -13.306  -30.127 0.0000000000
86905  -16.560  -12.084  -27.189 0.0000000000
86942  -21.751  -12.690  -30.352 0.0000000000
87952  -26.182  -11.597  -27.232 0.0000000000
87972  -19.877  -11.595  -30.061 0.0000000000
88973  -17.299  -11.010  -27.864 0.0000000000
88999  -22.401  -10.463  -29.662 0.0000000000
90001  -25.229  -9.457  -27.990 0.0000000000
90032  -19.082  -9.544  -30.013 0.0000000000
91101  -24.722  -8.335  -28.792 0.0000000000
92241  -23.281  -7.970  -29.086 0.0000000000
92244  -25.156  -7.498  -28.492 0.0000000000
92253  -17.915  -7.114  -29.313 0.0000000000
141123  -23.883  -11.015  -29.038 0.0000000000
144944  -20.508  -6.839  -29.806 0.0000000000
150856  -24.643  -15.739  -30.122 0.0000000000
152064  -27.847  -19.486  -27.322 0.0000000000
152364  -19.253  -6.922  -30.077 0.0000000000
152666  -22.499  -14.126  -30.066 0.0000000000
155530  -25.294  -4.849  -28.665 0.0000000000
159876  -25.385  -8.328  -28.060 0.0000000000
160161  -21.428  -14.494  -29.509 0.0000000000
160383  -26.595  -18.718  -27.850 0.0000000000
162165  -28.085  -19.063  -27.237 0.0000000000
162672  -24.672  -10.168  -28.448 0.0000000000
163058  -24.685  -14.527  -29.770 0.0000000000
163779  -21.497  -11.205  -30.402 0.0000000000
164692  -23.250  -12.510  -29.690 0.0000000000
