#!ascii label  , from subject sub-v1s17x0051137_ses-1 vox2ras=TkReg
1928
10036  -39.817  -87.619  -16.084 0.1000000015
10054  -39.571  -87.476  -16.782 0.1000000015
8551  -38.122  -88.509  -18.071 0.1000000015
158198  -39.053  -87.195  -18.004 0.1000000015
10088  -38.660  -86.971  -18.984 0.1000000015
10105  -39.097  -85.882  -19.794 0.1000000015
9375  -37.851  -86.781  -20.877 0.1000000015
10914  -38.819  -85.240  -21.256 0.1000000015
10930  -39.114  -83.953  -21.887 0.1000000015
10929  -38.266  -84.604  -22.057 0.1000000015
161309  -38.447  -83.861  -22.071 0.1000000015
11786  -39.646  -83.066  -22.008 0.1000000015
11770  -38.320  -83.673  -22.012 0.1000000015
10928  -37.316  -84.750  -22.037 0.1000000015
11771  -38.911  -83.013  -21.728 0.1000000015
11737  -39.540  -83.342  -18.372 0.1000000015
10913  -37.598  -84.234  -21.731 0.1000000015
142440  -37.944  -84.239  -19.164 0.1000000015
162280  -37.981  -83.827  -20.855 0.1000000015
10850  -41.379  -85.339  -15.221 0.1000000015
10055  -40.007  -86.867  -16.565 0.1000000015
10865  -40.537  -86.148  -16.363 0.1000000015
10069  -39.581  -86.864  -17.437 0.1000000015
158711  -41.188  -85.342  -16.262 0.1000000015
139072  -40.714  -85.532  -17.086 0.1000000015
10881  -39.833  -86.012  -18.057 0.1000000015
158655  -41.278  -84.696  -17.689 0.1000000015
10898  -39.848  -85.385  -19.319 0.1000000015
10899  -40.522  -84.306  -20.003 0.1000000015
10915  -40.654  -83.156  -21.200 0.1000000015
12747  -39.715  -82.654  -21.944 0.1000000015
16504  -42.674  -79.456  -13.520 0.1000000015
15459  -41.980  -80.887  -14.184 0.1000000015
14474  -41.570  -81.440  -14.544 0.1000000015
14491  -41.844  -81.486  -15.464 0.1000000015
12660  -40.543  -82.668  -16.166 0.1000000015
12677  -40.409  -82.763  -17.187 0.1000000015
12691  -40.326  -82.704  -18.513 0.1000000015
153022  -40.121  -82.488  -19.988 0.1000000015
159505  -39.351  -83.184  -19.622 0.1000000015
11752  -38.751  -83.451  -20.205 0.1000000015
10820  -40.880  -85.313  -13.924 0.1000000015
11694  -42.437  -84.073  -13.820 0.2000000030
157535  -42.026  -84.575  -14.259 0.2000000030
10835  -40.913  -85.701  -14.719 0.1000000015
12642  -42.908  -83.595  -14.410 0.1000000015
11705  -42.301  -84.190  -15.770 0.1000000015
10821  -41.496  -85.057  -14.332 0.1000000015
144115  -42.880  -83.608  -15.340 0.1000000015
146155  -41.713  -84.854  -15.713 0.1000000015
137780  -51.698  -70.589  -14.794 0.1000000015
137101  -50.195  -71.856  -14.599 0.1000000015
12661  -42.976  -83.400  -16.430 0.1000000015
11740  -42.002  -83.901  -17.865 0.1000000015
11738  -41.081  -84.336  -19.064 0.1000000015
137671  -48.855  -72.013  -14.781 0.1000000015
137665  -49.438  -72.864  -14.423 0.1000000015
22342  -48.725  -73.695  -14.460 0.1000000015
20409  -47.485  -75.454  -14.577 0.1000000015
19402  -47.263  -76.433  -14.765 0.1000000015
18449  -45.973  -77.215  -14.736 0.1000000015
163224  -42.574  -83.320  -18.099 0.1000000015
12692  -42.308  -83.121  -19.065 0.1000000015
12748  -40.177  -82.647  -21.825 0.1000000015
145655  -47.872  -74.494  -14.487 0.1000000015
20408  -46.511  -75.576  -14.378 0.1000000015
19401  -46.329  -76.449  -14.520 0.1000000015
17475  -44.410  -78.663  -14.593 0.1000000015
16523  -44.147  -79.274  -15.066 0.1000000015
15474  -44.118  -79.772  -17.100 0.1000000015
151928  -43.434  -80.296  -17.287 0.1000000015
12712  -41.844  -82.529  -20.198 0.1000000015
12711  -40.596  -82.088  -21.126 0.1000000015
19381  -45.438  -76.530  -13.995 0.1000000015
16505  -43.586  -79.102  -13.983 0.1000000015
16522  -43.265  -79.786  -14.396 0.1000000015
15473  -43.271  -80.344  -16.076 0.1000000015
147911  -42.225  -81.253  -17.922 0.1000000015
13591  -41.043  -82.178  -18.460 0.1000000015
15460  -42.833  -80.470  -14.867 0.1000000015
165012  -42.722  -80.711  -15.471 0.1000000015
14492  -42.630  -80.888  -16.180 0.1000000015
13572  -41.018  -82.281  -17.141 0.1000000015
13607  -41.022  -81.881  -20.063 0.1000000015
12710  -39.683  -82.486  -21.280 0.1000000015
145475  -42.975  -83.522  -13.671 0.1000000015
12626  -42.738  -83.666  -13.164 0.2000000030
150646  -41.200  -84.734  -13.416 0.1000000015
12607  -41.019  -83.800  -12.415 0.2000000030
12606  -40.003  -83.962  -12.366 0.2000000030
12627  -43.432  -83.116  -13.127 0.1000000015
12643  -43.495  -83.041  -14.121 0.1000000015
26529  -51.945  -69.425  -15.880 0.1000000015
25491  -51.605  -70.419  -15.784 0.1000000015
153063  -43.397  -83.073  -15.956 0.1000000015
12679  -43.620  -82.600  -16.971 0.1000000015
137100  -50.128  -72.429  -14.377 0.1000000015
151330  -48.885  -74.676  -14.480 0.1000000015
21375  -48.502  -75.363  -14.535 0.1000000015
148708  -42.836  -82.587  -18.925 0.1000000015
20410  -48.178  -76.120  -14.652 0.1000000015
18450  -46.839  -77.111  -14.996 0.1000000015
16524  -44.960  -78.821  -15.706 0.1000000015
16556  -44.973  -79.678  -17.168 0.1000000015
15512  -44.165  -80.345  -18.250 0.1000000015
14539  -42.775  -81.284  -19.390 0.1000000015
12713  -42.372  -82.202  -19.817 0.1000000015
14523  -42.323  -81.288  -19.147 0.1000000015
15388  -44.160  -80.917  -10.698 0.1000000015
155617  -43.412  -81.199  -10.834 0.1000000015
14411  -44.579  -81.222  -11.483 0.1000000015
13484  -43.717  -82.167  -11.733 0.1000000015
151785  -43.111  -82.554  -11.793 0.1000000015
154617  -42.525  -82.768  -11.857 0.2000000030
12598  -42.126  -83.182  -12.143 0.2000000030
12610  -42.989  -83.297  -12.680 0.2000000030
12597  -41.327  -83.168  -12.008 0.2000000030
12596  -40.386  -83.206  -11.914 0.2000000030
13524  -44.027  -82.430  -13.710 0.1000000015
14435  -44.450  -81.714  -12.279 0.1000000015
14458  -44.490  -81.826  -13.227 0.1000000015
14476  -44.632  -81.679  -14.334 0.1000000015
26524  -51.992  -69.544  -15.013 0.1000000015
137624  -51.356  -71.056  -14.167 0.1000000015
137545  -50.955  -71.814  -13.757 0.1000000015
137638  -50.859  -72.568  -13.272 0.1000000015
13545  -44.200  -82.269  -15.038 0.1000000015
13575  -44.656  -81.550  -16.461 0.1000000015
26541  -51.741  -69.257  -16.908 0.1000000015
27536  -51.165  -68.523  -16.374 0.1000000015
137559  -51.245  -71.209  -14.475 0.1000000015
137107  -51.026  -71.831  -13.963 0.1000000015
21377  -50.353  -74.951  -13.725 0.1000000015
19382  -49.490  -76.036  -13.786 0.1000000015
18451  -47.862  -77.260  -14.410 0.1000000015
16507  -46.499  -78.962  -14.810 0.1000000015
15476  -45.734  -79.776  -16.258 0.1000000015
15475  -45.239  -80.646  -16.806 0.1000000015
13574  -44.291  -81.707  -17.380 0.1000000015
165893  -51.547  -68.906  -17.547 0.1000000015
18472  -46.520  -77.742  -15.193 0.1000000015
16526  -46.185  -78.804  -15.603 0.1000000015
15494  -45.494  -79.647  -16.854 0.1000000015
14526  -44.595  -80.364  -17.914 0.1000000015
13610  -43.434  -81.375  -18.941 0.1000000015
156290  -51.343  -68.594  -18.021 0.1000000015
27559  -50.811  -68.377  -18.562 0.1000000015
26563  -50.397  -69.240  -19.128 0.1000000015
27557  -49.637  -67.472  -18.735 0.1000000015
17405  -45.473  -78.921  -10.388 0.1000000015
14396  -44.734  -80.765  -10.852 0.1000000015
19343  -45.857  -77.599  -10.970 0.1000000015
16449  -46.010  -79.009  -10.829 0.1000000015
16446  -43.571  -80.399  -10.192 0.1000000015
14409  -42.588  -82.244  -11.478 0.1000000015
161771  -42.004  -81.868  -11.276 0.2000000030
17421  -46.493  -78.679  -11.270 0.1000000015
16467  -45.757  -79.943  -11.233 0.1000000015
14412  -45.187  -80.576  -11.343 0.1000000015
13481  -40.809  -82.497  -11.576 0.2000000030
18397  -46.630  -78.021  -11.309 0.1000000015
16468  -46.205  -79.300  -11.232 0.1000000015
28532  -48.310  -67.656  -16.530 0.1000000015
27535  -50.274  -68.276  -16.412 0.1000000015
27523  -50.766  -68.531  -15.240 0.1000000015
27516  -51.165  -68.805  -14.579 0.1000000015
26523  -51.580  -69.191  -14.624 0.1000000015
26512  -51.466  -69.895  -13.988 0.1000000015
25469  -51.260  -70.692  -13.822 0.1000000015
19354  -47.307  -76.847  -11.757 0.1000000015
17422  -47.183  -78.273  -11.734 0.1000000015
15429  -45.619  -80.223  -12.050 0.1000000015
14459  -44.933  -81.104  -13.764 0.1000000015
27524  -51.612  -68.905  -15.382 0.1000000015
137579  -50.728  -73.027  -12.808 0.1000000015
22314  -50.207  -74.119  -12.539 0.1000000015
20381  -49.910  -75.618  -12.888 0.1000000015
155447  -46.493  -79.201  -13.741 0.1000000015
145766  -46.040  -79.699  -12.929 0.1000000015
14493  -44.956  -81.297  -15.587 0.1000000015
28533  -49.304  -67.248  -17.370 0.1000000015
22343  -51.055  -73.586  -13.344 0.1000000015
21348  -50.736  -74.300  -12.825 0.1000000015
19369  -49.387  -76.203  -12.818 0.1000000015
18429  -48.292  -77.433  -13.346 0.1000000015
17459  -47.069  -78.527  -13.821 0.1000000015
15462  -45.720  -80.160  -15.259 0.1000000015
14477  -45.220  -80.910  -14.866 0.1000000015
166452  -50.591  -67.536  -17.906 0.1000000015
28546  -50.114  -67.522  -17.597 0.1000000015
28555  -50.198  -67.243  -18.088 0.1000000015
28554  -49.443  -66.615  -18.275 0.1000000015
165816  -48.984  -66.968  -18.890 0.1000000015
27568  -49.091  -68.507  -19.442 0.1000000015
142055  -44.526  -80.320  -10.254 0.1000000015
19352  -45.770  -76.702  -11.226 0.1000000015
19351  -44.969  -76.021  -11.186 0.1000000015
17389  -44.749  -78.694  -9.910 0.1000000015
15387  -42.613  -80.761  -10.546 0.1000000015
19353  -46.503  -76.540  -11.523 0.1000000015
21333  -45.868  -74.876  -11.749 0.1000000015
143818  -44.090  -79.721  -9.735 0.1000000015
14393  -41.725  -81.159  -10.847 0.1000000015
20378  -47.459  -75.467  -12.070 0.1000000015
20367  -46.948  -76.075  -11.799 0.1000000015
14408  -41.240  -81.826  -11.255 0.2000000030
27533  -48.541  -68.157  -15.584 0.1000000015
27515  -50.339  -68.523  -14.133 0.1000000015
26517  -50.377  -68.877  -13.721 0.1000000015
21346  -47.808  -74.629  -12.250 0.1000000015
18413  -48.209  -77.028  -12.121 0.1000000015
15386  -41.774  -80.343  -10.320 0.1000000015
14392  -40.794  -81.179  -10.881 0.2000000030
27522  -49.539  -68.333  -15.079 0.1000000015
137105  -50.731  -71.553  -13.486 0.1000000015
137104  -49.659  -72.796  -12.743 0.1000000015
21347  -50.031  -75.065  -12.569 0.1000000015
20379  -48.810  -75.518  -12.297 0.1000000015
17443  -47.871  -77.739  -12.359 0.1000000015
29523  -48.644  -65.732  -17.537 0.1000000015
28545  -49.623  -66.652  -17.951 0.1000000015
29524  -49.142  -65.787  -18.049 0.1000000015
29531  -48.549  -65.481  -18.474 0.1000000015
28553  -48.660  -66.313  -18.741 0.1000000015
141449  -48.058  -67.287  -19.177 0.1000000015
21344  -45.895  -74.023  -12.027 0.1000000015
21332  -45.173  -74.322  -11.643 0.1000000015
22311  -45.915  -72.970  -12.334 0.1000000015
140255  -45.935  -75.803  -11.527 0.1000000015
19342  -44.884  -77.034  -10.645 0.1000000015
16434  -44.302  -79.125  -9.585 0.1000000015
21345  -46.694  -74.696  -12.078 0.1000000015
18369  -44.386  -77.807  -9.951 0.1000000015
161671  -43.328  -79.685  -9.685 0.1000000015
22313  -48.014  -73.655  -12.441 0.1000000015
22312  -46.846  -73.801  -12.309 0.1000000015
17388  -43.986  -78.426  -9.447 0.1000000015
28531  -47.182  -67.532  -16.016 0.1000000015
28520  -47.669  -68.022  -15.266 0.1000000015
27521  -48.551  -68.017  -14.258 0.1000000015
26510  -49.729  -69.091  -13.411 0.1000000015
159244  -49.658  -71.229  -13.325 0.1000000015
138262  -49.017  -71.943  -13.017 0.1000000015
137103  -48.266  -72.625  -12.716 0.1000000015
16433  -43.534  -79.029  -9.317 0.1000000015
16445  -42.607  -79.993  -9.972 0.1000000015
152693  -47.909  -66.764  -16.931 0.1000000015
25468  -50.310  -70.363  -13.495 0.1000000015
137102  -50.277  -72.232  -13.079 0.1000000015
149044  -49.118  -74.487  -12.371 0.1000000015
16444  -40.958  -80.014  -10.248 0.1000000015
30451  -47.465  -65.192  -16.725 0.1000000015
153696  -48.184  -64.413  -17.169 0.1000000015
30462  -48.848  -65.147  -17.906 0.1000000015
31401  -48.666  -64.469  -17.839 0.1000000015
32335  -47.961  -63.283  -18.365 0.1000000015
30469  -48.211  -64.885  -18.557 0.1000000015
30461  -46.242  -64.953  -18.325 0.1000000015
23318  -44.938  -72.513  -12.189 0.1000000015
22304  -45.088  -73.468  -11.910 0.1000000015
163640  -44.610  -74.586  -11.379 0.1000000015
140736  -45.542  -72.044  -12.469 0.1000000015
20366  -44.275  -75.210  -11.039 0.1000000015
23319  -46.330  -72.030  -12.626 0.1000000015
146161  -45.806  -71.233  -12.673 0.1000000015
20358  -44.145  -76.127  -10.622 0.1000000015
24372  -47.255  -71.903  -12.798 0.1000000015
24371  -46.664  -71.114  -12.885 0.1000000015
18382  -43.853  -76.935  -10.081 0.1000000015
29512  -46.567  -66.096  -16.285 0.1000000015
27507  -49.674  -68.532  -13.618 0.1000000015
24384  -48.498  -71.035  -13.206 0.1000000015
157429  -48.037  -71.718  -12.987 0.1000000015
24383  -47.537  -71.015  -13.062 0.1000000015
18368  -43.549  -77.617  -9.426 0.1000000015
16432  -42.679  -79.269  -9.441 0.1000000015
30450  -46.497  -65.153  -16.254 0.1000000015
29497  -46.323  -67.152  -15.778 0.1000000015
28519  -46.700  -67.705  -14.773 0.1000000015
27512  -47.746  -67.724  -13.767 0.1000000015
27513  -48.415  -67.859  -13.253 0.1000000015
25467  -49.136  -70.092  -13.302 0.1000000015
17368  -42.427  -78.099  -8.771 0.1000000015
31391  -47.340  -64.411  -16.589 0.1000000015
32314  -48.110  -62.949  -17.160 0.1000000015
152037  -47.318  -63.586  -16.476 0.1000000015
34293  -47.764  -61.712  -17.450 0.1000000015
32325  -48.352  -63.034  -17.941 0.1000000015
163677  -48.069  -62.528  -18.107 0.1000000015
32324  -46.767  -63.278  -18.398 0.1000000015
154764  -47.478  -62.449  -18.306 0.1000000015
26500  -45.991  -69.422  -12.594 0.1000000015
25455  -45.414  -70.422  -12.617 0.1000000015
24370  -44.885  -71.406  -12.426 0.1000000015
23309  -44.214  -73.058  -11.731 0.1000000015
27501  -46.674  -68.185  -12.336 0.1000000015
22303  -43.903  -73.718  -11.401 0.1000000015
28508  -47.585  -67.564  -12.884 0.1000000015
26501  -47.625  -67.985  -12.643 0.1000000015
26508  -47.830  -68.989  -12.840 0.1000000015
25456  -46.271  -70.268  -12.808 0.1000000015
21324  -43.496  -74.773  -10.754 0.1000000015
31377  -45.478  -64.262  -15.682 0.1000000015
29511  -45.864  -65.768  -15.893 0.1000000015
27505  -48.198  -67.876  -12.924 0.1000000015
19335  -43.090  -76.801  -9.449 0.1000000015
31390  -46.404  -64.327  -16.113 0.1000000015
17387  -43.202  -78.217  -9.062 0.1000000015
17386  -42.057  -78.714  -9.149 0.1000000015
32304  -46.197  -62.568  -15.821 0.1000000015
32313  -47.220  -62.692  -16.385 0.1000000015
33300  -46.935  -61.825  -16.283 0.1000000015
34292  -47.231  -61.251  -16.868 0.1000000015
34301  -47.302  -61.327  -17.660 0.1000000015
35246  -46.777  -60.748  -17.159 0.1000000015
153312  -45.678  -60.100  -16.822 0.1000000015
33319  -46.020  -61.737  -18.007 0.1000000015
23317  -44.167  -72.036  -11.991 0.1000000015
24357  -43.482  -71.649  -11.748 0.1000000015
23308  -43.554  -72.461  -11.586 0.1000000015
30436  -44.850  -65.128  -15.405 0.1000000015
28513  -46.119  -67.366  -13.907 0.1000000015
28501  -46.870  -67.308  -12.361 0.1000000015
33299  -45.349  -62.439  -15.461 0.1000000015
32302  -45.224  -63.334  -15.494 0.1000000015
31376  -44.591  -64.312  -15.301 0.1000000015
141086  -45.149  -65.928  -15.468 0.1000000015
28518  -45.724  -67.284  -14.866 0.1000000015
157022  -47.096  -67.405  -13.374 0.1000000015
20356  -42.928  -75.309  -10.246 0.1000000015
153829  -45.997  -61.736  -15.715 0.1000000015
34280  -46.595  -61.013  -16.160 0.1000000015
35234  -45.736  -59.860  -15.494 0.1000000015
152191  -46.279  -60.329  -15.995 0.1000000015
36126  -45.725  -58.791  -15.223 0.1000000015
35235  -46.029  -59.662  -15.934 0.1000000015
36135  -45.639  -58.717  -15.467 0.1000000015
36146  -45.677  -59.393  -16.226 0.1000000015
36145  -45.041  -59.049  -16.339 0.1000000015
27500  -46.272  -67.483  -11.878 0.1000000015
26498  -44.636  -69.301  -12.216 0.1000000015
25454  -44.624  -70.365  -12.405 0.1000000015
24369  -44.019  -71.078  -12.155 0.1000000015
25453  -43.888  -70.156  -12.131 0.1000000015
28500  -46.366  -66.721  -11.844 0.1000000015
28507  -46.700  -67.030  -12.647 0.1000000015
144562  -44.841  -61.765  -15.223 0.1000000015
151004  -44.566  -62.780  -15.198 0.1000000015
34278  -45.160  -60.737  -15.211 0.1000000015
36125  -45.314  -58.682  -14.730 0.1000000015
37139  -45.322  -58.588  -15.806 0.1000000015
154837  -43.817  -57.802  -15.533 0.1000000015
26499  -45.673  -68.684  -12.263 0.1000000015
166190  -44.340  -68.533  -11.753 0.1000000015
29472  -46.152  -66.664  -12.335 0.1000000015
32301  -44.234  -63.597  -15.100 0.1000000015
30430  -44.323  -65.987  -14.917 0.1000000015
166295  -43.838  -66.200  -14.440 0.1000000015
29481  -45.211  -66.679  -13.009 0.1000000015
35228  -44.899  -60.149  -14.910 0.1000000015
37131  -45.618  -58.173  -15.074 0.1000000015
37130  -45.489  -58.069  -15.230 0.1000000015
38121  -44.427  -57.266  -15.003 0.1000000015
38120  -43.292  -57.245  -15.139 0.1000000015
29457  -45.426  -66.174  -11.313 0.1000000015
29487  -43.459  -66.314  -13.987 0.1000000015
29480  -44.053  -66.506  -13.015 0.1000000015
157331  -45.169  -66.148  -12.080 0.1000000015
152473  -43.694  -61.940  -14.775 0.1000000015
33293  -43.277  -62.851  -14.691 0.1000000015
31375  -43.783  -64.513  -14.887 0.1000000015
30429  -43.549  -65.579  -14.557 0.1000000015
34272  -44.240  -61.047  -14.867 0.1000000015
38106  -45.182  -57.725  -14.827 0.1000000015
38104  -43.821  -56.589  -14.505 0.1000000015
39082  -43.181  -55.841  -14.347 0.1000000015
38103  -42.634  -56.582  -14.756 0.1000000015
30428  -42.784  -65.726  -14.026 0.1000000015
32293  -43.445  -63.724  -14.761 0.1000000015
32292  -42.656  -63.686  -14.464 0.1000000015
31368  -42.866  -64.726  -14.467 0.1000000015
35227  -43.906  -60.336  -14.550 0.1000000015
36124  -44.476  -58.803  -14.332 0.1000000015
37115  -45.054  -58.078  -14.509 0.1000000015
39068  -43.838  -56.000  -14.056 0.1000000015
40083  -43.260  -55.270  -14.092 0.1000000015
34271  -43.125  -61.204  -14.502 0.1000000015
153759  -44.648  -59.499  -14.594 0.1000000015
37102  -44.233  -58.086  -14.003 0.1000000015
38090  -44.249  -57.224  -13.873 0.1000000015
38105  -44.479  -57.050  -14.400 0.1000000015
40072  -43.385  -55.384  -13.837 0.1000000015
41106  -43.124  -54.805  -13.959 0.1000000015
41105  -42.958  -54.716  -13.482 0.1000000015
36115  -43.694  -58.941  -14.062 0.1000000015
148262  -43.419  -56.338  -13.440 0.1000000015
147585  -43.984  -56.486  -13.820 0.1000000015
40071  -43.210  -55.431  -13.436 0.1000000015
9306  -38.669  -88.459  -17.320 0.1000000015
9342  -38.623  -87.838  -18.072 0.1000000015
10089  -39.336  -86.421  -18.518 0.1000000015
10882  -40.499  -85.245  -18.289 0.1000000015
10123  -38.065  -85.702  -21.638 0.1000000015
166344  -40.012  -84.620  -20.327 0.1000000015
10070  -40.179  -86.135  -17.224 0.1000000015
11720  -41.813  -84.489  -16.655 0.1000000015
11739  -41.653  -83.696  -19.055 0.1000000015
11753  -41.236  -83.373  -20.293 0.1000000015
15448  -42.372  -80.213  -13.847 0.1000000015
13544  -41.180  -81.952  -14.930 0.1000000015
146114  -41.063  -82.294  -16.237 0.1000000015
164432  -41.368  -84.922  -13.813 0.1000000015
11704  -41.898  -84.747  -14.954 0.1000000015
11681  -42.206  -84.068  -13.226 0.2000000030
24385  -51.660  -70.364  -14.296 0.1000000015
137099  -50.695  -73.163  -14.004 0.1000000015
17477  -45.880  -77.935  -15.331 0.1000000015
17458  -44.605  -78.111  -14.211 0.1000000015
15461  -43.746  -79.797  -15.662 0.1000000015
17489  -45.727  -78.731  -15.775 0.1000000015
15492  -43.925  -80.086  -17.866 0.1000000015
14507  -42.059  -81.381  -16.619 0.1000000015
14508  -42.811  -80.719  -17.605 0.1000000015
12732  -41.626  -81.948  -20.437 0.1000000015
14524  -42.941  -80.798  -18.738 0.1000000015
14538  -42.151  -81.535  -19.830 0.1000000015
13502  -43.470  -82.747  -12.305 0.1000000015
12609  -42.348  -83.622  -12.700 0.2000000030
12608  -41.725  -83.628  -12.447 0.2000000030
13503  -43.992  -82.398  -12.737 0.1000000015
139373  -43.979  -82.439  -16.130 0.1000000015
157079  -43.360  -82.059  -18.860 0.1000000015
153927  -50.654  -74.061  -13.815 0.1000000015
19403  -47.976  -76.733  -14.591 0.1000000015
160467  -46.235  -78.276  -15.459 0.1000000015
16543  -45.756  -79.265  -16.210 0.1000000015
15522  -43.576  -80.812  -18.741 0.1000000015
13628  -42.156  -81.722  -20.028 0.1000000015
14436  -44.973  -80.906  -12.153 0.1000000015
138019  -50.958  -72.730  -13.528 0.1000000015
139099  -50.767  -68.001  -17.436 0.1000000015
18430  -49.120  -76.529  -13.421 0.1000000015
161379  -48.733  -76.958  -13.347 0.1000000015
17478  -47.537  -77.808  -14.228 0.1000000015
14509  -44.885  -80.847  -17.500 0.1000000015
26553  -51.038  -69.267  -18.544 0.1000000015
16447  -44.941  -79.559  -10.033 0.1000000015
15389  -45.224  -80.189  -10.621 0.1000000015
152793  -46.780  -78.921  -11.811 0.1000000015
14407  -40.368  -81.777  -11.222 0.2000000030
16487  -46.260  -79.572  -11.904 0.1000000015
20368  -48.002  -76.277  -12.082 0.1000000015
17442  -47.315  -78.460  -12.537 0.1000000015
16488  -46.690  -79.066  -12.735 0.1000000015
15449  -45.368  -80.486  -13.147 0.1000000015
156040  -49.252  -73.530  -12.533 0.1000000015
18414  -48.802  -76.853  -12.775 0.1000000015
16431  -41.711  -79.502  -9.755 0.1000000015
32326  -48.418  -63.841  -18.109 0.1000000015
142792  -47.901  -66.044  -18.976 0.1000000015
23320  -47.047  -72.838  -12.564 0.1000000015
31392  -48.412  -63.723  -17.592 0.1000000015
149237  -47.290  -64.885  -18.644 0.1000000015
25465  -47.147  -70.120  -13.011 0.1000000015
26507  -46.920  -69.131  -12.741 0.1000000015
34300  -46.538  -61.120  -17.764 0.1000000015
35244  -44.858  -59.795  -16.748 0.1000000015
29488  -44.289  -66.699  -14.169 0.1000000015
20214  -38.847  -75.447  -1.582 0.5000000000
14359  -39.497  -81.307  -2.597 0.5000000000
15295  -39.230  -80.539  -1.124 0.5000000000
21207  -39.245  -74.803  -0.819 0.5000000000
20230  -38.311  -75.980  -2.109 0.5000000000
15308  -38.787  -80.691  -2.259 0.5000000000
21190  -39.573  -74.044  0.131 0.5000000000
15294  -38.065  -79.879  -1.985 0.5000000000
142942  -38.475  -74.779  -0.770 0.5000000000
21189  -38.648  -74.176  -0.064 0.5000000000
20213  -37.809  -75.145  -1.182 0.5000000000
21206  -37.819  -74.348  -0.328 0.4000000060
143983  -37.336  -75.737  -1.811 0.4000000060
15331  -38.164  -80.895  -4.928 0.5000000000
14369  -38.728  -81.507  -5.373 0.5000000000
14368  -37.967  -81.178  -5.741 0.5000000000
15349  -35.902  -80.134  -6.737 0.5000000000
15350  -36.507  -80.486  -6.410 0.5000000000
16383  -35.141  -79.230  -7.242 0.4000000060
18342  -34.887  -77.999  -7.374 0.4000000060
159929  -39.733  -80.246  1.474 0.1000000015
21208  -40.135  -74.843  -0.863 0.5000000000
20215  -39.764  -75.568  -1.800 0.5000000000
20231  -39.304  -76.239  -2.157 0.5000000000
19250  -37.986  -76.744  -2.233 0.4000000060
21191  -40.550  -74.131  0.094 0.5000000000
22180  -40.094  -73.252  0.609 0.5000000000
146596  -41.418  -72.719  0.454 0.5000000000
23152  -40.729  -72.572  0.580 0.5000000000
156303  -39.478  -73.373  0.534 0.5000000000
24204  -41.304  -72.018  0.208 0.4000000060
22179  -38.912  -73.428  0.484 0.5000000000
22178  -37.901  -73.436  0.357 0.4000000060
144815  -37.126  -74.528  -0.627 0.4000000060
23151  -39.358  -72.834  0.706 0.3000000119
19249  -37.088  -76.421  -2.246 0.6999999881
18283  -36.780  -77.236  -2.512 0.5000000000
164624  -40.506  -71.905  0.422 0.3000000119
151574  -39.950  -72.350  0.662 0.3000000119
23150  -38.552  -72.629  0.698 0.3000000119
20229  -36.273  -75.577  -1.843 0.5000000000
19271  -36.065  -76.425  -2.457 0.6000000238
17309  -36.619  -78.091  -2.626 0.6000000238
16338  -37.385  -79.259  -2.200 0.6000000238
15320  -38.598  -80.817  -3.332 0.5000000000
162739  -38.556  -80.960  -4.153 0.3000000119
21221  -35.898  -74.665  -1.363 0.4000000060
19270  -35.363  -76.668  -2.981 0.5000000000
18312  -35.966  -77.922  -3.147 0.6000000238
16357  -36.610  -79.485  -4.140 0.6000000238
147330  -37.824  -80.432  -4.068 0.5000000000
22177  -36.919  -72.918  0.270 0.4000000060
21205  -36.323  -74.166  -0.697 0.4000000060
20246  -35.580  -75.699  -2.292 0.5000000000
18311  -35.282  -77.401  -3.460 0.5000000000
17331  -36.078  -78.915  -3.926 0.5000000000
15330  -37.347  -80.357  -4.911 0.5000000000
23148  -36.786  -71.972  0.361 0.4000000060
22187  -35.818  -73.552  -0.760 0.4000000060
148139  -35.360  -74.161  -1.738 0.5000000000
157768  -34.841  -76.671  -3.527 0.5000000000
18319  -34.943  -77.805  -4.252 0.4000000060
162114  -36.024  -79.244  -4.557 0.5000000000
141036  -36.874  -80.347  -5.631 0.5000000000
22196  -35.486  -73.305  -1.383 0.4000000060
21231  -35.030  -74.446  -2.495 0.5000000000
161075  -34.624  -77.033  -4.091 0.5000000000
17329  -34.685  -78.024  -5.074 0.4000000060
146827  -35.357  -79.267  -5.964 0.4000000060
16370  -36.031  -79.842  -5.948 0.5000000000
21242  -34.608  -74.858  -3.956 0.5000000000
147659  -34.480  -76.404  -5.521 0.4000000060
18334  -34.500  -77.566  -6.251 0.4000000060
17353  -34.830  -78.610  -7.112 0.4000000060
21256  -34.712  -75.079  -4.802 0.3000000119
20298  -34.716  -75.647  -5.506 0.4000000060
20314  -34.779  -76.093  -6.208 0.3000000119
151446  -35.464  -75.913  -6.677 0.3000000119
19313  -35.843  -76.394  -7.338 0.3000000119
16291  -39.478  -79.774  1.669 0.1000000015
15254  -39.554  -80.226  1.633 0.1000000015
16303  -39.680  -79.631  1.309 0.4000000060
16319  -39.906  -80.353  1.021 0.4000000060
15277  -39.712  -80.365  0.083 0.4000000060
16318  -39.328  -79.402  0.306 0.4000000060
166060  -39.053  -79.608  -0.300 0.5000000000
19251  -38.804  -76.715  -2.138 0.4000000060
158239  -38.416  -79.108  -0.749 0.5000000000
16329  -38.657  -79.750  -0.939 0.5000000000
22182  -41.880  -73.326  0.408 0.5000000000
22181  -41.031  -73.347  0.499 0.5000000000
17301  -37.754  -78.540  -1.425 0.6000000238
23165  -42.084  -71.993  -0.270 0.4000000060
24214  -41.480  -71.444  -0.631 0.2000000030
138624  -39.182  -72.030  0.746 0.3000000119
24202  -38.351  -71.740  0.681 0.4000000060
24213  -40.594  -71.239  -0.193 0.3000000119
24212  -39.676  -70.754  -0.065 0.3000000119
25311  -40.225  -70.412  -0.883 0.3000000119
141122  -38.815  -70.405  0.049 0.4000000060
25291  -38.204  -70.904  0.433 0.4000000060
25290  -37.496  -70.704  0.316 0.4000000060
23175  -35.569  -72.382  -1.164 0.4000000060
25309  -37.960  -70.181  0.103 0.3000000119
142528  -36.022  -70.904  -0.435 0.3000000119
23189  -35.493  -72.592  -2.145 0.3000000119
21237  -34.945  -73.938  -3.042 0.4000000060
24232  -35.696  -71.664  -2.611 0.3000000119
22220  -35.392  -73.586  -3.801 0.3000000119
20299  -35.129  -75.079  -5.499 0.4000000060
20315  -35.258  -75.442  -6.077 0.3000000119
148815  -35.781  -71.203  -3.237 0.2000000030
24244  -36.072  -71.807  -3.507 0.2000000030
21244  -35.833  -73.754  -4.732 0.3000000119
21272  -35.799  -74.802  -5.881 0.3000000119
139107  -35.514  -69.697  -4.094 0.1000000015
23220  -36.723  -72.458  -4.623 0.2000000030
21258  -36.356  -74.107  -5.523 0.4000000060
139968  -36.217  -65.930  -4.080 0.1000000015
17269  -39.427  -78.630  1.521 0.1000000015
16302  -39.275  -78.579  0.546 0.5000000000
20216  -40.642  -75.672  -1.882 0.5000000000
20232  -40.267  -76.505  -2.254 0.4000000060
19252  -39.513  -77.000  -2.003 0.4000000060
18285  -38.957  -77.111  -1.839 0.4000000060
17288  -38.500  -78.488  -0.588 0.5000000000
21192  -41.475  -74.153  0.118 0.5000000000
21209  -41.035  -74.938  -0.805 0.5000000000
23154  -42.734  -72.508  -0.159 0.4000000060
160009  -42.765  -73.281  0.183 0.4000000060
142955  -43.352  -72.445  -0.771 0.4000000060
23153  -42.059  -72.616  0.232 0.5000000000
23176  -43.046  -72.044  -1.476 0.3000000119
23166  -42.652  -71.993  -0.862 0.3000000119
24215  -42.108  -71.587  -0.989 0.3000000119
25329  -42.091  -70.861  -2.400 0.2000000030
25312  -41.021  -70.795  -1.185 0.2000000030
143543  -41.391  -70.496  -2.068 0.3000000119
25339  -41.777  -70.157  -2.829 0.1000000015
25319  -40.696  -70.097  -1.752 0.3000000119
25310  -39.395  -69.993  -0.642 0.3000000119
25328  -41.171  -69.781  -2.454 0.2000000030
26386  -40.528  -69.363  -2.189 0.2000000030
26377  -39.102  -69.244  -1.201 0.2000000030
26367  -37.592  -69.556  -0.374 0.2000000030
25307  -35.922  -70.049  -0.915 0.2000000030
27363  -38.826  -68.464  -1.466 0.2000000030
26374  -36.307  -69.186  -1.199 0.2000000030
25317  -35.546  -70.235  -1.902 0.2000000030
27362  -37.711  -68.202  -1.420 0.2000000030
27361  -36.654  -68.327  -1.599 0.1000000015
145134  -35.460  -70.069  -2.721 0.2000000030
25338  -35.608  -70.442  -3.485 0.2000000030
166117  -37.138  -66.969  -2.016 0.1000000015
27373  -36.104  -68.147  -2.180 0.1000000015
26396  -35.403  -68.950  -3.745 0.1000000015
25346  -35.849  -70.464  -4.437 0.1000000015
145620  -36.834  -66.576  -2.274 0.1000000015
28351  -36.296  -66.843  -2.775 0.1000000015
27398  -35.454  -68.266  -4.167 0.1000000015
29347  -36.151  -66.339  -3.359 0.1000000015
164993  -35.808  -66.799  -4.126 0.1000000015
31252  -36.876  -64.724  -3.316 0.1000000015
33171  -37.556  -62.671  -2.512 0.1000000015
18252  -39.683  -77.559  0.657 0.3000000119
18251  -39.194  -77.819  0.300 0.3000000119
19229  -41.247  -76.974  -0.318 0.3000000119
19228  -40.236  -77.029  0.051 0.3000000119
153359  -39.303  -77.463  -0.245 0.3000000119
19235  -40.685  -77.071  -1.467 0.3000000119
19234  -39.723  -77.169  -1.023 0.3000000119
18268  -38.966  -77.382  -1.025 0.5000000000
18267  -38.606  -77.894  -0.608 0.5000000000
19254  -41.891  -76.667  -2.104 0.4000000060
20233  -41.060  -76.381  -2.249 0.5000000000
147678  -40.294  -76.992  -1.986 0.4000000060
21195  -43.909  -74.123  -0.016 0.4000000060
21194  -43.250  -74.138  0.080 0.4000000060
21210  -41.936  -75.012  -0.651 0.5000000000
22197  -44.608  -73.211  -0.841 0.4000000060
22190  -43.906  -73.015  -0.461 0.4000000060
22183  -43.582  -73.523  -0.031 0.4000000060
23178  -44.065  -72.644  -1.204 0.4000000060
22203  -44.714  -72.915  -1.767 0.4000000060
23191  -44.664  -72.745  -3.014 0.3000000119
23177  -43.536  -72.286  -1.593 0.3000000119
24234  -43.251  -71.943  -2.336 0.3000000119
158247  -43.315  -71.642  -3.191 0.3000000119
24246  -43.146  -70.987  -3.769 0.1000000015
25340  -42.420  -70.535  -3.260 0.1000000015
26397  -41.616  -69.399  -3.018 0.1000000015
27386  -42.111  -68.810  -3.380 0.1000000015
27385  -41.514  -68.818  -2.975 0.1000000015
27364  -39.795  -68.801  -1.923 0.2000000030
27375  -40.602  -68.679  -2.439 0.2000000030
27374  -40.212  -68.076  -2.197 0.2000000030
28333  -38.532  -67.782  -1.609 0.1000000015
141786  -39.180  -67.291  -1.537 0.1000000015
160598  -38.474  -67.126  -1.549 0.1000000015
29313  -38.891  -66.570  -1.238 0.1000000015
29333  -37.415  -66.499  -1.835 0.1000000015
29332  -36.586  -65.992  -2.717 0.1000000015
147792  -38.140  -65.053  -1.046 0.1000000015
31231  -37.460  -64.999  -1.684 0.1000000015
32167  -37.715  -63.511  -1.519 0.1000000015
33162  -38.218  -62.265  -1.333 0.1000000015
33161  -37.714  -62.788  -1.754 0.1000000015
35062  -38.487  -60.720  -2.251 0.1000000015
158046  -39.157  -59.745  -2.850 0.1000000015
35965  -40.361  -59.019  -3.814 0.1000000015
19220  -40.646  -76.883  1.173 0.2000000030
19230  -42.291  -77.243  -1.039 0.3000000119
19237  -42.368  -77.081  -1.919 0.4000000060
21213  -44.530  -74.428  -0.251 0.3000000119
21212  -43.802  -74.963  -0.314 0.4000000060
20218  -42.335  -75.905  -1.626 0.4000000060
19255  -42.543  -76.975  -2.055 0.3000000119
22198  -45.360  -73.467  -1.254 0.3000000119
22191  -44.283  -73.672  -0.287 0.3000000119
20219  -43.248  -76.049  -1.330 0.4000000060
20234  -42.580  -76.659  -1.951 0.4000000060
19238  -43.186  -76.984  -1.920 0.3000000119
22205  -46.246  -73.698  -2.881 0.3000000119
22204  -45.468  -73.252  -2.339 0.3000000119
22212  -45.550  -73.260  -3.509 0.3000000119
23208  -45.057  -72.738  -4.112 0.3000000119
23190  -43.853  -72.139  -3.102 0.3000000119
23207  -44.343  -72.223  -3.877 0.3000000119
141125  -43.750  -71.663  -3.826 0.2000000030
25348  -43.515  -70.355  -4.486 0.1000000015
26410  -44.013  -69.815  -4.916 0.1000000015
161220  -42.814  -70.087  -3.992 0.1000000015
26409  -43.408  -69.543  -4.398 0.1000000015
26399  -42.781  -69.218  -3.891 0.1000000015
27387  -42.926  -68.368  -3.608 0.1000000015
27376  -41.722  -68.171  -2.837 0.1000000015
142002  -40.973  -68.063  -2.485 0.2000000030
28352  -41.532  -67.461  -2.320 0.2000000030
160960  -41.327  -66.932  -1.829 0.2000000030
29314  -39.729  -66.609  -1.250 0.1000000015
29316  -41.540  -66.257  -1.585 0.1000000015
30286  -40.253  -65.876  -0.891 0.1000000015
30284  -38.511  -65.840  -1.023 0.1000000015
30269  -40.870  -65.079  -0.740 0.1000000015
30268  -39.861  -65.131  -0.524 0.1000000015
32150  -39.049  -63.587  -0.486 0.1000000015
32151  -39.795  -63.702  -0.395 0.1000000015
33144  -38.781  -62.722  -0.757 0.1000000015
34131  -38.459  -61.431  -1.653 0.1000000015
35063  -39.221  -60.168  -2.309 0.1000000015
147598  -40.049  -60.192  -1.903 0.1000000015
35925  -39.872  -59.737  -2.599 0.1000000015
35064  -40.837  -59.739  -2.379 0.1000000015
35943  -39.612  -59.412  -3.280 0.1000000015
35945  -41.110  -59.288  -3.182 0.1000000015
36940  -41.792  -58.655  -4.836 0.1000000015
35966  -41.417  -58.892  -3.961 0.1000000015
36966  -42.154  -58.475  -5.704 0.1000000015
19221  -41.442  -76.739  1.237 0.2000000030
146130  -43.267  -77.172  1.389 0.2000000030
18239  -43.782  -77.662  0.611 0.2000000030
18238  -42.906  -77.271  0.137 0.3000000119
163448  -43.956  -75.761  -0.815 0.3000000119
18286  -42.803  -77.155  -1.954 0.3000000119
21223  -45.857  -74.134  -0.836 0.3000000119
22192  -45.058  -73.871  -0.543 0.3000000119
21214  -45.361  -74.691  -0.431 0.3000000119
20220  -44.633  -75.507  -0.539 0.3000000119
139934  -43.981  -76.537  -1.363 0.3000000119
21232  -46.924  -74.221  -2.237 0.3000000119
141255  -44.866  -76.624  -1.061 0.3000000119
19239  -44.163  -77.391  -1.484 0.3000000119
18270  -43.420  -77.295  -1.574 0.2000000030
21239  -47.700  -74.896  -4.097 0.2000000030
21238  -46.990  -74.251  -3.473 0.2000000030
22213  -46.308  -73.799  -4.046 0.3000000119
22223  -45.771  -73.281  -4.531 0.3000000119
23221  -44.774  -72.115  -4.687 0.2000000030
24253  -43.834  -71.122  -4.475 0.1000000015
24254  -44.555  -71.329  -5.081 0.2000000030
158968  -44.520  -70.056  -5.362 0.1000000015
26417  -44.671  -69.419  -5.238 0.1000000015
27411  -46.450  -68.541  -5.975 0.1000000015
28408  -47.247  -67.751  -6.009 0.1000000015
27401  -44.916  -68.596  -4.869 0.1000000015
28406  -45.770  -68.148  -5.139 0.1000000015
29379  -47.625  -66.839  -5.643 0.1000000015
29380  -48.394  -66.533  -6.048 0.1000000015
30352  -49.955  -66.058  -6.669 0.1000000015
27399  -43.500  -68.712  -4.135 0.1000000015
28390  -44.286  -68.222  -4.277 0.1000000015
29365  -45.662  -66.795  -4.193 0.1000000015
29378  -46.850  -67.082  -5.196 0.1000000015
30338  -47.935  -66.065  -5.355 0.1000000015
30339  -48.639  -65.756  -5.717 0.1000000015
28368  -43.138  -67.517  -3.167 0.1000000015
141338  -43.865  -67.255  -3.380 0.1000000015
28367  -42.434  -68.040  -3.169 0.1000000015
29335  -42.643  -66.650  -2.349 0.2000000030
29334  -42.014  -66.774  -2.062 0.1000000015
30299  -42.512  -65.881  -1.876 0.1000000015
31214  -41.171  -64.124  -0.603 0.1000000015
31213  -40.292  -64.296  -0.456 0.1000000015
32152  -40.597  -63.340  -0.428 0.1000000015
33145  -39.601  -62.137  -0.638 0.1000000015
34133  -40.601  -61.152  -0.911 0.1000000015
35038  -40.118  -60.731  -1.340 0.1000000015
35926  -41.626  -59.530  -2.656 0.1000000015
35967  -42.335  -58.849  -4.039 0.1000000015
18242  -46.413  -78.490  1.380 0.2000000030
18254  -43.003  -77.422  -1.129 0.3000000119
18269  -42.779  -77.263  -1.685 0.3000000119
17253  -46.959  -79.029  0.753 0.2000000030
18241  -45.464  -78.546  1.130 0.2000000030
18256  -44.409  -78.180  -0.207 0.2000000030
18255  -43.675  -77.657  -0.727 0.3000000119
20235  -47.007  -75.315  -0.993 0.3000000119
20222  -46.415  -75.912  -0.715 0.3000000119
143023  -45.731  -76.581  -0.876 0.3000000119
21225  -47.475  -74.913  -1.721 0.3000000119
20236  -47.893  -75.785  -1.439 0.3000000119
19242  -47.281  -76.351  -0.950 0.3000000119
19241  -46.339  -77.303  -1.130 0.3000000119
19240  -45.183  -77.580  -1.431 0.3000000119
20277  -48.460  -75.436  -4.667 0.2000000030
20261  -48.457  -75.367  -3.543 0.3000000119
18287  -44.948  -78.001  -1.483 0.2000000030
18271  -44.480  -77.924  -1.239 0.2000000030
21245  -47.017  -74.405  -4.615 0.2000000030
21246  -47.745  -74.984  -5.146 0.2000000030
22224  -46.463  -73.837  -5.049 0.3000000119
21261  -47.184  -74.374  -5.572 0.3000000119
23222  -45.422  -72.660  -4.996 0.3000000119
22234  -46.061  -73.193  -5.412 0.3000000119
23237  -46.354  -72.954  -6.196 0.2000000030
23253  -45.989  -72.210  -6.235 0.2000000030
24262  -45.661  -71.476  -6.227 0.2000000030
26430  -45.968  -70.276  -6.576 0.1000000015
29350  -45.247  -66.301  -3.628 0.1000000015
29351  -46.000  -66.052  -3.957 0.1000000015
30322  -46.807  -65.659  -4.334 0.1000000015
160528  -47.545  -65.665  -4.818 0.1000000015
29348  -43.625  -66.788  -2.941 0.1000000015
29349  -44.422  -66.637  -3.330 0.1000000015
30309  -45.540  -65.648  -3.519 0.1000000015
31271  -46.785  -64.852  -3.873 0.1000000015
29336  -43.971  -66.066  -2.752 0.1000000015
145116  -44.164  -65.368  -2.599 0.1000000015
149957  -44.683  -64.825  -2.679 0.1000000015
151623  -45.957  -64.097  -3.122 0.1000000015
154686  -43.218  -66.305  -2.481 0.1000000015
30300  -43.464  -65.540  -2.291 0.1000000015
31246  -44.539  -64.108  -2.256 0.1000000015
31236  -44.007  -63.973  -1.858 0.1000000015
30288  -43.031  -64.930  -1.754 0.1000000015
153574  -42.299  -65.026  -1.441 0.1000000015
31234  -42.523  -64.216  -1.227 0.1000000015
32169  -43.006  -63.380  -1.204 0.1000000015
32154  -42.260  -63.387  -0.834 0.1000000015
32153  -41.522  -63.356  -0.589 0.1000000015
33147  -41.243  -62.580  -0.491 0.1000000015
34113  -41.012  -61.796  -0.550 0.1000000015
35039  -40.999  -60.421  -1.491 0.1000000015
18231  -48.362  -77.432  2.120 0.3000000119
17254  -47.746  -78.542  0.842 0.3000000119
17273  -47.437  -79.267  -0.003 0.3000000119
17272  -46.523  -79.416  -0.183 0.2000000030
17290  -45.857  -79.081  -0.862 0.2000000030
17270  -45.148  -78.633  -0.689 0.2000000030
17274  -48.024  -78.793  -0.080 0.3000000119
17291  -47.151  -79.295  -0.764 0.3000000119
20247  -48.348  -75.451  -2.364 0.3000000119
19257  -48.419  -77.516  -1.325 0.3000000119
18289  -47.492  -78.461  -1.162 0.3000000119
17302  -46.141  -78.797  -1.272 0.3000000119
17289  -45.412  -78.492  -1.276 0.2000000030
20263  -50.265  -75.880  -4.322 0.2000000030
19272  -49.483  -76.523  -2.607 0.3000000119
19258  -49.417  -76.818  -2.043 0.3000000119
20279  -49.993  -75.651  -5.108 0.2000000030
165927  -50.391  -75.280  -5.209 0.2000000030
20300  -49.428  -75.330  -5.691 0.2000000030
150711  -47.967  -74.775  -5.993 0.2000000030
21277  -48.279  -74.274  -6.558 0.3000000119
22245  -47.194  -73.280  -6.738 0.2000000030
23254  -46.686  -72.467  -6.813 0.2000000030
156070  -44.131  -62.852  -1.589 0.1000000015
33164  -42.598  -62.605  -0.843 0.1000000015
34135  -42.863  -61.735  -0.945 0.1000000015
34114  -41.942  -61.937  -0.623 0.1000000015
19194  -50.530  -76.756  4.063 0.1000000015
141893  -50.129  -76.766  3.302 0.2000000030
18232  -49.272  -77.030  2.617 0.3000000119
19224  -49.226  -77.044  1.580 0.3000000119
153619  -49.214  -77.087  0.491 0.3000000119
18291  -48.796  -77.371  -1.415 0.3000000119
19243  -49.269  -77.181  -0.586 0.3000000119
20249  -50.679  -75.957  -2.612 0.3000000119
19259  -49.993  -76.651  -2.017 0.3000000119
146597  -49.291  -77.146  -1.440 0.3000000119
155401  -51.398  -75.160  -2.797 0.2000000030
160358  -51.073  -74.939  -4.508 0.2000000030
21249  -51.147  -74.323  -4.380 0.1000000015
21263  -48.848  -74.875  -6.241 0.2000000030
22215  -50.904  -73.617  -3.983 0.1000000015
22237  -50.193  -74.378  -5.648 0.2000000030
21278  -48.990  -74.184  -6.506 0.2000000030
22236  -49.593  -73.948  -6.217 0.2000000030
23257  -48.844  -73.498  -6.537 0.3000000119
148483  -50.151  -76.438  2.437 0.3000000119
19225  -49.855  -76.282  1.235 0.3000000119
19231  -49.782  -76.318  0.081 0.3000000119
20224  -51.206  -74.918  -0.895 0.3000000119
20238  -50.554  -75.816  -1.517 0.3000000119
19244  -49.841  -76.475  -1.034 0.3000000119
21226  -51.840  -74.218  -1.430 0.2000000030
138179  -51.976  -73.773  -2.182 0.2000000030
159986  -51.835  -73.094  -1.537 0.1000000015
22206  -51.313  -73.440  -2.991 0.1000000015
159255  -50.461  -73.084  -3.054 0.1000000015
23210  -49.886  -73.133  -3.904 0.1000000015
23224  -49.465  -73.042  -4.832 0.1000000015
20204  -51.713  -75.257  2.082 0.3000000119
20205  -52.627  -74.757  2.278 0.2000000030
148215  -51.419  -75.072  1.205 0.3000000119
20209  -50.529  -75.592  0.720 0.3000000119
21217  -52.139  -73.738  -0.800 0.2000000030
21216  -51.919  -74.180  -0.207 0.3000000119
20223  -50.479  -75.622  -0.400 0.3000000119
22193  -52.172  -73.231  -0.767 0.2000000030
148653  -52.307  -73.588  -0.026 0.2000000030
149214  -51.445  -72.390  1.014 0.1000000015
23159  -52.136  -72.750  0.430 0.1000000015
140683  -50.572  -72.068  1.583 0.1000000015
23158  -51.083  -72.490  0.048 0.1000000015
23169  -51.127  -72.681  -1.056 0.1000000015
23180  -50.136  -72.570  -1.435 0.1000000015
23157  -49.911  -72.287  0.370 0.1000000015
23168  -50.109  -72.432  -0.518 0.1000000015
23193  -49.874  -72.694  -2.268 0.1000000015
23179  -49.277  -72.483  -1.671 0.1000000015
21182  -53.203  -74.122  1.720 0.2000000030
21181  -52.332  -74.612  1.499 0.2000000030
22184  -52.627  -73.461  0.747 0.2000000030
21197  -52.608  -73.987  0.864 0.2000000030
23136  -52.683  -72.591  1.372 0.1000000015
23160  -52.771  -73.143  0.996 0.2000000030
24188  -51.658  -72.078  1.818 0.1000000015
23135  -50.519  -72.274  0.850 0.1000000015
24187  -49.709  -72.090  1.200 0.1000000015
23156  -49.135  -72.247  -0.093 0.1000000015
24224  -48.466  -72.149  -1.503 0.1000000015
24173  -49.600  -71.708  2.130 0.1000000015
24186  -48.833  -71.842  1.455 0.1000000015
144695  -48.296  -71.834  0.881 0.1000000015
25251  -49.657  -70.839  3.600 0.1000000015
24160  -49.065  -71.257  2.995 0.1000000015
24172  -48.364  -71.482  2.250 0.1000000015
143394  -37.444  -77.229  -2.322 0.4000000060
163488  -37.731  -76.212  -2.159 0.5000000000
18284  -38.479  -77.347  -1.702 0.4000000060
18266  -37.874  -77.767  -1.554 0.4000000060
17300  -37.238  -77.932  -2.067 0.6000000238
15319  -37.892  -80.231  -3.015 0.5000000000
145593  -39.016  -81.385  -4.564 0.5000000000
16317  -37.798  -79.202  -1.534 0.5000000000
14352  -40.539  -81.816  -1.823 0.5000000000
21222  -36.761  -74.990  -1.190 0.4000000060
16384  -35.435  -79.565  -6.648 0.4000000060
15360  -35.611  -79.994  -7.442 0.4000000060
17346  -34.904  -78.825  -6.450 0.4000000060
18343  -35.309  -77.184  -7.532 0.3000000119
18335  -34.685  -77.384  -6.858 0.4000000060
24203  -39.838  -71.549  0.426 0.3000000119
23149  -37.637  -72.356  0.593 0.4000000060
22189  -37.025  -73.843  -0.102 0.4000000060
18303  -36.022  -77.296  -2.843 0.6000000238
17320  -36.310  -78.554  -3.243 0.6000000238
16337  -36.868  -78.921  -2.687 0.6000000238
17310  -37.238  -78.675  -2.082 0.6000000238
153615  -37.309  -79.560  -2.810 0.5000000000
21204  -35.679  -73.985  -1.128 0.4000000060
20228  -35.401  -75.007  -1.986 0.4000000060
143422  -35.317  -76.060  -2.681 0.5000000000
17319  -35.627  -78.226  -3.742 0.5000000000
16347  -37.225  -79.815  -3.641 0.5000000000
16346  -36.704  -79.222  -3.394 0.5000000000
162219  -37.109  -79.975  -4.352 0.5000000000
22188  -36.289  -73.332  -0.245 0.4000000060
24201  -37.511  -71.432  0.507 0.4000000060
20245  -34.954  -75.347  -2.725 0.5000000000
17330  -35.381  -78.629  -4.594 0.4000000060
15341  -36.509  -79.812  -4.958 0.5000000000
23164  -36.209  -72.498  -0.041 0.4000000060
24211  -36.143  -71.680  -0.107 0.3000000119
22202  -35.257  -73.614  -2.286 0.5000000000
20260  -34.837  -76.063  -3.211 0.5000000000
19288  -34.512  -76.187  -3.999 0.5000000000
17339  -35.025  -78.707  -5.539 0.4000000060
16369  -35.676  -79.283  -5.242 0.5000000000
20259  -34.627  -75.433  -3.549 0.5000000000
19301  -34.434  -76.697  -4.767 0.4000000060
17338  -34.571  -78.123  -5.920 0.4000000060
18327  -34.439  -77.294  -5.512 0.4000000060
21243  -35.037  -74.311  -4.357 0.4000000060
164175  -34.847  -74.268  -3.657 0.4000000060
150890  -34.509  -75.493  -4.209 0.4000000060
19311  -34.540  -76.869  -6.237 0.4000000060
21193  -42.388  -74.126  0.148 0.5000000000
24221  -41.761  -71.119  -1.526 0.2000000030
25292  -39.028  -71.189  0.481 0.4000000060
26368  -38.507  -69.685  -0.446 0.3000000119
25308  -37.137  -70.189  0.012 0.3000000119
24220  -35.582  -71.706  -1.647 0.3000000119
24210  -35.718  -71.622  -0.802 0.3000000119
25306  -35.654  -70.916  -1.240 0.3000000119
26366  -36.716  -69.650  -0.512 0.2000000030
140654  -35.555  -71.072  -2.003 0.3000000119
22210  -35.415  -73.168  -2.959 0.3000000119
23205  -35.764  -72.389  -3.118 0.3000000119
22211  -35.819  -72.879  -3.619 0.3000000119
21257  -35.405  -74.487  -5.156 0.4000000060
24245  -36.470  -71.852  -4.255 0.2000000030
22221  -36.343  -73.034  -4.358 0.3000000119
22231  -36.781  -73.389  -5.133 0.2000000030
150638  -35.427  -69.566  -3.238 0.2000000030
25347  -36.329  -71.175  -4.772 0.2000000030
28389  -35.846  -67.068  -4.908 0.1000000015
30307  -36.526  -65.538  -3.300 0.1000000015
20217  -41.482  -75.784  -1.826 0.4000000060
24222  -42.512  -71.548  -1.782 0.3000000119
24233  -42.735  -71.307  -2.826 0.2000000030
25318  -39.952  -69.643  -1.473 0.2000000030
26387  -41.076  -69.114  -2.685 0.2000000030
26375  -37.142  -68.885  -0.912 0.2000000030
26376  -38.151  -68.938  -0.899 0.2000000030
26373  -35.768  -69.512  -1.622 0.2000000030
144368  -39.402  -68.017  -1.848 0.2000000030
162766  -37.124  -67.805  -1.688 0.1000000015
28331  -36.654  -67.447  -2.118 0.1000000015
27360  -35.896  -68.798  -1.858 0.2000000030
26385  -35.538  -69.354  -2.390 0.2000000030
29312  -38.111  -66.531  -1.475 0.1000000015
28350  -35.860  -67.661  -2.801 0.1000000015
166008  -35.442  -68.922  -3.035 0.1000000015
27384  -35.496  -68.299  -3.323 0.1000000015
25354  -35.746  -69.723  -4.952 0.1000000015
30298  -37.119  -65.790  -2.070 0.1000000015
155573  -35.593  -67.580  -3.707 0.1000000015
28388  -35.628  -67.585  -4.552 0.1000000015
30297  -36.956  -65.030  -2.525 0.1000000015
31244  -37.146  -64.108  -2.729 0.1000000015
33172  -37.766  -62.038  -1.996 0.1000000015
19236  -41.621  -77.019  -1.719 0.3000000119
19253  -40.992  -76.863  -2.153 0.3000000119
21211  -42.856  -75.024  -0.452 0.4000000060
137826  -44.014  -72.417  -2.167 0.3000000119
26398  -42.208  -69.713  -3.459 0.1000000015
28334  -40.780  -67.435  -2.003 0.1000000015
138943  -39.996  -67.375  -1.714 0.1000000015
30285  -39.359  -65.887  -0.796 0.1000000015
30283  -37.758  -65.787  -1.471 0.1000000015
30267  -38.924  -65.121  -0.580 0.1000000015
31232  -37.840  -64.251  -1.241 0.1000000015
152540  -37.345  -64.199  -1.964 0.1000000015
151810  -38.074  -62.946  -1.190 0.1000000015
33163  -38.921  -61.827  -1.023 0.1000000015
35037  -39.273  -60.778  -1.614 0.1000000015
137869  -42.045  -76.956  0.339 0.2000000030
22199  -46.150  -73.782  -1.695 0.3000000119
139471  -44.220  -71.700  -4.400 0.1000000015
25349  -44.173  -70.540  -5.004 0.1000000015
27400  -44.092  -69.047  -4.676 0.1000000015
27388  -43.681  -67.909  -3.741 0.1000000015
28353  -42.375  -67.372  -2.642 0.1000000015
29315  -40.663  -66.625  -1.460 0.1000000015
138027  -40.984  -65.843  -1.180 0.1000000015
30287  -41.654  -65.444  -1.308 0.1000000015
150866  -39.689  -62.967  -0.435 0.1000000015
21224  -46.622  -74.501  -1.250 0.3000000119
21215  -46.187  -74.956  -0.654 0.3000000119
20221  -45.589  -75.648  -0.572 0.3000000119
21233  -47.706  -74.763  -2.842 0.3000000119
24255  -45.284  -71.951  -5.533 0.2000000030
24261  -45.115  -71.214  -5.714 0.1000000015
25356  -44.801  -70.621  -5.549 0.1000000015
27410  -45.490  -69.015  -5.579 0.1000000015
28407  -46.474  -67.755  -5.398 0.1000000015
28409  -48.150  -67.377  -6.460 0.1000000015
28391  -45.177  -67.649  -4.382 0.1000000015
28392  -46.089  -67.341  -4.766 0.1000000015
29381  -49.145  -66.244  -6.412 0.1000000015
144367  -49.397  -65.504  -6.001 0.1000000015
28369  -44.415  -67.440  -3.802 0.1000000015
29366  -46.448  -66.540  -4.554 0.1000000015
29367  -47.222  -66.319  -4.947 0.1000000015
30324  -48.149  -65.324  -5.096 0.1000000015
31287  -49.668  -64.841  -5.571 0.1000000015
28354  -43.023  -66.934  -2.693 0.1000000015
31233  -41.735  -64.642  -1.009 0.1000000015
33146  -40.411  -62.412  -0.462 0.1000000015
18243  -47.240  -78.307  1.448 0.2000000030
17252  -46.180  -79.034  0.662 0.2000000030
18240  -44.568  -78.101  1.012 0.2000000030
141768  -47.832  -77.997  1.574 0.3000000119
18257  -45.001  -78.600  0.263 0.2000000030
18272  -45.698  -78.247  -1.468 0.3000000119
19256  -47.402  -77.599  -1.189 0.3000000119
165593  -48.085  -76.784  -1.322 0.3000000119
18288  -46.598  -78.399  -1.334 0.3000000119
20262  -49.204  -75.780  -4.151 0.3000000119
20278  -49.247  -75.695  -5.038 0.2000000030
20248  -49.183  -75.932  -3.076 0.3000000119
22235  -46.719  -73.707  -5.959 0.3000000119
157753  -45.795  -72.604  -5.680 0.2000000030
25357  -45.423  -70.740  -6.149 0.1000000015
25368  -46.091  -71.002  -6.770 0.2000000030
26418  -45.223  -69.936  -5.866 0.1000000015
31273  -48.387  -64.614  -4.775 0.1000000015
30308  -44.789  -65.678  -3.096 0.1000000015
30310  -46.140  -65.298  -3.727 0.1000000015
30301  -45.491  -64.904  -3.210 0.1000000015
31245  -43.885  -64.693  -2.181 0.1000000015
31235  -43.385  -64.119  -1.603 0.1000000015
32170  -43.742  -63.393  -1.543 0.1000000015
18244  -48.194  -77.908  1.432 0.3000000119
146228  -48.511  -77.891  0.698 0.3000000119
17304  -47.564  -78.903  -1.017 0.3000000119
17293  -48.055  -78.660  -0.777 0.3000000119
20237  -48.819  -76.515  -2.049 0.3000000119
158471  -49.063  -77.040  -1.966 0.3000000119
18273  -48.641  -77.902  -0.938 0.3000000119
19289  -49.825  -76.200  -3.630 0.3000000119
19274  -50.458  -76.042  -3.494 0.3000000119
20264  -50.986  -75.481  -4.032 0.2000000030
19273  -50.006  -76.504  -2.794 0.3000000119
20280  -50.142  -75.102  -5.593 0.2000000030
22246  -47.878  -73.730  -6.819 0.2000000030
24281  -46.956  -71.969  -7.271 0.2000000030
19173  -50.115  -76.872  4.428 0.1000000015
19214  -50.945  -76.293  3.404 0.2000000030
18259  -48.793  -77.721  -0.169 0.3000000119
20239  -51.276  -75.112  -1.955 0.3000000119
21234  -51.700  -74.379  -3.043 0.2000000030
22216  -51.558  -73.970  -3.589 0.2000000030
22225  -50.661  -74.048  -4.946 0.1000000015
22214  -50.245  -73.528  -4.670 0.2000000030
165166  -51.081  -75.840  2.593 0.3000000119
20203  -50.755  -75.699  1.771 0.3000000119
22200  -52.090  -73.557  -1.381 0.2000000030
22207  -51.748  -73.734  -2.855 0.2000000030
23181  -51.047  -72.912  -2.122 0.1000000015
23170  -51.911  -72.848  -0.542 0.1000000015
142165  -49.377  -72.709  -3.061 0.1000000015
20210  -51.206  -74.907  0.195 0.3000000119
23167  -49.201  -72.360  -0.942 0.1000000015
22163  -53.801  -73.586  2.004 0.2000000030
22173  -53.325  -73.474  1.491 0.2000000030
23120  -52.764  -72.103  2.068 0.1000000015
24207  -49.033  -72.107  0.693 0.1000000015
14370  -39.586  -81.883  -4.983 0.3000000119
13455  -41.135  -82.816  -4.939 0.3000000119
13447  -40.548  -82.320  -4.466 0.3000000119
9168  -40.742  -87.265  -5.889 0.2000000030
146962  -39.263  -88.183  -6.328 0.2000000030
12543  -42.327  -83.821  -5.067 0.4000000060
10747  -42.377  -85.030  -5.585 0.3000000119
13454  -40.117  -82.445  -5.374 0.4000000060
12559  -41.979  -84.122  -5.845 0.3000000119
10731  -41.711  -86.022  -5.241 0.3000000119
13453  -39.228  -82.061  -5.766 0.4000000060
12558  -41.064  -83.751  -6.170 0.4000000060
10746  -41.928  -85.741  -6.073 0.3000000119
9185  -40.767  -87.604  -6.503 0.2000000030
13460  -39.662  -82.696  -6.111 0.4000000060
13461  -40.612  -83.049  -5.771 0.4000000060
11624  -40.836  -84.961  -7.095 0.4000000060
11608  -40.465  -84.181  -6.780 0.4000000060
9949  -41.448  -86.250  -7.092 0.3000000119
9206  -40.866  -87.590  -7.217 0.3000000119
13459  -38.768  -82.391  -6.421 0.4000000060
12557  -40.065  -83.412  -6.448 0.4000000060
10763  -40.207  -85.452  -7.599 0.3000000119
9948  -40.983  -86.944  -7.665 0.4000000060
14373  -37.585  -81.440  -6.443 0.4000000060
12571  -39.492  -83.834  -7.065 0.4000000060
15351  -37.244  -80.859  -6.092 0.4000000060
13465  -38.246  -82.770  -7.086 0.4000000060
12556  -39.120  -83.109  -6.725 0.4000000060
138101  -38.873  -84.298  -7.599 0.4000000060
10774  -38.607  -85.399  -8.342 0.3000000119
162580  -36.834  -81.074  -6.824 0.4000000060
13464  -37.380  -82.407  -7.500 0.4000000060
12570  -38.556  -83.512  -7.357 0.4000000060
11635  -38.288  -84.710  -8.194 0.4000000060
14378  -37.113  -81.716  -7.185 0.4000000060
12569  -37.642  -83.156  -7.744 0.4000000060
12581  -37.943  -83.947  -7.954 0.4000000060
10773  -37.782  -85.177  -8.721 0.3000000119
12580  -37.088  -83.560  -8.430 0.4000000060
11634  -37.396  -84.372  -8.612 0.3000000119
10784  -37.432  -85.724  -9.285 0.2000000030
142661  -36.176  -80.617  -7.189 0.3000000119
13463  -36.688  -81.964  -7.993 0.4000000060
14377  -36.473  -81.232  -7.641 0.4000000060
14381  -36.300  -81.383  -8.508 0.4000000060
12579  -36.533  -83.149  -8.939 0.4000000060
11633  -36.707  -83.969  -9.126 0.4000000060
11646  -36.995  -84.835  -9.274 0.2000000030
9977  -36.771  -86.147  -10.552 0.3000000119
15361  -35.977  -80.657  -7.963 0.3000000119
12587  -36.418  -83.531  -9.629 0.3000000119
11652  -36.422  -84.717  -10.534 0.2000000030
11645  -36.503  -84.397  -9.809 0.2000000030
10783  -36.688  -85.387  -10.005 0.2000000030
9236  -36.886  -86.836  -10.950 0.2000000030
17354  -35.179  -78.688  -7.730 0.3000000119
15368  -35.709  -80.092  -8.168 0.3000000119
13468  -36.457  -82.313  -8.754 0.4000000060
12590  -36.384  -83.893  -10.309 0.1000000015
17364  -35.787  -78.750  -8.465 0.3000000119
16415  -35.922  -79.643  -8.618 0.3000000119
140451  -36.272  -81.182  -9.125 0.2000000030
14388  -36.458  -82.196  -9.958 0.2000000030
165374  -36.489  -84.911  -11.193 0.1000000015
9991  -36.639  -86.124  -11.850 0.2000000030
15375  -37.068  -80.183  -9.731 0.2000000030
15382  -37.131  -80.788  -10.030 0.2000000030
14389  -37.227  -81.610  -10.383 0.1000000015
12591  -36.747  -83.398  -10.811 0.1000000015
147181  -37.126  -84.674  -11.874 0.1000000015
10798  -36.570  -85.509  -11.536 0.1000000015
18350  -35.475  -77.946  -8.030 0.2000000030
16426  -36.537  -79.807  -9.278 0.3000000119
165753  -36.184  -75.783  -6.952 0.2000000030
162438  -35.963  -77.280  -8.090 0.1000000015
18351  -36.193  -77.895  -8.527 0.3000000119
17381  -36.928  -78.995  -9.348 0.2000000030
144202  -37.802  -80.913  -10.391 0.1000000015
13478  -37.566  -82.955  -11.236 0.1000000015
11658  -37.972  -84.009  -11.978 0.1000000015
20329  -36.775  -76.008  -7.345 0.2000000030
19322  -36.628  -77.309  -8.353 0.2000000030
17366  -37.282  -78.364  -9.196 0.2000000030
16427  -37.404  -79.531  -9.681 0.1000000015
16441  -37.873  -80.152  -10.152 0.1000000015
14390  -38.284  -81.401  -10.732 0.1000000015
14406  -38.916  -81.901  -11.129 0.1000000015
12594  -38.295  -83.410  -11.714 0.1000000015
11665  -38.265  -84.490  -12.441 0.1000000015
10818  -38.344  -85.820  -13.437 0.1000000015
19323  -37.366  -76.999  -8.302 0.1000000015
17382  -37.780  -78.762  -9.503 0.2000000030
16428  -38.337  -79.326  -9.856 0.1000000015
16442  -38.942  -79.902  -10.273 0.1000000015
162204  -39.652  -81.679  -11.126 0.1000000015
12605  -38.893  -83.899  -12.196 0.1000000015
10806  -38.627  -85.069  -13.005 0.1000000015
139903  -39.110  -85.992  -13.909 0.1000000015
16429  -39.315  -79.140  -9.823 0.1000000015
14391  -39.988  -81.146  -10.872 0.1000000015
13480  -39.742  -82.421  -11.469 0.1000000015
11679  -40.486  -84.945  -13.343 0.1000000015
10819  -39.940  -85.611  -13.797 0.1000000015
145599  -48.594  -72.673  -6.570 0.2000000030
21273  -36.882  -74.667  -6.269 0.2000000030
152918  -36.881  -75.415  -6.807 0.1000000015
19316  -36.574  -76.700  -7.890 0.1000000015
19317  -37.667  -76.294  -7.692 0.1000000015
18365  -39.097  -77.848  -9.040 0.1000000015
19324  -38.269  -76.798  -8.192 0.1000000015
17384  -39.644  -78.390  -9.336 0.1000000015
16443  -40.017  -79.757  -10.198 0.1000000015
10807  -39.628  -85.006  -13.198 0.1000000015
11666  -39.282  -84.482  -12.669 0.1000000015
12595  -39.354  -83.265  -11.834 0.1000000015
15385  -40.392  -80.540  -10.560 0.1000000015
12542  -41.571  -83.428  -5.421 0.3000000119
9916  -41.465  -86.628  -5.902 0.3000000119
11610  -42.213  -84.904  -6.095 0.3000000119
11609  -41.460  -84.552  -6.484 0.3000000119
9207  -41.332  -86.994  -7.041 0.3000000119
162889  -41.030  -85.671  -7.290 0.3000000119
14374  -38.397  -81.736  -6.109 0.4000000060
11623  -39.850  -84.625  -7.348 0.4000000060
11622  -39.206  -85.104  -7.847 0.3000000119
13458  -37.905  -82.087  -6.767 0.4000000060
13469  -36.871  -82.751  -8.241 0.4000000060
13470  -36.377  -82.709  -9.440 0.2000000030
9985  -36.593  -86.164  -11.212 0.2000000030
16414  -35.435  -79.440  -7.993 0.3000000119
155971  -36.090  -80.517  -8.738 0.3000000119
13473  -36.380  -83.053  -10.129 0.2000000030
11657  -36.592  -84.209  -11.067 0.1000000015
14383  -36.343  -81.887  -9.237 0.4000000060
15374  -36.555  -80.649  -9.441 0.2000000030
15381  -36.575  -81.394  -9.703 0.2000000030
13474  -36.962  -82.556  -10.593 0.1000000015
10805  -36.988  -85.597  -12.277 0.1000000015
13475  -37.899  -82.144  -10.985 0.1000000015
12593  -37.325  -83.771  -11.454 0.1000000015
17365  -36.559  -78.476  -8.937 0.3000000119
13479  -38.631  -82.660  -11.440 0.1000000015
166450  -38.039  -85.418  -13.020 0.1000000015
20330  -37.543  -75.686  -7.149 0.1000000015
18364  -38.080  -77.939  -9.131 0.1000000015
140892  -39.186  -81.221  -10.820 0.1000000015
141581  -39.119  -85.466  -13.492 0.1000000015
15384  -39.527  -80.535  -10.558 0.1000000015
10003  -39.655  -86.471  -14.450 0.1000000015
16430  -40.234  -78.930  -9.640 0.1000000015
18352  -38.695  -77.334  -8.599 0.1000000015
13412  -40.679  -82.214  -0.664 0.3000000119
13419  -40.850  -82.447  -1.009 0.2000000030
12477  -41.102  -83.114  -1.377 0.3000000119
147146  -41.432  -83.380  -2.050 0.2000000030
15296  -40.221  -81.322  -0.286 0.4000000060
14344  -40.726  -81.951  -0.803 0.2000000030
161402  -40.820  -82.227  -0.866 0.3000000119
12491  -40.827  -83.567  -1.820 0.2000000030
14351  -39.892  -81.281  -1.441 0.4000000060
13427  -41.231  -82.792  -1.636 0.2000000030
12504  -41.832  -83.644  -2.905 0.2000000030
140759  -40.178  -83.965  -2.854 0.1000000015
12503  -41.399  -83.787  -2.401 0.2000000030
11568  -40.830  -84.394  -3.399 0.1000000015
14353  -41.058  -82.395  -2.170 0.3000000119
11569  -41.890  -84.257  -3.339 0.2000000030
11567  -39.682  -84.373  -3.708 0.1000000015
10713  -39.156  -85.309  -4.680 0.1000000015
11578  -39.976  -84.879  -4.163 0.1000000015
10714  -40.221  -85.731  -4.550 0.1000000015
10729  -38.387  -85.610  -5.322 0.1000000015
10730  -39.448  -86.138  -5.110 0.1000000015
9913  -37.966  -86.159  -6.107 0.1000000015
14360  -40.211  -81.812  -2.959 0.3000000119
13438  -42.148  -83.585  -3.600 0.2000000030
11580  -42.076  -84.806  -3.962 0.2000000030
11579  -41.237  -85.082  -4.099 0.2000000030
9914  -38.887  -86.568  -5.741 0.1000000015
10745  -37.074  -85.903  -6.414 0.1000000015
13436  -40.896  -82.372  -3.353 0.3000000119
12505  -42.483  -84.022  -3.938 0.2000000030
10715  -41.120  -86.006  -4.726 0.2000000030
9928  -37.468  -86.688  -6.690 0.1000000015
9929  -38.392  -87.057  -6.360 0.1000000015
13448  -41.576  -82.860  -3.889 0.3000000119
12524  -42.529  -84.243  -4.624 0.3000000119
14365  -39.257  -81.341  -3.656 0.2000000030
9905  -40.977  -86.656  -5.304 0.2000000030
160909  -40.381  -87.019  -5.489 0.1000000015
9205  -37.867  -87.592  -6.894 0.1000000015
150123  -39.726  -87.994  -6.205 0.1000000015
140326  -37.463  -88.091  -7.422 0.1000000015
8429  -39.589  -88.501  -6.513 0.1000000015
162536  -39.941  -88.198  -6.359 0.1000000015
8444  -38.237  -88.691  -6.877 0.1000000015
8428  -38.965  -88.715  -6.510 0.1000000015
14366  -39.911  -81.812  -4.047 0.2000000030
8430  -40.259  -88.191  -6.703 0.1000000015
8445  -39.166  -89.090  -6.770 0.1000000015
8447  -40.379  -88.211  -7.583 0.1000000015
7681  -36.744  -90.247  -7.531 0.1000000015
7682  -38.003  -89.726  -7.179 0.1000000015
7669  -38.678  -89.204  -6.811 0.1000000015
7697  -39.343  -89.308  -7.434 0.1000000015
9217  -40.219  -87.083  -8.304 0.3000000119
7018  -38.326  -90.457  -8.181 0.1000000015
13456  -41.973  -83.339  -4.526 0.3000000119
9183  -39.284  -87.491  -6.057 0.1000000015
9182  -38.707  -87.985  -6.488 0.1000000015
155049  -41.921  -85.413  -4.533 0.2000000030
13437  -41.708  -83.054  -2.680 0.2000000030
9904  -40.349  -86.506  -5.043 0.1000000015
8443  -37.344  -89.051  -7.498 0.1000000015
7683  -38.663  -89.557  -7.103 0.1000000015
7695  -36.335  -89.201  -7.954 0.1000000015
6998  -38.140  -90.209  -7.439 0.1000000015
9219  -40.602  -87.543  -7.934 0.2000000030
154001  -38.693  -89.733  -9.710 0.1000000015
7044  -38.134  -90.450  -10.362 0.1000000015
7717  -38.472  -89.663  -10.547 0.2000000030
7053  -37.635  -90.920  -11.377 0.1000000015
9227  -39.556  -87.782  -8.860 0.2000000030
8460  -38.962  -88.996  -9.837 0.2000000030
7054  -38.162  -90.228  -11.164 0.2000000030
8469  -38.393  -89.002  -10.610 0.1000000015
7726  -38.034  -89.437  -11.415 0.2000000030
8468  -37.703  -88.407  -11.021 0.1000000015
148885  -39.111  -88.295  -9.399 0.1000000015
7725  -37.893  -90.320  -11.973 0.1000000015
9963  -39.074  -86.878  -8.735 0.2000000030
9238  -38.324  -88.179  -10.094 0.1000000015
9226  -38.674  -87.521  -9.354 0.1000000015
9237  -37.433  -87.501  -10.605 0.1000000015
10775  -39.515  -86.036  -8.203 0.2000000030
9969  -38.050  -86.603  -9.282 0.2000000030
9246  -37.129  -87.606  -11.400 0.1000000015
9225  -37.769  -87.156  -9.904 0.1000000015
10785  -38.360  -85.984  -8.719 0.2000000030
9978  -37.180  -86.770  -10.382 0.1000000015
146100  -37.009  -87.483  -12.267 0.1000000015
9218  -40.184  -88.010  -8.392 0.1000000015
151287  -39.175  -89.249  -9.198 0.1000000015
13418  -40.616  -82.648  -0.862 0.1000000015
18253  -40.093  -77.206  1.383 0.1000000015
18229  -46.791  -77.722  1.955 0.1000000015
19222  -42.384  -76.768  1.698 0.1000000015
19212  -47.269  -77.011  2.399 0.2000000030
19211  -46.302  -76.857  2.377 0.1000000015
20192  -43.492  -76.201  2.799 0.1000000015
18230  -47.631  -77.654  2.016 0.2000000030
18228  -45.878  -77.763  1.903 0.1000000015
19210  -44.615  -76.888  2.393 0.1000000015
19209  -43.297  -76.779  2.227 0.1000000015
14331  -39.986  -81.109  0.679 0.2000000030
19223  -44.041  -77.373  1.852 0.1000000015
18227  -44.972  -77.694  1.891 0.1000000015
19213  -48.973  -77.049  3.021 0.2000000030
19208  -41.875  -76.308  2.732 0.1000000015
20191  -42.704  -76.344  2.754 0.1000000015
163027  -45.744  -76.466  2.538 0.1000000015
14337  -40.366  -81.796  -0.176 0.1000000015
21169  -53.522  -74.061  2.397 0.1000000015
20175  -52.637  -74.862  3.058 0.1000000015
152931  -51.634  -75.727  3.780 0.1000000015
19175  -51.440  -76.401  5.865 0.1000000015
20196  -51.829  -75.515  2.903 0.1000000015
22142  -53.323  -73.268  3.843 0.1000000015
144442  -52.663  -74.196  3.677 0.1000000015
21139  -51.850  -74.971  4.355 0.1000000015
21117  -51.442  -75.485  5.718 0.1000000015
21155  -53.403  -74.129  2.860 0.1000000015
21154  -52.902  -74.418  3.243 0.1000000015
21118  -51.576  -75.837  5.311 0.1000000015
19159  -51.394  -76.357  6.817 0.1000000015
21156  -53.934  -73.589  2.682 0.1000000015
22140  -50.729  -73.721  4.560 0.1000000015
23098  -52.483  -72.798  4.390 0.1000000015
22141  -51.889  -73.670  4.106 0.1000000015
21138  -51.377  -74.619  4.564 0.1000000015
22151  -53.712  -73.623  3.150 0.1000000015
21097  -50.675  -74.816  6.278 0.1000000015
22164  -54.135  -73.271  2.422 0.1000000015
23122  -54.449  -72.642  2.647 0.1000000015
23087  -51.620  -72.319  4.951 0.1000000015
23097  -51.048  -72.936  4.542 0.1000000015
23099  -54.158  -72.416  4.182 0.1000000015
23109  -54.425  -72.643  3.486 0.1000000015
23110  -54.691  -72.176  3.284 0.1000000015
23255  -47.917  -73.096  -7.056 0.1000000015
24282  -47.430  -72.492  -7.181 0.1000000015
25380  -47.830  -71.024  -7.776 0.1000000015
23121  -53.872  -72.519  2.174 0.1000000015
23137  -53.523  -72.995  1.579 0.1000000015
23239  -49.170  -73.090  -5.911 0.1000000015
24280  -46.352  -71.736  -6.835 0.1000000015
27437  -48.477  -69.775  -8.081 0.1000000015
25369  -46.908  -71.250  -7.411 0.1000000015
26442  -47.267  -70.514  -7.597 0.1000000015
23096  -50.146  -73.092  4.709 0.1000000015
141306  -46.545  -70.592  -7.138 0.1000000015
158405  -51.151  -76.447  4.280 0.1000000015
19174  -51.014  -76.757  5.016 0.1000000015
24298  -47.589  -71.757  -7.478 0.1000000015
20174  -52.034  -75.142  3.963 0.1000000015
19195  -51.512  -76.137  4.790 0.1000000015
19158  -51.133  -76.715  6.018 0.1000000015
20135  -51.626  -76.078  6.628 0.1000000015
22152  -54.475  -73.003  2.896 0.1000000015
24299  -48.155  -71.419  -7.523 0.1000000015
26431  -46.665  -69.970  -7.090 0.1000000015
22232  -37.398  -73.136  -5.472 0.1000000015
22222  -36.993  -72.938  -4.920 0.1000000015
14335  -38.638  -81.671  0.183 0.1000000015
13410  -38.999  -82.312  -0.401 0.1000000015
15276  -38.036  -81.051  0.472 0.1000000015
14343  -37.900  -81.934  -0.557 0.1000000015
15260  -37.431  -80.238  0.571 0.1000000015
15261  -38.581  -80.595  1.221 0.1000000015
14329  -39.249  -81.177  0.941 0.1000000015
16300  -36.812  -79.306  0.599 0.1000000015
16301  -37.969  -79.829  1.402 0.1000000015
144685  -36.827  -77.766  1.504 0.1000000015
17268  -37.416  -78.848  1.322 0.1000000015
16204  -39.777  -79.668  7.023 0.1000000015
16229  -36.704  -79.590  5.377 0.1000000015
16257  -36.140  -79.767  4.824 0.1000000015
16228  -35.973  -79.054  5.133 0.1000000015
16255  -34.950  -79.093  4.227 0.1000000015
14336  -39.820  -81.562  0.367 0.1000000015
16269  -34.393  -79.262  3.594 0.1000000015
17222  -34.487  -78.368  4.032 0.1000000015
17267  -36.077  -78.294  0.701 0.1000000015
12476  -40.253  -83.215  -1.317 0.1000000015
16278  -33.298  -79.158  2.400 0.1000000015
17239  -33.271  -78.345  2.053 0.1000000015
18249  -34.128  -77.818  0.725 0.1000000015
16299  -35.701  -78.927  -0.023 0.1000000015
162706  -35.876  -77.664  1.051 0.1000000015
15247  -33.378  -80.012  2.313 0.1000000015
17264  -33.302  -78.376  0.761 0.1000000015
18250  -35.120  -77.623  0.813 0.1000000015
18235  -35.532  -77.118  1.444 0.1000000015
17207  -39.076  -78.913  7.013 0.1000000015
17206  -38.427  -79.110  6.613 0.1000000015
17216  -37.109  -79.001  5.939 0.1000000015
15253  -38.947  -80.097  1.810 0.1000000015
15262  -39.517  -80.634  1.400 0.1000000015
17215  -36.498  -78.616  5.660 0.1000000015
17223  -35.241  -78.349  4.734 0.1000000015
17214  -35.877  -78.273  5.337 0.1000000015
13417  -39.691  -82.790  -0.889 0.1000000015
18222  -34.100  -77.034  2.722 0.1000000015
152061  -34.027  -77.174  1.992 0.1000000015
150122  -34.461  -77.317  1.427 0.1000000015
19184  -34.631  -76.455  3.145 0.1000000015
19200  -34.744  -76.714  2.176 0.1000000015
19217  -35.623  -76.578  2.058 0.1000000015
19218  -36.293  -76.928  1.809 0.1000000015
17188  -39.956  -78.746  7.333 0.1000000015
147567  -41.452  -77.977  7.523 0.1000000015
147566  -42.512  -78.176  7.514 0.1000000015
18188  -38.265  -78.280  6.786 0.1000000015
15263  -39.832  -80.622  1.327 0.1000000015
17204  -37.122  -78.050  6.321 0.1000000015
16289  -38.568  -79.379  1.878 0.1000000015
14330  -39.826  -81.016  1.069 0.1000000015
162498  -35.536  -77.581  5.232 0.1000000015
18207  -35.174  -76.842  4.878 0.1000000015
18217  -34.270  -77.096  3.531 0.1000000015
156553  -34.175  -77.749  3.681 0.1000000015
19170  -34.736  -76.560  4.069 0.1000000015
19201  -35.492  -76.124  2.778 0.1000000015
19202  -36.386  -76.410  2.310 0.1000000015
19185  -35.178  -75.935  3.653 0.1000000015
147204  -40.407  -77.924  7.483 0.1000000015
18173  -42.065  -77.295  7.542 0.1000000015
18174  -43.089  -77.522  7.575 0.1000000015
156381  -38.090  -78.578  1.876 0.1000000015
16290  -39.211  -79.651  1.937 0.1000000015
18171  -39.080  -77.101  7.311 0.1000000015
18172  -39.865  -77.132  7.470 0.1000000015
18187  -37.199  -77.097  6.527 0.1000000015
18170  -38.450  -77.375  7.044 0.1000000015
19219  -37.215  -77.081  2.082 0.1000000015
18186  -36.522  -77.006  6.177 0.1000000015
20160  -35.820  -75.622  3.386 0.1000000015
18197  -35.826  -76.880  5.583 0.1000000015
19154  -35.622  -76.141  5.258 0.1000000015
19171  -35.285  -76.028  4.509 0.1000000015
143622  -40.964  -77.037  7.553 0.1000000015
18236  -38.155  -77.922  2.137 0.1000000015
20188  -36.567  -75.715  2.907 0.1000000015
19203  -37.355  -76.433  2.502 0.1000000015
161603  -36.050  -75.655  5.454 0.1000000015
19155  -36.212  -76.200  5.847 0.1000000015
18223  -38.232  -77.157  2.415 0.1000000015
18224  -39.059  -77.834  2.335 0.1000000015
142825  -38.133  -76.525  2.651 0.1000000015
20162  -37.214  -75.202  3.415 0.1000000015
20189  -37.637  -75.879  2.893 0.1000000015
19125  -38.533  -76.546  7.124 0.1000000015
20146  -36.288  -75.038  4.487 0.1000000015
20161  -36.377  -75.207  3.718 0.1000000015
19141  -37.784  -76.763  6.788 0.1000000015
20116  -36.577  -75.457  5.874 0.1000000015
20131  -36.843  -74.842  5.613 0.1000000015
19140  -37.007  -76.176  6.417 0.1000000015
19204  -38.928  -76.884  2.674 0.1000000015
19205  -39.619  -76.714  2.791 0.1000000015
20163  -38.219  -75.445  3.308 0.1000000015
20190  -38.413  -76.193  2.885 0.1000000015
19127  -40.187  -76.305  7.486 0.1000000015
21127  -37.724  -74.369  4.536 0.1000000015
21148  -38.462  -74.664  3.827 0.1000000015
21108  -36.873  -74.599  4.870 0.1000000015
21147  -37.677  -74.768  3.809 0.1000000015
139873  -37.889  -75.875  6.780 0.1000000015
19186  -39.040  -76.176  3.043 0.1000000015
21149  -39.376  -74.602  3.805 0.1000000015
142796  -39.140  -75.381  3.401 0.1000000015
19128  -41.748  -76.416  7.523 0.1000000015
21086  -38.195  -74.396  6.183 0.1000000015
20097  -38.722  -75.684  7.108 0.1000000015
19188  -40.549  -76.026  3.232 0.1000000015
19126  -39.314  -76.393  7.359 0.1000000015
18153  -46.492  -78.296  9.447 0.1000000015
18152  -45.302  -77.851  8.331 0.1000000015
139121  -43.514  -76.908  7.672 0.1000000015
18175  -44.147  -77.672  7.714 0.1000000015
16230  -37.488  -79.669  5.832 0.1000000015
163234  -35.104  -77.525  4.813 0.1000000015
16268  -33.721  -78.980  3.051 0.1000000015
17231  -33.937  -78.353  3.392 0.1000000015
17230  -33.548  -78.323  2.746 0.1000000015
18216  -33.845  -77.636  3.081 0.1000000015
18234  -33.617  -77.776  1.504 0.1000000015
17266  -34.851  -78.224  0.171 0.1000000015
16315  -35.339  -79.437  -0.615 0.1000000015
17205  -37.751  -78.984  6.330 0.1000000015
17187  -39.275  -77.946  7.303 0.1000000015
20145  -35.708  -75.466  4.109 0.1000000015
138273  -38.114  -74.064  5.293 0.1000000015
5975  -27.602  -92.502  -12.954 0.1000000015
5967  -27.650  -92.315  -12.425 0.1000000015
4842  -30.305  -94.436  -16.771 0.1000000015
4829  -29.726  -94.215  -16.110 0.1000000015
5487  -29.768  -93.499  -15.599 0.1000000015
5470  -27.620  -94.034  -13.704 0.1000000015
4854  -30.688  -94.650  -17.484 0.1000000015
141679  -31.360  -94.131  -18.989 0.1000000015
4883  -30.822  -94.044  -20.414 0.1000000015
6479  -27.778  -91.733  -12.765 0.1000000015
6480  -27.938  -91.132  -12.173 0.1000000015
6473  -28.135  -91.183  -11.368 0.1000000015
158759  -28.345  -91.605  -13.379 0.1000000015
5472  -28.929  -93.334  -14.934 0.1000000015
5989  -28.307  -92.819  -14.201 0.1000000015
5462  -27.666  -93.197  -13.471 0.1000000015
5962  -27.804  -92.562  -11.845 0.1000000015
5488  -30.561  -93.592  -16.308 0.1000000015
5471  -28.000  -93.738  -14.357 0.1000000015
163210  -28.489  -93.898  -14.912 0.1000000015
4855  -30.976  -93.963  -17.089 0.1000000015
142541  -31.789  -93.631  -18.110 0.1000000015
5526  -31.958  -93.444  -19.089 0.1000000015
5540  -31.982  -92.960  -20.201 0.1000000015
7666  -31.754  -90.333  -6.270 0.1000000015
151524  -30.141  -90.747  -7.314 0.1000000015
6412  -31.676  -91.123  -6.315 0.1000000015
7049  -28.369  -90.402  -11.933 0.1000000015
7037  -28.648  -90.362  -11.097 0.1000000015
150846  -28.999  -90.450  -10.510 0.1000000015
7026  -29.750  -90.539  -9.644 0.1000000015
6455  -29.347  -91.000  -9.103 0.1000000015
138313  -29.964  -90.816  -8.697 0.1000000015
158346  -28.475  -90.877  -12.831 0.1000000015
6464  -28.665  -91.123  -10.477 0.1000000015
7073  -29.511  -90.538  -13.226 0.1000000015
153391  -28.332  -91.792  -10.724 0.1000000015
5990  -29.287  -92.528  -14.607 0.1000000015
5977  -28.745  -92.030  -13.985 0.1000000015
5512  -31.486  -93.630  -17.414 0.1000000015
7667  -32.677  -90.745  -6.313 0.1000000015
6411  -30.941  -90.836  -6.481 0.1000000015
7677  -32.403  -89.782  -6.640 0.1000000015
165989  -29.440  -90.334  -10.235 0.1000000015
7039  -29.964  -90.039  -10.143 0.1000000015
7027  -30.574  -90.381  -9.388 0.1000000015
7038  -29.314  -89.852  -10.757 0.1000000015
7050  -29.021  -89.757  -11.585 0.1000000015
5991  -30.181  -92.325  -14.942 0.1000000015
6003  -30.436  -92.869  -15.611 0.1000000015
6004  -31.107  -92.795  -16.209 0.1000000015
157785  -31.648  -92.741  -16.723 0.1000000015
5513  -31.939  -93.046  -17.402 0.1000000015
6492  -29.118  -91.300  -13.649 0.1000000015
6976  -31.121  -90.511  -6.218 0.1000000015
6443  -30.996  -91.235  -7.217 0.1000000015
6505  -29.690  -91.820  -14.301 0.1000000015
164558  -30.205  -90.428  -6.490 0.1000000015
7730  -29.738  -89.359  -11.989 0.1000000015
7060  -30.051  -89.814  -12.782 0.1000000015
6975  -30.106  -90.111  -6.124 0.1000000015
7075  -31.337  -90.173  -13.725 0.1000000015
7748  -31.756  -89.622  -13.220 0.1000000015
7750  -33.569  -89.500  -13.603 0.1000000015
6444  -31.564  -91.421  -7.810 0.1000000015
7704  -30.615  -89.792  -10.109 0.1000000015
7714  -31.009  -89.291  -10.531 0.1000000015
7731  -30.745  -89.197  -12.285 0.1000000015
139590  -31.449  -88.970  -11.228 0.1000000015
7747  -30.972  -89.763  -13.044 0.1000000015
143378  -32.009  -89.328  -12.694 0.1000000015
7715  -32.045  -89.457  -10.439 0.1000000015
7028  -31.554  -90.712  -8.942 0.1000000015
152198  -31.337  -89.915  -9.821 0.1000000015
7716  -33.006  -89.627  -10.863 0.1000000015
7722  -30.494  -89.043  -11.359 0.1000000015
7767  -32.104  -89.819  -13.928 0.1000000015
7732  -31.663  -89.042  -12.079 0.1000000015
4803  -27.775  -94.721  -13.468 0.1000000015
4812  -27.725  -94.556  -14.158 0.1000000015
4813  -28.166  -94.421  -14.833 0.1000000015
5502  -31.333  -93.315  -16.843 0.1000000015
5539  -31.512  -93.602  -19.935 0.1000000015
5976  -27.957  -92.289  -13.487 0.1000000015
6002  -29.758  -92.899  -15.155 0.1000000015
6465  -29.194  -90.838  -9.979 0.1000000015
6472  -27.715  -91.786  -11.964 0.1000000015
6493  -30.087  -91.118  -13.911 0.1000000015
6977  -32.021  -91.054  -6.204 0.1000000015
7015  -30.764  -90.958  -8.252 0.1000000015
7059  -29.095  -90.013  -12.420 0.1000000015
7713  -30.127  -89.447  -10.644 0.1000000015
7721  -29.670  -89.395  -11.267 0.1000000015
7749  -32.623  -89.469  -13.219 0.1000000015
8446  -39.827  -88.774  -7.090 0.1000000015
8455  -39.895  -88.762  -8.000 0.1000000015
8461  -39.583  -88.635  -8.936 0.1000000015
9167  -40.050  -87.537  -5.783 0.1000000015
9169  -41.241  -87.107  -6.452 0.3000000119
9184  -40.226  -87.837  -6.208 0.1000000015
9324  -39.141  -87.714  -17.348 0.1000000015
9915  -39.742  -86.922  -5.505 0.1000000015
9930  -41.483  -86.538  -6.560 0.3000000119
10104  -38.451  -86.323  -20.370 0.1000000015
10716  -42.309  -85.292  -5.186 0.2000000030
10764  -41.592  -85.371  -6.709 0.4000000060
10790  -36.485  -85.481  -10.831 0.1000000015
10897  -37.226  -84.519  -20.284 0.1000000015
11570  -42.330  -84.305  -3.846 0.2000000030
11571  -42.484  -84.293  -4.200 0.2000000030
11581  -42.393  -84.739  -4.464 0.3000000119
11594  -42.412  -84.471  -5.403 0.3000000119
11667  -40.798  -84.412  -12.870 0.1000000015
11668  -41.636  -84.188  -12.933 0.1000000015
11680  -41.793  -84.561  -13.652 0.1000000015
11721  -42.467  -83.750  -17.036 0.1000000015
11772  -40.007  -83.749  -21.338 0.1000000015
11784  -37.822  -84.435  -22.141 0.1000000015
11785  -39.082  -83.242  -21.952 0.1000000015
12523  -42.400  -83.801  -4.324 0.2000000030
12662  -43.470  -83.053  -15.109 0.1000000015
12678  -43.126  -82.846  -17.795 0.1000000015
12693  -43.818  -81.890  -18.248 0.1000000015
12730  -40.214  -82.272  -21.781 0.1000000015
12731  -40.889  -82.271  -21.138 0.1000000015
13482  -41.816  -82.538  -11.641 0.2000000030
13483  -42.797  -83.065  -12.243 0.2000000030
13485  -44.178  -81.808  -11.730 0.1000000015
13560  -40.791  -82.387  -15.426 0.1000000015
13561  -41.410  -81.954  -15.857 0.1000000015
13573  -41.511  -81.795  -16.944 0.1000000015
13608  -41.667  -81.782  -20.248 0.1000000015
13609  -42.845  -81.759  -19.466 0.1000000015
14345  -40.919  -82.297  -1.245 0.3000000119
14394  -42.624  -81.545  -11.058 0.1000000015
14395  -44.012  -81.528  -11.224 0.1000000015
14410  -43.297  -81.923  -11.344 0.1000000015
14475  -42.286  -81.060  -15.034 0.1000000015
14494  -45.498  -80.484  -15.996 0.1000000015
14525  -44.238  -80.928  -18.363 0.1000000015
15383  -38.616  -80.680  -10.516 0.1000000015
15493  -45.156  -80.046  -17.465 0.1000000015
15511  -43.572  -80.433  -18.212 0.1000000015
16203  -38.161  -79.694  6.259 0.1000000015
16256  -35.558  -79.425  4.555 0.1000000015
16448  -45.645  -79.516  -10.666 0.1000000015
16506  -45.981  -79.774  -14.280 0.1000000015
16525  -46.059  -79.431  -15.553 0.1000000015
16541  -44.617  -79.343  -16.303 0.1000000015
16542  -45.362  -79.319  -16.424 0.1000000015
16555  -44.543  -80.018  -17.780 0.1000000015
17271  -45.642  -79.053  0.021 0.2000000030
17292  -47.647  -79.059  -0.596 0.3000000119
17303  -46.910  -78.966  -1.209 0.3000000119
17383  -38.708  -78.547  -9.488 0.1000000015
17406  -45.970  -78.437  -10.854 0.1000000015
17460  -47.711  -78.040  -13.244 0.1000000015
17476  -45.191  -78.287  -15.096 0.1000000015
18206  -34.633  -77.451  4.309 0.1000000015
18221  -33.679  -77.653  2.348 0.1000000015
18245  -48.670  -77.480  1.726 0.3000000119
18258  -48.398  -78.306  -0.338 0.3000000119
18290  -48.161  -78.266  -1.071 0.3000000119
18318  -34.547  -77.369  -4.735 0.4000000060
18341  -34.609  -78.115  -6.677 0.4000000060
18383  -45.236  -78.092  -10.429 0.1000000015
18398  -47.366  -77.573  -11.761 0.1000000015
18428  -45.117  -77.136  -13.971 0.1000000015
18448  -45.218  -77.679  -14.492 0.1000000015
18452  -48.511  -76.943  -13.944 0.1000000015
19312  -34.986  -76.602  -6.860 0.3000000119
19368  -48.862  -76.309  -12.403 0.1000000015
19370  -49.678  -76.022  -13.206 0.1000000015
19404  -48.722  -76.392  -14.189 0.1000000015
20129  -35.783  -75.500  4.880 0.1000000015
20130  -36.336  -75.106  5.229 0.1000000015
20244  -34.744  -74.697  -3.229 0.5000000000
20250  -51.385  -75.097  -3.436 0.2000000030
20265  -51.411  -74.691  -3.890 0.2000000030
20276  -34.461  -75.912  -4.797 0.3000000119
20316  -36.045  -75.307  -6.475 0.2000000030
20349  -43.319  -76.125  -10.138 0.1000000015
20357  -43.623  -75.501  -10.572 0.1000000015
20380  -49.485  -75.773  -12.567 0.1000000015
20392  -50.047  -75.564  -13.404 0.1000000015
20411  -49.060  -75.838  -14.306 0.1000000015
20412  -49.783  -75.576  -13.950 0.1000000015
21109  -37.433  -74.429  5.516 0.1000000015
21126  -36.950  -74.722  4.164 0.1000000015
21196  -51.928  -74.500  0.717 0.3000000119
21247  -48.586  -75.307  -5.544 0.2000000030
21248  -50.689  -74.770  -5.074 0.1000000015
21262  -47.500  -74.105  -6.369 0.3000000119
21264  -49.597  -74.673  -6.080 0.2000000030
21331  -44.011  -74.377  -11.237 0.1000000015
21334  -46.546  -75.374  -11.845 0.1000000015
21362  -50.520  -75.000  -13.050 0.1000000015
21376  -49.474  -75.220  -14.272 0.1000000015
22174  -54.038  -73.073  2.021 0.1000000015
22247  -48.380  -73.645  -6.757 0.2000000030
22315  -50.826  -73.659  -12.751 0.1000000015
22316  -51.059  -73.280  -13.013 0.1000000015
22329  -50.921  -74.289  -13.234 0.1000000015
23155  -43.302  -72.923  -0.136 0.4000000060
23163  -35.744  -72.882  -0.623 0.4000000060
23171  -52.343  -73.113  0.091 0.2000000030
23192  -48.850  -72.428  -2.285 0.1000000015
23194  -51.640  -73.366  -2.341 0.1000000015
23206  -36.256  -72.389  -3.921 0.2000000030
23256  -48.280  -72.914  -6.883 0.1000000015
23267  -47.998  -72.305  -7.305 0.1000000015
24200  -36.718  -70.987  0.214 0.3000000119
24252  -36.054  -71.197  -3.933 0.2000000030
25327  -35.582  -70.788  -2.653 0.2000000030
25466  -48.068  -70.038  -13.158 0.1000000015
25480  -51.957  -70.102  -14.720 0.1000000015
25492  -52.015  -70.029  -15.375 0.1000000015
26408  -35.511  -68.983  -4.588 0.1000000015
26443  -48.174  -70.383  -7.977 0.1000000015
26509  -48.681  -68.938  -13.041 0.1000000015
26511  -50.831  -69.602  -13.714 0.1000000015
26518  -51.157  -69.144  -14.057 0.1000000015
26519  -51.716  -69.713  -14.395 0.1000000015
27372  -35.665  -68.519  -2.572 0.1000000015
27408  -35.625  -68.280  -5.007 0.1000000015
27489  -45.907  -67.019  -11.467 0.1000000015
27499  -45.330  -68.057  -11.821 0.1000000015
27506  -48.838  -68.254  -13.222 0.1000000015
27514  -49.241  -68.186  -13.724 0.1000000015
27534  -49.274  -68.043  -16.492 0.1000000015
27549  -50.910  -67.820  -18.008 0.1000000015
27550  -51.387  -68.512  -17.293 0.1000000015
27556  -48.593  -67.806  -19.256 0.1000000015
27558  -50.402  -67.740  -18.452 0.1000000015
27569  -50.043  -68.363  -19.045 0.1000000015
28332  -37.634  -67.312  -1.731 0.1000000015
28366  -35.883  -67.026  -3.334 0.1000000015
28370  -45.004  -66.970  -3.829 0.1000000015
28405  -35.870  -67.623  -5.325 0.1000000015
28499  -45.856  -66.493  -11.516 0.1000000015
28506  -45.892  -66.975  -13.218 0.1000000015
28512  -45.228  -67.145  -14.104 0.1000000015
28544  -48.960  -66.493  -17.554 0.1000000015
29471  -45.849  -66.367  -11.858 0.1000000015
29495  -44.979  -66.733  -14.876 0.1000000015
29496  -45.668  -66.566  -15.593 0.1000000015
29513  -47.689  -65.950  -16.852 0.1000000015
30435  -44.177  -65.125  -15.046 0.1000000015
30437  -45.658  -65.091  -15.825 0.1000000015
30452  -48.391  -65.090  -17.363 0.1000000015
30463  -48.676  -64.943  -18.164 0.1000000015
31211  -38.565  -64.312  -0.681 0.1000000015
31212  -39.396  -64.355  -0.427 0.1000000015
31215  -41.868  -63.957  -0.800 0.1000000015
31400  -47.059  -64.122  -18.526 0.1000000015
31409  -48.046  -64.216  -18.504 0.1000000015
31410  -48.455  -64.466  -18.231 0.1000000015
32168  -38.282  -63.539  -0.894 0.1000000015
32180  -37.425  -63.423  -2.220 0.1000000015
32193  -37.435  -63.331  -3.049 0.1000000015
32303  -46.310  -63.451  -15.950 0.1000000015
33148  -41.919  -62.759  -0.624 0.1000000015
33311  -47.788  -62.020  -16.934 0.1000000015
33312  -48.125  -62.294  -17.654 0.1000000015
33320  -47.762  -61.932  -18.025 0.1000000015
34112  -40.266  -61.744  -0.645 0.1000000015
34132  -39.680  -61.345  -1.007 0.1000000015
34279  -45.850  -60.874  -15.625 0.1000000015
35079  -38.546  -60.140  -2.823 0.1000000015
35236  -46.549  -60.543  -16.483 0.1000000015
35245  -46.195  -60.244  -16.621 0.1000000015
35252  -46.077  -60.550  -17.306 0.1000000015
35944  -40.372  -59.425  -3.045 0.1000000015
35946  -41.965  -59.216  -3.271 0.1000000015
36123  -43.736  -59.595  -14.299 0.1000000015
37101  -43.145  -58.660  -13.761 0.1000000015
37103  -44.713  -57.559  -14.357 0.1000000015
37116  -45.581  -58.104  -14.920 0.1000000015
37129  -44.775  -58.021  -15.535 0.1000000015
37138  -44.659  -58.642  -16.118 0.1000000015
38107  -45.559  -57.866  -15.005 0.1000000015
38122  -45.164  -57.662  -14.950 0.1000000015
39067  -43.570  -55.902  -13.674 0.1000000015
137098  -49.982  -73.667  -14.259 0.1000000015
137106  -51.137  -70.923  -15.332 0.1000000015
137667  -49.790  -74.421  -14.275 0.1000000015
140106  -45.126  -75.123  -11.414 0.1000000015
140636  -47.155  -77.507  -14.875 0.1000000015
141683  -37.722  -85.136  -12.625 0.1000000015
142078  -31.291  -94.200  -17.823 0.1000000015
142652  -50.616  -75.399  -4.775 0.2000000030
143474  -45.446  -80.504  -14.263 0.1000000015
143730  -40.969  -76.164  7.514 0.1000000015
144044  -42.397  -84.168  -14.709 0.1000000015
144127  -51.692  -74.503  -2.317 0.2000000030
144130  -45.564  -80.043  -16.850 0.1000000015
144347  -36.214  -77.721  5.758 0.1000000015
144528  -40.643  -86.268  -7.723 0.3000000119
145344  -47.599  -65.521  -18.808 0.1000000015
145567  -41.178  -68.579  -2.697 0.2000000030
148038  -37.135  -77.742  -8.775 0.2000000030
149061  -45.208  -69.679  -12.481 0.1000000015
149065  -46.593  -77.239  -11.402 0.1000000015
149534  -41.631  -81.700  -18.220 0.1000000015
150044  -49.965  -73.708  -5.469 0.2000000030
150714  -27.666  -93.066  -12.564 0.1000000015
151136  -43.473  -73.223  -11.324 0.1000000015
151315  -41.700  -81.603  -19.547 0.1000000015
151488  -47.046  -61.716  -18.164 0.1000000015
151668  -46.413  -62.452  -18.234 0.1000000015
152382  -42.260  -83.952  -3.452 0.2000000030
152912  -40.083  -84.570  -12.875 0.1000000015
152949  -45.432  -59.322  -14.958 0.1000000015
153819  -37.910  -77.354  -8.631 0.1000000015
154085  -42.270  -65.130  -13.973 0.1000000015
154243  -35.811  -72.207  -0.506 0.4000000060
154475  -50.857  -72.340  -14.050 0.1000000015
154648  -36.305  -79.136  -8.966 0.3000000119
155968  -46.503  -79.234  -0.961 0.3000000119
156027  -44.823  -81.234  -12.868 0.1000000015
156210  -31.441  -89.370  -12.666 0.1000000015
156337  -41.116  -80.639  -10.577 0.2000000030
156371  -37.538  -80.717  -5.465 0.5000000000
156626  -50.928  -71.712  -14.297 0.1000000015
157057  -44.491  -73.923  -11.552 0.1000000015
157259  -47.418  -77.021  -14.852 0.1000000015
157740  -37.524  -84.393  -19.657 0.1000000015
158062  -51.714  -68.869  -16.373 0.1000000015
158724  -44.037  -62.487  -14.949 0.1000000015
158920  -51.063  -73.795  -12.970 0.1000000015
159440  -41.203  -81.980  -20.682 0.1000000015
160310  -41.119  -87.342  -6.811 0.2000000030
160356  -51.041  -75.635  -3.303 0.3000000119
160468  -39.528  -84.834  -20.706 0.1000000015
160674  -48.487  -71.987  0.257 0.1000000015
160957  -44.008  -82.239  -12.101 0.1000000015
160958  -42.515  -84.770  -5.070 0.3000000119
161222  -41.265  -83.460  -1.816 0.2000000030
161343  -46.802  -78.219  -15.022 0.1000000015
161937  -42.811  -78.652  -9.092 0.1000000015
162002  -47.034  -66.772  -16.436 0.1000000015
162597  -44.404  -81.117  -11.047 0.1000000015
162695  -36.482  -70.334  -0.273 0.3000000119
163197  -31.080  -88.925  -11.744 0.1000000015
163251  -35.891  -76.863  -7.760 0.3000000119
163334  -48.907  -65.289  -18.090 0.1000000015
163399  -48.360  -77.265  -12.567 0.1000000015
163513  -37.752  -77.513  6.699 0.1000000015
163681  -48.017  -63.781  -16.984 0.1000000015
163770  -42.051  -81.996  -20.283 0.1000000015
164293  -48.286  -68.239  -12.848 0.1000000015
164496  -43.908  -63.076  -14.914 0.1000000015
165043  -39.070  -61.317  -1.286 0.1000000015
165239  -43.854  -69.411  -11.943 0.1000000015
165615  -50.252  -73.432  -12.607 0.1000000015
165632  -49.735  -75.876  -4.501 0.2000000030
