#!ascii label  , from subject sub-v1s17x0051137_ses-1 vox2ras=TkReg
2058
149813  21.808  -100.511  -17.311 0.6999999881
160922  21.895  -101.257  -16.889 0.8000000119
1955  21.888  -101.357  -16.000 0.8000000119
1522  21.198  -102.343  -15.408 0.6999999881
3038  21.194  -100.336  -18.779 0.6000000238
1970  21.828  -101.174  -17.760 0.6000000238
140516  21.810  -101.966  -16.518 0.6000000238
2479  21.027  -100.756  -19.555 0.6000000238
2433  21.964  -100.626  -15.426 0.8000000119
2419  21.510  -100.840  -14.702 0.6999999881
2420  20.292  -101.071  -14.218 0.6999999881
2421  19.534  -100.860  -14.208 0.6999999881
156600  21.319  -100.028  -18.320 0.6000000238
2445  22.007  -100.600  -16.414 0.6999999881
1935  20.328  -101.881  -14.518 0.6999999881
2493  20.030  -100.717  -21.338 0.6000000238
158521  19.777  -100.943  -22.466 0.6000000238
158386  20.540  -101.312  -22.471 0.6000000238
2511  22.471  -101.113  -24.997 0.6000000238
1996  21.427  -101.483  -24.231 0.6000000238
2970  21.256  -98.987  -13.781 0.8000000119
3506  19.849  -98.578  -13.569 0.8000000119
2972  19.603  -99.414  -13.791 0.6999999881
140674  18.530  -98.098  -14.159 0.6999999881
3535  18.017  -98.960  -15.206 0.6999999881
2984  22.177  -99.232  -14.735 0.8000000119
2404  20.187  -100.138  -13.897 0.6999999881
2988  18.881  -99.599  -14.218 0.6999999881
3544  22.279  -99.082  -15.713 0.6999999881
153933  21.060  -100.419  -14.206 0.8000000119
2987  19.397  -100.118  -14.070 0.6999999881
153699  22.043  -99.278  -16.493 0.6999999881
3039  20.647  -100.013  -19.479 0.6999999881
3056  19.307  -100.328  -21.934 0.6000000238
142768  20.000  -99.699  -20.297 0.6000000238
1997  20.897  -101.193  -24.130 0.6000000238
142930  20.351  -101.274  -23.215 0.6000000238
2502  23.632  -100.370  -23.514 0.6000000238
2491  25.033  -100.485  -21.023 0.6999999881
2498  24.892  -100.881  -22.008 0.6000000238
2467  26.381  -100.575  -19.029 0.5000000000
2477  26.805  -101.029  -19.542 0.6000000238
2455  27.248  -100.741  -17.864 0.5000000000
152533  20.206  -97.784  -13.410 0.8999999762
141444  19.225  -97.804  -13.616 0.8000000119
4123  18.158  -97.463  -14.568 0.6999999881
3517  21.904  -98.727  -14.160 0.6999999881
3505  20.772  -98.418  -13.528 0.8999999762
4124  17.717  -97.521  -15.315 0.6999999881
3545  21.970  -98.530  -16.569 0.8000000119
3534  22.407  -98.599  -15.125 0.8000000119
3557  21.445  -98.122  -17.502 0.8000000119
3571  20.431  -98.381  -19.321 0.6999999881
142777  21.187  -98.910  -18.031 0.6999999881
154291  20.429  -99.202  -19.453 0.8000000119
3580  19.693  -98.779  -20.370 0.8000000119
2500  19.244  -100.276  -22.731 0.6999999881
2504  19.798  -100.654  -23.225 0.6999999881
2506  21.772  -100.593  -24.305 0.6000000238
2499  24.030  -100.250  -22.390 0.6999999881
2478  25.854  -100.585  -19.644 0.6999999881
152665  20.569  -97.152  -13.333 0.8999999762
4112  18.982  -96.897  -13.591 0.8000000119
4745  17.459  -96.605  -15.612 0.6999999881
4137  22.487  -97.951  -14.948 0.8000000119
4109  21.814  -97.352  -13.713 0.8000000119
4147  22.364  -97.305  -15.608 0.6999999881
4178  20.627  -97.558  -19.052 0.6999999881
4177  21.134  -97.404  -18.209 0.6000000238
3570  20.921  -98.192  -18.453 0.8000000119
4190  20.042  -97.792  -19.939 0.8000000119
3588  18.916  -98.800  -21.645 0.8000000119
3063  19.085  -99.589  -23.122 0.6999999881
3061  20.767  -99.583  -23.266 0.8000000119
3065  20.750  -100.411  -23.771 0.6999999881
3055  22.579  -98.970  -21.852 0.8000000119
3037  24.445  -99.202  -19.987 0.6999999881
3053  24.365  -100.027  -21.411 0.6999999881
3060  21.947  -99.373  -22.855 0.6999999881
3031  25.686  -99.962  -18.865 0.6999999881
3046  25.092  -100.124  -20.200 0.6999999881
10366  20.288  -90.389  -24.475 0.6000000238
11431  21.929  -89.379  -24.495 0.6000000238
10386  22.005  -90.151  -26.124 0.6000000238
11475  23.514  -89.273  -26.349 0.6999999881
4722  19.504  -96.263  -13.305 0.8999999762
4733  17.862  -96.147  -14.864 0.6999999881
4757  22.117  -96.506  -16.371 0.6000000238
156798  20.878  -96.614  -18.875 0.6000000238
4787  21.386  -96.683  -17.895 0.6000000238
144391  20.346  -97.044  -19.639 0.6999999881
4813  19.431  -97.032  -21.409 0.6999999881
141615  19.799  -97.114  -20.501 0.6999999881
154325  17.263  -91.605  -16.262 0.6999999881
7659  16.932  -91.965  -17.033 0.6999999881
4201  18.854  -97.886  -21.987 0.8000000119
4200  19.361  -97.964  -20.907 0.8000000119
8484  17.492  -90.886  -16.554 0.6000000238
150101  17.260  -91.224  -17.119 0.6000000238
8509  16.716  -91.961  -18.365 0.6999999881
3597  18.683  -98.822  -22.764 0.6999999881
164522  17.377  -90.694  -18.589 0.5000000000
8520  16.961  -91.357  -19.545 0.6999999881
3596  21.420  -98.642  -22.485 0.8000000119
3602  20.059  -99.001  -23.302 0.8000000119
9325  17.631  -90.503  -17.116 0.5000000000
10267  17.730  -90.121  -18.523 0.5000000000
3047  23.958  -99.295  -20.782 0.6999999881
10249  18.278  -89.411  -17.925 0.5000000000
11341  18.807  -88.745  -18.496 0.6000000238
11364  18.799  -88.759  -19.389 0.5000000000
11382  18.921  -88.794  -20.286 0.6000000238
9366  18.126  -90.099  -21.325 0.6999999881
10349  19.124  -89.995  -22.815 0.6999999881
11381  19.712  -88.448  -20.570 0.5000000000
10314  19.197  -88.926  -21.169 0.6000000238
10330  18.781  -89.614  -21.757 0.6000000238
11432  21.218  -89.272  -23.802 0.6000000238
11340  19.437  -88.291  -18.935 0.6000000238
11398  20.369  -88.804  -22.132 0.6000000238
150268  21.026  -88.745  -22.643 0.6000000238
11362  20.315  -88.110  -19.999 0.5000000000
11380  20.605  -88.242  -20.790 0.5000000000
11412  21.759  -88.755  -23.377 0.6000000238
11456  22.366  -89.771  -25.602 0.6000000238
11454  24.068  -89.195  -25.906 0.6999999881
13588  25.108  -88.064  -26.510 0.6000000238
147848  23.578  -87.453  -26.061 0.6999999881
11397  20.865  -88.449  -21.668 0.6000000238
147656  21.774  -88.379  -22.148 0.6000000238
152022  22.601  -88.956  -24.343 0.6000000238
11429  24.541  -88.608  -25.028 0.6999999881
12567  26.089  -87.761  -26.130 0.5000000000
4723  18.761  -96.101  -13.698 0.8999999762
4744  22.506  -96.499  -15.260 0.6000000238
145844  22.254  -97.045  -14.062 0.6999999881
5438  17.935  -95.224  -14.691 0.8000000119
5461  17.131  -95.857  -16.221 0.6999999881
5447  17.400  -94.781  -15.534 0.6999999881
6143  17.781  -94.234  -14.758 0.8000000119
156980  20.412  -96.242  -19.959 0.6999999881
6873  17.310  -92.898  -15.403 0.8000000119
6894  16.980  -93.296  -16.104 0.6000000238
8468  17.666  -91.238  -15.438 0.6999999881
9303  17.899  -90.510  -15.496 0.6000000238
4214  19.728  -98.109  -23.683 0.8000000119
4209  21.671  -97.898  -21.857 0.8000000119
9315  17.831  -90.236  -16.274 0.5000000000
3595  22.364  -98.201  -21.387 0.8000000119
10242  18.053  -89.789  -17.055 0.5000000000
11305  19.125  -88.541  -16.598 0.5000000000
11315  19.492  -88.247  -17.411 0.6000000238
11316  18.926  -88.702  -17.619 0.6000000238
12462  20.115  -87.899  -18.562 0.6000000238
160913  20.665  -87.772  -18.978 0.6000000238
145657  26.995  -85.749  -25.890 0.5000000000
11379  21.597  -88.087  -21.063 0.5000000000
159799  26.625  -87.162  -26.091 0.5000000000
156481  25.795  -86.749  -26.182 0.6000000238
161788  22.175  -88.094  -21.521 0.6000000238
11411  23.152  -88.296  -23.377 0.6999999881
11430  24.095  -88.131  -23.738 0.6999999881
12560  25.407  -88.297  -25.347 0.6999999881
12491  21.999  -87.793  -20.386 0.6000000238
12544  25.051  -87.968  -24.112 0.6000000238
12489  23.408  -87.474  -20.458 0.6999999881
12524  24.680  -87.630  -22.856 0.6000000238
12523  25.612  -87.424  -23.272 0.5000000000
4719  22.022  -96.431  -13.668 0.6999999881
4721  20.494  -96.382  -13.221 0.6999999881
5426  19.191  -95.499  -13.327 0.6999999881
6142  18.323  -94.536  -14.022 0.8000000119
6850  18.150  -93.698  -14.102 0.6999999881
7611  17.691  -92.470  -14.725 0.6999999881
6851  17.672  -93.338  -14.743 0.6999999881
15705  27.467  -84.416  -25.201 0.5000000000
12393  20.378  -87.330  -15.766 0.5000000000
154294  19.802  -87.974  -16.954 0.6000000238
15708  26.719  -85.069  -25.405 0.5000000000
12406  21.315  -87.133  -16.993 0.5000000000
13431  20.933  -86.822  -15.361 0.5000000000
12461  20.945  -87.572  -18.318 0.6000000238
12492  21.237  -87.906  -20.098 0.6000000238
12542  26.796  -87.287  -25.049 0.5000000000
13451  21.833  -86.743  -16.422 0.5000000000
147760  21.582  -87.243  -17.754 0.6000000238
140120  22.428  -87.392  -19.235 0.6000000238
12429  22.376  -87.027  -17.948 0.6000000238
5423  21.819  -95.540  -13.419 0.6999999881
6127  20.489  -94.859  -12.927 0.6999999881
6834  19.303  -94.330  -13.019 0.6999999881
12472  24.114  -87.155  -19.981 0.5000000000
155154  21.544  -86.441  -15.047 0.5000000000
12506  25.285  -87.192  -22.116 0.5000000000
13450  22.724  -86.538  -16.611 0.5000000000
12458  23.246  -87.077  -18.898 0.5000000000
153048  23.318  -87.299  -19.641 0.5000000000
12507  24.419  -87.441  -21.748 0.5000000000
141788  25.277  -86.415  -19.140 0.5000000000
13510  26.041  -86.092  -20.055 0.5000000000
14523  24.287  -85.970  -16.336 0.5000000000
139135  25.426  -86.137  -18.439 0.5000000000
13522  25.622  -86.588  -20.582 0.5000000000
13428  23.387  -86.139  -16.010 0.5000000000
143384  24.671  -86.399  -17.993 0.5000000000
12473  24.018  -86.930  -19.230 0.5000000000
13429  22.331  -86.325  -15.663 0.5000000000
13477  23.839  -86.585  -17.670 0.5000000000
14522  24.983  -85.642  -16.766 0.5000000000
17861  24.940  -83.070  -23.122 0.6000000238
15701  25.076  -84.810  -22.676 0.6000000238
17860  25.472  -82.402  -23.993 0.5000000000
17844  24.483  -82.878  -22.155 0.6999999881
16750  24.867  -84.001  -22.092 0.6000000238
14593  23.424  -85.244  -21.675 0.6000000238
15674  21.992  -84.833  -20.142 0.6999999881
17845  23.784  -82.419  -21.526 0.6000000238
16751  24.277  -83.453  -21.290 0.6999999881
15687  23.702  -84.651  -21.176 0.6999999881
14575  22.073  -85.210  -20.819 0.6999999881
15657  21.862  -84.254  -19.350 0.8000000119
18923  23.386  -81.219  -22.531 0.5000000000
18922  24.217  -81.378  -22.996 0.5000000000
16737  23.151  -83.748  -20.061 0.8000000119
17831  23.247  -82.340  -20.656 0.6000000238
16712  21.144  -83.483  -17.898 0.6999999881
20984  23.274  -80.006  -22.469 0.5000000000
19959  23.724  -80.623  -22.754 0.5000000000
16711  21.752  -83.115  -18.289 0.6999999881
15640  20.706  -84.253  -18.345 0.6999999881
155996  22.680  -82.642  -19.353 0.6999999881
18911  22.998  -81.694  -21.538 0.6999999881
15613  20.085  -83.493  -16.812 0.6999999881
16694  21.297  -82.680  -17.715 0.6999999881
19961  21.980  -80.923  -22.317 0.6000000238
17832  22.746  -82.205  -19.877 0.8000000119
17790  12.275  -82.293  -17.697 0.6999999881
18840  13.221  -81.769  -17.095 0.8000000119
23123  22.139  -77.619  -20.247 0.4000000060
16679  19.673  -83.193  -15.982 0.6999999881
22030  21.780  -78.241  -20.859 0.5000000000
16678  20.313  -82.696  -16.518 0.6999999881
20973  21.908  -79.819  -22.065 0.6000000238
19948  21.254  -81.035  -22.286 0.6000000238
157101  22.268  -82.097  -19.031 0.6999999881
18912  22.020  -81.364  -21.795 0.8000000119
18875  22.105  -81.692  -20.006 0.8000000119
22946  4.102  -78.615  -10.089 0.5000000000
22970  4.604  -78.228  -10.825 0.5000000000
20853  4.351  -79.243  -11.314 0.5000000000
165057  8.262  -81.697  -17.535 0.5000000000
18868  9.455  -82.590  -19.384 0.6000000238
19923  9.018  -81.952  -18.555 0.6000000238
18842  7.609  -81.645  -16.828 0.6000000238
20869  6.916  -79.878  -13.097 0.6000000238
156880  9.356  -83.055  -18.683 0.6999999881
156687  8.902  -82.706  -18.099 0.6999999881
17791  11.307  -82.727  -18.236 0.6999999881
145297  9.779  -82.874  -17.605 0.6999999881
18836  19.181  -81.499  -16.006 0.6999999881
156222  17.413  -81.116  -16.212 0.6999999881
157679  15.783  -81.034  -16.972 0.8000000119
161408  21.087  -78.654  -20.871 0.5000000000
17746  19.755  -81.907  -15.811 0.6999999881
22039  21.449  -79.208  -21.499 0.6000000238
18849  20.615  -81.874  -17.148 0.8000000119
143672  20.594  -81.563  -21.516 0.6999999881
18862  19.670  -81.436  -18.768 0.8000000119
18860  21.598  -81.846  -18.504 0.8000000119
148518  5.442  -78.215  -8.635 0.5000000000
22921  5.485  -78.032  -9.741 0.6000000238
159762  6.375  -77.837  -9.762 0.5000000000
22945  5.251  -77.731  -10.766 0.6000000238
21897  4.711  -78.522  -11.540 0.6000000238
20872  4.739  -79.022  -11.936 0.6000000238
22990  5.391  -77.881  -12.668 0.6000000238
20871  5.096  -79.110  -12.656 0.5000000000
20939  8.949  -80.443  -17.428 0.5000000000
20940  8.237  -80.634  -17.265 0.5000000000
142757  10.336  -81.415  -19.312 0.6000000238
19902  7.137  -80.959  -16.490 0.6000000238
18805  7.054  -81.287  -15.478 0.6999999881
20870  5.659  -79.545  -13.042 0.6000000238
18884  10.482  -82.860  -20.843 0.6000000238
17808  10.033  -83.241  -19.919 0.6999999881
141352  8.991  -82.832  -17.574 0.6999999881
17792  8.483  -82.480  -17.407 0.6999999881
156785  7.854  -81.727  -15.574 0.8000000119
19872  6.645  -80.306  -14.137 0.6999999881
17835  11.200  -83.068  -21.127 0.6999999881
17821  11.801  -83.232  -20.387 0.6999999881
152324  12.557  -83.172  -20.947 0.6999999881
18852  12.988  -82.274  -18.553 0.8000000119
139026  15.796  -81.451  -18.297 0.8000000119
18851  14.018  -81.769  -18.337 0.8000000119
22040  20.637  -79.462  -21.428 0.5000000000
163226  18.625  -80.646  -21.793 0.6000000238
145948  18.408  -81.275  -16.960 0.8000000119
139027  16.612  -81.500  -18.383 0.8000000119
19949  20.461  -81.158  -22.188 0.6000000238
19950  19.594  -81.265  -22.116 0.6999999881
139029  19.048  -81.387  -17.927 0.8000000119
18895  19.767  -81.719  -21.192 0.6999999881
18877  19.150  -81.758  -20.274 0.6999999881
18876  20.278  -81.536  -19.660 0.8000000119
22901  6.436  -78.280  -8.267 0.4000000060
164380  6.193  -78.219  -9.015 0.5000000000
24053  6.715  -77.004  -11.518 0.4000000060
22968  5.596  -77.481  -12.084 0.5000000000
23016  5.530  -77.912  -13.399 0.5000000000
19910  10.405  -80.708  -18.359 0.5000000000
150005  7.786  -79.638  -16.456 0.6000000238
20917  7.138  -79.317  -16.010 0.6000000238
20890  5.279  -79.210  -14.684 0.6000000238
19921  11.110  -80.857  -19.068 0.6000000238
19894  6.140  -80.359  -15.774 0.6999999881
20904  5.625  -80.018  -14.787 0.6999999881
18883  11.399  -82.200  -20.732 0.6000000238
157016  13.562  -82.484  -19.570 0.8000000119
18897  17.873  -82.074  -21.516 0.6999999881
18878  18.182  -82.100  -20.726 0.6999999881
139028  18.047  -81.508  -18.477 0.8000000119
18865  16.281  -81.953  -19.640 0.8000000119
18896  18.643  -81.971  -21.393 0.6999999881
22900  7.396  -78.373  -8.075 0.4000000060
22884  7.747  -78.035  -7.261 0.4000000060
150329  7.389  -77.451  -6.909 0.4000000060
22943  8.063  -77.174  -10.453 0.5000000000
156838  7.731  -77.764  -9.692 0.4000000060
24002  6.801  -76.963  -6.951 0.5000000000
22989  5.950  -77.271  -12.727 0.5000000000
23044  7.406  -77.560  -14.577 0.5000000000
21951  5.733  -78.314  -14.550 0.5000000000
23043  8.441  -77.216  -14.413 0.5000000000
20905  5.609  -78.932  -15.228 0.6999999881
18902  13.098  -82.456  -21.188 0.6000000238
18866  15.492  -82.155  -19.947 0.8000000119
19939  17.548  -81.185  -21.741 0.6000000238
18898  17.119  -81.786  -21.398 0.6000000238
19928  15.744  -81.506  -21.279 0.6999999881
18900  15.168  -81.993  -21.266 0.6999999881
165646  17.220  -82.119  -20.425 0.6999999881
26127  7.171  -74.650  -6.680 0.3000000119
22919  8.535  -77.729  -9.613 0.4000000060
22899  8.932  -78.216  -8.707 0.3000000119
21874  8.410  -78.392  -7.825 0.4000000060
22883  8.544  -78.033  -6.922 0.4000000060
23989  7.533  -76.699  -6.450 0.4000000060
25023  7.036  -75.821  -6.866 0.5000000000
24052  7.639  -76.767  -11.301 0.4000000060
25011  7.823  -75.723  -6.063 0.3000000119
154007  6.715  -76.829  -12.375 0.4000000060
23066  8.077  -77.931  -15.036 0.5000000000
24087  7.367  -76.436  -12.692 0.4000000060
165800  9.270  -78.162  -15.152 0.6000000238
24074  8.166  -76.315  -11.927 0.4000000060
23042  9.362  -77.123  -14.295 0.4000000060
24121  7.804  -76.750  -13.848 0.5000000000
17819  13.953  -82.562  -21.004 0.6999999881
140008  15.912  -82.206  -20.736 0.6999999881
25024  6.230  -76.000  -7.322 0.4000000060
23988  8.356  -76.632  -5.933 0.4000000060
25003  9.255  -74.788  -5.554 0.3000000119
22942  9.000  -77.159  -10.387 0.3000000119
24086  8.567  -75.852  -12.832 0.4000000060
24120  9.688  -76.489  -13.845 0.4000000060
25115  9.113  -75.790  -13.146 0.4000000060
21866  10.104  -78.299  -7.764 0.3000000119
22882  9.322  -77.912  -6.662 0.3000000119
22868  8.860  -77.397  -6.220 0.4000000060
23986  10.300  -76.926  -5.972 0.3000000119
25009  9.724  -75.708  -5.651 0.3000000119
22898  9.862  -78.188  -8.573 0.3000000119
24050  9.498  -76.569  -11.191 0.3000000119
25095  9.543  -75.603  -12.724 0.3000000119
25079  9.518  -75.888  -12.041 0.3000000119
25094  10.554  -75.293  -12.888 0.3000000119
22867  10.126  -77.729  -6.503 0.3000000119
25008  10.503  -75.988  -6.078 0.3000000119
22881  10.623  -78.076  -7.135 0.3000000119
24001  10.976  -76.714  -6.340 0.3000000119
24049  10.514  -76.727  -10.916 0.3000000119
24071  11.005  -76.070  -11.483 0.3000000119
25093  11.344  -75.045  -12.642 0.3000000119
26108  8.259  -74.742  -5.748 0.3000000119
22897  10.905  -78.213  -8.168 0.3000000119
22880  11.618  -77.725  -7.302 0.3000000119
24070  11.941  -76.041  -11.250 0.3000000119
153179  17.396  -90.629  -19.241 0.6000000238
160958  18.020  -89.920  -20.552 0.6999999881
9367  17.652  -90.535  -20.756 0.6999999881
9387  18.366  -90.371  -22.339 0.6999999881
23045  6.534  -77.388  -13.941 0.4000000060
23067  7.205  -78.172  -15.186 0.6000000238
26107  10.157  -74.814  -6.006 0.3000000119
1962  21.938  -101.896  -17.370 0.6999999881
2422  18.776  -100.576  -14.535 0.6999999881
160204  20.795  -98.837  -18.757 0.8000000119
3059  23.085  -99.688  -22.613 0.6999999881
4148  21.930  -97.528  -16.644 0.6000000238
140969  17.491  -95.652  -15.468 0.6999999881
3603  19.239  -98.923  -23.364 0.8000000119
3054  23.544  -99.483  -21.615 0.6999999881
3594  23.161  -98.730  -20.984 0.8000000119
11473  24.847  -88.581  -26.364 0.6999999881
10291  17.832  -89.943  -19.310 0.5000000000
10347  20.451  -89.240  -22.994 0.6000000238
13577  23.862  -86.537  -25.523 0.6000000238
11396  22.761  -88.069  -22.076 0.6999999881
6156  17.342  -93.794  -15.454 0.8000000119
9314  18.121  -89.902  -15.607 0.5000000000
10241  18.377  -89.377  -16.191 0.6000000238
12460  21.880  -87.331  -18.509 0.6000000238
154433  19.373  -81.424  -16.919 0.8000000119
2340  34.634  -101.159  -8.227 0.4000000060
2318  35.667  -101.035  -7.091 0.4000000060
2370  31.974  -100.715  -10.891 0.3000000119
1866  34.384  -101.740  -9.011 0.4000000060
1865  34.846  -102.048  -8.490 0.4000000060
1846  35.596  -102.062  -7.376 0.4000000060
3457  29.213  -98.594  -10.363 0.4000000060
3456  29.989  -98.785  -9.999 0.5000000000
2897  31.812  -98.787  -8.742 0.5000000000
2927  29.770  -99.265  -10.825 0.3000000119
2913  30.800  -99.051  -9.730 0.4000000060
2342  33.207  -100.139  -8.940 0.4000000060
2944  29.547  -99.627  -11.574 0.3000000119
2359  32.179  -100.223  -10.069 0.3000000119
2341  33.966  -100.665  -8.613 0.3000000119
160123  30.308  -99.931  -11.326 0.3000000119
2946  28.097  -98.975  -11.896 0.4000000060
3480  27.577  -98.269  -11.594 0.4000000060
3440  28.610  -97.838  -10.131 0.5000000000
2960  27.595  -98.871  -12.377 0.3000000119
2945  28.774  -99.329  -11.777 0.3000000119
2395  28.988  -100.276  -13.007 0.4000000060
2968  28.235  -99.886  -13.304 0.3000000119
2432  27.153  -100.216  -16.057 0.4000000060
2418  27.988  -100.397  -14.849 0.4000000060
2431  28.081  -100.758  -15.794 0.4000000060
3494  27.021  -98.165  -12.395 0.4000000060
137007  26.212  -97.581  -13.934 0.4000000060
3503  26.546  -98.105  -13.260 0.4000000060
4136  26.002  -97.812  -14.825 0.4000000060
4121  25.710  -97.044  -15.439 0.5000000000
139970  26.833  -98.992  -13.827 0.4000000060
3533  25.812  -98.060  -15.761 0.4000000060
2403  28.079  -100.137  -14.051 0.4000000060
2982  27.226  -99.993  -15.191 0.5000000000
3542  26.066  -98.911  -16.086 0.4000000060
2444  27.154  -100.432  -16.919 0.4000000060
143327  25.548  -101.143  -21.326 0.6000000238
2466  27.388  -101.049  -18.939 0.4000000060
4769  25.056  -96.311  -17.059 0.6000000238
161145  24.559  -96.616  -17.996 0.6000000238
4159  25.264  -97.727  -17.198 0.6000000238
4175  24.903  -97.850  -17.961 0.6000000238
3568  25.011  -98.643  -18.398 0.6000000238
3569  24.383  -97.912  -18.739 0.6999999881
3025  25.889  -99.481  -17.632 0.5000000000
163322  25.182  -99.291  -18.794 0.6000000238
3586  23.646  -98.535  -20.234 0.6999999881
5537  23.487  -95.457  -20.113 0.6999999881
5538  22.923  -95.827  -20.787 0.6999999881
4797  23.786  -96.358  -19.022 0.6000000238
4189  23.455  -96.842  -19.507 0.6999999881
4829  21.627  -97.262  -21.984 0.6999999881
4843  20.710  -97.516  -23.442 0.6999999881
4216  19.231  -97.490  -23.462 0.6999999881
3579  23.433  -97.697  -19.849 0.6999999881
4199  22.356  -97.459  -21.106 0.6999999881
3587  22.973  -97.918  -20.576 0.6999999881
5585  23.192  -96.164  -23.510 0.5000000000
5586  22.133  -96.578  -23.777 0.6000000238
5554  22.329  -96.325  -21.685 0.6999999881
140932  21.215  -97.038  -24.103 0.6000000238
4220  20.402  -97.176  -24.224 0.6999999881
4874  20.918  -96.457  -24.680 0.6999999881
4198  22.936  -97.107  -20.283 0.6999999881
158970  19.587  -96.984  -23.812 0.6999999881
4844  19.484  -96.804  -23.243 0.6000000238
159168  22.062  -96.688  -24.793 0.6000000238
4887  21.626  -96.497  -25.004 0.6000000238
5569  19.998  -96.247  -23.503 0.6000000238
149991  21.084  -95.872  -24.703 0.6000000238
143148  21.330  -95.873  -18.252 0.5000000000
1937  18.909  -101.510  -14.512 0.6000000238
1524  19.664  -102.460  -14.645 0.6000000238
5570  19.812  -96.225  -22.501 0.6000000238
5555  20.281  -95.565  -21.593 0.6000000238
5521  20.735  -95.319  -20.023 0.5000000000
5499  20.964  -95.603  -19.186 0.5000000000
152317  17.640  -100.192  -15.961 0.6000000238
3005  18.243  -99.782  -15.066 0.6000000238
2434  18.108  -100.627  -15.232 0.6000000238
5568  20.564  -95.516  -23.379 0.6000000238
6247  20.786  -94.866  -21.662 0.5000000000
5539  20.288  -95.766  -20.753 0.5000000000
3559  16.639  -98.462  -18.379 0.6000000238
4162  17.010  -97.490  -16.953 0.6000000238
138693  17.217  -99.121  -17.352 0.6000000238
3027  17.227  -99.939  -17.617 0.6000000238
3006  17.784  -99.395  -15.737 0.6000000238
4758  17.098  -96.730  -16.472 0.6000000238
3536  17.615  -98.496  -15.794 0.6000000238
5422  22.380  -95.605  -13.882 0.6000000238
6259  21.017  -94.802  -22.600 0.6000000238
4163  16.667  -97.295  -17.759 0.6000000238
6200  16.220  -94.758  -18.157 0.6000000238
4759  16.907  -96.215  -16.858 0.6000000238
6171  16.693  -94.549  -16.883 0.6000000238
5462  16.758  -95.475  -17.007 0.6000000238
147409  16.511  -93.232  -17.403 0.5000000000
143838  17.016  -95.032  -16.273 0.6000000238
6170  16.984  -94.191  -16.165 0.5000000000
139937  16.298  -99.008  -18.986 0.6999999881
153051  16.273  -97.400  -18.465 0.6000000238
5480  16.428  -95.539  -17.856 0.6000000238
6908  16.374  -94.041  -17.607 0.6000000238
139557  16.279  -93.241  -18.128 0.6000000238
140101  15.379  -95.585  -22.713 0.6000000238
151520  16.264  -96.412  -18.342 0.6000000238
5500  16.062  -95.460  -18.629 0.6000000238
6925  16.034  -93.261  -19.056 0.5000000000
6218  15.667  -94.527  -19.632 0.6000000238
6934  15.718  -93.642  -20.679 0.6000000238
6946  15.630  -93.745  -21.662 0.6000000238
6958  15.610  -94.087  -22.738 0.6000000238
138539  15.556  -95.962  -20.040 0.6000000238
8521  16.665  -91.950  -19.071 0.6000000238
6926  15.755  -93.762  -19.809 0.6000000238
6933  16.147  -92.941  -20.080 0.5000000000
7701  16.434  -92.422  -20.689 0.6000000238
6957  16.042  -93.058  -22.418 0.5000000000
151218  17.295  -90.889  -20.105 0.6000000238
8533  16.764  -91.837  -20.824 0.6000000238
7715  16.513  -92.343  -21.536 0.6000000238
8558  17.323  -91.607  -22.776 0.6000000238
141497  17.662  -91.780  -23.809 0.6999999881
8576  17.693  -92.426  -25.147 0.6999999881
156536  18.492  -92.151  -25.668 0.6999999881
8592  18.083  -92.328  -26.358 0.6999999881
9388  17.647  -90.906  -21.813 0.6000000238
9406  17.991  -91.116  -23.061 0.6999999881
9418  19.290  -91.264  -24.734 0.6999999881
8575  18.405  -91.627  -24.439 0.6999999881
159639  19.007  -91.781  -25.421 0.6999999881
8590  19.685  -91.531  -26.460 0.6000000238
9404  19.589  -90.543  -23.995 0.6000000238
5498  21.413  -94.985  -18.555 0.5000000000
153879  21.725  -96.115  -17.357 0.5000000000
149378  21.729  -93.841  -17.326 0.5000000000
6169  21.918  -94.640  -17.062 0.5000000000
6168  22.226  -94.882  -16.147 0.6000000238
7640  21.608  -92.131  -16.615 0.6000000238
6893  21.654  -93.030  -17.068 0.6000000238
6871  22.329  -94.321  -15.623 0.6000000238
6155  22.572  -95.073  -15.146 0.6000000238
6125  22.243  -94.768  -13.646 0.6000000238
7624  21.827  -92.428  -15.538 0.5000000000
141855  22.244  -93.237  -14.664 0.6000000238
6126  21.455  -94.669  -13.126 0.6000000238
7594  21.622  -92.395  -13.430 0.6000000238
7575  21.223  -92.700  -12.902 0.5000000000
6111  21.433  -93.861  -12.992 0.6000000238
6113  19.968  -94.265  -12.746 0.6000000238
150160  21.158  -91.954  -12.922 0.5000000000
6819  20.201  -93.528  -12.599 0.6000000238
9288  18.066  -90.830  -14.793 0.5000000000
163158  18.616  -90.859  -13.509 0.5000000000
163971  18.399  -93.223  -13.560 0.6000000238
7578  18.798  -92.251  -12.898 0.6000000238
3030  26.305  -100.211  -18.236 0.6000000238
3577  24.677  -98.831  -19.130 0.6999999881
5459  22.361  -95.736  -15.778 0.5000000000
7686  16.597  -92.058  -19.964 0.6000000238
9405  18.761  -90.776  -23.495 0.6999999881
5446  22.616  -95.861  -14.969 0.6000000238
6820  19.419  -93.718  -12.792 0.6000000238
151486  18.089  -92.032  -14.035 0.6000000238
2369  32.830  -101.209  -10.607 0.3000000119
2925  31.356  -99.846  -10.319 0.3000000119
2911  32.396  -99.691  -9.233 0.4000000060
2958  29.279  -99.955  -12.299 0.3000000119
159024  27.726  -99.353  -12.948 0.4000000060
2969  27.509  -99.511  -13.569 0.4000000060
4120  26.017  -96.969  -14.469 0.4000000060
3532  26.184  -98.676  -15.178 0.3000000119
4146  25.497  -97.465  -16.396 0.5000000000
155028  25.221  -97.014  -16.922 0.6000000238
2983  26.657  -99.242  -14.690 0.5000000000
3556  25.446  -98.644  -17.573 0.5000000000
3014  26.496  -99.708  -16.460 0.5000000000
4188  23.939  -97.009  -18.803 0.6000000238
5567  22.557  -96.087  -22.582 0.6999999881
6201  15.885  -94.661  -18.891 0.6000000238
9455  18.507  -91.233  -27.068 0.6000000238
156110  22.150  -93.497  -15.542 0.6000000238
148719  21.969  -91.469  -14.655 0.5000000000
162607  22.503  -94.179  -14.838 0.6000000238
138470  22.043  -93.921  -13.439 0.6000000238
7609  21.947  -92.255  -14.627 0.5000000000
6832  22.134  -93.015  -13.840 0.6000000238
8441  21.652  -91.373  -13.506 0.5000000000
7576  20.384  -92.559  -12.543 0.5000000000
8425  19.157  -91.671  -12.691 0.5000000000
872  21.344  -104.643  3.809 0.4000000060
1256  21.749  -103.540  3.597 0.4000000060
1267  21.153  -102.504  3.075 0.5000000000
137  19.235  -105.333  4.162 0.5000000000
138  18.174  -105.568  4.184 0.5000000000
328  17.024  -105.275  2.540 0.5000000000
557  19.620  -104.399  3.055 0.5000000000
318  20.652  -105.332  4.202 0.5000000000
1255  22.188  -102.467  3.296 0.4000000060
1686  22.895  -101.771  3.132 0.4000000060
1697  22.335  -101.165  2.630 0.5000000000
1756  37.699  -100.786  -1.420 0.3000000119
2203  38.034  -100.366  -0.414 0.3000000119
1328  36.715  -101.487  -3.077 0.3000000119
1354  36.547  -102.064  -4.216 0.3000000119
122  19.561  -105.351  4.869 0.4000000060
130  18.869  -105.382  4.596 0.5000000000
131  17.205  -105.864  4.482 0.5000000000
305  20.487  -105.372  4.968 0.4000000060
546  21.190  -105.277  4.035 0.4000000060
871  22.685  -103.584  3.865 0.3000000119
537  22.438  -104.853  4.858 0.3000000119
2716  22.800  -99.485  2.076 0.4000000060
1245  23.853  -102.821  4.196 0.3000000119
1685  23.612  -101.304  3.385 0.4000000060
2156  23.075  -100.816  2.817 0.5000000000
1673  24.062  -101.837  3.916 0.3000000119
2223  38.504  -100.014  -1.181 0.3000000119
2189  37.745  -100.251  1.222 0.3000000119
1785  37.352  -101.381  -3.504 0.3000000119
1797  37.152  -101.764  -4.834 0.3000000119
1379  36.109  -102.608  -5.412 0.3000000119
306  19.168  -105.371  5.145 0.3000000119
123  18.521  -105.532  5.029 0.4000000060
527  21.076  -105.090  5.137 0.3000000119
1244  24.492  -103.146  4.973 0.3000000119
2701  23.760  -99.425  2.948 0.4000000060
2726  22.865  -98.774  1.552 0.4000000060
2155  23.811  -100.281  3.276 0.4000000060
1661  24.973  -102.309  5.007 0.3000000119
3327  38.755  -98.901  -1.297 0.4000000060
2202  38.507  -99.578  -0.332 0.4000000060
3292  38.269  -98.933  1.330 0.4000000060
148541  38.040  -98.942  1.994 0.4000000060
155041  36.658  -98.589  2.692 0.4000000060
3293  35.732  -98.251  2.528 0.5000000000
2261  38.820  -100.499  -3.479 0.3000000119
146007  38.475  -100.594  -2.744 0.3000000119
1784  38.036  -101.106  -3.944 0.3000000119
1399  36.346  -102.173  -6.074 0.3000000119
2319  34.987  -100.551  -7.481 0.3000000119
855  19.660  -103.969  5.401 0.3000000119
2153  25.084  -99.862  4.107 0.3000000119
2714  24.096  -98.676  2.833 0.3000000119
3915  23.718  -97.911  -0.566 0.4000000060
3332  23.945  -98.094  -1.220 0.4000000060
1660  25.852  -102.319  5.690 0.3000000119
2140  25.573  -100.400  4.659 0.3000000119
1671  25.338  -101.317  4.883 0.3000000119
2141  24.876  -100.650  4.283 0.3000000119
157484  31.443  -99.506  0.174 0.5000000000
2227  30.280  -100.050  -1.243 0.5000000000
3951  39.765  -97.993  -3.474 0.3000000119
3925  38.982  -98.459  -2.112 0.3000000119
3354  39.847  -98.794  -3.290 0.3000000119
3328  38.642  -98.569  -1.162 0.3000000119
163019  38.486  -98.808  0.109 0.4000000060
3874  34.332  -97.497  1.508 0.5000000000
137243  32.973  -98.406  1.461 0.5000000000
3341  39.289  -98.771  -2.473 0.3000000119
3885  38.221  -98.509  0.925 0.4000000060
3872  36.525  -98.027  1.794 0.4000000060
3873  35.298  -97.615  1.735 0.5000000000
3294  34.677  -98.043  2.294 0.5000000000
2270  38.723  -100.665  -4.434 0.3000000119
1813  37.611  -101.222  -5.283 0.3000000119
153507  36.680  -101.329  -6.161 0.3000000119
2302  35.426  -99.926  -6.775 0.3000000119
2320  34.240  -100.122  -7.821 0.4000000060
3285  24.628  -98.086  2.513 0.3000000119
3914  24.361  -97.523  -0.410 0.4000000060
1223  26.777  -103.022  7.472 0.3000000119
2129  26.179  -100.999  5.380 0.3000000119
143025  26.232  -100.188  4.905 0.3000000119
2780  24.953  -98.527  -2.376 0.4000000060
1659  26.750  -101.868  6.198 0.3000000119
2251  27.234  -100.020  -2.194 0.4000000060
141892  28.804  -100.381  -1.954 0.5000000000
2776  29.558  -99.266  -2.668 0.4000000060
2249  29.246  -99.877  -2.285 0.5000000000
3963  38.652  -97.407  -4.515 0.3000000119
2756  31.392  -98.940  -0.599 0.5000000000
146600  30.758  -99.183  -1.460 0.5000000000
3942  38.232  -97.476  -2.055 0.3000000119
3890  32.902  -97.446  0.333 0.4000000060
3317  31.820  -98.265  -0.521 0.5000000000
3353  40.612  -98.197  -4.379 0.3000000119
3926  38.631  -98.055  -1.591 0.4000000060
3906  37.861  -97.667  -0.371 0.4000000060
3889  34.177  -96.875  0.846 0.5000000000
3305  32.650  -98.121  0.642 0.5000000000
163083  39.774  -99.239  -3.279 0.3000000119
3884  38.263  -98.317  0.154 0.4000000060
3886  36.880  -97.557  0.810 0.5000000000
3887  35.776  -97.230  1.034 0.5000000000
158706  39.315  -100.295  -4.845 0.3000000119
146220  38.369  -100.119  -6.304 0.4000000060
2845  36.684  -99.382  -6.263 0.3000000119
139401  37.332  -100.407  -6.056 0.4000000060
2847  35.192  -99.171  -6.833 0.4000000060
1137  23.500  -103.315  -22.350 0.5000000000
2895  33.532  -99.648  -8.164 0.3000000119
1644  28.137  -101.940  8.287 0.3000000119
1658  27.609  -101.484  6.565 0.3000000119
3913  25.096  -97.363  -1.039 0.3000000119
1652  27.278  -102.431  7.114 0.3000000119
157651  25.930  -98.058  -3.325 0.3000000119
154800  28.836  -99.450  -2.852 0.5000000000
2775  30.281  -98.957  -2.354 0.4000000060
2794  29.043  -98.842  -3.351 0.3000000119
3980  39.352  -97.337  -5.162 0.3000000119
3329  31.415  -98.250  -1.338 0.5000000000
3952  38.938  -97.608  -3.554 0.3000000119
3908  33.434  -96.703  0.244 0.4000000060
3910  32.061  -97.585  -0.823 0.4000000060
4538  37.242  -96.800  -0.959 0.4000000060
4526  36.408  -96.451  -0.505 0.4000000060
4527  35.528  -96.127  -0.220 0.4000000060
4516  34.151  -96.259  0.344 0.4000000060
2803  40.491  -99.130  -4.688 0.3000000119
142517  40.172  -99.625  -5.548 0.3000000119
4514  36.122  -96.786  0.266 0.4000000060
4515  35.033  -96.499  0.539 0.5000000000
3391  36.995  -98.786  -6.544 0.4000000060
3393  35.388  -98.661  -6.879 0.4000000060
1567  23.276  -102.190  -21.834 0.5000000000
2873  33.955  -99.182  -7.555 0.4000000060
3411  33.734  -98.416  -7.671 0.5000000000
1145  24.030  -102.346  -23.301 0.5000000000
1651  28.188  -101.785  7.518 0.3000000119
2446  17.254  -100.265  -16.918 0.5000000000
3343  30.516  -98.246  -2.779 0.3000000119
3356  29.324  -98.099  -3.817 0.3000000119
2435  17.499  -101.027  -15.630 0.5000000000
2457  16.779  -100.833  -17.824 0.6000000238
4596  39.366  -96.530  -6.578 0.3000000119
3964  37.641  -97.202  -4.913 0.3000000119
4582  39.921  -97.058  -5.883 0.3000000119
153323  37.886  -97.289  -3.907 0.3000000119
141104  36.966  -96.549  -2.490 0.3000000119
140187  32.349  -96.627  -1.090 0.4000000060
3928  31.757  -97.335  -1.665 0.4000000060
1523  20.425  -102.650  -15.020 0.5000000000
2483  14.452  -100.805  -19.462 0.5000000000
4548  36.739  -96.359  -1.748 0.3000000119
4540  35.858  -95.914  -0.926 0.3000000119
4528  34.622  -95.855  -0.093 0.3000000119
5247  33.587  -95.147  -0.702 0.3000000119
1106  21.372  -103.243  -16.662 0.5000000000
2842  40.585  -99.356  -6.097 0.3000000119
2844  39.246  -99.848  -6.561 0.3000000119
1558  22.039  -102.579  -17.860 0.5000000000
2871  38.633  -99.464  -7.066 0.3000000119
1564  22.630  -102.525  -19.685 0.5000000000
3408  36.730  -98.372  -7.181 0.4000000060
1979  22.615  -101.805  -21.207 0.6000000238
4002  35.462  -97.784  -8.082 0.4000000060
4004  34.288  -97.939  -7.667 0.5000000000
1984  22.617  -101.670  -22.408 0.5000000000
4015  32.583  -97.604  -8.191 0.4000000060
3412  32.945  -98.281  -7.952 0.3000000119
2874  33.351  -98.859  -7.872 0.4000000060
1577  23.570  -102.173  -25.093 0.6000000238
160168  29.806  -95.915  -10.238 0.3000000119
4668  28.366  -96.505  -10.182 0.4000000060
4035  29.753  -97.410  -9.065 0.4000000060
3437  31.082  -98.657  -9.004 0.3000000119
2002  24.518  -101.695  -25.148 0.6000000238
1573  24.031  -102.226  -23.891 0.5000000000
148316  28.485  -95.596  -11.135 0.3000000119
5378  27.827  -96.123  -10.855 0.5000000000
4669  27.794  -96.876  -10.527 0.4000000060
4062  27.519  -97.483  -10.990 0.4000000060
147164  24.668  -101.447  -23.173 0.6000000238
161425  27.777  -95.217  -12.316 0.3000000119
5410  27.272  -95.709  -12.138 0.5000000000
4706  26.980  -96.310  -12.009 0.4000000060
4081  27.070  -97.482  -11.756 0.4000000060
5421  26.642  -95.419  -13.531 0.4000000060
4718  26.403  -96.319  -13.266 0.5000000000
140285  26.360  -97.170  -13.173 0.4000000060
4730  25.882  -96.377  -14.838 0.5000000000
3033  16.999  -100.265  -18.358 0.6000000238
2481  16.446  -100.936  -18.990 0.6000000238
5307  38.843  -95.899  -7.230 0.3000000119
4584  37.852  -96.775  -5.780 0.3000000119
4570  36.744  -96.943  -4.210 0.3000000119
3581  16.204  -99.958  -19.257 0.6000000238
3041  15.264  -100.745  -19.534 0.6000000238
4607  40.988  -96.881  -7.198 0.3000000119
4558  36.403  -96.388  -3.193 0.3000000119
5265  35.424  -95.325  -2.075 0.3000000119
159152  14.040  -99.512  -20.031 0.6000000238
4030  41.381  -97.877  -9.098 0.3000000119
5255  36.055  -95.830  -1.627 0.3000000119
5256  34.831  -95.181  -1.310 0.3000000119
3590  13.639  -98.981  -20.796 0.6000000238
2870  39.540  -99.509  -7.363 0.3000000119
4212  14.080  -97.781  -22.270 0.6000000238
3599  13.083  -98.712  -22.002 0.6000000238
3606  12.967  -98.156  -22.570 0.6000000238
4847  12.624  -97.195  -22.805 0.5000000000
4014  33.216  -97.279  -8.516 0.4000000060
4018  30.207  -96.866  -8.857 0.4000000060
6124  26.726  -94.804  -14.087 0.4000000060
5435  25.952  -95.732  -14.810 0.5000000000
5323  39.333  -95.809  -7.895 0.3000000119
5308  37.874  -95.616  -7.098 0.3000000119
4597  38.347  -96.308  -6.543 0.3000000119
4585  36.668  -96.721  -5.530 0.3000000119
142380  35.735  -96.391  -3.930 0.3000000119
4559  35.530  -95.597  -3.058 0.3000000119
6004  34.282  -94.533  -2.663 0.3000000119
3572  17.091  -99.362  -18.076 0.5000000000
4608  40.240  -96.429  -7.786 0.3000000119
4620  41.424  -97.359  -7.836 0.3000000119
144994  15.435  -98.829  -19.382 0.5000000000
4641  40.516  -96.831  -9.090 0.3000000119
5257  34.027  -94.852  -1.196 0.3000000119
3589  14.324  -98.590  -20.101 0.6000000238
4054  40.906  -98.037  -10.280 0.3000000119
4203  13.916  -98.312  -21.282 0.6000000238
4032  34.533  -97.387  -9.152 0.3000000119
158176  35.904  -97.866  -8.619 0.3000000119
4217  13.944  -97.470  -23.059 0.6000000238
5590  13.399  -95.393  -23.692 0.6000000238
4192  15.128  -97.558  -19.765 0.6000000238
4814  15.125  -96.699  -20.739 0.5000000000
138154  15.171  -96.352  -21.692 0.6000000238
4846  14.562  -97.028  -23.042 0.6000000238
4222  14.317  -96.791  -23.643 0.6000000238
4863  13.582  -96.435  -23.782 0.6000000238
140906  13.733  -95.102  -24.448 0.6000000238
4876  14.257  -96.296  -24.140 0.6000000238
6973  13.774  -93.618  -24.080 0.5000000000
4800  15.483  -96.635  -19.729 0.5000000000
144825  15.371  -95.823  -20.949 0.5000000000
4845  15.126  -96.387  -22.759 0.5000000000
5603  14.889  -95.373  -24.792 0.6000000238
8618  15.087  -91.974  -25.734 0.5000000000
9432  17.129  -90.764  -26.340 0.6000000238
9458  15.964  -91.614  -25.949 0.6000000238
140204  15.092  -91.423  -25.652 0.5000000000
9433  16.250  -90.921  -25.823 0.6000000238
157122  14.135  -90.473  -25.416 0.6000000238
5556  15.325  -95.678  -21.883 0.5000000000
6972  15.774  -94.356  -24.427 0.5000000000
139461  15.870  -93.991  -25.077 0.5000000000
6291  14.731  -94.765  -25.168 0.6000000238
7764  16.309  -93.256  -25.394 0.6000000238
7003  15.565  -93.229  -25.633 0.5000000000
7765  14.565  -92.923  -25.250 0.5000000000
7763  17.041  -92.757  -26.045 0.6000000238
144049  20.175  -91.050  -25.426 0.6000000238
8615  17.508  -92.099  -26.676 0.6000000238
10389  16.606  -90.018  -25.159 0.5000000000
13432  16.228  -86.516  -15.775 0.5000000000
6232  15.545  -94.372  -20.414 0.5000000000
6274  15.523  -95.145  -24.089 0.5000000000
6971  16.168  -93.527  -24.635 0.6000000238
14503  14.787  -85.699  -15.410 0.5000000000
14505  13.123  -85.692  -15.225 0.6000000238
14502  15.753  -85.957  -15.132 0.6000000238
14500  17.446  -85.217  -14.887 0.6000000238
14527  14.225  -86.035  -16.108 0.5000000000
14525  17.082  -86.220  -16.245 0.5000000000
14541  17.340  -85.922  -17.141 0.5000000000
148961  16.477  -88.562  -23.483 0.5000000000
10368  16.178  -89.449  -24.044 0.5000000000
18839  14.922  -81.246  -17.359 0.6000000238
18824  13.822  -81.590  -16.215 0.6999999881
18822  16.015  -81.508  -15.276 0.6000000238
17749  14.104  -81.741  -15.304 0.6999999881
158072  14.317  -83.050  -13.994 0.6000000238
15581  13.966  -84.885  -14.015 0.6000000238
18801  15.629  -82.056  -14.755 0.6000000238
138003  14.712  -82.854  -14.246 0.6000000238
18837  16.349  -81.079  -16.098 0.6000000238
18800  16.590  -81.932  -14.615 0.6000000238
16651  15.506  -83.586  -14.317 0.6000000238
16652  14.662  -83.738  -14.118 0.5000000000
14479  13.361  -85.453  -14.232 0.6000000238
18820  17.923  -81.336  -15.139 0.6000000238
17722  17.170  -82.745  -14.336 0.6000000238
160510  15.640  -84.605  -14.430 0.5000000000
15603  13.877  -85.280  -14.763 0.6000000238
17721  18.239  -82.438  -14.450 0.6000000238
15578  16.502  -84.357  -14.360 0.6000000238
16664  19.033  -83.304  -15.273 0.6000000238
15576  18.035  -84.012  -14.636 0.6000000238
15615  18.211  -84.840  -15.939 0.6000000238
15626  18.115  -84.995  -17.171 0.5000000000
13499  16.544  -86.529  -18.160 0.5000000000
14549  17.329  -85.432  -18.947 0.5000000000
14562  16.844  -85.519  -19.750 0.5000000000
14580  17.281  -85.569  -20.661 0.5000000000
17725  13.986  -82.249  -14.450 0.6000000238
17710  13.363  -82.381  -13.432 0.6999999881
17747  19.389  -82.178  -15.270 0.5000000000
15614  18.954  -83.953  -15.942 0.6000000238
15642  18.755  -84.755  -17.731 0.6000000238
14539  17.899  -85.201  -18.178 0.5000000000
14548  18.789  -85.112  -18.661 0.6000000238
14560  18.780  -85.370  -19.665 0.5000000000
160706  19.667  -85.317  -19.883 0.6000000238
14579  18.279  -85.569  -20.624 0.6000000238
156029  14.773  -80.533  -20.359 0.4000000060
17752  11.081  -82.211  -15.522 0.6999999881
140854  11.113  -81.284  -13.786 0.5000000000
19856  12.355  -80.270  -12.560 0.5000000000
19929  15.036  -81.418  -21.102 0.6000000238
19942  13.726  -81.853  -21.188 0.5000000000
18783  12.062  -81.546  -13.561 0.6000000238
18774  13.631  -81.477  -12.167 0.5000000000
20955  16.267  -80.506  -20.857 0.5000000000
162713  11.645  -82.381  -17.193 0.6000000238
17727  11.814  -81.941  -14.597 0.8000000119
17772  12.296  -82.044  -16.526 0.6999999881
163786  12.377  -81.944  -14.624 0.8000000119
17698  13.779  -82.636  -12.551 0.6999999881
15641  19.724  -84.631  -18.224 0.6000000238
15659  19.599  -85.101  -19.141 0.6000000238
20865  11.505  -79.836  -12.584 0.5000000000
19930  13.350  -80.931  -20.351 0.5000000000
17753  10.115  -82.357  -15.679 0.6999999881
19838  12.368  -79.997  -11.093 0.5000000000
20946  16.805  -79.371  -19.493 0.4000000060
20947  15.862  -79.581  -19.513 0.4000000060
20945  17.602  -79.407  -19.882 0.4000000060
20954  18.260  -79.451  -20.330 0.5000000000
20962  18.968  -79.667  -20.975 0.4000000060
20886  9.892  -80.174  -13.444 0.5000000000
19839  10.890  -79.736  -11.320 0.5000000000
20948  13.343  -79.857  -19.132 0.3000000119
19920  12.531  -80.482  -19.503 0.3000000119
17729  9.834  -82.086  -15.026 0.6000000238
22021  18.348  -78.726  -19.165 0.4000000060
22010  19.280  -78.401  -18.947 0.4000000060
20961  19.838  -79.545  -21.215 0.4000000060
163501  8.932  -81.388  -14.624 0.6000000238
17754  9.163  -82.365  -15.870 0.6000000238
158061  19.720  -78.423  -19.495 0.4000000060
20887  9.001  -80.065  -13.405 0.5000000000
155237  9.798  -79.577  -12.400 0.5000000000
23095  15.683  -78.125  -17.182 0.3000000119
20935  13.460  -79.206  -18.121 0.3000000119
138903  12.521  -79.793  -18.318 0.3000000119
20949  11.511  -80.247  -18.173 0.4000000060
157817  20.833  -78.033  -18.563 0.3000000119
22019  20.359  -78.238  -19.750 0.4000000060
23105  21.517  -77.823  -18.643 0.4000000060
20936  11.994  -79.856  -17.282 0.4000000060
19883  8.096  -81.256  -14.775 0.6000000238
20867  8.987  -79.736  -12.825 0.4000000060
20937  10.971  -80.139  -17.324 0.4000000060
24148  16.373  -76.721  -16.263 0.3000000119
23083  15.050  -77.985  -16.902 0.3000000119
20888  8.012  -79.993  -13.311 0.5000000000
20927  10.425  -79.802  -16.593 0.4000000060
20928  9.392  -79.816  -16.775 0.4000000060
159603  7.998  -79.011  -15.983 0.5000000000
20916  9.911  -79.302  -16.032 0.4000000060
21990  8.813  -79.211  -16.203 0.4000000060
24103  13.332  -76.630  -13.348 0.3000000119
24104  12.300  -76.066  -13.565 0.3000000119
23013  11.692  -76.838  -13.751 0.3000000119
23014  10.900  -76.603  -13.828 0.3000000119
24105  11.285  -75.744  -13.531 0.3000000119
22886  5.425  -77.896  -7.900 0.4000000060
138566  13.557  -74.852  -13.310 0.3000000119
5259  32.505  -95.029  -1.329 0.3000000119
4013  34.625  -97.599  -8.281 0.4000000060
21971  10.367  -78.913  -15.335 0.3000000119
14558  21.138  -84.974  -19.851 0.6000000238
25025  5.256  -75.765  -7.520 0.4000000060
20965  16.896  -81.037  -21.504 0.5000000000
163496  10.426  -77.702  -14.441 0.3000000119
3438  30.298  -98.185  -9.071 0.3000000119
4036  29.001  -97.288  -9.521 0.4000000060
5571  15.311  -95.836  -23.544 0.5000000000
150013  22.270  -104.529  4.186 0.4000000060
873  20.416  -104.411  3.459 0.5000000000
139  17.221  -105.791  3.951 0.5000000000
140886  21.868  -100.220  1.657 0.5000000000
2188  38.204  -99.947  0.490 0.4000000060
312  21.709  -105.213  4.773 0.4000000060
2165  23.202  -99.887  2.609 0.4000000060
3308  22.741  -98.616  0.586 0.4000000060
2222  38.887  -99.594  -1.938 0.4000000060
2173  38.106  -99.542  1.402 0.4000000060
2708  37.593  -99.489  2.747 0.4000000060
300  17.403  -105.185  6.072 0.3000000119
1234  25.187  -103.222  5.674 0.3000000119
2154  24.483  -100.196  3.797 0.3000000119
3286  23.673  -98.039  2.085 0.4000000060
3307  23.202  -98.180  0.103 0.4000000060
2771  39.409  -99.267  -2.687 0.3000000119
2269  39.485  -100.049  -4.127 0.4000000060
3879  24.053  -97.575  1.242 0.4000000060
145224  25.651  -99.209  -2.330 0.4000000060
3304  33.461  -97.583  0.988 0.5000000000
1568  23.043  -102.544  -20.825 0.5000000000
2300  38.049  -100.683  -5.724 0.4000000060
2139  26.934  -100.356  5.301 0.3000000119
3347  24.801  -97.922  -2.373 0.4000000060
3345  25.867  -98.633  -2.992 0.4000000060
161318  28.616  -99.914  -2.456 0.5000000000
139624  37.633  -97.025  -2.506 0.3000000119
3364  40.923  -98.320  -4.869 0.3000000119
2819  40.059  -99.643  -4.803 0.3000000119
2283  39.475  -100.100  -5.430 0.3000000119
1988  23.193  -101.822  -23.312 0.6000000238
2796  27.513  -98.882  -3.472 0.3000000119
2797  26.735  -99.035  -3.133 0.4000000060
4529  33.670  -95.756  -0.210 0.3000000119
1974  22.242  -101.828  -19.167 0.5000000000
3409  35.707  -98.202  -7.358 0.4000000060
3954  29.831  -97.327  -4.066 0.3000000119
4541  32.611  -95.747  -0.980 0.3000000119
4647  30.152  -96.348  -9.511 0.4000000060
4017  30.920  -97.134  -8.595 0.4000000060
3425  31.134  -97.948  -8.557 0.4000000060
5393  29.225  -95.478  -11.541 0.3000000119
151011  35.940  -96.707  -4.730 0.3000000119
4202  14.479  -97.649  -21.030 0.6000000238
4624  31.477  -96.798  -8.838 0.3000000119
5285  34.933  -95.809  -3.902 0.3000000119
155972  34.358  -95.243  -3.930 0.3000000119
2919  40.322  -98.726  -10.802 0.3000000119
6987  14.568  -93.870  -25.239 0.5000000000
7784  15.684  -92.511  -25.844 0.6000000238
18825  13.131  -81.780  -15.693 0.6999999881
17711  12.387  -81.982  -13.847 0.6999999881
17751  12.111  -81.984  -15.388 0.6999999881
17728  10.767  -82.015  -14.867 0.6000000238
22014  14.707  -78.887  -18.255 0.3000000119
22003  13.842  -78.797  -17.341 0.3000000119
2492  20.831  -101.032  -20.512 0.5000000000
142800  21.714  -101.337  -19.728 0.5000000000
6229  23.703  -95.058  -20.866 0.6000000238
138747  15.899  -93.703  -23.634 0.4000000060
7727  16.383  -92.860  -23.695 0.5000000000
10388  17.506  -89.807  -25.604 0.5000000000
9430  20.653  -90.897  -26.405 0.5000000000
10409  20.146  -90.684  -26.762 0.5000000000
10410  19.091  -90.686  -26.945 0.5000000000
11459  17.888  -88.835  -24.869 0.5000000000
10387  18.485  -89.673  -26.119 0.5000000000
161029  21.625  -90.091  -25.318 0.5000000000
11433  17.994  -87.793  -24.486 0.4000000060
10407  21.798  -90.081  -26.307 0.5000000000
11478  20.523  -89.782  -26.555 0.5000000000
11458  18.781  -88.465  -25.432 0.5000000000
164977  17.606  -87.330  -24.020 0.5000000000
11476  22.092  -89.459  -26.359 0.6000000238
12572  20.644  -88.908  -26.129 0.5000000000
12563  19.259  -87.571  -25.120 0.5000000000
14598  18.759  -85.650  -21.561 0.5000000000
12570  22.259  -88.530  -26.141 0.6000000238
14641  17.894  -85.823  -23.483 0.5000000000
14622  18.122  -85.656  -22.643 0.5000000000
12562  20.177  -87.855  -25.461 0.6000000238
13582  18.790  -86.703  -24.436 0.6000000238
13569  18.265  -86.116  -23.941 0.5000000000
12569  23.301  -88.705  -26.371 0.6000000238
13586  22.537  -87.413  -25.669 0.6000000238
12561  20.622  -87.010  -25.101 0.6000000238
151919  20.088  -85.691  -22.888 0.6000000238
13579  21.837  -86.319  -24.913 0.6000000238
141195  20.123  -85.672  -22.155 0.5000000000
14597  19.738  -85.621  -21.452 0.5000000000
13567  20.302  -86.070  -24.233 0.6000000238
13568  19.179  -86.084  -24.102 0.6000000238
164388  13.442  -85.024  -12.416 0.5000000000
16624  13.864  -83.513  -12.069 0.5000000000
144280  13.790  -83.417  -13.018 0.5000000000
14576  21.285  -85.305  -20.679 0.6000000238
14647  22.160  -85.817  -24.344 0.6000000238
14596  20.640  -85.554  -21.448 0.6000000238
14638  20.572  -85.753  -23.564 0.6000000238
14620  20.873  -85.642  -22.463 0.6000000238
14619  22.207  -85.660  -23.103 0.6000000238
20914  11.674  -79.433  -15.507 0.3000000119
151046  4.303  -78.248  -8.433 0.3000000119
4743  25.684  -96.022  -15.456 0.4000000060
4770  24.679  -96.137  -17.706 0.5000000000
2497  25.615  -101.516  -21.892 0.5000000000
1993  24.741  -100.871  -24.575 0.5000000000
5497  24.314  -95.291  -18.745 0.4000000060
139118  24.212  -100.832  -24.531 0.4000000060
5552  23.903  -95.221  -21.817 0.4000000060
153006  22.465  -101.870  -20.167 0.4000000060
148247  21.306  -101.483  -22.937 0.4000000060
1985  21.567  -101.455  -21.833 0.4000000060
1989  22.178  -101.678  -23.644 0.4000000060
1578  23.071  -101.981  -25.279 0.4000000060
4871  25.301  -96.382  -25.168 0.4000000060
4872  23.819  -96.473  -25.326 0.4000000060
4873  22.968  -96.613  -25.202 0.4000000060
1975  21.658  -101.118  -18.704 0.4000000060
4859  24.660  -96.547  -24.784 0.4000000060
4860  23.601  -96.566  -24.661 0.4000000060
6288  22.324  -95.377  -25.033 0.4000000060
6273  22.005  -94.819  -24.068 0.5000000000
14646  23.915  -85.744  -24.769 0.5000000000
14651  24.833  -86.359  -25.658 0.5000000000
14635  23.640  -85.587  -23.546 0.5000000000
14645  24.980  -85.424  -24.827 0.5000000000
15706  26.367  -84.332  -24.804 0.5000000000
14617  23.659  -85.460  -22.503 0.5000000000
16766  25.466  -84.198  -23.121 0.5000000000
17687  13.887  -82.453  -11.503 0.4000000060
161382  13.562  -80.839  -11.552 0.4000000060
14634  25.238  -85.150  -23.568 0.5000000000
14618  22.789  -85.567  -22.314 0.5000000000
5553  23.055  -95.578  -21.627 0.5000000000
5584  24.265  -96.208  -23.789 0.4000000060
4885  23.221  -96.221  -25.611 0.4000000060
327  18.120  -104.911  2.775 0.4000000060
558  17.382  -104.807  1.903 0.4000000060
594  21.356  -105.275  -0.935 0.4000000060
549  19.194  -104.948  3.362 0.4000000060
884  18.127  -104.268  1.665 0.4000000060
154195  22.007  -104.869  -0.478 0.4000000060
915  23.352  -104.269  -0.081 0.4000000060
925  21.712  -103.910  -1.169 0.4000000060
927  20.393  -103.596  -2.065 0.4000000060
882  19.900  -103.530  2.898 0.5000000000
158933  18.851  -104.344  2.539 0.5000000000
1269  19.455  -102.895  2.032 0.4000000060
883  18.882  -103.652  1.814 0.4000000060
1318  20.192  -102.664  -2.011 0.4000000060
1257  20.745  -103.463  3.339 0.5000000000
1699  20.692  -101.774  2.378 0.5000000000
1268  20.248  -102.596  2.679 0.5000000000
1279  19.398  -102.272  0.920 0.4000000060
1280  18.849  -102.893  0.435 0.4000000060
1713  19.965  -101.425  0.866 0.4000000060
1315  23.080  -101.801  -0.960 0.4000000060
1761  22.234  -101.608  -1.363 0.4000000060
1316  22.206  -102.686  -1.223 0.4000000060
143364  19.910  -101.873  -1.545 0.4000000060
1319  19.560  -102.584  -1.718 0.4000000060
1304  23.214  -103.059  -0.686 0.4000000060
1317  21.122  -102.890  -1.808 0.4000000060
2195  20.587  -100.396  0.020 0.5000000000
1731  20.016  -100.877  -0.002 0.4000000060
1732  19.516  -101.622  -0.032 0.4000000060
1305  19.280  -102.101  -0.924 0.4000000060
149578  22.588  -100.893  -1.244 0.5000000000
153715  21.785  -100.979  -1.435 0.4000000060
2236  20.986  -101.097  -1.488 0.4000000060
146422  20.662  -101.883  -1.774 0.4000000060
163378  26.129  -101.643  0.024 0.3000000119
1728  27.218  -102.035  0.633 0.3000000119
2211  26.152  -101.002  -0.493 0.4000000060
2213  24.380  -100.568  -0.563 0.3000000119
2232  25.642  -100.230  -1.036 0.4000000060
2212  25.226  -100.703  -0.494 0.4000000060
139727  30.631  -101.317  1.385 0.3000000119
1726  29.092  -102.004  0.472 0.4000000060
1744  27.691  -101.704  -0.260 0.4000000060
2210  27.132  -101.114  -0.788 0.4000000060
1725  29.940  -101.683  0.763 0.4000000060
1743  28.641  -101.668  -0.406 0.4000000060
1760  28.058  -101.224  -1.061 0.4000000060
2252  26.772  -100.122  -1.855 0.3000000119
1748  24.034  -101.466  -0.532 0.3000000119
2760  24.398  -98.962  -1.480 0.3000000119
2233  24.774  -99.868  -0.880 0.4000000060
2177  31.366  -100.597  1.553 0.4000000060
2231  26.535  -100.497  -1.238 0.3000000119
1742  29.691  -101.325  -0.315 0.4000000060
144561  29.801  -100.676  -1.028 0.4000000060
2229  28.283  -100.698  -1.639 0.4000000060
2234  22.868  -100.107  -0.946 0.4000000060
2164  31.665  -100.732  2.653 0.4000000060
2759  25.180  -99.439  -1.661 0.3000000119
2176  32.083  -100.030  2.141 0.4000000060
156428  32.224  -100.348  3.086 0.4000000060
2724  32.529  -99.198  1.819 0.4000000060
2725  31.822  -99.637  1.105 0.4000000060
2193  30.584  -100.923  0.357 0.4000000060
2215  21.196  -100.034  -0.337 0.4000000060
2747  21.922  -99.557  -0.310 0.4000000060
140902  23.086  -99.316  -0.724 0.3000000119
2746  22.578  -99.138  -0.392 0.4000000060
2761  23.777  -98.731  -1.087 0.3000000119
2712  33.677  -99.255  3.395 0.4000000060
2711  34.565  -99.133  3.735 0.4000000060
3281  34.145  -98.599  2.829 0.4000000060
2734  32.277  -98.832  0.965 0.4000000060
2207  30.934  -100.202  -0.019 0.4000000060
1711  21.032  -101.087  2.008 0.4000000060
150927  22.275  -99.263  0.842 0.3000000119
1698  21.594  -101.613  2.655 0.4000000060
2180  20.577  -100.763  0.847 0.4000000060
2167  21.712  -100.777  2.125 0.4000000060
2194  21.140  -100.177  0.522 0.4000000060
2178  21.734  -99.897  1.014 0.4000000060
6258  21.745  -94.424  -23.005 0.4000000060
2192  31.209  -100.283  0.648 0.4000000060
128  20.310  -105.290  4.617 0.4000000060
129  19.642  -105.257  4.509 0.4000000060
136  19.979  -105.282  4.264 0.4000000060
144  16.612  -105.794  3.253 0.5000000000
303  22.141  -104.998  5.066 0.3000000119
304  21.474  -105.206  5.013 0.4000000060
307  17.961  -105.526  5.433 0.3000000119
313  21.051  -105.321  4.674 0.4000000060
317  21.306  -105.304  4.474 0.4000000060
319  19.709  -105.284  3.928 0.5000000000
320  18.738  -105.288  3.720 0.5000000000
321  17.668  -105.459  3.487 0.5000000000
528  20.100  -105.069  5.229 0.3000000119
545  21.761  -105.144  4.408 0.4000000060
547  20.806  -105.124  3.835 0.5000000000
548  20.099  -105.056  3.664 0.5000000000
582  21.963  -105.781  -0.210 0.4000000060
851  25.204  -103.595  6.390 0.3000000119
893  19.011  -103.040  1.254 0.4000000060
894  18.509  -103.574  0.960 0.4000000060
916  22.524  -104.006  -0.593 0.4000000060
926  21.003  -104.065  -1.676 0.4000000060
1088  20.881  -103.176  -15.829 0.5000000000
1211  27.466  -102.545  7.872 0.3000000119
1232  26.469  -102.877  6.662 0.3000000119
1233  25.760  -103.236  6.325 0.3000000119
1278  19.962  -101.961  1.823 0.5000000000
1292  19.132  -102.301  -0.039 0.4000000060
1306  18.768  -102.830  -0.504 0.4000000060
1339  36.805  -101.717  -3.679 0.3000000119
1435  35.142  -102.232  -7.938 0.4000000060
1549  21.527  -102.592  -16.160 0.5000000000
1561  22.328  -102.508  -18.760 0.5000000000
1571  23.779  -102.441  -22.946 0.5000000000
1572  24.479  -101.725  -23.663 0.5000000000
1574  23.832  -102.138  -24.389 0.6000000238
1575  24.730  -101.757  -24.660 0.6000000238
1576  24.353  -102.122  -24.863 0.6000000238
1579  24.777  -101.881  -25.057 0.6000000238
1580  24.298  -102.057  -25.137 0.6000000238
1581  23.873  -101.989  -25.287 0.6000000238
1672  24.641  -101.537  4.371 0.3000000119
1684  24.261  -100.962  3.796 0.4000000060
1709  31.069  -101.301  2.405 0.3000000119
1712  20.485  -101.291  1.603 0.5000000000
1727  28.150  -102.090  0.477 0.3000000119
1745  26.804  -101.618  -0.069 0.4000000060
1746  25.542  -101.435  -0.171 0.3000000119
1749  19.799  -101.270  -0.826 0.4000000060
1762  20.321  -101.288  -1.354 0.4000000060
1770  37.824  -100.924  -2.406 0.3000000119
1795  37.916  -101.182  -4.710 0.3000000119
1796  37.311  -101.581  -4.190 0.3000000119
1814  36.795  -101.900  -5.406 0.3000000119
1830  37.118  -101.271  -5.731 0.3000000119
1831  36.131  -101.729  -6.689 0.4000000060
1847  35.190  -101.551  -7.795 0.4000000060
1936  19.605  -101.693  -14.389 0.6999999881
1942  21.503  -101.531  -15.168 0.6999999881
1943  18.256  -101.347  -14.930 0.6000000238
1969  22.102  -101.811  -18.242 0.4000000060
1978  26.350  -101.604  -20.982 0.6000000238
1980  21.695  -101.416  -20.749 0.4000000060
1981  20.626  -101.188  -21.561 0.6000000238
1983  23.382  -102.074  -22.607 0.5000000000
1986  25.305  -101.665  -22.452 0.5000000000
1987  24.646  -101.245  -23.330 0.5000000000
1990  21.188  -101.496  -23.807 0.6000000238
1991  20.585  -101.223  -23.759 0.6000000238
1992  24.530  -101.334  -24.107 0.6000000238
1994  22.970  -102.116  -24.449 0.6000000238
1995  22.016  -101.804  -24.582 0.6000000238
1998  24.796  -101.446  -24.893 0.6000000238
1999  22.639  -102.076  -25.096 0.4000000060
2000  22.204  -101.765  -25.023 0.4000000060
2001  21.565  -101.231  -24.527 0.6000000238
2166  22.450  -100.275  2.217 0.5000000000
2179  21.240  -100.524  1.395 0.4000000060
2208  30.406  -100.519  -0.519 0.4000000060
2209  29.006  -101.011  -1.242 0.4000000060
2214  23.434  -100.717  -0.819 0.4000000060
2216  20.492  -100.640  -0.791 0.4000000060
2228  29.538  -100.312  -1.649 0.5000000000
2230  27.448  -100.570  -1.585 0.3000000119
2235  21.323  -100.406  -1.108 0.5000000000
2244  39.069  -100.040  -2.656 0.3000000119
2245  38.471  -100.345  -2.042 0.3000000119
2250  27.998  -100.149  -2.242 0.4000000060
2260  39.535  -99.721  -3.321 0.3000000119
2284  38.608  -100.662  -5.225 0.3000000119
2299  38.959  -100.313  -5.909 0.3000000119
2301  36.287  -100.430  -6.391 0.3000000119
2357  33.758  -101.205  -9.430 0.4000000060
2358  33.002  -100.664  -9.780 0.3000000119
2371  31.100  -100.302  -11.090 0.3000000119
2402  28.842  -100.500  -13.767 0.4000000060
2417  28.769  -100.761  -14.558 0.4000000060
2456  17.006  -100.556  -17.805 0.6000000238
2468  21.554  -100.480  -18.102 0.6000000238
2469  16.737  -100.770  -18.481 0.6000000238
2470  16.414  -101.050  -18.532 0.6000000238
2480  20.366  -100.414  -20.354 0.6000000238
2490  25.722  -100.944  -20.547 0.6999999881
2501  25.064  -101.366  -22.670 0.5000000000
2503  22.514  -100.036  -23.594 0.6999999881
2505  23.065  -100.578  -24.475 0.6000000238
2507  20.968  -100.898  -24.197 0.6000000238
2508  20.373  -100.843  -23.769 0.6999999881
2509  24.574  -101.144  -25.056 0.6000000238
2510  23.628  -100.976  -25.090 0.4000000060
2512  23.831  -101.549  -25.229 0.4000000060
2513  22.974  -101.502  -25.194 0.4000000060
2686  25.973  -99.679  4.330 0.3000000119
2700  24.490  -99.428  3.453 0.3000000119
2715  23.335  -98.979  2.406 0.4000000060
2722  37.907  -99.425  2.143 0.4000000060
2723  33.313  -98.849  2.374 0.4000000060
2727  22.319  -99.646  1.551 0.4000000060
2733  38.447  -99.143  0.486 0.4000000060
2735  22.297  -99.113  0.143 0.3000000119
2736  21.717  -99.633  0.283 0.4000000060
2741  38.607  -98.956  -0.465 0.4000000060
2744  30.912  -99.754  -0.635 0.5000000000
2745  23.286  -98.570  -0.550 0.3000000119
2753  38.710  -99.290  -1.168 0.4000000060
2757  29.978  -99.648  -1.967 0.5000000000
2758  26.056  -99.844  -1.746 0.3000000119
2762  22.348  -99.701  -0.777 0.4000000060
2763  21.723  -99.932  -0.796 0.4000000060
2777  28.117  -99.553  -2.901 0.5000000000
2778  27.361  -99.557  -2.759 0.5000000000
2779  26.517  -99.520  -2.465 0.4000000060
2788  40.405  -98.575  -4.113 0.3000000119
2789  40.070  -99.277  -3.867 0.3000000119
2795  28.356  -99.048  -3.364 0.3000000119
2818  40.840  -98.952  -5.331 0.3000000119
2843  39.750  -99.845  -6.061 0.3000000119
2846  35.836  -99.298  -6.479 0.4000000060
2869  40.086  -99.537  -6.747 0.3000000119
2872  34.708  -99.556  -7.223 0.4000000060
2896  32.720  -99.064  -8.384 0.3000000119
2912  31.592  -99.360  -9.512 0.4000000060
2926  30.549  -99.524  -10.560 0.4000000060
2928  29.044  -99.023  -11.097 0.4000000060
2959  28.366  -99.535  -12.508 0.4000000060
2971  20.446  -99.217  -13.679 0.6999999881
2973  18.996  -98.760  -13.855 0.6999999881
2985  21.552  -99.541  -14.195 0.8000000119
2986  20.919  -99.678  -13.888 0.6999999881
3002  26.557  -99.482  -15.585 0.5000000000
3003  22.187  -99.819  -15.275 0.6999999881
3004  21.814  -100.116  -14.671 0.8000000119
3015  25.962  -99.169  -16.940 0.5000000000
3016  22.216  -99.901  -16.029 0.6999999881
3017  21.896  -99.844  -16.884 0.6999999881
3018  17.423  -99.454  -16.610 0.6000000238
3024  26.455  -99.968  -17.316 0.6000000238
3026  21.505  -99.759  -17.787 0.6000000238
3032  21.013  -99.573  -18.642 0.6000000238
3034  16.625  -100.551  -18.908 0.6000000238
3036  25.123  -99.664  -19.423 0.6999999881
3040  16.019  -100.717  -19.286 0.6000000238
3042  14.326  -100.388  -19.864 0.5000000000
3048  19.286  -99.605  -21.276 0.6000000238
3049  18.882  -99.634  -22.360 0.6999999881
3062  19.810  -99.981  -23.307 0.6999999881
3064  21.497  -99.951  -23.606 0.6000000238
3272  25.036  -98.657  3.138 0.3000000119
3278  37.433  -98.740  2.379 0.4000000060
3279  37.152  -99.114  3.090 0.4000000060
3280  35.102  -98.609  3.167 0.4000000060
3295  33.794  -98.146  1.891 0.5000000000
3298  23.296  -98.010  1.031 0.4000000060
3303  38.378  -98.693  0.500 0.4000000060
3306  31.943  -98.650  0.181 0.5000000000
3315  38.461  -98.594  -0.220 0.4000000060
3316  32.355  -97.872  -0.084 0.5000000000
3318  22.752  -98.675  -0.060 0.4000000060
3330  30.845  -98.514  -2.037 0.5000000000
3331  24.336  -98.214  -1.792 0.4000000060
3342  31.163  -97.808  -2.291 0.3000000119
3344  29.831  -98.620  -3.122 0.4000000060
3346  25.313  -98.036  -2.968 0.3000000119
3355  30.087  -97.981  -3.498 0.3000000119
3392  36.198  -98.704  -6.595 0.4000000060
3407  37.684  -98.744  -7.101 0.4000000060
3410  34.580  -98.687  -7.241 0.5000000000
3423  36.325  -97.980  -7.980 0.4000000060
3424  32.121  -98.144  -8.274 0.3000000119
3439  29.402  -98.018  -9.563 0.5000000000
3453  40.686  -98.279  -10.456 0.3000000119
3458  28.623  -98.465  -10.716 0.4000000060
3459  28.036  -98.058  -10.800 0.4000000060
3474  40.282  -98.396  -10.966 0.3000000119
3479  28.343  -98.709  -11.306 0.4000000060
3502  27.140  -98.835  -13.047 0.4000000060
3504  21.581  -98.186  -13.736 0.8999999762
3515  26.350  -98.422  -14.254 0.3000000119
3516  22.275  -98.478  -14.606 0.8000000119
3518  18.433  -98.906  -14.524 0.6999999881
3519  18.055  -98.232  -14.917 0.6999999881
3543  25.645  -98.338  -16.658 0.4000000060
3546  17.248  -98.392  -16.730 0.6000000238
3558  16.986  -98.351  -17.558 0.6000000238
3573  16.762  -99.692  -18.724 0.6000000238
3578  24.024  -98.304  -19.499 0.6999999881
3582  15.170  -100.030  -19.684 0.6000000238
3591  13.147  -99.257  -21.293 0.6000000238
3598  13.521  -98.542  -21.846 0.6000000238
3604  18.885  -98.745  -23.273 0.6999999881
3605  13.507  -98.043  -22.522 0.6000000238
3871  37.739  -98.350  1.434 0.4000000060
3888  34.901  -97.080  1.156 0.5000000000
3895  23.786  -97.667  0.299 0.4000000060
3905  38.370  -98.166  -0.695 0.4000000060
3907  37.116  -97.113  -0.031 0.4000000060
3909  32.692  -97.069  -0.299 0.4000000060
3927  38.027  -97.537  -1.221 0.4000000060
3931  24.979  -97.514  -1.991 0.3000000119
3932  24.434  -97.864  -1.784 0.4000000060
3933  24.340  -97.653  -1.215 0.4000000060
3940  39.485  -98.424  -2.978 0.3000000119
3941  39.001  -97.943  -2.597 0.3000000119
3946  25.422  -97.690  -2.694 0.3000000119
3953  38.180  -97.381  -2.956 0.3000000119
3981  38.424  -97.186  -5.278 0.3000000119
4003  34.994  -97.891  -7.704 0.5000000000
4005  33.405  -97.782  -7.919 0.5000000000
4016  31.728  -97.405  -8.428 0.4000000060
4031  35.278  -97.633  -8.868 0.3000000119
4034  30.436  -97.472  -8.759 0.4000000060
4061  28.363  -97.099  -9.987 0.4000000060
4099  26.671  -97.411  -12.492 0.4000000060
4110  21.086  -97.644  -13.450 0.8999999762
4111  19.790  -97.055  -13.352 0.8999999762
4122  22.220  -97.867  -14.197 0.8000000119
4138  17.318  -97.523  -16.129 0.6000000238
4160  24.849  -96.985  -17.577 0.6000000238
4161  21.513  -97.304  -17.484 0.6000000238
4176  24.463  -97.114  -18.238 0.6000000238
4191  15.903  -97.997  -18.937 0.6000000238
4210  20.724  -98.144  -22.790 0.8000000119
4211  18.789  -98.087  -23.125 0.6999999881
4215  19.165  -98.205  -23.500 0.6999999881
4218  13.416  -97.705  -22.969 0.6000000238
4219  12.941  -97.593  -23.074 0.6000000238
4221  19.692  -97.473  -23.775 0.6999999881
4223  13.518  -97.228  -23.393 0.6000000238
4530  32.961  -96.131  -0.428 0.3000000119
4539  36.472  -96.243  -1.165 0.3000000119
4547  37.501  -96.909  -1.815 0.3000000119
4549  36.203  -95.949  -2.386 0.3000000119
4557  37.305  -96.904  -3.211 0.3000000119
4571  35.170  -96.376  -4.683 0.3000000119
4581  40.896  -97.243  -5.983 0.3000000119
4583  38.852  -96.897  -5.904 0.3000000119
4595  40.391  -96.796  -6.555 0.3000000119
4609  39.884  -96.332  -7.207 0.3000000119
4621  40.865  -96.825  -8.207 0.3000000119
4623  32.304  -97.030  -8.678 0.4000000060
4625  30.773  -96.657  -8.985 0.4000000060
4645  32.065  -96.632  -9.282 0.3000000119
4648  29.463  -96.760  -9.293 0.4000000060
4649  28.808  -96.764  -9.679 0.4000000060
4659  40.850  -97.540  -9.791 0.3000000119
4667  29.163  -96.206  -9.914 0.4000000060
4687  27.257  -96.723  -11.312 0.4000000060
4688  26.836  -96.899  -11.982 0.4000000060
4707  26.606  -96.653  -12.563 0.4000000060
4720  21.271  -96.864  -13.403 0.8999999762
4729  26.141  -96.098  -14.116 0.5000000000
4731  22.480  -96.329  -14.336 0.6999999881
4732  18.329  -96.681  -14.231 0.6999999881
4756  25.414  -96.468  -16.301 0.6000000238
4771  21.720  -96.823  -17.154 0.6000000238
4772  16.866  -96.783  -17.104 0.6000000238
4773  16.654  -96.275  -17.486 0.6000000238
4785  24.239  -96.190  -18.420 0.6000000238
4786  23.921  -95.769  -19.000 0.6000000238
4788  15.811  -96.110  -19.175 0.6000000238
4798  23.533  -95.955  -19.481 0.6999999881
4799  15.804  -96.973  -19.036 0.5000000000
4810  23.118  -96.295  -20.138 0.6999999881
4811  22.528  -96.688  -20.927 0.6999999881
4812  19.788  -96.317  -21.567 0.6000000238
4830  19.205  -97.100  -22.536 0.6000000238
4831  14.761  -97.030  -22.008 0.6000000238
4842  21.627  -96.749  -22.873 0.6000000238
4861  20.120  -96.767  -24.183 0.6999999881
4862  14.930  -96.426  -23.651 0.5000000000
4864  12.935  -96.926  -23.340 0.6000000238
4875  14.742  -96.297  -24.063 0.6000000238
4886  22.364  -96.347  -25.359 0.6000000238
5245  35.120  -95.588  -0.725 0.3000000119
5246  34.298  -95.314  -0.632 0.3000000119
5248  33.064  -95.348  -0.719 0.3000000119
5258  33.228  -94.767  -1.140 0.3000000119
5266  34.565  -94.815  -1.950 0.3000000119
5273  34.688  -95.062  -3.265 0.3000000119
5274  33.987  -94.496  -3.531 0.3000000119
5376  29.204  -95.724  -10.682 0.3000000119
5377  28.567  -95.960  -10.484 0.3000000119
5394  27.790  -95.599  -11.596 0.3000000119
5395  27.382  -96.062  -11.544 0.5000000000
5411  26.778  -95.898  -12.678 0.5000000000
5420  27.194  -95.271  -12.843 0.4000000060
5424  20.968  -95.543  -13.127 0.6999999881
5425  20.042  -95.590  -13.065 0.6999999881
5434  26.297  -95.238  -14.424 0.4000000060
5436  22.584  -95.560  -14.477 0.6000000238
5437  18.535  -95.338  -13.867 0.8000000119
5460  22.042  -95.533  -16.748 0.5000000000
5479  21.691  -95.257  -17.657 0.5000000000
5519  23.991  -95.136  -19.459 0.4000000060
5522  15.737  -95.311  -19.414 0.6000000238
5540  15.525  -95.166  -20.244 0.6000000238
5566  24.046  -95.636  -22.755 0.4000000060
5587  21.160  -95.240  -23.864 0.6000000238
5588  20.531  -95.962  -24.193 0.6000000238
5589  15.157  -95.780  -24.279 0.6000000238
5591  13.080  -96.170  -23.287 0.6000000238
5601  22.677  -95.857  -25.667 0.4000000060
5602  21.687  -96.058  -25.273 0.6000000238
5604  13.903  -95.773  -24.339 0.6000000238
6112  20.777  -94.106  -12.763 0.6000000238
6128  19.642  -94.894  -13.042 0.6999999881
6129  18.918  -94.763  -13.400 0.6999999881
6140  26.537  -94.566  -14.805 0.4000000060
6141  22.568  -94.881  -14.280 0.6000000238
6186  16.491  -94.873  -17.499 0.6000000238
6231  20.760  -94.955  -20.729 0.5000000000
6248  15.398  -94.739  -22.044 0.6000000238
6260  20.369  -95.486  -22.533 0.6000000238
6261  15.491  -95.004  -23.150 0.6000000238
6289  21.609  -95.512  -24.662 0.6000000238
6290  15.446  -94.913  -24.866 0.5000000000
6292  13.998  -94.408  -24.760 0.5000000000
6818  20.978  -93.343  -12.741 0.6000000238
6821  18.864  -93.047  -12.910 0.6000000238
6833  21.636  -93.218  -13.192 0.6000000238
6835  18.726  -93.920  -13.363 0.6999999881
6872  21.807  -92.960  -16.248 0.6000000238
6892  21.979  -93.888  -16.444 0.6000000238
6895  16.684  -93.678  -16.813 0.5000000000
6985  15.925  -93.548  -25.492 0.5000000000
6986  15.364  -94.059  -25.401 0.5000000000
7004  14.995  -93.411  -25.562 0.5000000000
7577  19.391  -92.410  -12.587 0.5000000000
7593  21.898  -91.903  -14.023 0.6000000238
7595  18.415  -92.504  -13.440 0.6000000238
7610  18.042  -92.878  -14.096 0.6000000238
7625  17.421  -92.043  -15.421 0.8000000119
7639  21.781  -91.666  -15.945 0.5000000000
7641  16.776  -92.748  -16.802 0.6000000238
7660  16.614  -92.463  -17.724 0.6000000238
7674  16.422  -92.560  -18.604 0.6000000238
7747  17.035  -92.242  -23.827 0.5000000000
7748  16.761  -92.877  -24.921 0.6999999881
7783  16.203  -92.938  -25.753 0.5000000000
7785  15.064  -92.690  -25.658 0.5000000000
8424  19.799  -91.852  -12.465 0.5000000000
8440  22.127  -91.067  -14.235 0.5000000000
8442  18.558  -91.613  -13.303 0.6000000238
8455  22.294  -91.052  -15.003 0.5000000000
8456  17.844  -91.626  -14.730 0.5000000000
8497  16.972  -91.607  -17.802 0.6999999881
8508  17.044  -91.271  -18.649 0.5000000000
8532  17.200  -91.196  -20.897 0.6000000238
8543  17.009  -91.658  -21.718 0.6000000238
8559  16.694  -92.237  -22.637 0.6000000238
8591  19.020  -91.888  -26.342 0.6999999881
8593  14.593  -91.991  -25.368 0.5000000000
8613  19.347  -91.490  -26.796 0.6000000238
8614  18.502  -91.781  -26.919 0.6999999881
8616  16.474  -92.270  -26.188 0.6000000238
8617  15.647  -91.999  -25.959 0.6000000238
8619  14.429  -91.230  -25.423 0.5000000000
8626  19.047  -91.319  -27.017 0.6000000238
9337  17.389  -90.783  -17.935 0.5000000000
9431  19.645  -91.582  -25.847 0.6999999881
9434  15.227  -90.825  -25.525 0.6000000238
9454  19.969  -91.196  -26.667 0.6000000238
9456  17.752  -91.442  -26.990 0.6000000238
9457  16.865  -91.620  -26.562 0.6000000238
9468  19.574  -91.138  -26.944 0.5000000000
10234  18.491  -89.431  -15.233 0.5000000000
10250  17.799  -90.113  -17.718 0.5000000000
10266  18.257  -89.384  -18.924 0.5000000000
10290  18.268  -89.457  -19.898 0.6000000238
10315  18.517  -89.416  -20.832 0.6999999881
10316  17.719  -90.222  -19.970 0.6999999881
10348  19.925  -89.822  -23.390 0.6000000238
10365  20.725  -89.865  -24.213 0.6000000238
10367  17.045  -89.207  -24.264 0.5000000000
10385  22.529  -89.651  -26.193 0.6000000238
10390  15.671  -90.105  -25.014 0.5000000000
10408  21.041  -90.383  -26.469 0.5000000000
10411  18.052  -90.603  -26.728 0.5000000000
11363  19.516  -88.365  -19.743 0.5000000000
11434  17.345  -88.127  -23.806 0.5000000000
11452  25.479  -88.334  -26.118 0.5000000000
11453  24.825  -88.786  -25.973 0.6999999881
11455  23.186  -89.469  -25.737 0.6000000238
11457  19.826  -88.700  -25.905 0.5000000000
11472  25.336  -88.173  -26.378 0.6000000238
11474  24.309  -88.982  -26.433 0.6999999881
11477  21.334  -89.662  -26.450 0.6000000238
11479  19.528  -89.706  -26.442 0.5000000000
11482  24.910  -88.414  -26.455 0.6999999881
11483  24.556  -88.618  -26.462 0.6999999881
11484  24.019  -89.017  -26.596 0.6000000238
12407  20.485  -87.515  -16.769 0.6000000238
12430  22.126  -86.887  -17.207 0.5000000000
12431  20.890  -87.453  -17.509 0.6000000238
12432  20.159  -87.808  -17.679 0.6000000238
12459  22.609  -87.152  -18.560 0.6000000238
12474  21.940  -87.646  -19.784 0.6000000238
12475  20.753  -87.865  -19.518 0.6000000238
12476  20.117  -87.998  -19.293 0.6000000238
12488  24.238  -87.306  -20.806 0.5000000000
12490  22.586  -87.804  -20.970 0.6000000238
12508  23.526  -87.642  -21.386 0.6999999881
12543  25.983  -87.713  -24.554 0.5000000000
12559  26.189  -87.854  -25.675 0.5000000000
12568  24.456  -87.880  -26.414 0.6000000238
12571  21.244  -88.416  -25.923 0.5000000000
13415  22.223  -86.080  -14.628 0.5000000000
13430  21.519  -86.647  -15.750 0.5000000000
13449  23.654  -86.403  -16.861 0.5000000000
13452  21.039  -86.979  -16.200 0.5000000000
13476  24.499  -86.206  -17.174 0.5000000000
13478  22.977  -86.711  -17.422 0.5000000000
13479  16.843  -86.434  -17.249 0.5000000000
13496  25.189  -85.938  -17.558 0.5000000000
13497  23.948  -86.752  -18.458 0.5000000000
13498  23.156  -86.873  -18.171 0.5000000000
13523  24.867  -86.890  -20.292 0.5000000000
13536  25.059  -87.059  -21.132 0.5000000000
13578  22.913  -86.295  -25.139 0.6000000238
13580  21.068  -86.371  -24.702 0.6000000238
13581  19.680  -86.791  -24.729 0.6000000238
13583  27.175  -86.533  -25.873 0.5000000000
13584  25.891  -87.487  -26.287 0.5000000000
13585  25.104  -87.316  -26.296 0.6000000238
13587  21.560  -87.285  -25.367 0.6000000238
14462  13.035  -85.690  -13.580 0.6000000238
14477  16.922  -85.137  -14.534 0.6000000238
14478  16.175  -85.277  -14.597 0.6000000238
14501  16.803  -85.848  -15.103 0.6000000238
14504  13.977  -85.562  -15.547 0.5000000000
14524  17.542  -85.537  -15.628 0.5000000000
14526  15.251  -86.437  -15.819 0.5000000000
14540  17.631  -85.444  -17.479 0.5000000000
14550  16.633  -85.799  -18.951 0.5000000000
14559  20.333  -85.069  -19.546 0.6000000238
14561  17.742  -85.444  -19.763 0.5000000000
14577  20.304  -85.397  -20.479 0.6000000238
14578  19.270  -85.525  -20.599 0.5000000000
14592  24.346  -84.919  -21.913 0.6000000238
14594  22.556  -85.339  -21.429 0.6999999881
14595  21.541  -85.496  -21.511 0.6000000238
14599  17.751  -85.624  -21.601 0.5000000000
14616  24.524  -85.333  -22.875 0.5000000000
14621  19.298  -85.682  -22.543 0.5000000000
14636  22.581  -85.644  -23.745 0.6000000238
14637  21.844  -85.650  -23.787 0.6000000238
14639  19.655  -85.798  -23.522 0.6000000238
14640  18.688  -85.799  -23.458 0.5000000000
14644  25.741  -84.953  -24.827 0.5000000000
14648  21.180  -85.833  -24.124 0.6000000238
15560  13.573  -85.106  -13.322 0.6000000238
15577  17.413  -84.414  -14.509 0.6000000238
15579  14.946  -84.534  -14.408 0.5000000000
15580  14.410  -84.721  -14.249 0.6000000238
15599  18.476  -84.048  -15.182 0.6000000238
15600  17.964  -84.700  -14.965 0.6000000238
15601  15.241  -85.238  -14.805 0.5000000000
15602  14.510  -85.214  -14.882 0.6000000238
15624  20.387  -83.895  -17.588 0.6999999881
15625  19.540  -84.203  -17.278 0.6999999881
15639  21.472  -83.904  -18.587 0.6999999881
15656  22.558  -84.225  -19.840 0.6999999881
15658  20.269  -84.752  -18.875 0.6000000238
15673  23.758  -83.886  -20.676 0.6999999881
15688  22.932  -84.667  -20.576 0.6999999881
15700  25.424  -84.744  -23.211 0.5000000000
15703  25.627  -84.546  -23.921 0.5000000000
16637  14.012  -84.117  -13.414 0.6000000238
16648  18.439  -83.285  -14.679 0.6000000238
16649  17.759  -83.429  -14.413 0.6000000238
16650  16.502  -83.431  -14.344 0.6000000238
16653  14.335  -83.898  -13.769 0.6000000238
16663  19.423  -82.709  -15.388 0.6999999881
16695  20.767  -83.066  -17.204 0.6999999881
16710  22.276  -82.826  -18.788 0.6999999881
16723  22.610  -83.431  -19.393 0.6999999881
16724  22.047  -83.508  -18.839 0.6999999881
16736  23.209  -82.916  -19.948 0.6000000238
16779  25.860  -83.800  -24.268 0.5000000000
16780  25.401  -83.281  -23.920 0.5000000000
16788  26.913  -83.608  -24.749 0.5000000000
17699  12.985  -81.953  -13.110 0.6999999881
17712  11.425  -81.780  -14.181 0.6000000238
17720  18.916  -81.963  -14.785 0.5000000000
17723  16.113  -82.714  -14.472 0.6000000238
17724  15.310  -82.629  -14.449 0.6000000238
17726  13.886  -82.696  -13.666 0.6000000238
17748  18.978  -82.598  -14.845 0.5000000000
17750  13.028  -81.950  -14.630 0.8000000119
17770  20.285  -82.099  -16.426 0.6999999881
17771  19.855  -82.407  -15.851 0.6999999881
17773  11.400  -82.313  -16.381 0.6000000238
17774  10.434  -82.541  -16.500 0.6999999881
17775  9.473  -82.651  -16.648 0.6999999881
17776  8.617  -82.555  -16.756 0.6999999881
17789  20.770  -82.339  -17.117 0.6999999881
17804  21.757  -82.407  -18.322 0.6999999881
17805  12.769  -82.925  -19.957 0.6999999881
17806  12.013  -82.753  -19.036 0.6999999881
17807  10.939  -83.226  -19.616 0.6999999881
17809  9.518  -83.006  -19.468 0.6000000238
17820  13.436  -82.815  -20.649 0.6999999881
17822  10.928  -83.276  -20.716 0.6999999881
17823  10.501  -83.054  -20.843 0.6999999881
17824  9.894  -83.015  -20.226 0.6000000238
17833  13.231  -82.776  -21.077 0.6999999881
17834  12.322  -83.019  -21.145 0.6000000238
17836  10.861  -83.167  -21.082 0.6999999881
17850  24.430  -82.270  -22.902 0.6999999881
17851  23.902  -81.953  -22.465 0.6000000238
18762  13.806  -81.426  -11.321 0.4000000060
18775  12.711  -81.043  -12.848 0.5000000000
18784  10.191  -80.989  -13.952 0.5000000000
18785  9.127  -80.784  -14.086 0.6000000238
18798  18.315  -81.742  -14.694 0.6000000238
18799  17.579  -81.796  -14.546 0.6000000238
18802  14.767  -82.138  -14.699 0.6999999881
18803  10.497  -81.687  -14.403 0.6000000238
18804  8.816  -81.876  -15.192 0.6000000238
18818  19.242  -81.807  -15.332 0.5000000000
18819  18.679  -81.594  -15.212 0.6000000238
18821  16.978  -81.305  -15.174 0.6000000238
18823  15.076  -81.633  -15.314 0.6000000238
18826  8.208  -82.191  -16.081 0.8000000119
18827  7.362  -81.663  -16.220 0.6000000238
18835  19.957  -81.686  -16.543 0.6999999881
18838  14.569  -81.420  -16.169 0.6999999881
18841  7.965  -82.193  -16.779 0.6999999881
18848  21.255  -82.058  -17.728 0.6999999881
18850  19.995  -81.479  -17.484 0.8000000119
18853  8.541  -82.208  -17.945 0.5000000000
18854  8.055  -81.976  -17.308 0.5000000000
18855  7.892  -81.229  -17.160 0.6000000238
18861  20.780  -81.582  -18.212 0.8000000119
18863  18.638  -81.638  -19.329 0.6999999881
18864  17.751  -81.926  -19.902 0.6999999881
18867  14.456  -82.407  -20.232 0.8000000119
18879  17.442  -82.222  -21.007 0.6999999881
18880  16.696  -82.159  -20.818 0.6999999881
18881  15.271  -82.287  -20.989 0.6999999881
18882  12.233  -82.493  -21.137 0.6000000238
18893  22.541  -81.753  -20.829 0.8000000119
18894  21.553  -81.528  -21.212 0.8000000119
18899  15.970  -81.961  -21.241 0.6999999881
18901  13.916  -82.333  -21.173 0.6999999881
18913  20.992  -81.330  -22.026 0.6999999881
18914  20.019  -81.511  -21.968 0.6999999881
18915  19.119  -81.639  -21.894 0.6999999881
18916  18.327  -81.725  -21.813 0.6000000238
18924  22.549  -81.157  -22.202 0.6000000238
18925  21.680  -81.110  -22.190 0.6000000238
19816  13.554  -80.897  -10.884 0.4000000060
19837  13.090  -80.319  -11.362 0.4000000060
19855  13.097  -80.507  -12.111 0.4000000060
19869  11.783  -80.658  -13.178 0.5000000000
19870  10.837  -80.363  -13.342 0.5000000000
19871  8.010  -80.492  -14.010 0.6000000238
19884  6.217  -80.616  -15.251 0.6999999881
19885  5.661  -79.813  -15.363 0.6999999881
19893  6.625  -80.948  -15.937 0.6999999881
19901  7.660  -80.409  -16.835 0.5000000000
19903  6.576  -80.453  -16.030 0.6999999881
19911  9.388  -80.996  -18.124 0.6000000238
19912  8.584  -81.316  -17.724 0.5000000000
19922  9.675  -81.632  -19.017 0.6000000238
19931  12.360  -81.480  -20.526 0.6000000238
19932  10.771  -81.783  -20.018 0.6000000238
19933  9.964  -82.337  -19.936 0.6000000238
19938  18.150  -81.253  -21.912 0.6000000238
19940  16.378  -81.518  -21.433 0.6999999881
19941  14.512  -81.949  -21.281 0.5000000000
19943  12.972  -81.885  -21.063 0.6000000238
19951  18.804  -81.311  -22.059 0.6000000238
19960  22.809  -80.789  -22.446 0.6000000238
20832  3.955  -79.517  -10.593 0.5000000000
20845  12.445  -79.875  -11.939 0.5000000000
20846  11.606  -79.670  -11.654 0.5000000000
20847  10.727  -79.497  -12.074 0.5000000000
20848  8.859  -79.739  -12.018 0.4000000060
20852  4.784  -79.495  -11.780 0.6000000238
20866  10.431  -79.729  -12.859 0.5000000000
20889  5.618  -79.724  -13.975 0.6000000238
20915  10.844  -79.448  -15.763 0.3000000119
20918  6.262  -79.722  -15.782 0.6000000238
20926  11.486  -79.730  -16.382 0.3000000119
20929  8.421  -79.972  -16.907 0.4000000060
20930  7.017  -80.122  -16.277 0.6000000238
20938  9.917  -80.296  -17.424 0.4000000060
20956  15.435  -80.511  -20.541 0.6000000238
20957  14.140  -80.178  -19.759 0.4000000060
20963  18.140  -80.366  -21.388 0.6000000238
20964  17.537  -80.202  -21.017 0.5000000000
20974  21.026  -80.376  -22.153 0.6000000238
20975  20.104  -80.486  -21.982 0.5000000000
20976  19.283  -80.550  -21.876 0.6999999881
20985  22.368  -80.353  -22.326 0.6000000238
20986  21.671  -80.630  -22.304 0.6000000238
21867  9.767  -78.226  -7.165 0.3000000119
21868  9.063  -78.274  -7.283 0.3000000119
21873  9.350  -78.385  -7.877 0.3000000119
21875  3.588  -78.833  -9.110 0.5000000000
21885  4.160  -78.873  -10.758 0.5000000000
21911  5.063  -78.529  -12.378 0.6000000238
21924  5.279  -78.554  -14.063 0.6000000238
21948  10.622  -78.329  -14.725 0.3000000119
21949  9.822  -77.884  -14.772 0.3000000119
21950  6.405  -78.195  -14.890 0.5000000000
21952  5.401  -78.631  -14.579 0.6000000238
21972  9.566  -78.603  -15.458 0.6000000238
21973  7.612  -78.576  -15.588 0.5000000000
21974  6.581  -78.797  -15.565 0.6000000238
22001  15.183  -78.451  -17.677 0.3000000119
22002  14.111  -78.839  -17.992 0.3000000119
22018  21.179  -77.955  -20.165 0.5000000000
22020  19.048  -78.814  -19.814 0.4000000060
22031  20.453  -78.694  -20.578 0.4000000060
22032  19.721  -78.808  -20.262 0.4000000060
22038  22.302  -78.789  -21.514 0.5000000000
22866  10.912  -77.393  -6.578 0.3000000119
22869  8.034  -77.431  -6.553 0.4000000060
22885  6.790  -77.834  -7.507 0.4000000060
22918  9.453  -77.725  -9.491 0.4000000060
22920  7.031  -78.200  -9.113 0.5000000000
22922  4.526  -78.407  -9.262 0.5000000000
22944  7.074  -77.379  -10.388 0.5000000000
22969  5.152  -77.779  -11.469 0.6000000238
23015  5.602  -78.045  -14.039 0.5000000000
23040  11.055  -77.562  -14.160 0.3000000119
23041  10.228  -77.049  -14.128 0.3000000119
23065  8.967  -77.771  -14.874 0.5000000000
23115  21.762  -77.595  -19.446 0.4000000060
23116  20.935  -77.844  -19.272 0.4000000060
23987  9.405  -76.615  -5.714 0.3000000119
24051  8.519  -76.657  -11.194 0.4000000060
24054  5.822  -77.342  -11.454 0.5000000000
24072  10.190  -76.110  -11.599 0.3000000119
24073  8.861  -76.241  -11.784 0.4000000060
24075  7.428  -76.519  -12.094 0.4000000060
24076  6.166  -77.137  -12.053 0.5000000000
24106  10.326  -76.043  -13.609 0.4000000060
24107  9.593  -75.977  -13.486 0.4000000060
24108  8.247  -76.055  -13.212 0.5000000000
24149  15.954  -76.961  -16.401 0.3000000119
25010  8.794  -75.717  -5.575 0.3000000119
25078  10.492  -75.481  -12.269 0.3000000119
25080  8.751  -75.958  -12.380 0.4000000060
25081  8.018  -76.132  -12.507 0.4000000060
25114  9.958  -75.573  -13.155 0.3000000119
137134  20.146  -78.137  -18.911 0.4000000060
137155  26.211  -96.834  -13.769 0.4000000060
137165  11.679  -81.117  -19.801 0.6000000238
138172  15.386  -95.001  -21.095 0.5000000000
138338  21.169  -81.565  -19.110 0.8000000119
138482  13.746  -84.321  -12.678 0.5000000000
138805  27.013  -101.003  5.873 0.3000000119
138904  12.932  -75.396  -13.369 0.3000000119
138916  22.478  -97.179  -14.681 0.6999999881
139025  14.957  -81.786  -18.838 0.8000000119
139049  10.217  -83.106  -18.666 0.6999999881
139160  17.666  -85.504  -16.611 0.5000000000
139414  28.486  -95.278  -11.933 0.3000000119
139633  23.800  -97.554  -19.245 0.6999999881
139701  12.442  -77.698  -7.702 0.3000000119
139929  38.002  -101.012  -3.165 0.3000000119
140123  19.656  -89.243  -22.186 0.6000000238
140185  21.493  -101.812  -1.616 0.4000000060
140370  18.803  -78.443  -18.062 0.4000000060
140473  23.749  -87.820  -22.483 0.6000000238
140653  18.245  -91.206  -14.057 0.5000000000
140860  9.603  -81.545  -14.537 0.6000000238
140993  17.103  -83.693  -14.326 0.6000000238
141217  11.494  -75.269  -11.949 0.3000000119
141441  20.981  -84.579  -19.079 0.6999999881
141675  21.406  -87.624  -19.204 0.6000000238
141797  26.710  -86.551  -26.099 0.5000000000
141803  23.739  -83.048  -20.635 0.6000000238
141894  5.190  -79.082  -13.730 0.5000000000
142319  16.022  -93.971  -18.474 0.6000000238
142415  25.974  -85.803  -25.697 0.5000000000
142640  11.887  -80.390  -18.928 0.3000000119
142695  41.200  -97.873  -9.598 0.3000000119
142852  21.651  -101.985  -15.812 0.6000000238
143072  39.004  -99.057  -1.904 0.4000000060
143094  21.869  -85.624  -22.343 0.5000000000
143139  27.324  -99.734  -14.338 0.4000000060
143553  19.474  -88.261  -18.124 0.6000000238
143942  21.729  -81.690  -19.296 0.8000000119
143998  24.462  -100.898  -23.275 0.5000000000
144226  5.250  -78.513  -13.213 0.5000000000
144303  21.671  -99.062  -17.212 0.6999999881
144320  16.994  -80.049  -20.638 0.5000000000
144326  22.290  -98.165  -15.767 0.6999999881
144380  21.384  -85.655  -23.279 0.6000000238
144786  7.102  -80.880  -14.732 0.6999999881
144906  22.478  -94.005  -14.015 0.6000000238
144989  22.758  -96.608  -24.549 0.4000000060
145036  18.547  -89.167  -17.085 0.6000000238
145160  18.800  -84.427  -16.788 0.6000000238
145249  22.616  -87.571  -20.061 0.6000000238
145330  23.644  -102.075  -23.793 0.5000000000
145408  17.961  -86.771  -24.149 0.5000000000
145785  27.825  -100.785  -16.574 0.4000000060
145946  16.529  -81.112  -17.209 0.8000000119
145947  17.352  -81.326  -17.700 0.8000000119
146071  20.971  -101.324  -14.508 0.6999999881
146097  24.326  -87.060  -26.107 0.6000000238
146137  17.169  -85.774  -18.043 0.5000000000
146212  23.603  -88.805  -24.735 0.6999999881
146442  23.807  -99.671  -0.782 0.4000000060
146504  37.795  -97.919  0.501 0.5000000000
147121  24.266  -84.205  -21.357 0.6000000238
147444  36.520  -102.270  -4.911 0.3000000119
147582  7.404  -76.480  -13.206 0.5000000000
147787  14.290  -81.171  -20.771 0.4000000060
148006  19.748  -100.172  -21.035 0.6000000238
148165  8.643  -78.430  -15.500 0.5000000000
148428  22.982  -85.747  -24.331 0.6000000238
148479  6.493  -75.068  -7.359 0.4000000060
148643  25.541  -99.377  -18.224 0.5000000000
148849  7.995  -78.247  -8.814 0.4000000060
148899  20.008  -88.599  -21.412 0.5000000000
149036  25.425  -86.476  -19.787 0.5000000000
149057  17.590  -90.875  -15.989 0.6000000238
149972  5.983  -77.457  -13.410 0.4000000060
149981  37.559  -100.645  0.317 0.3000000119
150253  24.501  -96.313  -25.357 0.4000000060
150306  14.580  -82.277  -21.156 0.6999999881
150335  5.912  -75.003  -7.731 0.4000000060
150530  6.101  -77.467  -10.652 0.5000000000
150618  15.438  -81.221  -16.141 0.6000000238
150750  20.816  -100.903  1.491 0.4000000060
150802  8.888  -76.392  -13.753 0.5000000000
150819  12.738  -82.087  -14.100 0.8000000119
150907  26.603  -98.378  -3.497 0.3000000119
151664  19.211  -104.969  5.413 0.3000000119
151706  22.107  -100.302  -1.181 0.5000000000
152044  33.995  -97.328  -8.652 0.4000000060
152165  33.890  -97.583  -8.174 0.4000000060
152442  34.977  -98.226  -7.340 0.4000000060
152743  17.077  -92.460  -16.076 0.6000000238
152892  14.542  -78.501  -17.491 0.3000000119
152896  18.348  -81.278  -15.823 0.6999999881
152971  17.855  -96.878  -14.901 0.6999999881
153060  19.619  -93.071  -12.588 0.6000000238
153125  23.515  -102.094  3.618 0.4000000060
153241  18.285  -95.892  -14.280 0.6999999881
153252  16.934  -91.448  -20.265 0.6000000238
153275  23.359  -81.612  -22.117 0.6999999881
153476  21.356  -96.157  -13.328 0.6999999881
153514  15.622  -77.539  -16.604 0.3000000119
153602  14.249  -95.276  -24.789 0.6000000238
153781  18.076  -85.310  -19.041 0.5000000000
153784  22.987  -85.670  -23.016 0.6000000238
153983  22.805  -89.318  -26.371 0.6999999881
154092  23.968  -88.454  -26.470 0.6000000238
154331  15.477  -94.272  -21.149 0.5000000000
154557  21.411  -90.434  -26.217 0.5000000000
154656  15.678  -94.485  -23.655 0.5000000000
154722  9.070  -82.711  -18.750 0.6999999881
155140  16.070  -92.983  -21.139 0.6000000238
155258  17.124  -81.801  -19.340 0.8000000119
155741  20.934  -90.593  -25.502 0.5000000000
155768  20.128  -91.340  -26.298 0.6000000238
155909  37.327  -101.228  -2.881 0.3000000119
156134  10.670  -75.449  -13.238 0.3000000119
156144  22.370  -88.434  -23.029 0.6000000238
156258  17.800  -81.715  -21.756 0.6999999881
156425  21.076  -81.570  -20.300 0.8000000119
156706  14.114  -79.361  -18.725 0.3000000119
156711  23.593  -102.689  -22.473 0.5000000000
156961  21.213  -96.833  -24.639 0.6000000238
157660  17.244  -95.331  -15.871 0.6000000238
157943  37.625  -99.429  -6.484 0.3000000119
157946  34.900  -95.044  -2.615 0.3000000119
158044  24.571  -85.447  -23.837 0.5000000000
158140  14.101  -81.475  -16.997 0.8000000119
158328  15.779  -94.000  -19.144 0.6000000238
158769  10.789  -82.652  -17.406 0.6999999881
158782  11.721  -83.254  -21.045 0.6999999881
158810  38.904  -98.741  -1.813 0.3000000119
159058  6.616  -76.879  -13.038 0.4000000060
159233  20.927  -101.977  -14.833 0.6999999881
159255  14.571  -95.850  -24.451 0.6000000238
159439  24.728  -86.596  -18.788 0.5000000000
159708  24.749  -86.750  -19.534 0.5000000000
159835  41.252  -97.473  -8.864 0.3000000119
160126  23.480  -83.389  -20.305 0.8000000119
160191  19.348  -97.487  -21.186 0.8000000119
160324  9.623  -77.361  -6.109 0.4000000060
160566  28.027  -97.450  -10.447 0.4000000060
160932  7.920  -76.065  -12.878 0.4000000060
161066  18.603  -97.396  -13.955 0.6999999881
161108  35.483  -95.521  -1.339 0.3000000119
161434  24.403  -102.325  4.458 0.3000000119
161482  40.127  -98.324  -3.759 0.3000000119
161497  5.169  -77.982  -12.048 0.6000000238
161739  19.916  -96.452  -20.802 0.6999999881
161811  38.162  -98.711  1.426 0.4000000060
162278  10.086  -78.417  -15.077 0.3000000119
162288  16.988  -92.193  -16.541 0.6999999881
162484  17.801  -85.121  -15.308 0.6000000238
162546  24.589  -99.802  -20.679 0.6999999881
162661  18.542  -87.389  -24.727 0.5000000000
162762  30.956  -100.783  0.941 0.4000000060
163162  13.531  -81.865  -14.968 0.6000000238
163191  19.424  -83.863  -16.553 0.6999999881
163293  19.299  -103.738  2.470 0.5000000000
163307  23.329  -95.636  -22.416 0.5000000000
163373  20.692  -85.846  -23.974 0.6000000238
163612  9.661  -79.725  -13.019 0.5000000000
163655  17.556  -78.889  -18.986 0.4000000060
163724  16.365  -92.544  -19.342 0.6000000238
163847  17.295  -100.518  -16.332 0.5000000000
163888  10.022  -76.319  -5.748 0.3000000119
164336  41.015  -97.068  -6.529 0.3000000119
164598  31.852  -99.132  0.606 0.4000000060
164781  23.183  -85.011  -21.156 0.6999999881
164930  4.700  -78.171  -10.182 0.6000000238
165265  15.330  -77.492  -16.364 0.3000000119
165505  22.242  -101.737  2.931 0.5000000000
