#!ascii label  , from subject sub-v1s17x0050237_ses-1 vox2ras=TkReg
2007
38730  -30.018  -54.161  -19.154 0.5000000000
39861  -29.262  -53.512  -19.172 0.4000000060
39860  -28.320  -53.655  -19.250 0.6000000238
133368  -29.551  -52.880  -18.651 0.6000000238
40976  -30.465  -52.877  -18.120 0.6000000238
39850  -30.248  -53.531  -18.643 0.5000000000
40966  -31.368  -52.783  -17.559 0.6000000238
39849  -28.609  -52.971  -18.903 0.6999999881
39859  -27.703  -53.848  -19.049 0.6999999881
40965  -29.255  -51.761  -18.027 0.6999999881
142619  -29.783  -52.291  -18.151 0.6999999881
133130  -30.537  -52.253  -17.600 0.6999999881
42000  -31.413  -52.031  -16.931 0.5000000000
41987  -30.982  -51.205  -16.567 0.6999999881
39843  -32.056  -53.167  -17.652 0.5000000000
36596  -23.304  -55.359  -16.387 0.5000000000
40974  -28.081  -52.477  -18.500 0.6999999881
42008  -28.424  -51.803  -18.168 0.6999999881
160566  -29.907  -51.818  -17.744 0.6999999881
41998  -28.796  -51.229  -17.730 0.6999999881
138206  -29.599  -51.311  -17.527 0.6999999881
43034  -29.187  -50.665  -17.295 0.6999999881
43022  -31.569  -50.586  -16.037 0.6000000238
37613  -29.642  -55.543  -16.461 0.6999999881
39838  -28.853  -53.660  -16.706 0.6999999881
40973  -27.488  -52.683  -18.146 0.6999999881
40964  -27.391  -52.729  -17.560 0.6999999881
38704  -22.408  -54.037  -15.717 0.6000000238
36594  -21.662  -55.274  -16.620 0.4000000060
42007  -27.620  -51.952  -18.001 0.6999999881
41999  -30.396  -51.584  -17.234 0.6999999881
43021  -30.568  -50.443  -16.311 0.6999999881
43969  -29.798  -48.958  -15.727 0.6999999881
43007  -32.332  -50.077  -15.918 0.6000000238
142225  -29.896  -55.005  -14.903 0.6999999881
134548  -29.904  -54.843  -15.755 0.6999999881
38706  -29.786  -53.990  -16.003 0.6999999881
39829  -30.018  -53.509  -15.447 0.6999999881
38694  -23.641  -53.730  -14.709 0.6000000238
39827  -28.270  -52.841  -16.578 0.6999999881
41995  -26.652  -51.542  -17.088 0.6999999881
145660  -27.796  -53.232  -17.264 0.6999999881
39828  -29.398  -53.163  -16.077 0.6999999881
40947  -29.854  -52.760  -15.373 0.6999999881
37600  -21.415  -54.698  -15.514 0.5000000000
37609  -21.392  -54.762  -16.017 0.5000000000
43033  -28.256  -50.648  -17.426 0.6999999881
41997  -27.927  -51.286  -17.748 0.6999999881
41974  -28.344  -51.554  -15.577 0.6999999881
140095  -20.805  -55.482  -16.391 0.4000000060
43020  -29.642  -50.185  -16.680 0.6999999881
151224  -26.727  -51.075  -17.143 0.6999999881
40957  -26.796  -51.643  -16.637 0.6999999881
40945  -27.661  -52.081  -16.304 0.6999999881
36592  -19.436  -56.446  -16.317 0.4000000060
43018  -27.569  -50.132  -17.047 0.6999999881
41973  -27.173  -51.496  -16.038 0.6999999881
41961  -27.222  -50.941  -15.588 0.6999999881
43988  -30.192  -49.701  -16.039 0.6999999881
43019  -28.636  -50.018  -16.973 0.6999999881
43968  -26.166  -49.571  -15.840 0.6999999881
151078  -26.559  -50.527  -15.746 0.6999999881
43970  -30.860  -49.210  -15.450 0.6999999881
45010  -26.213  -49.260  -16.083 0.6999999881
44996  -31.760  -48.945  -15.394 0.6000000238
44994  -30.353  -48.348  -15.323 0.6999999881
136973  -29.397  -48.208  -15.558 0.6999999881
47904  -32.081  -45.456  -16.050 0.5000000000
155452  -32.286  -47.275  -15.843 0.5000000000
46114  -33.746  -47.413  -18.240 0.4000000060
46106  -33.298  -47.203  -17.381 0.5000000000
40933  -30.069  -52.288  -14.478 0.6999999881
37562  -23.854  -54.337  -13.772 0.6000000238
40963  -26.805  -51.962  -17.069 0.6999999881
38692  -22.398  -53.921  -15.264 0.5000000000
40932  -29.476  -52.025  -15.312 0.6999999881
45012  -27.838  -49.306  -16.590 0.6999999881
44000  -26.755  -50.485  -16.895 0.6999999881
43987  -29.187  -49.418  -16.412 0.6999999881
44991  -26.277  -48.337  -15.862 0.6999999881
147853  -30.608  -45.703  -15.355 0.6999999881
44995  -31.190  -48.420  -15.253 0.6999999881
46999  -30.819  -46.565  -15.248 0.6999999881
46088  -30.878  -47.549  -15.180 0.6999999881
47000  -31.454  -46.014  -15.590 0.6999999881
39785  -26.987  -53.831  -12.727 0.6999999881
39796  -27.630  -53.845  -12.688 0.6999999881
39797  -28.660  -53.772  -12.723 0.8000000119
38650  -25.823  -54.055  -13.170 0.6000000238
38652  -27.056  -54.105  -12.399 0.6000000238
151558  -27.384  -53.955  -12.418 0.6000000238
39786  -29.467  -53.046  -12.619 0.8000000119
37553  -26.029  -54.316  -12.738 0.6000000238
36552  -26.031  -55.590  -12.600 0.6000000238
140126  -30.017  -52.742  -13.609 0.6999999881
37563  -24.693  -54.347  -13.470 0.6000000238
37564  -25.424  -54.393  -13.071 0.6000000238
145857  -23.138  -54.952  -14.022 0.6000000238
36562  -24.416  -55.253  -13.415 0.6000000238
37580  -21.542  -54.805  -15.028 0.5000000000
36572  -22.340  -54.985  -14.496 0.6000000238
156483  -29.920  -51.540  -14.083 0.6999999881
42994  -28.288  -50.644  -14.879 0.6999999881
44993  -28.701  -48.681  -16.067 0.6999999881
45011  -26.732  -49.024  -16.323 0.6999999881
42993  -26.969  -50.245  -15.183 0.6999999881
47896  -29.673  -45.579  -15.358 0.8000000119
46087  -29.893  -47.634  -15.264 0.6999999881
44992  -27.408  -48.465  -16.151 0.6999999881
43956  -26.101  -49.126  -15.286 0.6999999881
47897  -30.172  -44.836  -15.386 0.8000000119
150397  -29.106  -47.611  -15.474 0.6999999881
46085  -27.128  -47.630  -15.830 0.6999999881
47008  -32.298  -46.415  -16.135 0.5000000000
47018  -33.545  -46.522  -17.882 0.5000000000
48937  -33.079  -44.966  -17.169 0.5000000000
47913  -33.953  -45.706  -18.360 0.4000000060
38638  -27.754  -54.212  -11.986 0.6000000238
39775  -28.000  -53.840  -12.283 0.6999999881
39776  -28.610  -53.729  -11.816 0.8000000119
153652  -28.719  -53.513  -12.152 0.8999999762
37554  -26.741  -54.816  -12.339 0.6000000238
132969  -29.236  -52.863  -11.933 0.8000000119
134838  -29.768  -52.150  -12.649 0.8000000119
36563  -25.126  -55.465  -13.059 0.6000000238
40917  -30.055  -52.023  -13.609 0.8000000119
36571  -21.557  -55.706  -14.754 0.6000000238
36561  -23.766  -55.794  -13.703 0.6000000238
35556  -24.687  -56.842  -13.356 0.6000000238
41948  -29.858  -51.198  -13.253 0.6999999881
36570  -20.779  -55.706  -15.093 0.5000000000
42981  -28.730  -50.012  -14.083 0.6999999881
42982  -29.397  -50.324  -13.411 0.6999999881
146520  -20.144  -56.330  -14.969 0.5000000000
35564  -20.847  -56.738  -14.679 0.5000000000
42980  -27.603  -49.821  -14.497 0.6999999881
134703  -29.076  -44.768  -15.457 0.8000000119
152475  -29.361  -47.139  -15.341 0.8000000119
46086  -28.360  -47.945  -15.751 0.6999999881
46084  -26.160  -47.388  -15.484 0.6999999881
44978  -25.833  -48.344  -14.963 0.6999999881
46997  -28.301  -47.102  -15.519 0.6999999881
47017  -32.992  -46.448  -17.051 0.5000000000
37555  -27.360  -54.716  -12.036 0.6999999881
37543  -28.021  -55.336  -11.547 0.6999999881
38639  -28.664  -54.769  -11.368 0.6999999881
39777  -29.298  -53.372  -11.493 0.8000000119
36554  -27.455  -55.815  -11.761 0.6999999881
38640  -29.414  -54.274  -11.039 0.8000000119
139607  -29.601  -52.804  -11.452 0.8000000119
40893  -29.680  -52.052  -11.681 0.8000000119
35545  -25.554  -56.932  -12.800 0.6000000238
41929  -29.702  -51.297  -12.263 0.6999999881
35566  -22.856  -56.257  -14.185 0.6000000238
35555  -23.717  -57.336  -13.785 0.6000000238
135885  -29.390  -49.867  -12.619 0.8000000119
42952  -29.678  -50.544  -12.000 0.6999999881
35565  -22.024  -56.758  -14.501 0.6000000238
43911  -29.350  -49.114  -12.196 0.8000000119
35563  -19.930  -57.104  -14.576 0.4000000060
43957  -26.587  -49.545  -14.881 0.6999999881
152406  -27.125  -49.209  -14.301 0.6999999881
43929  -28.670  -49.075  -12.968 0.6999999881
34575  -18.986  -58.056  -15.212 0.4000000060
44962  -27.234  -48.632  -13.790 0.6999999881
43942  -28.058  -49.297  -13.770 0.6999999881
138528  -29.193  -46.387  -15.368 0.8000000119
139183  -27.909  -46.177  -15.500 0.8000000119
43941  -26.376  -48.823  -14.579 0.6999999881
46083  -25.799  -47.142  -15.143 0.6999999881
48917  -30.698  -44.102  -15.373 0.8000000119
47898  -31.266  -44.973  -15.580 0.6999999881
48918  -31.612  -44.069  -15.540 0.5000000000
48928  -33.422  -44.145  -17.451 0.5000000000
47905  -32.701  -45.677  -16.751 0.5000000000
37535  -28.541  -55.694  -10.683 0.6000000238
38627  -29.192  -55.109  -10.643 0.6999999881
39765  -29.969  -53.495  -10.856 0.8000000119
40894  -30.117  -52.539  -10.964 0.8000000119
36553  -26.924  -56.512  -11.940 0.6999999881
35546  -26.205  -57.167  -12.238 0.6999999881
157667  -30.156  -51.822  -11.142 0.8000000119
153792  -25.620  -57.739  -12.347 0.6000000238
35544  -25.108  -57.898  -12.842 0.6000000238
42953  -30.185  -50.482  -11.401 0.8000000119
35554  -22.805  -57.695  -14.199 0.6000000238
144124  -23.489  -58.491  -13.627 0.6000000238
143518  -29.786  -49.790  -11.792 0.8000000119
44946  -28.016  -48.387  -13.125 0.8000000119
44947  -28.789  -48.416  -12.482 0.8000000119
157318  -27.572  -46.525  -13.115 0.8000000119
34567  -19.638  -57.992  -14.159 0.4000000060
134708  -28.559  -43.177  -15.375 0.8000000119
151371  -27.609  -45.457  -15.446 0.8000000119
46995  -26.115  -46.551  -15.203 0.8000000119
46063  -26.416  -47.300  -13.962 0.6999999881
48916  -29.551  -43.885  -15.386 0.8000000119
46996  -26.952  -46.756  -15.580 0.8000000119
46074  -25.833  -47.393  -14.778 0.6999999881
47893  -26.265  -45.600  -14.940 0.8000000119
51090  -30.014  -42.493  -15.060 0.8000000119
48914  -27.159  -44.044  -15.214 0.8000000119
50029  -31.940  -43.253  -15.375 0.6000000238
50037  -33.146  -43.441  -16.856 0.5000000000
36536  -28.006  -56.207  -10.398 0.6000000238
136599  -29.929  -54.203  -10.539 0.6999999881
35520  -27.089  -56.979  -11.081 0.6000000238
38629  -30.369  -54.030  -10.034 0.6999999881
140265  -30.790  -52.073  -10.596 0.6999999881
35535  -26.482  -57.295  -11.514 0.6000000238
36535  -27.453  -56.601  -10.453 0.6000000238
37519  -28.367  -55.828  -9.869 0.6000000238
35519  -26.310  -57.432  -10.919 0.6000000238
41917  -30.528  -51.224  -10.955 0.8000000119
34557  -24.360  -58.144  -13.283 0.6000000238
34531  -25.134  -58.253  -12.127 0.6000000238
41908  -31.399  -51.275  -10.253 0.6999999881
34556  -22.587  -58.663  -13.838 0.5000000000
43912  -30.456  -49.695  -11.252 0.8000000119
34555  -21.647  -58.769  -13.780 0.3000000119
46038  -29.774  -47.811  -11.825 0.8000000119
148207  -29.976  -49.041  -11.604 0.8000000119
46052  -28.187  -47.636  -12.724 0.8000000119
46053  -29.102  -47.735  -12.184 0.8000000119
47857  -27.920  -45.244  -13.170 0.8000000119
135775  -27.934  -44.786  -15.441 0.8000000119
46985  -25.876  -46.504  -14.915 0.8000000119
46962  -26.815  -46.670  -13.606 0.8000000119
44945  -27.172  -47.788  -13.438 0.6999999881
47881  -26.348  -44.960  -14.497 0.8000000119
48913  -26.577  -44.590  -14.854 0.8000000119
51091  -31.048  -42.912  -15.078 0.6999999881
51098  -32.534  -42.522  -15.572 0.6000000238
51118  -34.415  -42.524  -18.045 0.3000000119
37497  -28.913  -55.211  -9.446 0.6000000238
38615  -29.891  -54.458  -9.443 0.6999999881
39753  -30.791  -53.452  -9.367 0.6999999881
153765  -31.209  -52.839  -9.475 0.6999999881
144109  -22.637  -57.161  -10.512 0.5000000000
36515  -27.196  -56.508  -9.864 0.6000000238
34542  -23.887  -58.898  -12.794 0.5000000000
35533  -24.941  -58.193  -11.417 0.5000000000
36534  -26.768  -56.965  -10.376 0.6000000238
42944  -31.716  -50.238  -10.259 0.6999999881
33536  -22.325  -59.430  -12.617 0.3000000119
33537  -23.060  -59.210  -13.225 0.5000000000
42943  -30.915  -50.417  -10.819 0.8000000119
46024  -31.672  -47.725  -10.722 0.8000000119
44911  -30.712  -48.882  -11.162 0.8000000119
149987  -28.807  -46.998  -12.406 0.8999999762
46951  -30.651  -46.697  -11.635 0.8999999762
44929  -30.219  -48.299  -11.531 0.8000000119
44930  -30.948  -48.053  -11.147 0.8000000119
35553  -20.537  -58.001  -14.110 0.4000000060
46963  -28.205  -46.076  -12.855 0.8999999762
151843  -28.590  -46.532  -12.599 0.8999999762
143151  -29.738  -47.013  -12.036 0.8999999762
51089  -28.825  -42.441  -15.185 0.8000000119
48915  -28.303  -43.982  -15.444 0.8000000119
47869  -26.520  -45.196  -13.986 0.8000000119
46976  -26.179  -46.595  -14.389 0.8000000119
50026  -29.481  -43.045  -15.287 0.8000000119
154910  -30.907  -42.288  -14.848 0.6999999881
143730  -32.342  -41.953  -15.067 0.6000000238
52221  -33.546  -41.405  -16.949 0.6000000238
147921  -33.670  -42.724  -17.473 0.6000000238
38596  -29.381  -54.636  -9.060 0.6000000238
39740  -30.425  -53.517  -8.682 0.6999999881
37518  -27.650  -55.960  -9.521 0.6000000238
40864  -31.057  -52.874  -8.665 0.6999999881
136794  -31.540  -52.310  -9.083 0.8000000119
35532  -23.934  -58.354  -11.241 0.6000000238
36514  -26.412  -56.632  -9.734 0.6000000238
41897  -31.753  -51.581  -9.390 0.6999999881
43901  -32.091  -49.272  -10.149 0.8000000119
34528  -22.612  -59.068  -11.776 0.4000000060
33550  -22.295  -59.211  -13.396 0.4000000060
43900  -31.235  -49.531  -10.737 0.8000000119
46950  -30.198  -46.058  -12.091 0.8000000119
46040  -31.172  -47.213  -11.197 0.8000000119
140341  -28.404  -44.692  -13.131 0.8999999762
47841  -29.844  -45.179  -12.573 0.8000000119
48882  -29.148  -44.526  -12.950 0.8000000119
50024  -27.043  -43.157  -14.945 0.8000000119
50005  -26.818  -43.064  -14.023 0.8000000119
47856  -27.196  -45.059  -13.542 0.6999999881
51088  -27.665  -42.534  -15.103 0.8000000119
48879  -26.872  -44.568  -13.765 0.8000000119
48892  -26.575  -44.409  -14.128 0.8000000119
52212  -30.251  -41.749  -14.772 0.8000000119
52209  -27.374  -41.772  -14.609 0.8000000119
53225  -31.982  -40.267  -14.469 0.6999999881
52214  -32.488  -41.094  -14.949 0.6999999881
54251  -32.985  -39.079  -15.705 0.6000000238
54256  -33.643  -38.992  -16.471 0.6000000238
142715  -33.974  -39.001  -16.648 0.6000000238
37495  -27.347  -55.372  -8.970 0.6000000238
40863  -30.458  -52.923  -8.106 0.8000000119
40846  -31.369  -52.204  -8.396 0.6999999881
37534  -23.600  -56.054  -9.761 0.5000000000
36513  -25.512  -56.582  -9.637 0.5000000000
137036  -32.458  -50.262  -8.989 0.8000000119
42934  -32.000  -50.751  -9.594 0.6999999881
36531  -24.064  -56.961  -10.086 0.5000000000
36532  -25.043  -57.176  -10.116 0.5000000000
42923  -32.109  -51.020  -8.771 0.8000000119
135500  -23.549  -57.524  -10.549 0.5000000000
43890  -32.605  -49.459  -9.319 0.8000000119
44913  -32.212  -48.244  -10.238 0.8000000119
46018  -32.734  -47.799  -9.670 0.8000000119
44912  -31.482  -48.623  -10.699 0.8000000119
46025  -32.316  -47.350  -10.273 0.8000000119
149128  -30.927  -45.976  -11.690 0.8000000119
48864  -29.892  -44.308  -12.746 0.8000000119
46952  -31.372  -46.372  -11.260 0.8000000119
52200  -27.048  -41.697  -14.222 0.8000000119
49991  -27.920  -43.208  -13.405 0.8000000119
49990  -27.275  -43.089  -13.664 0.8999999762
52211  -29.174  -41.777  -14.936 0.8000000119
53230  -27.683  -41.235  -14.655 0.8000000119
52204  -31.527  -40.926  -14.461 0.6999999881
52203  -30.588  -41.064  -14.501 0.6999999881
53231  -32.799  -40.060  -15.333 0.6999999881
53224  -30.941  -40.331  -14.286 0.6999999881
56158  -32.103  -38.030  -14.847 0.6999999881
55234  -32.442  -38.691  -15.000 0.6999999881
40844  -28.707  -52.566  -7.619 0.8000000119
39722  -29.062  -53.398  -7.981 0.6000000238
153708  -29.714  -52.658  -7.698 0.6000000238
136290  -30.439  -52.323  -7.723 0.8000000119
137358  -24.169  -51.824  -9.135 0.6000000238
39752  -24.361  -53.716  -8.978 0.5000000000
38594  -26.955  -54.559  -8.558 0.6000000238
39738  -27.440  -53.761  -8.219 0.6000000238
41870  -31.408  -51.639  -7.880 0.8000000119
41895  -23.192  -51.003  -9.807 0.6000000238
154616  -24.653  -50.616  -8.901 0.6000000238
40859  -24.824  -52.166  -8.744 0.6000000238
39736  -25.737  -53.408  -8.470 0.5000000000
38614  -25.541  -55.052  -8.875 0.5000000000
151888  -24.068  -48.109  -9.033 0.5000000000
43889  -24.029  -49.381  -9.278 0.5000000000
43877  -24.672  -49.403  -8.809 0.6000000238
41883  -24.711  -51.297  -8.845 0.6000000238
37514  -24.129  -55.406  -9.419 0.5000000000
38593  -26.045  -54.338  -8.570 0.5000000000
43880  -32.728  -49.584  -8.399 0.8000000119
44903  -33.032  -48.178  -9.113 0.8000000119
46009  -24.647  -47.962  -8.670 0.5000000000
37516  -25.972  -55.938  -9.225 0.5000000000
46925  -23.425  -46.990  -9.501 0.4000000060
46019  -33.227  -47.408  -8.970 0.6999999881
47823  -32.114  -45.318  -10.813 0.8000000119
46935  -32.399  -46.498  -10.297 0.8000000119
143453  -32.860  -46.125  -9.756 0.6999999881
49976  -29.385  -43.699  -12.995 0.8000000119
48865  -30.595  -44.452  -12.383 0.8000000119
48849  -32.532  -44.790  -10.366 0.8000000119
47843  -31.520  -45.455  -11.379 0.8000000119
48866  -31.331  -44.568  -11.779 0.8000000119
140995  -28.157  -39.852  -14.534 0.8999999762
142513  -27.248  -41.075  -14.278 0.8999999762
51075  -27.058  -42.491  -13.852 0.8000000119
49992  -28.660  -43.041  -13.203 0.8000000119
51080  -26.910  -42.386  -14.162 1.0000000000
51063  -27.734  -42.356  -13.456 0.8000000119
53223  -29.828  -40.433  -14.478 0.8000000119
141961  -30.087  -39.580  -14.233 0.6999999881
156767  -28.249  -51.877  -7.435 0.8000000119
41868  -30.081  -51.812  -7.374 0.8000000119
42901  -30.530  -51.148  -7.145 0.8000000119
42921  -24.979  -50.076  -8.702 0.6000000238
40843  -27.781  -52.363  -7.644 0.6000000238
39721  -28.124  -53.196  -7.885 0.6000000238
155801  -31.138  -51.199  -7.376 0.8000000119
43862  -31.911  -50.037  -7.152 0.8000000119
44901  -24.359  -48.713  -8.922 0.5000000000
41885  -25.928  -51.007  -8.272 0.6000000238
156544  -26.817  -53.146  -8.136 0.6000000238
152031  -31.665  -50.849  -7.536 0.8000000119
43863  -32.506  -49.486  -7.499 0.8000000119
135180  -32.988  -48.809  -7.892 0.6999999881
44889  -25.027  -48.696  -8.549 0.5000000000
41865  -26.691  -51.228  -7.871 0.6000000238
141134  -27.282  -52.862  -7.915 0.6000000238
46017  -24.124  -47.268  -8.929 0.4000000060
46918  -24.954  -47.027  -8.469 0.4000000060
46010  -25.384  -47.926  -8.312 0.4000000060
46011  -26.091  -47.989  -7.909 0.4000000060
148753  -25.797  -47.140  -8.031 0.4000000060
43859  -26.814  -49.583  -7.695 0.4000000060
46920  -33.261  -46.502  -9.161 0.6999999881
47792  -26.611  -45.464  -7.631 0.4000000060
150947  -26.916  -46.326  -7.397 0.5000000000
47810  -32.960  -45.334  -9.746 0.6999999881
47801  -26.056  -44.914  -8.005 0.3000000119
46911  -27.413  -46.924  -7.126 0.5000000000
49977  -30.298  -43.632  -12.623 0.8000000119
148324  -31.129  -43.708  -12.104 0.8000000119
48848  -31.953  -44.660  -11.095 0.8000000119
139655  -32.765  -44.059  -10.166 0.8000000119
49964  -32.311  -43.997  -10.723 0.8000000119
149778  -27.451  -39.803  -14.237 0.8000000119
135862  -27.098  -40.990  -13.945 1.0000000000
151081  -27.514  -41.452  -13.441 0.8000000119
140958  -28.276  -41.626  -13.109 0.8000000119
51064  -28.736  -42.319  -13.094 0.8000000119
133752  -30.381  -42.009  -12.514 0.8000000119
49978  -30.787  -42.849  -12.360 0.8000000119
53220  -27.141  -40.214  -14.011 1.0000000000
52172  -29.972  -41.237  -12.544 0.8000000119
53222  -28.735  -40.500  -14.635 0.8000000119
144725  -27.342  -40.100  -13.323 0.8000000119
52171  -28.924  -40.953  -12.759 0.8000000119
154946  -29.630  -38.666  -14.113 0.8999999762
55232  -30.790  -38.771  -14.055 0.6999999881
144539  -31.274  -38.020  -14.230 0.6999999881
56164  -31.625  -37.274  -14.680 0.6999999881
56165  -32.376  -37.315  -15.458 0.6999999881
57096  -32.659  -36.618  -16.019 0.6999999881
56178  -33.609  -37.292  -16.483 0.6000000238
147960  -33.135  -36.121  -16.318 0.6999999881
57998  -32.361  -35.708  -15.681 0.6999999881
58014  -34.145  -36.591  -16.253 0.6000000238
58013  -33.760  -35.904  -16.260 0.6000000238
42900  -29.711  -51.085  -7.046 0.8000000119
42881  -30.180  -50.440  -6.795 0.8000000119
42922  -25.649  -50.173  -8.357 0.5000000000
42899  -28.283  -50.187  -7.092 0.8000000119
43848  -28.862  -49.554  -6.774 0.8000000119
141826  -28.935  -50.913  -7.063 0.8000000119
43851  -31.389  -49.524  -6.628 0.8000000119
43878  -25.355  -49.425  -8.456 0.5000000000
42897  -26.389  -50.320  -7.969 0.6000000238
134214  -28.205  -51.130  -7.285 0.8000000119
148567  -26.698  -48.122  -7.575 0.5000000000
42898  -27.318  -50.510  -7.535 0.6999999881
43852  -32.121  -49.188  -6.804 0.6999999881
44880  -32.663  -48.650  -7.057 0.6999999881
46004  -33.207  -47.884  -7.449 0.6999999881
146296  -25.992  -45.668  -7.997 0.3000000119
46012  -33.458  -47.449  -8.173 0.6999999881
150077  -33.545  -46.731  -8.414 0.6999999881
150979  -33.868  -45.408  -8.363 0.6999999881
47793  -27.373  -45.681  -7.171 0.5000000000
138781  -33.638  -44.138  -9.052 0.6999999881
48815  -26.627  -44.502  -7.711 0.4000000060
135898  -27.137  -44.888  -7.398 0.4000000060
51037  -31.635  -42.911  -11.622 0.8000000119
48831  -33.112  -44.519  -9.690 0.6999999881
153133  -31.402  -41.614  -11.767 0.8000000119
52159  -32.262  -41.083  -10.762 0.6999999881
54220  -27.593  -39.564  -12.879 0.8000000119
52173  -30.891  -41.307  -12.124 0.8000000119
54242  -27.688  -39.157  -14.312 0.8999999762
55230  -28.305  -38.410  -14.191 0.8999999762
55229  -27.278  -38.477  -13.987 0.8999999762
55223  -27.002  -38.421  -13.563 0.8000000119
55220  -27.093  -38.343  -13.203 0.8000000119
54221  -28.491  -39.462  -12.503 0.8000000119
143201  -29.312  -37.977  -13.982 0.8999999762
56156  -28.503  -37.529  -13.934 0.8000000119
55231  -30.288  -38.005  -13.965 0.8999999762
56157  -30.698  -37.270  -14.184 0.8000000119
54258  -34.271  -39.432  -16.699 0.4000000060
57084  -31.084  -36.498  -14.515 0.8000000119
140208  -31.446  -35.730  -14.899 0.6999999881
59871  -34.726  -33.840  -15.049 0.5000000000
43849  -29.713  -49.710  -6.615 0.6999999881
44871  -29.281  -48.338  -6.404 0.6999999881
44872  -30.836  -48.919  -6.252 0.6999999881
46910  -26.237  -46.356  -7.798 0.4000000060
45991  -27.957  -47.589  -6.833 0.6000000238
142967  -30.215  -48.263  -6.116 0.6999999881
45996  -32.650  -47.812  -6.551 0.6999999881
45997  -33.247  -47.115  -6.741 0.6999999881
47794  -33.701  -46.298  -6.929 0.6999999881
46912  -33.594  -46.954  -7.580 0.6999999881
47784  -28.033  -45.692  -6.758 0.5000000000
47803  -34.102  -45.267  -7.833 0.6999999881
48806  -27.938  -43.939  -6.878 0.4000000060
48825  -34.075  -44.640  -8.311 0.6999999881
50997  -27.640  -42.465  -6.920 0.3000000119
49914  -28.089  -43.199  -6.626 0.3000000119
151485  -28.387  -44.521  -6.510 0.5000000000
52174  -31.870  -41.915  -11.348 0.6999999881
49946  -32.676  -43.311  -10.353 0.6999999881
141186  -28.544  -43.901  -6.288 0.4000000060
148480  -32.450  -41.943  -10.678 0.6999999881
49947  -33.179  -43.705  -9.712 0.6999999881
51019  -32.821  -42.461  -10.213 0.6999999881
52158  -31.550  -41.128  -11.501 0.6999999881
55213  -27.697  -38.782  -12.643 0.8000000119
53200  -29.373  -40.138  -12.436 0.8000000119
132953  -30.267  -40.616  -12.240 0.8000000119
148743  -28.744  -38.799  -12.239 0.8000000119
152213  -27.193  -36.960  -13.224 0.8000000119
142069  -28.740  -36.515  -13.795 0.8000000119
57082  -27.678  -37.134  -13.688 0.8000000119
140974  -29.654  -37.292  -13.941 0.8999999762
57983  -30.501  -35.682  -14.329 0.8000000119
58865  -31.312  -34.274  -14.752 0.8000000119
58881  -33.611  -34.346  -15.708 0.6999999881
58882  -34.302  -34.436  -15.516 0.6000000238
58879  -32.032  -34.398  -15.237 0.6999999881
58880  -32.757  -34.195  -15.491 0.6999999881
60817  -32.276  -32.018  -15.149 0.6999999881
46905  -29.499  -46.880  -6.057 0.6000000238
46890  -30.192  -46.488  -5.657 0.6000000238
45975  -30.394  -47.371  -5.826 0.6999999881
45976  -31.314  -47.320  -5.688 0.6999999881
45995  -31.903  -47.867  -6.096 0.6999999881
44874  -32.220  -48.455  -6.543 0.6999999881
142813  -28.093  -46.913  -6.742 0.5000000000
146720  -28.477  -48.091  -6.659 0.6000000238
46893  -32.468  -46.462  -5.610 0.6999999881
45978  -32.680  -47.085  -6.121 0.6999999881
47785  -29.436  -45.989  -5.957 0.6000000238
49926  -27.491  -43.188  -7.242 0.3000000119
134357  -28.682  -45.324  -6.367 0.5000000000
46904  -28.613  -46.354  -6.464 0.5000000000
151310  -30.206  -45.600  -5.459 0.6000000238
47795  -34.048  -45.490  -7.166 0.6999999881
49900  -28.670  -43.201  -5.910 0.4000000060
49915  -29.250  -43.916  -5.658 0.5000000000
48790  -29.790  -44.686  -5.488 0.6000000238
48817  -34.316  -44.664  -7.427 0.6999999881
150215  -34.132  -42.604  -8.670 0.6999999881
49936  -34.227  -43.630  -8.371 0.6999999881
51020  -33.438  -42.262  -9.472 0.6999999881
52086  -28.576  -41.632  -5.226 0.3000000119
52138  -32.885  -41.609  -10.108 0.6999999881
54223  -30.169  -38.990  -11.629 0.8000000119
53201  -30.380  -39.768  -11.828 0.8000000119
142630  -31.149  -39.827  -11.312 0.6999999881
54212  -31.566  -39.496  -10.697 0.6999999881
53164  -32.815  -40.671  -9.944 0.6999999881
56139  -27.652  -37.296  -12.409 0.8000000119
55216  -30.327  -38.411  -11.286 0.8000000119
154549  -27.597  -36.101  -13.423 0.8000000119
56150  -27.053  -37.657  -13.242 0.8000000119
56146  -27.115  -37.439  -12.945 0.8000000119
55214  -28.441  -38.000  -12.176 0.8000000119
57076  -28.435  -35.485  -13.688 0.8000000119
59797  -27.936  -33.906  -12.568 0.8000000119
57944  -28.629  -35.301  -11.679 0.8000000119
146915  -28.919  -34.686  -11.731 0.8000000119
160706  -29.262  -33.720  -12.246 0.8000000119
136928  -34.576  -32.876  -15.178 0.6000000238
141629  -33.777  -32.816  -15.479 0.6999999881
148592  -31.243  -32.875  -14.665 0.8000000119
144259  -32.924  -32.646  -15.358 0.6000000238
135755  -32.157  -30.645  -15.469 0.6999999881
141927  -32.561  -29.860  -15.626 0.6000000238
61728  -33.622  -31.222  -15.519 0.6000000238
46891  -30.794  -46.223  -5.387 0.6000000238
47774  -33.000  -45.702  -5.529 0.6999999881
46894  -33.191  -46.408  -6.138 0.6999999881
48791  -30.684  -44.823  -5.060 0.6000000238
138577  -33.482  -44.918  -5.618 0.6999999881
47786  -33.701  -45.538  -6.294 0.6999999881
151253  -34.127  -44.962  -6.713 0.6999999881
49901  -29.401  -43.158  -5.284 0.4000000060
48780  -31.152  -44.106  -4.701 0.5000000000
48794  -33.374  -44.213  -5.177 0.6999999881
48810  -34.368  -44.228  -6.558 0.6999999881
49902  -30.166  -43.860  -5.033 0.5000000000
49892  -30.838  -43.291  -4.546 0.5000000000
49916  -34.660  -43.354  -6.687 0.6999999881
145050  -34.566  -43.731  -7.450 0.6999999881
50973  -28.799  -42.423  -5.450 0.3000000119
52087  -29.216  -41.923  -4.806 0.3000000119
50974  -29.471  -42.543  -4.928 0.4000000060
141138  -34.657  -42.811  -7.806 0.6999999881
52072  -28.924  -41.217  -4.603 0.3000000119
53109  -29.379  -40.667  -4.065 0.3000000119
51005  -33.963  -41.679  -8.849 0.6999999881
52122  -34.335  -41.245  -8.391 0.6999999881
53165  -33.240  -40.430  -9.334 0.6999999881
155346  -33.893  -40.076  -8.440 0.6999999881
55215  -29.543  -38.456  -11.760 0.8000000119
54191  -31.952  -39.106  -9.911 0.6999999881
53186  -32.215  -40.043  -10.354 0.6999999881
54176  -33.644  -39.384  -8.310 0.6999999881
55190  -32.291  -38.612  -9.137 0.6999999881
55167  -32.686  -38.163  -8.545 0.6999999881
139947  -27.264  -36.026  -12.674 0.8000000119
56140  -28.572  -37.096  -11.847 0.8000000119
55207  -31.357  -38.641  -10.344 0.6999999881
157810  -32.691  -37.534  -8.607 0.6999999881
57075  -27.119  -36.188  -13.056 0.8000000119
57064  -27.800  -36.521  -12.210 0.8000000119
56131  -29.368  -36.865  -11.401 0.8000000119
56132  -30.071  -37.066  -10.944 0.8000000119
56133  -30.743  -37.407  -10.413 0.8000000119
57037  -32.186  -36.499  -9.646 0.8000000119
57038  -33.114  -36.359  -9.522 0.6999999881
57969  -27.340  -35.399  -13.074 0.8000000119
57050  -28.763  -36.233  -11.610 0.8000000119
57946  -30.345  -35.111  -11.255 0.8000000119
138079  -31.774  -35.569  -10.728 0.8000000119
157246  -27.769  -35.202  -13.421 0.8000000119
58861  -28.193  -34.101  -13.578 0.8000000119
58819  -28.202  -34.560  -12.074 0.8000000119
57945  -29.500  -35.177  -11.398 0.8000000119
57948  -32.186  -34.931  -11.206 0.8000000119
157150  -29.596  -34.082  -14.255 0.8000000119
60770  -28.554  -33.111  -13.088 0.8000000119
58820  -29.646  -34.422  -11.776 0.8000000119
150086  -30.714  -34.384  -11.716 0.8000000119
58822  -32.625  -34.242  -11.600 0.8000000119
59848  -29.576  -33.431  -14.189 0.8000000119
60756  -31.037  -32.790  -12.579 0.8000000119
60804  -30.290  -32.583  -14.350 0.8000000119
61730  -35.012  -31.057  -15.037 0.5000000000
144666  -34.074  -31.691  -15.458 0.6000000238
60815  -30.280  -31.766  -14.232 0.8000000119
138910  -31.182  -30.524  -15.199 0.8000000119
60820  -34.690  -31.868  -15.157 0.6000000238
62643  -34.620  -30.386  -15.323 0.6000000238
145101  -33.420  -29.957  -15.634 0.6000000238
63662  -34.124  -29.638  -15.567 0.6000000238
47772  -31.167  -45.658  -5.138 0.6999999881
47773  -32.106  -45.725  -5.143 0.6999999881
48782  -32.788  -44.016  -4.752 0.6999999881
48795  -33.948  -44.261  -5.767 0.6999999881
49893  -31.628  -43.461  -4.459 0.5000000000
49895  -33.336  -43.430  -4.774 0.6999999881
50964  -29.940  -42.181  -4.498 0.4000000060
52074  -30.528  -41.687  -4.069 0.4000000060
50965  -30.704  -42.486  -4.341 0.5000000000
157603  -34.724  -43.122  -7.234 0.6999999881
54136  -29.924  -40.063  -3.607 0.3000000119
53098  -30.820  -40.265  -3.451 0.3000000119
52075  -31.485  -41.986  -3.969 0.5000000000
52096  -35.236  -41.292  -6.169 0.6999999881
155594  -35.050  -41.501  -7.292 0.6999999881
54135  -29.089  -39.853  -3.877 0.3000000119
54123  -30.501  -39.404  -3.256 0.3000000119
53144  -34.782  -40.380  -7.548 0.6999999881
55111  -30.165  -38.427  -3.130 0.3000000119
55159  -34.547  -38.646  -7.166 0.6999999881
151420  -31.166  -37.902  -10.078 0.8000000119
56117  -32.096  -37.617  -8.976 0.6999999881
55168  -33.380  -38.533  -8.169 0.6999999881
144536  -31.408  -37.134  -9.674 0.6999999881
56097  -32.600  -36.967  -8.977 0.6999999881
57024  -33.485  -36.673  -8.897 0.6999999881
57926  -27.523  -35.342  -12.496 0.8000000119
57051  -29.727  -36.359  -11.080 0.8000000119
57916  -32.872  -35.920  -10.138 0.8000000119
57960  -27.310  -35.322  -12.860 0.8000000119
57931  -33.406  -35.302  -10.560 0.8000000119
59830  -27.852  -33.846  -13.221 0.8000000119
58821  -31.702  -34.322  -11.692 0.8000000119
58823  -33.483  -34.083  -11.442 0.8000000119
60802  -28.764  -33.102  -13.428 0.8000000119
59847  -28.647  -33.482  -13.639 0.8000000119
60753  -28.576  -33.387  -12.663 0.8000000119
59800  -31.131  -33.557  -12.199 0.8000000119
147297  -32.239  -32.517  -12.613 0.8000000119
59802  -33.041  -33.529  -11.920 0.8000000119
61714  -30.398  -31.009  -14.151 0.8000000119
140329  -30.083  -31.793  -14.014 0.8000000119
136187  -30.514  -32.302  -12.933 0.8000000119
61690  -31.446  -31.467  -13.289 0.8000000119
61692  -34.323  -31.668  -12.324 0.8000000119
62640  -31.664  -30.087  -15.450 0.8000000119
48792  -31.635  -44.924  -4.835 0.6000000238
48781  -32.046  -44.144  -4.637 0.6000000238
52073  -29.691  -41.439  -4.282 0.3000000119
50967  -32.934  -42.870  -4.378 0.6000000238
52077  -33.123  -42.205  -4.149 0.6999999881
148808  -33.523  -42.733  -4.611 0.6999999881
50968  -34.684  -42.006  -5.467 0.6999999881
52076  -32.364  -41.909  -3.883 0.6000000238
53111  -33.768  -41.533  -4.142 0.6999999881
52078  -34.423  -41.553  -4.717 0.6999999881
53127  -34.959  -41.095  -5.190 0.6999999881
54122  -29.604  -39.227  -3.468 0.3000000119
54124  -31.422  -39.633  -3.135 0.3000000119
53112  -34.454  -40.829  -4.297 0.6999999881
55129  -29.177  -38.452  -3.489 0.3000000119
56047  -31.787  -37.543  -2.644 0.3000000119
53128  -35.301  -40.459  -5.717 0.6999999881
53136  -35.309  -40.530  -6.423 0.6999999881
57851  -30.634  -35.356  -3.502 0.3000000119
135666  -31.223  -36.020  -2.976 0.3000000119
136304  -31.967  -35.846  -2.776 0.3000000119
58739  -30.429  -34.485  -4.073 0.3000000119
55158  -33.898  -37.997  -7.623 0.6999999881
56099  -33.843  -37.080  -8.168 0.6999999881
137144  -33.683  -35.785  -9.978 0.8000000119
58808  -33.885  -34.623  -10.939 0.8000000119
136824  -33.859  -33.285  -11.690 0.8000000119
60789  -29.870  -32.239  -13.683 0.8000000119
60772  -29.658  -32.517  -13.067 0.8000000119
62604  -30.604  -31.089  -13.704 0.8000000119
61689  -30.828  -31.789  -13.245 0.8000000119
143332  -32.256  -31.077  -13.382 0.8000000119
60774  -32.415  -31.900  -12.940 0.8000000119
60775  -33.450  -32.009  -12.588 0.8000000119
62630  -30.597  -30.205  -14.678 0.8000000119
62605  -31.327  -30.782  -13.567 0.8000000119
62639  -30.915  -29.827  -15.254 0.8000000119
151237  -31.663  -28.832  -15.551 0.6999999881
64756  -32.083  -28.313  -15.681 0.6000000238
52067  -32.940  -41.435  -3.722 0.6000000238
53102  -34.189  -40.291  -3.672 0.6000000238
142459  -32.024  -39.011  -2.835 0.4000000060
54127  -34.346  -39.611  -3.478 0.6000000238
54137  -34.770  -39.985  -4.130 0.6999999881
53113  -35.086  -40.304  -4.871 0.6999999881
55114  -34.441  -38.034  -2.904 0.4000000060
54154  -35.356  -39.688  -5.371 0.6999999881
54161  -35.322  -39.821  -6.175 0.6999999881
53135  -35.131  -40.089  -6.885 0.6999999881
143796  -33.619  -34.864  -2.732 0.3000000119
56050  -35.004  -37.431  -3.180 0.4000000060
136041  -35.402  -38.988  -4.868 0.6000000238
56083  -35.433  -37.124  -6.211 0.6999999881
150038  -34.392  -37.305  -7.581 0.6999999881
56089  -34.996  -37.005  -7.052 0.6999999881
57017  -34.743  -36.672  -7.943 0.6999999881
57905  -35.312  -35.997  -8.373 0.6999999881
57930  -32.171  -35.938  -10.266 0.8000000119
58807  -33.050  -34.798  -11.108 0.8000000119
58809  -34.636  -34.339  -10.652 0.8000000119
59815  -32.600  -33.002  -12.319 0.8000000119
59804  -34.761  -32.971  -11.376 0.8000000119
60773  -31.458  -32.238  -12.852 0.8000000119
140123  -33.777  -31.220  -12.807 0.8000000119
159695  -30.509  -29.062  -14.629 0.8000000119
62620  -30.831  -30.190  -13.865 0.8000000119
63640  -31.940  -30.165  -13.656 0.8000000119
63624  -32.995  -29.736  -13.601 0.8000000119
151016  -31.218  -29.516  -13.896 0.8000000119
63661  -33.282  -29.219  -15.709 0.6000000238
63669  -30.894  -29.059  -15.242 0.8000000119
140405  -32.337  -27.637  -15.709 0.6000000238
65904  -31.634  -27.181  -15.584 0.6999999881
66872  -31.644  -26.383  -15.598 0.6999999881
53100  -32.689  -40.657  -3.379 0.6000000238
54126  -33.438  -39.988  -3.198 0.6000000238
56049  -33.625  -37.679  -2.584 0.3000000119
153204  -35.188  -39.634  -4.634 0.6000000238
136163  -33.641  -35.771  -2.548 0.3000000119
151325  -34.421  -37.270  -2.709 0.3000000119
55115  -35.030  -38.254  -3.538 0.5000000000
56973  -34.844  -36.550  -2.768 0.3000000119
156762  -35.519  -36.834  -3.651 0.5000000000
133836  -35.387  -37.921  -5.955 0.6999999881
59716  -32.726  -33.139  -4.141 0.3000000119
149025  -33.617  -34.215  -3.177 0.3000000119
57004  -36.187  -36.172  -4.852 0.4000000060
57010  -35.733  -36.482  -6.632 0.6999999881
57897  -36.172  -35.831  -7.068 0.6000000238
147784  -35.828  -35.397  -8.643 0.6000000238
137438  -36.016  -35.656  -7.933 0.6000000238
58796  -35.135  -34.769  -9.984 0.8000000119
58789  -36.027  -34.702  -9.262 0.6999999881
59779  -36.856  -34.253  -8.741 0.6000000238
58810  -35.233  -33.973  -10.470 0.8000000119
58797  -35.821  -33.919  -10.043 0.6999999881
59803  -34.282  -33.853  -11.200 0.8000000119
136464  -35.548  -33.175  -10.711 0.6999999881
59790  -36.341  -33.085  -10.156 0.6999999881
58798  -36.543  -33.771  -9.506 0.6999999881
60757  -34.141  -32.474  -12.013 0.8000000119
60759  -35.518  -32.278  -11.242 0.8000000119
157966  -36.028  -31.689  -11.142 0.6999999881
60743  -36.878  -32.285  -10.155 0.6999999881
60758  -34.897  -32.006  -11.775 0.8000000119
61677  -36.155  -30.952  -11.355 0.6999999881
151469  -36.681  -31.402  -10.711 0.6999999881
61703  -30.242  -31.333  -13.895 0.8000000119
63639  -30.683  -29.338  -14.342 0.8000000119
141902  -33.744  -30.032  -13.294 0.8000000119
62595  -35.563  -30.474  -11.885 0.8000000119
64724  -31.176  -28.771  -14.096 0.8000000119
64707  -33.022  -28.899  -13.720 0.8000000119
63625  -34.424  -29.817  -12.924 0.8000000119
156818  -30.750  -28.694  -14.440 0.8000000119
64725  -32.113  -28.449  -13.928 0.8000000119
64708  -33.925  -28.485  -13.498 0.8000000119
63659  -30.519  -28.886  -14.855 0.8000000119
64745  -30.530  -28.091  -14.934 0.8000000119
142049  -30.454  -26.782  -14.940 0.6999999881
65895  -33.097  -27.311  -15.735 0.6000000238
66863  -33.541  -26.262  -15.620 0.6000000238
65903  -30.856  -27.620  -15.278 0.8000000119
148476  -31.028  -25.984  -15.466 0.6999999881
68923  -31.364  -24.499  -15.668 0.6999999881
56066  -35.598  -37.507  -4.453 0.5000000000
55143  -35.504  -38.162  -5.136 0.5000000000
147114  -35.836  -36.742  -4.664 0.5000000000
58741  -35.161  -33.890  -3.359 0.3000000119
57003  -35.918  -36.539  -5.635 0.5000000000
57892  -36.314  -35.946  -6.172 0.6000000238
59718  -34.511  -33.053  -3.640 0.3000000119
59719  -36.066  -33.626  -3.703 0.3000000119
145829  -36.767  -35.332  -6.552 0.6000000238
61578  -32.856  -31.890  -4.963 0.3000000119
61580  -34.458  -31.823  -4.492 0.3000000119
59720  -36.751  -33.457  -4.260 0.3000000119
61579  -33.562  -31.799  -4.760 0.3000000119
58781  -37.166  -34.554  -7.867 0.6000000238
62533  -32.763  -30.973  -5.800 0.3000000119
153987  -37.179  -33.598  -9.051 0.6999999881
136697  -34.605  -28.999  -13.035 0.8000000119
63618  -35.977  -29.563  -11.826 0.6999999881
151543  -36.223  -30.211  -11.518 0.6999999881
63626  -35.234  -29.514  -12.430 0.6999999881
150952  -34.702  -28.129  -13.053 0.6999999881
148620  -31.418  -28.082  -14.167 0.8000000119
140376  -31.897  -26.932  -14.179 0.6999999881
65856  -33.063  -28.001  -13.820 0.8000000119
65857  -34.049  -27.406  -13.446 0.6000000238
68910  -34.155  -24.294  -15.538 0.6000000238
65885  -30.550  -27.610  -14.831 0.6999999881
66852  -30.403  -25.760  -14.925 0.6999999881
66839  -30.615  -26.782  -14.726 0.6999999881
67849  -32.267  -25.096  -15.725 0.6999999881
137872  -32.963  -24.745  -15.735 0.6999999881
68922  -30.607  -24.415  -15.339 0.6999999881
145954  -31.474  -20.261  -15.306 0.5000000000
73822  -31.523  -19.849  -15.752 0.5000000000
58774  -37.266  -34.714  -6.928 0.6000000238
58782  -37.688  -34.050  -7.246 0.6000000238
60720  -38.241  -32.965  -8.107 0.6000000238
60735  -37.580  -32.312  -9.510 0.6999999881
60730  -38.237  -32.330  -8.774 0.6999999881
151712  -37.466  -31.517  -10.031 0.6999999881
138663  -31.298  -29.091  -7.372 0.3000000119
62591  -36.735  -30.422  -11.069 0.6999999881
137982  -37.389  -30.608  -10.452 0.6999999881
66825  -33.715  -26.430  -13.422 0.6999999881
64698  -35.812  -28.609  -12.133 0.6999999881
137903  -36.375  -28.932  -11.607 0.6000000238
64709  -35.171  -28.631  -12.649 0.6999999881
156862  -30.716  -27.484  -14.636 0.6999999881
66840  -31.250  -26.496  -14.331 0.6999999881
66841  -32.263  -26.221  -13.917 0.6999999881
66842  -33.161  -25.686  -13.475 0.6000000238
67798  -31.157  -25.133  -14.168 0.6999999881
68909  -33.540  -24.446  -15.658 0.6000000238
149751  -34.005  -25.053  -15.536 0.5000000000
69942  -30.835  -23.697  -15.545 0.6999999881
70895  -30.629  -23.252  -15.282 0.6999999881
147905  -31.100  -22.872  -15.713 0.6999999881
71855  -31.792  -21.309  -16.205 0.6000000238
58775  -37.633  -34.078  -6.327 0.5000000000
59746  -38.146  -32.863  -5.751 0.4000000060
59763  -38.328  -32.944  -6.466 0.5000000000
59772  -38.136  -33.392  -7.343 0.6000000238
60712  -38.769  -32.187  -6.692 0.5000000000
60721  -38.762  -32.176  -7.823 0.6000000238
61651  -38.682  -31.635  -8.599 0.6000000238
64668  -31.401  -28.500  -7.223 0.3000000119
63586  -31.922  -28.879  -6.964 0.3000000119
62587  -38.093  -30.795  -9.758 0.6999999881
63614  -37.244  -29.701  -10.804 0.6000000238
63608  -38.055  -29.764  -10.123 0.6000000238
64695  -36.991  -28.755  -11.106 0.6000000238
66826  -34.604  -26.548  -12.861 0.6000000238
64699  -36.426  -28.123  -11.601 0.6000000238
147964  -31.448  -25.808  -14.149 0.6999999881
65859  -35.317  -27.025  -12.447 0.6000000238
67799  -32.114  -25.371  -13.784 0.6999999881
67800  -32.777  -24.827  -13.361 0.6000000238
70878  -30.567  -22.977  -15.064 0.6999999881
70908  -32.272  -22.032  -16.238 0.6999999881
69945  -33.119  -22.953  -15.997 0.6000000238
71857  -34.117  -21.341  -16.277 0.5000000000
70909  -33.047  -22.211  -16.253 0.6000000238
137011  -33.615  -21.747  -16.285 0.6000000238
134299  -33.671  -20.949  -16.419 0.5000000000
71844  -31.170  -21.515  -15.286 0.6000000238
71856  -32.807  -21.342  -16.407 0.5000000000
71854  -31.341  -21.378  -15.707 0.5000000000
73837  -32.357  -19.736  -16.409 0.5000000000
72872  -33.072  -20.390  -16.508 0.5000000000
74860  -31.945  -19.374  -16.247 0.5000000000
74851  -31.955  -18.242  -15.979 0.5000000000
60689  -38.445  -32.281  -5.861 0.4000000060
61625  -38.782  -31.243  -5.886 0.4000000060
62537  -36.089  -30.490  -4.633 0.4000000060
144016  -39.093  -31.474  -7.966 0.6000000238
64648  -31.839  -28.088  -6.844 0.3000000119
65792  -33.075  -27.976  -6.016 0.3000000119
137706  -34.341  -28.240  -5.368 0.3000000119
62588  -38.688  -30.182  -9.298 0.6000000238
66765  -32.383  -26.621  -6.274 0.3000000119
64689  -38.213  -28.705  -10.051 0.6000000238
65843  -36.941  -27.701  -11.053 0.5000000000
64696  -37.577  -28.193  -10.549 0.6000000238
66827  -35.206  -26.200  -12.255 0.6000000238
66815  -35.783  -26.659  -11.895 0.6000000238
148127  -34.704  -25.811  -12.508 0.6000000238
65848  -36.362  -27.169  -11.504 0.6000000238
67783  -33.679  -24.995  -12.918 0.6000000238
67785  -35.078  -25.440  -12.097 0.6000000238
68875  -31.815  -24.594  -13.733 0.6999999881
68856  -33.297  -24.273  -12.968 0.6000000238
70861  -30.854  -22.838  -14.646 0.6999999881
72856  -31.365  -20.741  -15.548 0.5000000000
72870  -31.499  -20.576  -16.001 0.5000000000
73813  -31.773  -19.557  -15.232 0.5000000000
155364  -37.950  -31.091  -5.010 0.4000000060
142771  -38.246  -30.325  -5.197 0.4000000060
61646  -39.160  -31.459  -7.110 0.5000000000
63545  -38.314  -29.352  -5.125 0.4000000060
62578  -39.342  -30.777  -7.732 0.4000000060
62585  -39.447  -30.108  -8.028 0.4000000060
62584  -39.121  -30.498  -8.561 0.5000000000
141193  -33.038  -27.076  -5.879 0.3000000119
66747  -33.734  -26.544  -5.487 0.3000000119
63601  -39.209  -29.711  -8.627 0.4000000060
67703  -33.663  -25.751  -5.497 0.3000000119
64634  -35.376  -28.107  -4.829 0.4000000060
65835  -38.140  -27.737  -9.960 0.5000000000
63609  -38.744  -29.236  -9.370 0.6000000238
65844  -37.440  -27.244  -10.466 0.5000000000
66812  -36.791  -26.748  -10.931 0.5000000000
67772  -35.630  -25.827  -11.720 0.6000000238
67767  -37.157  -25.430  -10.328 0.5000000000
68857  -34.174  -24.336  -12.482 0.6000000238
139932  -34.792  -24.021  -12.084 0.6000000238
69898  -32.189  -23.373  -13.579 0.6000000238
69899  -33.159  -23.098  -13.213 0.6000000238
70862  -31.431  -22.106  -14.485 0.5000000000
71832  -31.141  -21.559  -14.964 0.5000000000
71819  -31.693  -21.250  -14.627 0.5000000000
72831  -31.921  -20.325  -14.760 0.5000000000
73814  -32.162  -18.721  -15.103 0.5000000000
74842  -32.160  -18.050  -15.544 0.5000000000
62555  -39.314  -30.579  -6.708 0.4000000060
63560  -39.008  -29.985  -5.902 0.4000000060
62556  -39.416  -29.844  -6.640 0.4000000060
62579  -39.512  -30.024  -7.318 0.4000000060
63546  -39.003  -29.145  -5.710 0.4000000060
64669  -39.617  -28.668  -7.571 0.4000000060
64681  -39.313  -28.737  -8.540 0.4000000060
65836  -38.710  -27.238  -9.232 0.4000000060
151244  -39.194  -27.876  -8.753 0.5000000000
67724  -33.052  -25.047  -5.856 0.3000000119
144656  -37.782  -25.845  -9.807 0.4000000060
67766  -36.649  -25.855  -10.826 0.5000000000
67759  -37.703  -24.990  -9.790 0.4000000060
141960  -35.507  -25.013  -11.623 0.6000000238
67773  -36.092  -25.424  -11.244 0.5000000000
68836  -37.150  -24.626  -10.348 0.5000000000
69882  -34.420  -23.537  -12.414 0.6000000238
69869  -35.442  -24.127  -11.680 0.5000000000
68845  -36.053  -24.601  -11.225 0.5000000000
71820  -32.222  -21.697  -14.131 0.5000000000
70863  -32.438  -22.444  -13.734 0.6000000238
70848  -34.005  -22.947  -12.810 0.6000000238
69883  -35.128  -23.416  -12.085 0.6000000238
70864  -33.547  -22.364  -13.327 0.6000000238
148870  -32.616  -21.004  -14.226 0.5000000000
72832  -33.050  -20.150  -14.324 0.5000000000
76879  -32.548  -16.514  -15.508 0.5000000000
145701  -33.097  -21.695  -13.759 0.5000000000
70786  -32.342  -22.277  -7.098 0.3000000119
70771  -33.401  -22.258  -6.391 0.4000000060
71706  -34.531  -21.793  -5.683 0.4000000060
157049  -35.050  -22.306  -12.586 0.5000000000
72746  -32.635  -20.972  -7.261 0.4000000060
70849  -34.477  -22.169  -12.962 0.5000000000
71797  -37.004  -21.935  -11.511 0.5000000000
70822  -37.865  -22.706  -10.465 0.5000000000
71822  -34.603  -21.264  -13.332 0.5000000000
160357  -36.577  -21.521  -11.939 0.5000000000
143883  -33.719  -20.902  -13.795 0.5000000000
72833  -34.557  -20.491  -13.594 0.6000000238
75838  -32.815  -16.795  -14.916 0.5000000000
135956  -32.839  -18.686  -14.659 0.6000000238
74831  -33.716  -18.250  -14.338 0.5000000000
75839  -33.509  -17.193  -14.470 0.6000000238
76864  -33.404  -16.284  -14.573 0.4000000060
71729  -34.219  -21.270  -6.047 0.4000000060
70750  -35.963  -22.144  -4.674 0.4000000060
71808  -35.309  -21.637  -12.746 0.5000000000
72818  -35.896  -20.948  -12.623 0.5000000000
72834  -35.346  -20.528  -13.155 0.5000000000
156342  -36.147  -20.001  -12.539 0.5000000000
139128  -36.453  -20.875  -12.183 0.5000000000
73802  -33.444  -19.264  -14.362 0.5000000000
138350  -34.875  -19.708  -13.587 0.5000000000
138735  -34.487  -16.271  -13.696 0.4000000060
73804  -35.044  -18.731  -13.483 0.5000000000
75840  -34.293  -17.321  -13.985 0.5000000000
71707  -35.563  -21.261  -5.025 0.4000000060
146674  -33.404  -20.133  -6.877 0.4000000060
71809  -36.060  -21.621  -12.309 0.5000000000
71784  -38.432  -21.437  -10.288 0.4000000060
73789  -35.557  -19.408  -13.100 0.4000000060
74817  -35.524  -18.471  -12.987 0.4000000060
75841  -35.045  -17.404  -13.246 0.5000000000
75827  -35.473  -16.659  -12.588 0.3000000119
72807  -37.498  -20.511  -11.229 0.4000000060
73790  -36.040  -18.865  -12.561 0.4000000060
74818  -35.763  -17.778  -12.545 0.5000000000
155831  -36.557  -17.261  -11.678 0.4000000060
73774  -36.529  -19.225  -12.097 0.4000000060
77836  -36.127  -14.837  -12.425 0.4000000060
74796  -36.442  -18.171  -11.988 0.4000000060
75805  -36.301  -16.207  -11.732 0.4000000060
74779  -38.074  -18.366  -10.432 0.4000000060
76835  -36.744  -15.748  -11.442 0.4000000060
76834  -36.188  -15.219  -11.945 0.4000000060
77837  -36.629  -14.679  -11.928 0.4000000060
78820  -37.222  -14.193  -12.139 0.4000000060
74778  -37.498  -17.672  -10.869 0.4000000060
75806  -36.925  -16.923  -11.298 0.3000000119
75787  -37.429  -16.584  -10.877 0.4000000060
75770  -38.606  -17.160  -9.863 0.4000000060
155057  -39.029  -17.665  -9.436 0.4000000060
77820  -38.317  -15.572  -10.545 0.3000000119
77819  -37.411  -15.341  -11.172 0.4000000060
155470  -37.857  -14.705  -11.193 0.4000000060
78821  -37.602  -13.547  -12.051 0.4000000060
76817  -38.099  -16.423  -10.433 0.3000000119
76798  -38.795  -16.398  -9.917 0.4000000060
77800  -39.110  -15.698  -10.002 0.4000000060
41996  -27.176  -51.466  -17.460 0.6999999881
135172  -29.728  -53.598  -13.543 0.6999999881
37581  -22.354  -54.148  -14.873 0.6000000238
144133  -29.637  -50.636  -12.711 0.8000000119
36543  -27.815  -56.329  -11.087 0.6000000238
37520  -29.111  -55.381  -10.030 0.6000000238
38628  -29.709  -54.734  -10.177 0.6999999881
34517  -22.317  -58.424  -11.127 0.4000000060
50025  -27.651  -43.340  -15.307 0.8000000119
39723  -29.839  -53.491  -8.260 0.6000000238
44902  -32.641  -48.636  -9.586 0.8000000119
46934  -31.974  -46.028  -10.819 0.8000000119
42902  -32.333  -50.427  -8.005 0.8000000119
41866  -27.498  -51.524  -7.565 0.6000000238
44890  -25.724  -48.717  -8.198 0.5000000000
43860  -27.528  -49.653  -7.354 0.6000000238
44873  -31.598  -48.680  -6.362 0.6999999881
53184  -31.019  -40.503  -11.715 0.6999999881
59801  -32.171  -33.632  -12.070 0.8000000119
50975  -34.135  -42.946  -5.212 0.6999999881
57025  -34.445  -36.277  -8.840 0.6999999881
57917  -35.245  -35.514  -9.178 0.6999999881
55130  -35.397  -38.309  -4.264 0.6000000238
57018  -35.497  -36.292  -7.522 0.6999999881
138539  -32.981  -39.178  -2.801 0.6000000238
56988  -36.051  -35.974  -4.045 0.5000000000
59762  -37.913  -33.411  -5.947 0.4000000060
74830  -32.700  -17.833  -14.867 0.5000000000
64651  -39.612  -28.609  -6.730 0.4000000060
39851  -31.333  -53.533  -18.101 0.5000000000
38727  -27.554  -54.446  -19.032 0.6999999881
43023  -32.477  -50.866  -16.342 0.5000000000
36584  -23.685  -54.382  -15.559 0.5000000000
43971  -31.652  -49.720  -15.644 0.6999999881
39812  -30.151  -53.394  -14.542 0.6999999881
43017  -26.518  -50.953  -16.732 0.6999999881
148128  -26.572  -51.122  -16.587 0.6999999881
44990  -25.917  -48.739  -15.567 0.6999999881
43985  -26.374  -50.109  -16.366 0.6999999881
46089  -31.892  -47.977  -15.433 0.6999999881
46105  -32.788  -47.169  -16.558 0.5000000000
47001  -31.632  -46.962  -15.461 0.6000000238
48926  -32.151  -44.631  -15.995 0.5000000000
41962  -29.422  -51.417  -14.818 0.6999999881
151047  -30.121  -46.232  -15.272 0.6999999881
41947  -29.440  -50.755  -14.186 0.6999999881
48938  -33.797  -44.771  -18.067 0.4000000060
47895  -28.609  -45.530  -15.462 0.8000000119
41916  -29.928  -51.230  -11.564 0.6999999881
34568  -21.809  -57.870  -14.314 0.5000000000
48919  -32.398  -43.837  -16.037 0.5000000000
40888  -30.797  -53.037  -10.216 0.6999999881
34543  -24.597  -58.423  -12.612 0.6000000238
52213  -31.427  -41.700  -14.666 0.6999999881
51099  -33.211  -42.425  -16.613 0.6000000238
40876  -31.347  -52.252  -9.882 0.6999999881
35518  -25.480  -57.692  -10.805 0.6000000238
48880  -27.605  -44.428  -13.432 0.8999999762
50016  -26.748  -43.054  -14.430 0.8000000119
52220  -32.956  -41.707  -15.848 0.6000000238
52227  -34.357  -41.162  -17.477 0.4000000060
34530  -24.400  -58.608  -12.025 0.5000000000
34529  -23.570  -58.900  -11.955 0.5000000000
34541  -23.147  -59.221  -12.498 0.5000000000
33523  -21.858  -59.325  -11.867 0.4000000060
46964  -29.183  -46.176  -12.476 0.8999999762
52201  -28.419  -41.144  -14.779 0.8000000119
135270  -29.273  -54.122  -8.496 0.6000000238
39739  -28.724  -54.741  -8.814 0.6000000238
41886  -31.735  -51.696  -8.563 0.8000000119
37517  -26.864  -56.031  -9.314 0.5000000000
35531  -23.093  -58.565  -11.394 0.4000000060
35517  -24.545  -57.749  -10.658 0.5000000000
47842  -30.782  -45.290  -12.056 0.8000000119
54245  -32.302  -39.415  -14.702 0.6999999881
57111  -33.201  -36.796  -16.429 0.6000000238
56179  -34.030  -37.836  -16.422 0.4000000060
38595  -27.882  -54.710  -8.612 0.6000000238
37513  -23.177  -55.114  -9.615 0.5000000000
37494  -26.451  -55.257  -8.873 0.5000000000
36512  -24.560  -56.366  -9.635 0.5000000000
44893  -33.229  -48.118  -8.411 0.6999999881
152050  -28.455  -54.034  -8.300 0.6000000238
40875  -24.223  -52.731  -9.040 0.5000000000
39735  -24.957  -53.085  -8.675 0.6000000238
38612  -23.766  -54.416  -9.323 0.5000000000
42920  -24.334  -50.081  -9.125 0.6000000238
41896  -24.044  -50.910  -9.295 0.6000000238
38613  -24.663  -54.760  -9.046 0.5000000000
140732  -26.236  -52.866  -8.267 0.6000000238
40861  -26.194  -51.970  -8.176 0.6000000238
39737  -26.526  -53.678  -8.339 0.5000000000
158428  -24.450  -46.631  -8.740 0.4000000060
142523  -33.595  -45.940  -8.710 0.6999999881
47811  -33.268  -45.805  -9.304 0.6999999881
51051  -29.701  -42.767  -12.855 0.8000000119
52188  -27.256  -40.893  -13.596 0.8999999762
43879  -26.047  -49.492  -8.081 0.5000000000
40860  -25.548  -52.500  -8.472 0.6000000238
40842  -26.977  -52.080  -7.820 0.6000000238
46002  -26.615  -47.241  -7.579 0.4000000060
44879  -27.238  -48.790  -7.407 0.5000000000
46003  -27.282  -47.832  -7.254 0.5000000000
48832  -33.540  -45.115  -9.051 0.6999999881
157769  -27.357  -46.301  -7.147 0.5000000000
149514  -32.158  -43.341  -11.003 0.6999999881
152765  -27.152  -39.666  -13.593 0.8000000119
57999  -33.184  -35.177  -15.996 0.6999999881
43850  -30.566  -49.708  -6.555 0.6999999881
157450  -29.284  -49.085  -6.549 0.6999999881
43861  -28.044  -49.220  -7.031 0.6000000238
157204  -34.381  -44.182  -7.916 0.6999999881
49935  -33.648  -43.225  -9.184 0.6999999881
48816  -27.232  -44.023  -7.415 0.4000000060
149078  -30.896  -34.944  -14.591 0.8000000119
45993  -29.631  -47.649  -6.153 0.6000000238
45994  -31.060  -48.100  -5.971 0.6999999881
44870  -27.901  -48.380  -6.958 0.6000000238
148909  -33.164  -42.993  -9.793 0.6999999881
51006  -34.546  -41.942  -8.200 0.6999999881
57982  -29.460  -35.632  -13.935 0.8999999762
58864  -30.316  -34.152  -14.439 0.8000000119
59867  -31.860  -33.617  -14.975 0.6000000238
59869  -33.308  -33.504  -15.499 0.6000000238
160698  -32.879  -32.024  -15.339 0.6000000238
61726  -31.687  -31.276  -15.156 0.8000000119
147698  -29.430  -45.249  -5.847 0.6000000238
159900  -30.852  -46.802  -5.520 0.6999999881
48793  -32.655  -44.839  -5.024 0.6999999881
49891  -30.074  -42.937  -4.740 0.4000000060
52139  -33.392  -41.228  -9.455 0.6999999881
55206  -30.803  -38.194  -10.683 0.8000000119
54192  -32.697  -39.672  -9.468 0.6999999881
137920  -28.929  -34.130  -13.976 0.8000000119
59849  -30.758  -33.469  -14.535 0.8000000119
48809  -33.965  -44.800  -6.173 0.6999999881
147938  -31.462  -42.805  -4.277 0.5000000000
52088  -35.015  -42.094  -6.328 0.6999999881
52109  -34.791  -41.243  -7.754 0.6999999881
53153  -33.802  -40.732  -8.805 0.6999999881
53154  -34.355  -40.581  -8.186 0.6999999881
54193  -33.366  -39.882  -8.849 0.6999999881
54177  -34.268  -39.820  -7.960 0.6999999881
56098  -33.186  -37.744  -8.190 0.6999999881
57052  -30.649  -36.544  -10.535 0.8000000119
57929  -30.930  -35.746  -10.806 0.8000000119
49904  -34.357  -43.579  -5.895 0.6999999881
53110  -30.234  -40.894  -3.787 0.3000000119
52065  -31.130  -41.112  -3.646 0.5000000000
50976  -34.714  -42.787  -6.068 0.6999999881
50985  -35.159  -41.748  -6.903 0.6999999881
52066  -32.056  -41.280  -3.601 0.5000000000
53099  -31.739  -40.464  -3.363 0.4000000060
52110  -35.229  -40.979  -7.045 0.6999999881
54168  -34.670  -39.530  -7.342 0.6999999881
56045  -29.564  -37.609  -3.316 0.3000000119
56088  -34.603  -37.799  -7.075 0.6999999881
53101  -33.601  -40.831  -3.653 0.6000000238
142210  -32.630  -38.228  -2.618 0.3000000119
56048  -32.733  -37.175  -2.539 0.3000000119
150288  -32.590  -35.210  -2.817 0.3000000119
152589  -33.786  -39.265  -2.993 0.6000000238
148166  -34.439  -38.826  -3.237 0.6000000238
54138  -35.052  -39.120  -3.983 0.6000000238
55151  -35.373  -38.896  -5.835 0.6999999881
55150  -35.031  -38.343  -6.558 0.6999999881
56082  -35.083  -37.621  -6.568 0.6999999881
62608  -34.814  -30.434  -12.453 0.8000000119
141089  -33.826  -29.346  -13.415 0.8000000119
66873  -32.326  -26.015  -15.689 0.6000000238
66874  -32.956  -25.667  -15.705 0.6000000238
56972  -33.810  -36.693  -2.514 0.3000000119
55113  -33.659  -38.563  -2.744 0.5000000000
57853  -34.599  -35.515  -2.673 0.3000000119
56051  -35.368  -37.694  -3.775 0.5000000000
56076  -35.604  -37.316  -5.380 0.5000000000
60665  -33.131  -32.479  -4.466 0.3000000119
59704  -34.069  -33.700  -3.360 0.3000000119
136982  -36.724  -35.385  -5.613 0.5000000000
57898  -36.677  -35.216  -7.480 0.6000000238
59780  -37.627  -33.743  -8.222 0.6000000238
61676  -35.529  -31.433  -11.577 0.6999999881
69943  -31.615  -23.486  -15.801 0.6999999881
58725  -35.297  -34.959  -3.161 0.3000000119
60666  -33.986  -32.453  -4.216 0.3000000119
137924  -36.609  -34.285  -4.118 0.3000000119
61594  -33.165  -31.330  -5.369 0.3000000119
61581  -35.126  -31.479  -4.505 0.3000000119
59785  -37.684  -33.029  -8.925 0.6000000238
68908  -30.391  -24.333  -15.080 0.6999999881
67797  -30.505  -25.005  -14.678 0.6999999881
61656  -38.146  -31.616  -9.340 0.6999999881
65847  -35.887  -27.570  -12.062 0.6000000238
68874  -30.874  -24.253  -14.218 0.6999999881
69931  -33.714  -23.486  -15.755 0.5000000000
60688  -37.992  -32.463  -5.272 0.4000000060
68876  -32.446  -24.118  -13.364 0.6000000238
155032  -32.966  -23.715  -13.146 0.6000000238
141650  -33.306  -18.645  -16.605 0.4000000060
61598  -38.189  -31.809  -5.306 0.4000000060
144619  -35.516  -29.121  -4.872 0.4000000060
153094  -33.642  -28.329  -5.726 0.3000000119
66766  -33.000  -26.134  -5.802 0.3000000119
64690  -38.765  -28.256  -9.343 0.5000000000
66813  -37.268  -26.306  -10.389 0.5000000000
66816  -36.221  -26.267  -11.361 0.5000000000
69897  -31.153  -23.449  -14.102 0.5000000000
63602  -39.533  -29.439  -7.855 0.4000000060
65775  -34.603  -27.555  -5.131 0.4000000060
152077  -35.181  -26.930  -4.745 0.4000000060
66807  -37.943  -26.773  -9.859 0.5000000000
65813  -39.693  -27.908  -7.198 0.4000000060
66808  -38.428  -26.261  -9.290 0.4000000060
69856  -36.626  -24.232  -10.809 0.5000000000
71821  -33.920  -21.696  -13.444 0.6000000238
71727  -32.867  -21.716  -6.851 0.3000000119
141883  -35.139  -21.961  -5.283 0.4000000060
141232  -35.613  -22.534  -12.187 0.5000000000
143404  -34.838  -21.188  -5.551 0.4000000060
74797  -37.007  -17.970  -11.393 0.4000000060
148247  -37.510  -18.665  -10.976 0.4000000060
78804  -37.848  -13.842  -11.595 0.4000000060
75771  -39.227  -16.995  -9.330 0.4000000060
139733  -38.943  -12.712  -11.523 0.3000000119
34612  -28.584  -58.639  -17.942 0.5000000000
34611  -27.997  -58.277  -18.805 0.5000000000
32573  -27.347  -60.147  -15.835 0.4000000060
32574  -27.939  -59.929  -16.134 0.5000000000
32586  -28.198  -60.022  -16.641 0.5000000000
33593  -28.474  -59.578  -17.351 0.5000000000
35627  -28.380  -57.742  -18.332 0.6000000238
33573  -27.815  -59.465  -15.705 0.5000000000
33572  -26.933  -59.456  -15.428 0.5000000000
33574  -28.879  -58.502  -16.126 0.5000000000
34578  -26.375  -58.495  -15.184 0.5000000000
35595  -29.224  -57.827  -16.844 0.6000000238
35614  -29.255  -56.871  -17.166 0.6000000238
144581  -28.845  -58.070  -17.573 0.6000000238
36608  -28.589  -56.401  -17.921 0.6000000238
37619  -28.265  -55.523  -17.985 0.6000000238
37627  -27.691  -55.851  -18.694 0.6000000238
136655  -27.508  -55.126  -19.001 0.6000000238
141046  -27.704  -55.114  -18.519 0.6000000238
143119  -27.743  -57.906  -14.930 0.5000000000
149154  -28.307  -58.875  -15.688 0.5000000000
35581  -29.198  -57.717  -15.845 0.6000000238
35579  -25.574  -57.638  -15.286 0.5000000000
34569  -27.055  -58.006  -14.889 0.5000000000
36598  -29.539  -56.474  -16.497 0.6000000238
140702  -24.969  -56.546  -15.486 0.5000000000
158969  -25.767  -56.770  -15.083 0.5000000000
37620  -29.160  -55.980  -17.296 0.6000000238
38712  -27.878  -54.698  -18.020 0.6000000238
39848  -27.825  -53.206  -18.788 0.6000000238
34580  -28.469  -58.089  -15.358 0.5000000000
35570  -28.936  -57.255  -15.175 0.5000000000
35580  -26.385  -57.464  -14.915 0.5000000000
35568  -27.290  -57.135  -14.626 0.5000000000
35569  -28.250  -57.337  -14.797 0.5000000000
35582  -29.447  -56.942  -15.718 0.6000000238
36586  -25.535  -55.605  -14.958 0.5000000000
35567  -26.379  -56.340  -14.692 0.5000000000
36585  -24.681  -54.977  -15.296 0.5000000000
38705  -29.373  -54.541  -16.662 0.6000000238
37612  -28.867  -55.070  -17.370 0.6000000238
39847  -27.622  -53.632  -18.439 0.6000000238
39842  -27.615  -53.796  -17.933 0.6000000238
36574  -27.107  -55.786  -14.300 0.5000000000
37587  -28.769  -55.894  -14.278 0.5000000000
157464  -28.688  -56.727  -14.703 0.6000000238
153522  -29.470  -55.691  -14.680 0.6000000238
36576  -29.327  -56.441  -14.984 0.6000000238
37601  -29.762  -55.670  -15.398 0.6000000238
134726  -28.327  -54.157  -17.397 0.6000000238
37585  -26.698  -54.473  -13.671 0.5000000000
37586  -27.802  -55.313  -13.882 0.5000000000
37568  -29.359  -55.103  -14.144 0.6000000238
37584  -25.084  -54.292  -14.504 0.5000000000
38678  -25.569  -54.030  -13.663 0.6000000238
37566  -27.417  -54.143  -13.288 0.6000000238
37567  -28.486  -54.845  -13.633 0.5000000000
38665  -29.141  -54.353  -13.463 0.6000000238
38679  -29.893  -54.320  -14.280 0.6000000238
38662  -24.340  -53.855  -13.819 0.5000000000
38663  -24.990  -53.997  -13.570 0.5000000000
38677  -23.028  -53.809  -14.803 0.4000000060
37565  -26.525  -53.861  -13.065 0.6000000238
139575  -27.234  -53.763  -12.951 0.6000000238
38664  -28.037  -54.032  -13.076 0.5000000000
140570  -33.314  -40.680  -16.265 0.5000000000
50966  -32.247  -42.595  -4.164 0.5000000000
147685  -34.465  -35.636  -9.658 0.6000000238
64746  -33.004  -28.279  -15.773 0.5000000000
65896  -33.798  -27.124  -15.638 0.5000000000
69944  -32.476  -23.249  -15.937 0.5000000000
78805  -38.729  -13.683  -11.140 0.4000000060
156125  -39.767  -12.711  -10.581 0.3000000119
80594  -39.422  -11.944  -11.230 0.3000000119
137072  -40.056  -10.759  -10.149 0.3000000119
136642  -26.997  -60.969  -16.158 0.4000000060
31553  -27.569  -61.016  -16.740 0.5000000000
32594  -28.052  -60.534  -17.179 0.5000000000
35626  -27.610  -57.328  -19.107 0.5000000000
32572  -26.419  -60.252  -15.663 0.4000000060
35612  -28.060  -56.835  -18.550 0.6000000238
36614  -27.447  -56.471  -19.300 0.5000000000
32571  -25.291  -60.048  -15.745 0.4000000060
34577  -25.368  -58.543  -15.474 0.5000000000
35578  -24.751  -57.748  -15.673 0.5000000000
154911  -24.260  -56.991  -15.910 0.3000000119
36595  -22.463  -55.209  -16.671 0.4000000060
53237  -33.846  -40.689  -17.148 0.4000000060
54257  -33.730  -39.546  -17.011 0.4000000060
155064  -33.802  -40.150  -16.965 0.4000000060
64747  -33.969  -28.621  -15.666 0.5000000000
137665  -34.281  -27.817  -15.552 0.5000000000
67832  -34.022  -25.755  -15.526 0.5000000000
143604  -37.222  -34.726  -5.922 0.4000000060
80580  -40.105  -12.209  -10.153 0.3000000119
82395  -40.368  -10.179  -9.511 0.3000000119
135413  -29.686  -56.258  -15.781 0.6000000238
141909  -23.759  -53.763  -14.234 0.5000000000
154656  -24.294  -53.952  -14.802 0.5000000000
37583  -24.452  -53.748  -14.106 0.6000000238
150967  -34.611  -29.096  -15.432 0.5000000000
36597  -24.121  -55.832  -15.895 0.4000000060
33581  -28.451  -59.362  -16.327 0.5000000000
34598  -28.863  -58.715  -17.013 0.6000000238
34579  -27.565  -58.671  -15.256 0.5000000000
33571  -25.916  -59.368  -15.454 0.5000000000
36575  -28.026  -56.462  -14.384 0.5000000000
36573  -26.099  -54.940  -14.351 0.5000000000
78806  -39.821  -13.668  -10.316 0.4000000060
33570  -25.150  -59.216  -15.632 0.4000000060
37635  -27.715  -55.187  -19.484 0.4000000060
34576  -24.607  -58.656  -15.815 0.4000000060
37533  -22.681  -55.759  -10.021 0.4000000060
146267  -23.109  -56.621  -10.203 0.4000000060
35516  -22.952  -57.973  -10.905 0.4000000060
38611  -22.807  -54.173  -9.681 0.4000000060
41907  -22.410  -51.270  -10.389 0.4000000060
40887  -22.957  -51.830  -9.854 0.4000000060
39751  -23.438  -53.308  -9.415 0.4000000060
42950  -21.376  -50.463  -11.187 0.3000000119
41906  -21.475  -51.384  -10.887 0.3000000119
42941  -22.078  -49.878  -11.001 0.4000000060
151675  -23.593  -51.567  -9.497 0.4000000060
141925  -21.999  -50.687  -10.845 0.4000000060
42942  -22.708  -50.416  -10.374 0.5000000000
43899  -22.921  -49.556  -10.337 0.4000000060
43888  -23.485  -49.271  -9.766 0.4000000060
42933  -23.546  -50.086  -9.713 0.5000000000
147484  -23.092  -48.622  -10.084 0.4000000060
57884  -36.458  -35.540  -4.761 0.3000000119
151261  -35.888  -35.333  -3.593 0.3000000119
57870  -36.410  -35.118  -4.101 0.3000000119
58764  -36.943  -34.726  -4.882 0.3000000119
58765  -37.495  -33.922  -5.345 0.3000000119
70834  -35.742  -23.358  -11.744 0.4000000060
61583  -37.399  -31.851  -4.717 0.3000000119
62538  -37.080  -30.853  -4.633 0.3000000119
69870  -36.175  -23.787  -11.322 0.4000000060
70835  -36.428  -22.863  -11.551 0.4000000060
141793  -36.464  -29.448  -4.659 0.3000000119
64633  -34.763  -28.843  -5.246 0.3000000119
69857  -37.257  -23.871  -10.455 0.4000000060
156096  -37.395  -23.247  -10.631 0.3000000119
70836  -37.221  -22.708  -11.027 0.4000000060
71796  -37.006  -21.026  -11.672 0.4000000060
72806  -36.879  -20.039  -11.777 0.3000000119
157672  -37.505  -30.408  -4.768 0.3000000119
143286  -37.308  -29.035  -4.674 0.3000000119
64635  -36.359  -28.702  -4.637 0.3000000119
64636  -37.959  -28.500  -4.755 0.3000000119
65778  -38.446  -27.783  -4.844 0.3000000119
64638  -39.312  -28.554  -5.941 0.3000000119
143523  -36.940  -27.140  -4.483 0.3000000119
65777  -37.538  -27.781  -4.591 0.3000000119
142059  -38.944  -27.067  -4.989 0.3000000119
65793  -39.567  -27.861  -6.309 0.3000000119
65823  -39.532  -27.929  -8.056 0.3000000119
144492  -36.037  -27.330  -4.560 0.3000000119
67705  -35.509  -25.873  -4.602 0.3000000119
141630  -34.905  -25.078  -4.818 0.3000000119
66795  -38.963  -26.556  -8.794 0.3000000119
148003  -34.457  -24.290  -5.227 0.3000000119
67760  -38.323  -25.385  -9.298 0.3000000119
139555  -38.341  -24.546  -9.374 0.3000000119
69845  -38.462  -23.693  -9.542 0.3000000119
71728  -33.605  -21.463  -6.460 0.3000000119
68837  -37.772  -24.191  -9.932 0.3000000119
69858  -37.891  -23.428  -10.163 0.3000000119
72735  -33.827  -20.671  -6.451 0.3000000119
140152  -32.458  -20.292  -7.547 0.3000000119
142785  -37.473  -21.269  -11.226 0.3000000119
73775  -36.994  -18.963  -11.568 0.3000000119
65779  -39.141  -27.823  -5.472 0.3000000119
66749  -37.228  -26.335  -4.372 0.3000000119
135403  -38.029  -26.945  -4.514 0.3000000119
157632  -39.672  -26.456  -5.721 0.3000000119
139334  -39.573  -27.158  -7.645 0.3000000119
65822  -39.268  -27.184  -8.459 0.3000000119
66748  -36.224  -26.550  -4.482 0.3000000119
67707  -37.503  -25.551  -4.251 0.3000000119
66750  -38.772  -26.267  -4.638 0.3000000119
153118  -39.872  -25.861  -5.724 0.3000000119
66785  -39.737  -26.423  -7.189 0.3000000119
66796  -39.394  -26.302  -8.116 0.3000000119
68769  -35.875  -24.973  -4.463 0.3000000119
68770  -36.855  -24.876  -4.217 0.3000000119
67708  -38.510  -25.410  -4.341 0.3000000119
67746  -38.878  -25.795  -8.757 0.3000000119
69784  -33.957  -23.485  -5.668 0.3000000119
142199  -35.270  -24.236  -4.726 0.3000000119
68818  -38.849  -24.947  -8.788 0.3000000119
68831  -39.005  -24.102  -8.915 0.3000000119
70749  -35.327  -22.797  -4.987 0.3000000119
69846  -39.271  -23.128  -9.081 0.3000000119
72711  -34.439  -20.507  -5.925 0.3000000119
72712  -35.191  -20.362  -5.326 0.3000000119
70808  -38.557  -22.766  -9.822 0.3000000119
149956  -34.620  -19.790  -5.776 0.3000000119
141502  -38.844  -21.908  -9.820 0.3000000119
72792  -38.528  -20.611  -10.255 0.3000000119
152957  -38.503  -19.860  -10.240 0.3000000119
73757  -38.049  -19.300  -10.555 0.3000000119
66751  -39.393  -26.387  -5.226 0.3000000119
66737  -39.440  -25.516  -4.852 0.3000000119
67725  -40.154  -25.212  -6.222 0.3000000119
141884  -39.969  -25.770  -6.679 0.3000000119
69786  -37.215  -24.094  -4.070 0.3000000119
156485  -38.590  -24.632  -4.163 0.3000000119
68754  -39.166  -24.846  -4.441 0.3000000119
68772  -40.032  -24.972  -5.481 0.3000000119
67739  -39.707  -25.618  -7.516 0.3000000119
154954  -35.520  -23.532  -4.720 0.3000000119
152743  -36.746  -23.445  -4.229 0.3000000119
68819  -39.430  -24.558  -8.307 0.3000000119
70787  -40.610  -22.557  -7.767 0.3000000119
69833  -39.698  -23.747  -8.358 0.3000000119
71708  -36.309  -21.315  -4.521 0.3000000119
70796  -39.719  -22.275  -8.868 0.3000000119
72713  -35.951  -20.598  -4.697 0.3000000119
70809  -39.185  -22.348  -9.400 0.3000000119
73682  -35.125  -19.382  -5.359 0.3000000119
73683  -35.747  -19.784  -4.762 0.3000000119
71766  -39.425  -21.650  -9.307 0.3000000119
71765  -39.003  -21.096  -9.775 0.3000000119
73736  -39.081  -20.132  -9.697 0.3000000119
74759  -38.694  -19.073  -9.897 0.3000000119
68773  -40.297  -24.122  -5.353 0.3000000119
69769  -38.491  -23.253  -3.824 0.3000000119
69770  -39.249  -22.984  -3.953 0.3000000119
68791  -40.404  -24.400  -6.242 0.3000000119
68810  -40.395  -24.164  -7.097 0.3000000119
137053  -36.720  -22.710  -4.258 0.3000000119
70732  -40.445  -22.405  -4.697 0.3000000119
148013  -40.642  -23.637  -5.909 0.3000000119
69823  -40.385  -23.472  -7.623 0.3000000119
70751  -36.802  -21.932  -4.225 0.3000000119
154681  -37.323  -22.432  -3.960 0.3000000119
70730  -38.139  -22.497  -3.737 0.3000000119
71709  -37.030  -21.227  -4.080 0.3000000119
73663  -37.135  -19.664  -3.795 0.3000000119
74690  -37.785  -19.117  -3.528 0.3000000119
72759  -40.675  -20.914  -8.105 0.3000000119
71752  -40.104  -21.443  -8.665 0.3000000119
139763  -35.649  -18.908  -4.801 0.3000000119
155792  -36.982  -18.845  -3.765 0.3000000119
72758  -40.135  -20.491  -8.675 0.3000000119
72772  -39.589  -20.819  -9.226 0.3000000119
73725  -40.015  -19.639  -8.676 0.3000000119
73737  -39.418  -19.353  -9.251 0.3000000119
138397  -38.574  -18.018  -9.858 0.3000000119
69771  -39.993  -23.153  -4.449 0.3000000119
70719  -39.001  -22.313  -3.779 0.3000000119
70772  -40.968  -22.793  -6.198 0.3000000119
71689  -37.574  -21.802  -3.846 0.3000000119
156019  -39.492  -21.527  -3.885 0.3000000119
71691  -40.212  -21.816  -4.341 0.3000000119
137175  -40.832  -22.912  -7.095 0.3000000119
72693  -37.160  -20.499  -3.912 0.3000000119
73664  -38.067  -20.063  -3.574 0.3000000119
71730  -41.331  -21.094  -6.717 0.3000000119
75697  -36.216  -17.614  -4.262 0.3000000119
73652  -38.644  -19.252  -3.423 0.3000000119
74708  -36.269  -18.463  -4.303 0.3000000119
154580  -37.542  -18.416  -3.525 0.3000000119
74677  -38.286  -18.440  -3.348 0.3000000119
72748  -41.060  -20.502  -7.451 0.3000000119
139252  -40.603  -20.039  -8.116 0.3000000119
74743  -39.781  -18.747  -8.706 0.3000000119
74760  -39.185  -18.434  -9.327 0.3000000119
75752  -39.588  -17.724  -8.797 0.3000000119
70752  -40.931  -22.183  -5.380 0.3000000119
137157  -41.263  -21.783  -6.149 0.3000000119
147220  -40.290  -21.089  -4.275 0.3000000119
71692  -40.734  -21.594  -4.798 0.3000000119
71710  -41.216  -21.243  -5.470 0.3000000119
143751  -39.077  -19.990  -3.519 0.3000000119
72685  -39.677  -20.587  -3.803 0.3000000119
72695  -40.466  -20.238  -4.229 0.3000000119
72737  -41.441  -20.652  -5.997 0.3000000119
73653  -39.356  -19.312  -3.488 0.3000000119
73699  -41.278  -19.187  -6.611 0.3000000119
75688  -37.719  -17.628  -3.362 0.3000000119
74678  -39.216  -18.502  -3.307 0.3000000119
72686  -39.860  -19.768  -3.710 0.3000000119
73715  -40.971  -19.581  -7.421 0.3000000119
141715  -40.418  -19.120  -8.104 0.3000000119
74744  -40.204  -18.196  -8.170 0.3000000119
77801  -39.783  -15.716  -9.369 0.3000000119
76785  -39.920  -16.609  -8.668 0.3000000119
72716  -41.285  -20.451  -5.341 0.3000000119
76729  -36.210  -16.803  -4.228 0.3000000119
73665  -40.568  -19.367  -4.126 0.3000000119
73684  -41.116  -19.820  -4.834 0.3000000119
73700  -41.412  -19.758  -5.751 0.3000000119
76718  -37.515  -16.676  -3.309 0.3000000119
76719  -38.261  -16.890  -2.997 0.3000000119
75689  -38.669  -17.680  -3.124 0.3000000119
148752  -40.581  -18.512  -3.956 0.3000000119
74709  -41.101  -18.801  -4.751 0.3000000119
74722  -41.286  -17.831  -6.150 0.3000000119
74737  -40.807  -18.545  -7.386 0.3000000119
75726  -41.137  -17.070  -6.546 0.3000000119
75725  -40.952  -17.738  -6.961 0.3000000119
77753  -41.084  -15.565  -7.007 0.3000000119
76757  -41.034  -16.337  -6.874 0.3000000119
75753  -40.088  -17.423  -8.237 0.3000000119
78751  -40.886  -15.031  -7.768 0.3000000119
76770  -40.627  -16.149  -7.752 0.3000000119
76730  -36.779  -16.220  -3.681 0.3000000119
138810  -37.461  -15.991  -3.272 0.3000000119
76688  -37.964  -16.161  -2.891 0.3000000119
75690  -39.703  -16.806  -3.145 0.3000000119
155099  -40.332  -16.691  -3.517 0.3000000119
74692  -40.951  -17.882  -4.397 0.3000000119
74710  -41.290  -17.927  -5.232 0.3000000119
76720  -40.118  -16.071  -3.217 0.3000000119
75700  -41.222  -17.132  -4.808 0.3000000119
158776  -41.397  -15.205  -5.477 0.3000000119
76742  -41.308  -16.432  -6.123 0.3000000119
75708  -41.322  -17.136  -5.699 0.3000000119
78737  -41.355  -15.168  -6.238 0.3000000119
77754  -41.265  -15.852  -6.416 0.3000000119
77784  -40.376  -15.534  -8.643 0.3000000119
151452  -41.219  -14.865  -6.928 0.3000000119
78790  -39.467  -15.124  -9.978 0.3000000119
78791  -40.100  -14.790  -9.510 0.3000000119
154491  -39.414  -14.440  -10.330 0.3000000119
77721  -37.159  -15.324  -3.365 0.3000000119
77690  -37.743  -15.593  -2.985 0.3000000119
76689  -38.632  -16.193  -2.729 0.3000000119
77692  -38.961  -15.460  -2.631 0.3000000119
77722  -39.767  -15.353  -2.936 0.3000000119
76721  -40.703  -16.149  -3.812 0.3000000119
77734  -41.365  -15.677  -4.992 0.3000000119
76731  -41.146  -16.325  -4.492 0.3000000119
146310  -40.534  -13.976  -9.150 0.3000000119
79685  -40.380  -13.087  -9.650 0.3000000119
77691  -38.256  -15.531  -2.702 0.3000000119
38728  -28.016  -54.371  -19.405 0.4000000060
157130  -20.943  -51.710  -10.920 0.3000000119
40874  -23.559  -52.306  -9.439 0.4000000060
44900  -23.761  -48.672  -9.405 0.4000000060
54125  -32.370  -39.839  -3.063 0.3000000119
58743  -37.130  -33.979  -4.626 0.3000000119
65776  -36.561  -27.911  -4.579 0.3000000119
63561  -39.361  -29.252  -6.332 0.3000000119
69871  -36.835  -23.468  -10.969 0.4000000060
70748  -34.512  -22.592  -5.544 0.3000000119
72734  -33.224  -20.889  -6.862 0.3000000119
73698  -34.018  -19.756  -6.382 0.3000000119
143710  -39.710  -27.157  -6.750 0.3000000119
40885  -21.222  -52.310  -10.718 0.4000000060
133121  -20.911  -53.098  -10.626 0.4000000060
135361  -21.564  -53.140  -10.451 0.4000000060
159167  -22.897  -52.589  -9.774 0.4000000060
42951  -21.349  -49.766  -11.328 0.3000000119
152282  -37.164  -28.394  -4.597 0.3000000119
155315  -38.040  -26.121  -4.352 0.3000000119
69785  -34.830  -23.484  -5.142 0.3000000119
157015  -40.027  -22.903  -8.370 0.3000000119
67706  -36.535  -25.693  -4.368 0.3000000119
67747  -39.338  -25.356  -8.225 0.3000000119
141742  -36.215  -24.052  -4.373 0.3000000119
68771  -37.798  -24.791  -4.101 0.3000000119
74706  -34.478  -18.951  -5.974 0.3000000119
74720  -33.911  -18.917  -6.575 0.3000000119
68755  -40.065  -23.833  -4.760 0.3000000119
68753  -38.139  -24.024  -3.906 0.3000000119
134748  -39.241  -23.948  -4.216 0.3000000119
152538  -39.764  -24.570  -4.803 0.3000000119
70729  -37.518  -23.220  -3.924 0.3000000119
71753  -40.715  -21.751  -7.955 0.3000000119
146547  -41.133  -22.058  -7.095 0.3000000119
72692  -36.488  -20.107  -4.308 0.3000000119
70731  -39.780  -22.379  -4.158 0.3000000119
69807  -40.668  -23.582  -6.698 0.3000000119
71690  -38.470  -21.671  -3.709 0.3000000119
72736  -41.335  -20.129  -6.670 0.3000000119
144614  -35.587  -18.016  -4.807 0.3000000119
72684  -38.787  -20.817  -3.649 0.3000000119
160423  -41.387  -21.198  -6.082 0.3000000119
137728  -41.363  -18.742  -5.747 0.3000000119
73654  -39.952  -18.966  -3.591 0.3000000119
75740  -40.502  -17.634  -7.669 0.3000000119
75660  -39.004  -16.906  -2.884 0.3000000119
142424  -39.445  -17.583  -3.194 0.3000000119
74691  -40.543  -17.802  -3.829 0.3000000119
76690  -39.351  -16.148  -2.814 0.3000000119
75699  -40.788  -17.057  -4.005 0.3000000119
145432  -40.934  -14.101  -8.160 0.3000000119
77723  -40.538  -15.249  -3.540 0.3000000119
78682  -40.654  -14.346  -3.683 0.3000000119
40892  -20.741  -52.345  -10.655 0.4000000060
50043  -33.827  -43.323  -17.805 0.4000000060
35561  -19.149  -57.358  -15.150 0.3000000119
35577  -19.128  -56.779  -15.742 0.3000000119
34566  -19.234  -58.164  -14.394 0.3000000119
36569  -20.169  -55.818  -15.488 0.3000000119
43898  -22.408  -48.997  -10.806 0.3000000119
46023  -22.818  -47.628  -10.114 0.3000000119
38625  -21.437  -54.729  -10.411 0.3000000119
39750  -22.438  -53.250  -9.964 0.3000000119
40886  -22.120  -52.259  -10.348 0.3000000119
38626  -22.291  -54.893  -10.060 0.3000000119
39762  -20.633  -53.824  -10.396 0.3000000119
39763  -21.137  -53.905  -10.550 0.3000000119
154849  -34.037  -43.906  -18.107 0.3000000119
32585  -27.727  -60.476  -16.407 0.4000000060
35534  -25.768  -57.797  -11.590 0.6000000238
35562  -19.559  -56.635  -15.164 0.5000000000
35596  -29.423  -57.188  -16.412 0.6000000238
35613  -28.815  -57.305  -17.752 0.6000000238
36516  -27.763  -56.293  -9.991 0.6000000238
36533  -25.979  -57.213  -10.235 0.6000000238
36583  -19.553  -56.193  -15.760 0.3000000119
36593  -20.004  -55.766  -16.102 0.4000000060
36605  -21.289  -56.142  -17.128 0.4000000060
37496  -28.187  -55.377  -9.174 0.6000000238
37515  -25.051  -55.732  -9.239 0.5000000000
37582  -23.083  -54.156  -14.363 0.6000000238
37599  -20.943  -55.246  -15.419 0.5000000000
37608  -20.749  -55.238  -15.802 0.5000000000
37610  -22.074  -54.467  -16.185 0.5000000000
37611  -22.792  -54.310  -16.105 0.6000000238
38592  -25.188  -54.052  -8.694 0.5000000000
38597  -29.897  -54.099  -8.796 0.6000000238
38616  -30.329  -53.984  -9.213 0.6999999881
38651  -26.477  -53.978  -12.757 0.6000000238
38676  -21.908  -54.243  -15.240 0.5000000000
38693  -22.926  -53.816  -15.355 0.4000000060
38695  -30.111  -54.194  -15.135 0.6999999881
38703  -21.917  -54.235  -15.649 0.5000000000
38718  -27.623  -54.494  -18.574 0.6000000238
38729  -28.993  -54.292  -19.600 0.4000000060
39764  -21.901  -54.025  -10.234 0.3000000119
40845  -30.969  -52.330  -8.006 0.8000000119
40862  -26.684  -52.578  -8.056 0.6000000238
40946  -28.902  -52.385  -15.920 0.6999999881
40958  -27.218  -52.430  -16.933 0.6999999881
40972  -27.107  -52.069  -17.471 0.6999999881
40975  -28.948  -52.298  -18.523 0.6999999881
41867  -29.108  -51.739  -7.320 0.8000000119
41869  -30.801  -51.765  -7.563 0.8000000119
41884  -25.401  -51.608  -8.516 0.6000000238
41915  -20.914  -50.968  -11.154 0.3000000119
41972  -26.631  -51.056  -16.148 0.6999999881
41985  -26.602  -51.454  -16.885 0.6999999881
41986  -30.043  -50.909  -16.936 0.6999999881
41988  -31.815  -51.368  -16.427 0.6000000238
42880  -29.297  -50.332  -6.859 0.8000000119
42882  -31.104  -50.468  -6.929 0.8000000119
42992  -26.334  -49.897  -15.553 0.6999999881
43006  -26.414  -50.461  -16.160 0.6999999881
43032  -27.360  -50.821  -17.349 0.6999999881
43943  -28.925  -49.673  -13.383 0.6999999881
43972  -32.217  -49.403  -15.670 0.6000000238
43986  -26.786  -49.725  -16.593 0.6999999881
43989  -30.988  -49.966  -15.807 0.6999999881
44891  -26.418  -48.776  -7.810 0.5000000000
44892  -32.962  -48.827  -8.804 0.8000000119
44910  -22.528  -48.297  -10.595 0.3000000119
44928  -29.507  -48.415  -11.932 0.8000000119
44961  -26.300  -48.059  -14.231 0.6999999881
45977  -32.075  -47.154  -5.752 0.6999999881
45992  -28.778  -47.399  -6.459 0.6000000238
46016  -23.539  -47.888  -9.480 0.4000000060
46039  -30.420  -47.525  -11.556 0.8000000119
46050  -26.952  -47.235  -13.507 0.6999999881
46051  -27.466  -47.131  -13.141 0.8000000119
46892  -31.556  -46.504  -5.395 0.6999999881
46903  -27.787  -46.301  -6.887 0.5000000000
46919  -25.547  -46.263  -8.214 0.3000000119
46927  -32.807  -46.947  -9.695 0.8000000119
46998  -30.089  -46.923  -15.226 0.6999999881
47802  -33.857  -46.038  -7.858 0.6999999881
47824  -32.483  -45.679  -10.313 0.8000000119
47858  -28.802  -45.331  -12.840 0.8999999762
47894  -26.888  -45.001  -15.281 0.8000000119
47912  -33.320  -45.696  -17.552 0.5000000000
48807  -27.809  -44.854  -6.922 0.5000000000
48808  -29.011  -44.608  -6.022 0.5000000000
48881  -28.415  -43.902  -13.264 0.8999999762
48902  -26.506  -44.279  -14.469 0.8000000119
48927  -32.784  -44.358  -16.672 0.5000000000
49894  -32.422  -43.367  -4.456 0.6000000238
49903  -33.857  -43.695  -5.359 0.6999999881
49963  -31.768  -43.860  -11.396 0.8000000119
49989  -26.931  -43.830  -13.808 0.8000000119
50004  -26.619  -43.709  -14.239 0.8000000119
50015  -26.733  -43.777  -14.693 0.8000000119
50027  -30.343  -43.322  -15.235 0.8000000119
50028  -31.151  -43.542  -15.271 0.6999999881
50036  -32.686  -43.127  -16.026 0.5000000000
50984  -34.918  -42.574  -6.953 0.6999999881
50998  -34.904  -41.982  -7.496 0.6999999881
51038  -32.292  -42.646  -10.882 0.6999999881
51087  -27.024  -42.407  -14.574 0.8000000119
51092  -31.751  -42.473  -14.999 0.6000000238
51105  -33.971  -41.933  -17.633 0.4000000060
52189  -29.355  -41.820  -12.817 0.8000000119
52194  -27.139  -41.701  -13.868 1.0000000000
52202  -29.485  -41.115  -14.700 0.8000000119
52210  -28.118  -41.787  -14.933 0.8000000119
53185  -31.670  -40.342  -11.085 0.6999999881
53199  -28.157  -40.185  -12.838 0.8000000119
53213  -27.208  -40.384  -13.718 0.8000000119
53221  -27.707  -40.531  -14.514 0.8000000119
53236  -33.462  -39.725  -16.381 0.5000000000
53242  -34.415  -40.385  -17.176 0.4000000060
54160  -35.058  -39.224  -6.670 0.6999999881
54175  -32.990  -39.025  -8.733 0.6999999881
54211  -30.882  -39.034  -11.137 0.8000000119
54222  -29.487  -39.269  -12.093 0.8000000119
54229  -27.164  -39.246  -13.228 0.8000000119
54234  -27.039  -38.954  -13.498 0.8000000119
54241  -27.095  -39.219  -13.858 1.0000000000
54243  -28.786  -39.269  -14.372 0.8999999762
54244  -31.365  -39.543  -14.233 0.6999999881
55169  -34.032  -38.997  -7.728 0.6999999881
55189  -31.638  -38.164  -9.584 0.6999999881
55233  -31.780  -38.752  -14.390 0.6999999881
55240  -32.827  -38.163  -15.767 0.6000000238
55247  -33.639  -38.199  -16.377 0.6000000238
55248  -34.113  -38.658  -16.485 0.4000000060
56141  -29.494  -37.608  -11.518 0.8000000119
56142  -30.288  -37.769  -11.042 0.8000000119
56154  -27.221  -37.837  -13.558 0.8000000119
56155  -27.650  -37.881  -13.937 0.8999999762
56177  -33.015  -37.363  -16.256 0.6000000238
56971  -32.744  -36.223  -2.570 0.3000000119
57049  -27.903  -35.735  -12.094 0.8000000119
57053  -31.490  -36.241  -10.217 0.8000000119
57069  -27.061  -36.691  -13.003 0.8000000119
57083  -30.077  -36.482  -14.024 0.8999999762
57095  -31.939  -36.522  -15.199 0.6999999881
57112  -33.659  -36.637  -16.465 0.6000000238
57852  -31.594  -35.246  -3.218 0.3000000119
57906  -36.470  -35.007  -8.357 0.6000000238
57927  -29.364  -35.763  -11.316 0.8000000119
57928  -30.082  -35.787  -10.991 0.8000000119
57932  -34.243  -35.120  -10.351 0.8000000119
57947  -31.290  -35.045  -11.243 0.8000000119
57984  -31.750  -34.995  -15.162 0.6999999881
58000  -33.975  -35.109  -15.958 0.6000000238
58742  -35.965  -34.556  -3.583 0.3000000119
58806  -27.957  -35.001  -12.052 0.8000000119
58818  -27.602  -34.623  -12.627 0.8000000119
58835  -27.474  -34.558  -13.021 0.8000000119
58848  -27.718  -34.559  -13.308 0.8000000119
58862  -28.283  -34.678  -13.638 0.8000000119
58863  -29.808  -34.773  -14.225 0.8000000119
59773  -38.501  -32.769  -7.295 0.6000000238
59796  -27.611  -33.976  -12.920 0.8000000119
59798  -28.691  -34.067  -12.117 0.8000000119
59799  -30.092  -33.720  -12.217 0.8000000119
59813  -27.993  -33.522  -12.977 0.8000000119
59814  -31.789  -32.958  -12.430 0.8000000119
59816  -33.354  -32.809  -12.205 0.8000000119
59831  -28.303  -33.396  -13.252 0.8000000119
59868  -32.604  -33.345  -15.290 0.6000000238
59870  -34.079  -33.628  -15.516 0.6000000238
60667  -34.760  -32.492  -4.014 0.3000000119
60734  -37.042  -33.027  -9.605 0.6999999881
60742  -36.169  -32.322  -10.704 0.6999999881
60754  -29.403  -33.108  -12.593 0.8000000119
60755  -30.275  -32.946  -12.557 0.8000000119
60771  -28.937  -32.852  -12.937 0.8000000119
60788  -29.135  -32.766  -13.329 0.8000000119
60803  -29.518  -32.649  -13.841 0.8000000119
60816  -31.206  -32.011  -14.706 0.8000000119
60818  -33.483  -32.006  -15.434 0.6000000238
60819  -34.144  -32.250  -15.420 0.6999999881
61657  -38.656  -30.990  -9.045 0.6999999881
61688  -30.250  -31.904  -13.542 0.8000000119
61691  -33.053  -31.392  -13.081 0.8000000119
61693  -34.966  -31.188  -12.106 0.8000000119
61725  -30.786  -31.073  -14.655 0.8000000119
61727  -32.753  -31.414  -15.444 0.6000000238
61729  -34.322  -31.119  -15.375 0.6000000238
62606  -33.169  -30.622  -13.341 0.8000000119
62607  -34.099  -30.540  -12.913 0.8000000119
62641  -33.100  -30.606  -15.611 0.6000000238
62642  -33.883  -30.490  -15.556 0.6000000238
63543  -35.715  -29.832  -4.816 0.4000000060
63544  -37.434  -29.789  -4.740 0.3000000119
63587  -39.627  -29.327  -7.050 0.4000000060
63613  -36.606  -29.602  -11.349 0.6999999881
63641  -32.047  -29.255  -13.794 0.8000000119
63652  -30.495  -29.523  -14.596 0.8000000119
63660  -32.415  -28.992  -15.687 0.6000000238
63670  -31.651  -29.470  -15.504 0.8000000119
64637  -38.732  -28.530  -5.285 0.3000000119
64723  -30.587  -28.558  -14.691 0.8000000119
64754  -30.672  -28.409  -15.131 0.8000000119
64755  -31.254  -28.346  -15.448 0.6999999881
65858  -34.827  -27.382  -12.881 0.6999999881
65872  -30.831  -28.100  -14.483 0.6999999881
65873  -31.190  -27.363  -14.359 0.6999999881
65874  -32.916  -26.982  -13.838 0.6999999881
65894  -30.505  -27.415  -14.974 0.6999999881
65897  -34.470  -27.177  -15.419 0.5000000000
65905  -32.366  -26.859  -15.702 0.6000000238
65906  -32.974  -26.506  -15.711 0.6000000238
66767  -39.532  -27.055  -5.778 0.3000000119
66862  -30.546  -26.071  -15.137 0.6999999881
66864  -34.224  -26.499  -15.484 0.5000000000
66871  -30.968  -26.708  -15.371 0.6999999881
67784  -34.445  -25.166  -12.459 0.6000000238
67815  -30.303  -24.868  -14.971 0.6999999881
67830  -30.404  -25.060  -15.083 0.6999999881
67831  -33.489  -25.329  -15.625 0.6000000238
67847  -30.816  -25.243  -15.432 0.6999999881
67848  -31.552  -25.533  -15.625 0.6999999881
68809  -40.108  -24.930  -7.056 0.3000000119
68835  -36.560  -25.022  -10.749 0.5000000000
68858  -34.907  -24.679  -12.049 0.6000000238
68893  -30.388  -24.269  -14.856 0.6999999881
68924  -32.312  -24.129  -15.771 0.5000000000
69758  -38.717  -22.766  -3.770 0.3000000119
69787  -40.545  -23.183  -5.218 0.3000000119
69822  -39.977  -24.307  -7.719 0.3000000119
69881  -33.668  -23.653  -12.780 0.6000000238
69896  -30.552  -23.554  -14.712 0.6999999881
69915  -30.408  -23.695  -15.079 0.6999999881
69930  -30.484  -23.866  -15.216 0.6999999881
70747  -33.810  -22.670  -5.948 0.4000000060
70797  -40.278  -22.193  -8.353 0.3000000119
70879  -30.874  -22.197  -15.038 0.6000000238
70896  -30.997  -22.321  -15.357 0.6999999881
70907  -31.432  -22.061  -15.975 0.6999999881
70910  -33.680  -22.534  -16.021 0.5000000000
71705  -33.999  -21.995  -6.007 0.3000000119
71741  -41.041  -21.269  -7.488 0.3000000119
71783  -37.978  -20.976  -10.764 0.3000000119
72694  -37.840  -21.030  -3.743 0.3000000119
72714  -36.587  -20.753  -4.323 0.3000000119
72715  -40.920  -20.746  -4.798 0.3000000119
72747  -32.944  -20.411  -7.189 0.3000000119
72791  -38.016  -20.150  -10.695 0.4000000060
72844  -31.323  -20.907  -15.102 0.5000000000
72871  -32.134  -20.544  -16.347 0.5000000000
73662  -36.378  -19.298  -4.318 0.3000000119
73724  -39.669  -20.089  -9.127 0.3000000119
73756  -37.495  -19.612  -11.141 0.3000000119
73801  -32.440  -19.422  -14.703 0.5000000000
73803  -34.353  -19.044  -13.983 0.5000000000
73836  -31.735  -19.850  -16.140 0.5000000000
73838  -33.227  -19.459  -16.590 0.5000000000
74679  -40.036  -18.136  -3.494 0.3000000119
74832  -34.546  -18.182  -13.818 0.5000000000
74841  -31.763  -18.908  -15.669 0.5000000000
74850  -31.745  -19.134  -16.035 0.5000000000
75691  -40.182  -17.359  -3.486 0.3000000119
75698  -36.840  -17.178  -3.664 0.3000000119
75707  -35.626  -17.133  -4.755 0.3000000119
75788  -38.055  -17.388  -10.384 0.4000000060
75828  -36.055  -16.930  -12.135 0.4000000060
75848  -32.439  -17.277  -15.356 0.5000000000
75854  -32.229  -17.321  -15.814 0.5000000000
76732  -41.352  -16.415  -5.307 0.3000000119
76799  -39.407  -16.324  -9.448 0.4000000060
77733  -41.084  -15.509  -4.244 0.3000000119
77743  -41.383  -15.785  -5.768 0.3000000119
77821  -38.668  -14.734  -10.673 0.5000000000
77838  -37.297  -14.224  -11.781 0.4000000060
78772  -40.604  -14.711  -8.642 0.3000000119
81487  -39.750  -11.337  -10.736 0.3000000119
133943  -19.471  -57.403  -14.681 0.4000000060
134195  -32.337  -18.711  -16.340 0.5000000000
135261  -28.976  -34.910  -13.881 0.8000000119
135268  -30.751  -25.832  -14.543 0.6999999881
135783  -32.552  -45.027  -16.519 0.5000000000
136122  -39.031  -31.099  -8.415 0.6000000238
136496  -39.699  -24.941  -7.767 0.3000000119
136823  -31.531  -22.831  -14.079 0.5000000000
137076  -34.367  -23.631  -15.543 0.6000000238
137106  -31.223  -42.093  -12.032 0.8000000119
137186  -26.247  -45.808  -14.560 0.8000000119
137556  -36.687  -30.105  -4.651 0.3000000119
137574  -30.564  -26.941  -15.084 0.6999999881
137904  -37.640  -29.020  -10.551 0.6000000238
138393  -27.211  -45.832  -13.448 0.8000000119
138450  -34.680  -25.013  -15.258 0.6000000238
138798  -40.740  -16.973  -7.296 0.3000000119
138970  -29.091  -39.940  -14.479 0.8000000119
139886  -30.531  -29.501  -14.929 0.8000000119
140518  -28.610  -48.771  -6.717 0.6999999881
140616  -34.725  -30.860  -4.870 0.3000000119
141029  -29.996  -49.029  -6.363 0.6999999881
141228  -34.007  -42.200  -4.643 0.6999999881
141286  -36.071  -23.110  -4.542 0.3000000119
141750  -33.045  -23.809  -15.801 0.6000000238
142180  -31.899  -22.681  -16.022 0.6999999881
142222  -35.331  -27.886  -12.564 0.6999999881
142616  -32.583  -35.424  -10.678 0.8000000119
142673  -31.632  -27.825  -15.594 0.6999999881
143128  -33.984  -37.118  -16.485 0.6000000238
143277  -36.883  -18.043  -3.706 0.3000000119
143384  -34.775  -22.824  -12.471 0.5000000000
143670  -26.826  -45.886  -15.360 0.8000000119
144051  -37.753  -21.884  -10.791 0.4000000060
144262  -34.046  -19.951  -13.972 0.5000000000
144383  -36.354  -22.114  -11.936 0.5000000000
144428  -31.840  -46.863  -10.775 0.8000000119
144461  -34.118  -25.745  -12.983 0.6000000238
144713  -33.979  -16.549  -14.204 0.4000000060
144777  -32.442  -34.899  -15.563 0.6999999881
144894  -32.616  -22.609  -16.140 0.6000000238
145196  -28.125  -46.828  -12.734 0.8999999762
145447  -27.603  -43.686  -13.508 0.8999999762
145928  -31.629  -23.944  -13.711 0.6000000238
146005  -27.256  -36.776  -12.700 0.8000000119
146208  -25.740  -47.885  -15.341 0.6999999881
146580  -32.244  -52.563  -17.278 0.5000000000
146797  -40.349  -16.953  -7.926 0.3000000119
146853  -27.091  -36.007  -13.005 0.8000000119
147481  -27.484  -55.785  -19.409 0.4000000060
147540  -36.353  -35.933  -5.406 0.4000000060
147709  -32.090  -27.633  -14.067 0.6999999881
148090  -33.633  -27.840  -15.697 0.5000000000
148325  -25.218  -50.781  -8.604 0.5000000000
148722  -32.049  -32.752  -15.006 0.6000000238
149908  -33.127  -37.212  -8.549 0.6999999881
150152  -37.969  -33.584  -6.653 0.5000000000
151226  -33.862  -36.180  -9.416 0.6999999881
151271  -34.908  -33.660  -10.887 0.8000000119
151685  -32.250  -50.025  -9.710 0.6999999881
152221  -34.432  -31.022  -12.522 0.8000000119
152257  -27.774  -40.904  -13.119 0.8000000119
152274  -41.015  -14.821  -4.073 0.3000000119
152532  -34.361  -26.893  -5.188 0.4000000060
152993  -32.843  -32.467  -12.559 0.8000000119
153259  -39.815  -26.472  -6.298 0.3000000119
155377  -38.325  -22.143  -10.260 0.3000000119
156805  -36.135  -16.150  -4.278 0.3000000119
156845  -34.530  -31.270  -4.758 0.3000000119
156848  -28.012  -48.816  -13.418 0.6999999881
156965  -32.006  -37.035  -9.219 0.8000000119
157095  -33.310  -38.587  -16.166 0.6000000238
157317  -32.337  -47.483  -6.114 0.6999999881
157558  -26.416  -45.998  -13.977 0.8000000119
157709  -34.218  -38.422  -16.358 0.4000000060
157959  -33.370  -26.823  -15.666 0.6000000238
158743  -31.941  -43.053  -4.296 0.5000000000
158752  -41.303  -19.287  -5.244 0.3000000119
158787  -34.291  -36.147  -2.569 0.3000000119
158888  -27.462  -37.972  -12.679 0.8000000119
159025  -33.060  -26.318  -13.675 0.6000000238
159069  -34.353  -25.436  -15.401 0.6000000238
159076  -29.670  -40.741  -12.500 0.8000000119
159288  -31.901  -51.164  -8.100 0.8000000119
159327  -27.348  -56.523  -11.430 0.6999999881
159647  -29.952  -38.063  -11.395 0.8000000119
159715  -29.429  -54.922  -9.614 0.6999999881
159781  -30.441  -30.352  -14.156 0.8000000119
160182  -41.196  -18.403  -6.592 0.3000000119
160230  -22.166  -55.902  -14.463 0.6000000238
