#!ascii label  , from subject sub-v1s17x0050237_ses-1 vox2ras=TkReg
808
25370  -38.955  -67.936  -25.499 0.5000000000
24231  -37.871  -68.642  -23.784 0.8000000119
25334  -35.535  -67.737  -22.606 0.8000000119
25354  -37.211  -68.466  -22.835 0.8000000119
159614  -37.912  -68.041  -23.024 0.8000000119
25382  -39.502  -67.613  -26.251 0.5000000000
149184  -38.595  -68.222  -24.445 0.5000000000
25355  -38.470  -67.818  -23.595 0.6000000238
26417  -34.875  -66.572  -21.869 0.6999999881
25318  -35.895  -67.346  -21.715 0.6999999881
25336  -37.546  -67.547  -22.364 0.8000000119
151289  -38.272  -67.446  -22.896 0.6999999881
25391  -39.915  -67.362  -26.466 0.6000000238
25371  -39.465  -67.071  -25.550 0.5000000000
26430  -39.445  -66.487  -24.554 0.6000000238
28639  -34.498  -64.994  -23.636 0.6999999881
26441  -38.980  -67.393  -24.496 0.6000000238
27508  -34.348  -65.443  -22.386 0.6999999881
136523  -34.580  -66.311  -22.539 0.6999999881
25319  -36.773  -67.190  -21.681 0.6999999881
26429  -38.849  -66.833  -23.434 0.6000000238
27527  -39.388  -65.836  -23.660 0.6000000238
26418  -37.591  -66.678  -21.865 0.8000000119
26419  -38.269  -66.776  -22.491 0.8000000119
27526  -38.807  -65.981  -22.760 0.6999999881
25392  -40.425  -66.729  -26.682 0.4000000060
147814  -39.741  -66.246  -25.621 0.6000000238
28627  -34.381  -64.527  -22.798 0.6999999881
28640  -39.670  -64.926  -23.844 0.6000000238
28610  -34.032  -64.678  -21.709 0.6999999881
146815  -34.536  -65.943  -21.680 0.6999999881
26403  -35.414  -66.613  -21.369 0.6999999881
26404  -36.161  -66.722  -21.196 0.6999999881
26405  -36.977  -66.388  -21.322 0.6000000238
27510  -38.614  -65.201  -22.263 0.6999999881
29664  -38.705  -63.564  -22.068 0.5000000000
26391  -35.750  -66.145  -20.806 0.6000000238
27495  -37.217  -65.447  -21.126 0.6000000238
27496  -37.990  -65.267  -21.655 0.6000000238
28612  -37.720  -64.510  -21.264 0.6000000238
28599  -37.055  -64.613  -20.712 0.6000000238
29647  -37.486  -63.766  -20.841 0.5000000000
27553  -41.057  -65.499  -26.856 0.4000000060
27549  -40.188  -65.610  -26.184 0.5000000000
30625  -34.678  -62.706  -23.379 0.6999999881
27542  -40.310  -64.864  -25.550 0.6000000238
154896  -40.058  -64.675  -24.639 0.6000000238
28611  -34.237  -65.236  -21.305 0.6999999881
27471  -34.883  -65.368  -20.437 0.6999999881
28629  -39.514  -64.286  -23.172 0.5000000000
29665  -39.273  -63.590  -22.692 0.6000000238
27481  -35.433  -65.609  -20.517 0.6999999881
27483  -36.611  -65.291  -20.641 0.6000000238
29648  -38.107  -63.610  -21.426 0.5000000000
30615  -38.505  -62.618  -21.626 0.5000000000
29630  -36.817  -63.895  -20.314 0.5000000000
31649  -35.861  -61.741  -26.717 0.6000000238
32678  -36.124  -60.847  -25.646 0.6000000238
28663  -41.680  -64.965  -26.499 0.5000000000
28658  -41.571  -64.127  -26.281 0.5000000000
30638  -35.270  -62.429  -24.759 0.6999999881
27552  -40.728  -65.247  -26.574 0.5000000000
28657  -40.781  -64.483  -26.157 0.5000000000
29697  -41.073  -63.612  -25.813 0.4000000060
29663  -34.519  -63.632  -23.099 0.6999999881
28650  -40.491  -64.009  -25.062 0.5000000000
29662  -34.012  -63.916  -22.061 0.6999999881
28595  -33.941  -64.552  -20.823 0.6999999881
29675  -40.322  -63.323  -24.149 0.5000000000
28583  -34.665  -64.718  -19.975 0.6999999881
28597  -35.467  -64.937  -20.067 0.6000000238
134625  -39.545  -62.992  -22.897 0.5000000000
28598  -36.320  -64.745  -20.266 0.6000000238
30626  -39.091  -62.833  -22.369 0.5000000000
29616  -35.378  -63.605  -19.328 0.5000000000
30597  -36.715  -63.114  -19.944 0.5000000000
140839  -37.261  -63.180  -20.466 0.5000000000
30614  -37.810  -62.890  -20.939 0.5000000000
31607  -38.716  -61.602  -21.474 0.3000000119
30668  -42.672  -62.139  -26.065 0.3000000119
32699  -34.940  -60.981  -27.056 0.6000000238
31650  -36.129  -61.037  -26.894 0.6000000238
29698  -41.666  -63.318  -26.065 0.4000000060
30667  -42.069  -62.674  -25.981 0.4000000060
139248  -34.851  -61.909  -23.662 0.6000000238
30651  -41.203  -62.584  -24.938 0.5000000000
30624  -34.124  -62.988  -22.282 0.6999999881
30613  -33.727  -63.382  -21.363 0.6999999881
30639  -40.020  -62.750  -23.417 0.5000000000
28582  -34.037  -64.278  -20.021 0.5000000000
30627  -39.617  -62.341  -22.756 0.5000000000
160461  -34.520  -64.147  -19.633 0.5000000000
31616  -39.735  -61.576  -22.580 0.4000000060
30616  -39.146  -62.007  -22.119 0.3000000119
31608  -39.324  -61.188  -21.934 0.4000000060
30598  -37.402  -62.349  -20.288 0.5000000000
30599  -38.103  -61.992  -20.931 0.4000000060
32691  -35.523  -60.296  -26.744 0.6000000238
32692  -36.087  -60.483  -26.748 0.6000000238
32663  -35.587  -60.530  -24.461 0.6000000238
31615  -34.801  -61.168  -23.373 0.6000000238
31637  -41.286  -62.002  -24.579 0.3000000119
30640  -40.663  -62.469  -24.176 0.4000000060
31614  -34.261  -61.967  -22.475 0.6000000238
31627  -41.418  -61.258  -24.290 0.3000000119
140337  -33.749  -62.525  -21.442 0.6000000238
29629  -33.681  -63.771  -20.486 0.6999999881
32665  -40.943  -60.854  -23.532 0.3000000119
31625  -40.197  -61.975  -23.288 0.3000000119
156720  -33.544  -63.000  -20.742 0.6000000238
32651  -40.515  -60.483  -22.795 0.3000000119
31617  -40.339  -61.215  -23.050 0.3000000119
135265  -33.492  -62.277  -19.656 0.5000000000
30584  -33.800  -62.944  -19.306 0.5000000000
29603  -34.393  -63.123  -18.972 0.5000000000
32632  -39.381  -60.103  -21.062 0.3000000119
32650  -39.909  -60.830  -22.374 0.3000000119
29604  -35.127  -63.127  -18.891 0.5000000000
30585  -35.970  -62.936  -19.321 0.5000000000
32631  -38.754  -60.444  -20.594 0.3000000119
30575  -34.687  -62.532  -18.568 0.5000000000
157983  -37.754  -61.119  -19.948 0.4000000060
32630  -38.155  -60.830  -20.193 0.3000000119
33671  -35.157  -59.596  -26.234 0.5000000000
33664  -36.077  -59.838  -26.259 0.6000000238
32664  -36.267  -59.874  -25.554 0.5000000000
31606  -34.254  -61.004  -22.156 0.6000000238
32639  -34.363  -60.214  -21.929 0.5000000000
33646  -40.735  -59.773  -22.486 0.3000000119
31605  -33.775  -61.664  -21.298 0.6000000238
33627  -40.667  -58.837  -21.311 0.3000000119
33635  -40.373  -59.511  -21.750 0.3000000119
136818  -33.515  -62.327  -20.549 0.6000000238
30574  -34.059  -62.559  -18.740 0.5000000000
31573  -35.168  -61.833  -18.206 0.5000000000
31587  -37.258  -61.581  -19.677 0.4000000060
31575  -36.907  -61.157  -18.885 0.4000000060
135109  -36.352  -58.962  -25.610 0.5000000000
138909  -36.483  -58.943  -24.983 0.5000000000
33645  -35.799  -58.838  -23.506 0.5000000000
33654  -35.691  -59.660  -24.112 0.5000000000
33644  -34.950  -59.606  -22.709 0.5000000000
35686  -42.037  -57.861  -22.096 0.3000000119
34642  -41.336  -58.370  -21.688 0.3000000119
32638  -33.851  -60.734  -20.997 0.6000000238
31597  -33.506  -61.531  -20.256 0.6000000238
31586  -33.450  -61.513  -19.309 0.5000000000
138335  -34.176  -61.872  -18.278 0.5000000000
32620  -38.444  -60.170  -19.851 0.4000000060
32608  -37.319  -60.388  -18.622 0.4000000060
34671  -36.741  -58.098  -25.119 0.5000000000
34661  -36.585  -58.344  -24.525 0.5000000000
35687  -42.711  -57.213  -22.641 0.4000000060
35673  -42.306  -57.156  -21.643 0.4000000060
33633  -34.110  -59.966  -21.150 0.5000000000
35672  -41.669  -57.675  -21.286 0.4000000060
34633  -41.053  -58.143  -20.886 0.3000000119
160574  -34.476  -59.603  -21.680 0.4000000060
34632  -40.383  -58.544  -20.525 0.3000000119
33632  -33.817  -60.072  -20.502 0.5000000000
32629  -33.513  -60.684  -19.827 0.4000000060
31572  -33.671  -61.388  -18.535 0.4000000060
32607  -36.457  -60.748  -18.165 0.4000000060
35701  -37.021  -57.499  -24.944 0.5000000000
34662  -36.869  -57.718  -24.346 0.5000000000
156705  -36.299  -58.158  -23.600 0.5000000000
36659  -42.811  -56.507  -21.980 0.4000000060
34651  -34.947  -58.977  -22.042 0.5000000000
34652  -35.600  -58.167  -22.400 0.4000000060
35655  -41.996  -57.100  -20.938 0.4000000060
35654  -41.418  -57.406  -20.548 0.4000000060
34641  -34.868  -58.428  -21.420 0.4000000060
35653  -40.762  -57.800  -20.149 0.4000000060
135444  -33.656  -59.771  -19.807 0.4000000060
32606  -33.557  -60.555  -18.341 0.4000000060
32595  -33.834  -60.295  -17.676 0.4000000060
31563  -34.675  -61.174  -17.760 0.4000000060
32596  -34.424  -60.523  -17.430 0.4000000060
32598  -35.975  -60.356  -17.442 0.4000000060
33607  -37.704  -59.664  -18.275 0.4000000060
33606  -36.880  -60.060  -17.825 0.4000000060
36667  -37.138  -56.567  -24.231 0.5000000000
35685  -37.031  -57.105  -23.827 0.4000000060
37664  -42.854  -55.831  -21.456 0.4000000060
36642  -42.430  -56.522  -21.120 0.4000000060
35684  -36.397  -57.595  -23.142 0.5000000000
35671  -35.884  -57.372  -22.027 0.4000000060
33625  -34.200  -59.159  -20.769 0.4000000060
35640  -41.175  -57.056  -19.824 0.4000000060
34630  -33.811  -59.082  -19.725 0.4000000060
33617  -33.525  -59.400  -18.960 0.4000000060
33608  -38.445  -59.259  -18.668 0.3000000119
32597  -35.136  -60.529  -17.319 0.4000000060
36657  -37.138  -56.367  -23.356 0.4000000060
140856  -36.791  -56.313  -22.442 0.5000000000
36650  -36.204  -56.668  -21.732 0.4000000060
146687  -42.490  -55.847  -20.621 0.4000000060
35652  -35.537  -57.103  -21.046 0.4000000060
35670  -35.216  -57.773  -21.334 0.4000000060
35651  -34.958  -57.483  -20.610 0.4000000060
146092  -34.610  -58.130  -20.670 0.4000000060
35637  -34.045  -57.961  -19.341 0.4000000060
34613  -33.597  -58.746  -18.329 0.4000000060
33594  -33.741  -59.636  -17.531 0.4000000060
33595  -34.200  -59.914  -17.129 0.4000000060
33597  -37.285  -59.374  -17.486 0.4000000060
33584  -35.488  -59.819  -16.832 0.4000000060
33596  -36.415  -59.679  -17.114 0.4000000060
37669  -37.292  -55.707  -22.826 0.4000000060
36640  -36.655  -55.828  -21.669 0.4000000060
36639  -35.841  -56.345  -20.791 0.4000000060
36638  -35.033  -56.842  -20.078 0.4000000060
35638  -34.484  -57.642  -19.959 0.4000000060
35628  -33.787  -57.980  -18.584 0.4000000060
34614  -38.106  -58.996  -17.892 0.4000000060
35615  -33.675  -58.158  -17.688 0.4000000060
33582  -33.981  -59.226  -16.918 0.4000000060
35597  -33.836  -58.428  -16.898 0.4000000060
33583  -34.717  -59.527  -16.642 0.4000000060
34590  -35.417  -58.974  -16.226 0.4000000060
37662  -37.353  -55.097  -22.297 0.4000000060
37654  -36.150  -55.547  -20.559 0.4000000060
37640  -35.227  -55.638  -19.237 0.4000000060
36623  -34.832  -56.280  -19.185 0.4000000060
37628  -34.813  -55.688  -18.525 0.4000000060
35629  -34.296  -57.183  -19.063 0.4000000060
35616  -33.876  -57.310  -17.977 0.4000000060
35598  -33.813  -57.577  -17.030 0.4000000060
34600  -36.841  -59.060  -16.780 0.3000000119
34581  -34.984  -58.214  -15.738 0.4000000060
33585  -36.090  -59.296  -16.551 0.4000000060
38748  -37.442  -54.430  -21.945 0.4000000060
38741  -37.000  -54.217  -20.995 0.4000000060
39870  -37.227  -53.359  -20.712 0.4000000060
37642  -36.359  -54.791  -20.284 0.4000000060
37641  -35.731  -55.260  -19.698 0.4000000060
36615  -34.340  -56.481  -18.275 0.4000000060
150073  -34.046  -56.698  -17.307 0.4000000060
34602  -38.433  -58.255  -17.569 0.4000000060
34601  -37.653  -58.691  -17.154 0.3000000119
147770  -34.191  -57.890  -16.238 0.4000000060
34582  -35.868  -58.257  -15.663 0.5000000000
35599  -36.734  -58.091  -15.795 0.4000000060
40992  -37.643  -52.431  -20.895 0.4000000060
143692  -37.025  -52.802  -19.955 0.4000000060
38735  -36.520  -54.044  -20.024 0.4000000060
39864  -36.645  -53.424  -19.750 0.4000000060
38734  -35.893  -54.548  -19.425 0.4000000060
145773  -34.119  -56.985  -16.393 0.4000000060
35584  -35.519  -57.593  -15.254 0.5000000000
40986  -37.876  -51.599  -21.135 0.4000000060
40985  -37.351  -51.986  -20.051 0.4000000060
152829  -36.875  -52.518  -19.458 0.4000000060
35583  -34.642  -57.230  -15.589 0.4000000060
36588  -35.221  -56.838  -14.961 0.5000000000
43063  -38.075  -50.177  -21.126 0.4000000060
42017  -37.811  -51.023  -20.630 0.4000000060
42016  -37.187  -51.275  -19.514 0.4000000060
36577  -35.002  -56.086  -14.842 0.5000000000
46128  -37.524  -47.419  -20.141 0.4000000060
44029  -38.007  -49.240  -21.087 0.4000000060
44013  -37.807  -48.721  -20.199 0.4000000060
141603  -38.043  -49.376  -20.673 0.4000000060
43048  -37.427  -49.598  -19.566 0.4000000060
133061  -36.818  -49.783  -18.505 0.5000000000
45054  -37.804  -48.175  -20.585 0.4000000060
30576  -35.519  -62.423  -18.694 0.5000000000
139521  -36.054  -61.460  -18.416 0.5000000000
32619  -37.705  -60.712  -19.497 0.4000000060
25352  -35.520  -68.326  -23.568 0.8000000119
140885  -34.567  -66.665  -23.568 0.6999999881
23254  -40.003  -68.569  -25.998 0.5000000000
27525  -34.419  -65.914  -23.505 0.6999999881
24275  -40.717  -68.230  -26.024 0.5000000000
26454  -41.020  -66.238  -26.983 0.4000000060
24291  -40.426  -67.423  -26.394 0.4000000060
29673  -34.680  -64.146  -23.874 0.6999999881
31635  -35.878  -61.677  -25.828 0.6999999881
26455  -41.755  -66.643  -26.366 0.4000000060
27550  -42.633  -65.381  -26.020 0.4000000060
31662  -35.354  -61.595  -27.088 0.6000000238
29699  -42.561  -63.508  -26.159 0.4000000060
33662  -34.247  -58.920  -25.368 0.5000000000
33663  -35.777  -58.905  -25.908 0.5000000000
34670  -36.236  -58.126  -25.432 0.5000000000
35700  -36.825  -57.546  -25.070 0.4000000060
37680  -37.243  -55.831  -24.033 0.4000000060
134127  -37.137  -55.305  -23.769 0.4000000060
36658  -37.351  -55.738  -23.604 0.4000000060
38754  -37.480  -54.434  -23.032 0.4000000060
38749  -37.582  -53.976  -22.452 0.4000000060
39871  -37.802  -52.821  -21.689 0.4000000060
40993  -37.946  -52.041  -21.714 0.4000000060
42030  -37.845  -51.409  -21.654 0.4000000060
43062  -37.896  -49.966  -21.393 0.4000000060
46127  -37.335  -47.311  -20.342 0.4000000060
24230  -36.869  -69.037  -23.575 0.8000000119
25335  -36.511  -67.905  -22.252 0.8000000119
26446  -39.927  -66.646  -26.442 0.5000000000
25317  -35.309  -67.093  -21.988 0.6999999881
26390  -35.126  -65.966  -20.871 0.6999999881
27541  -39.833  -65.507  -24.861 0.6000000238
27511  -39.219  -65.122  -22.965 0.6999999881
149531  -38.184  -65.996  -22.061 0.6999999881
28641  -39.998  -64.123  -23.996 0.6000000238
28628  -38.960  -64.371  -22.477 0.6000000238
28613  -38.380  -64.420  -21.831 0.6000000238
29674  -39.781  -63.505  -23.358 0.5000000000
31624  -35.442  -61.427  -24.615 0.6000000238
28659  -42.608  -64.484  -26.138 0.5000000000
30652  -41.661  -62.315  -25.327 0.3000000119
30586  -36.762  -62.381  -19.645 0.5000000000
32649  -34.852  -60.342  -23.110 0.6000000238
30573  -33.705  -62.153  -18.875 0.5000000000
31574  -36.359  -61.985  -19.012 0.5000000000
31564  -35.539  -61.033  -17.838 0.4000000060
31562  -33.975  -61.031  -17.907 0.4000000060
33618  -38.099  -59.965  -19.055 0.4000000060
32587  -34.803  -60.118  -16.982 0.4000000060
34599  -33.655  -58.939  -17.541 0.4000000060
37663  -37.561  -54.600  -22.643 0.4000000060
34589  -34.457  -58.749  -16.353 0.4000000060
21211  -27.940  -71.603  -28.244 0.4000000060
21212  -28.556  -71.409  -28.829 0.4000000060
21196  -29.215  -71.642  -28.307 0.4000000060
142851  -29.944  -72.270  -28.141 0.4000000060
160714  -29.426  -71.770  -26.918 0.4000000060
20171  -29.605  -71.921  -27.395 0.4000000060
20172  -30.249  -72.487  -27.195 0.4000000060
20155  -31.344  -72.845  -25.882 0.4000000060
19092  -33.367  -73.398  -26.658 0.5000000000
20139  -29.919  -71.940  -25.875 0.4000000060
20154  -30.479  -72.479  -26.279 0.4000000060
20156  -32.156  -72.943  -25.563 0.5000000000
19077  -33.026  -72.977  -25.760 0.6000000238
21139  -29.381  -71.534  -24.269 0.4000000060
21161  -29.947  -71.822  -24.942 0.4000000060
20125  -31.010  -72.184  -24.511 0.4000000060
20143  -33.928  -72.754  -26.287 0.5000000000
24292  -41.340  -67.825  -26.061 0.3000000119
25394  -41.907  -67.465  -26.022 0.4000000060
28660  -43.620  -65.065  -25.420 0.3000000119
22201  -39.203  -69.706  -25.557 0.5000000000
137614  -41.031  -69.115  -25.547 0.4000000060
21105  -30.621  -71.194  -22.413 0.4000000060
20141  -31.653  -72.633  -25.056 0.5000000000
20142  -32.665  -72.588  -25.007 0.5000000000
21122  -30.554  -71.531  -23.077 0.4000000060
21140  -30.306  -71.746  -23.962 0.4000000060
20158  -34.668  -72.350  -27.257 0.6000000238
21198  -35.490  -70.701  -28.915 0.6999999881
23236  -39.437  -68.915  -25.976 0.5000000000
21197  -35.172  -71.606  -28.438 0.6999999881
21200  -36.424  -70.506  -28.211 0.6999999881
22200  -38.172  -69.647  -25.741 0.6999999881
145802  -35.866  -70.307  -28.869 0.6999999881
22215  -36.716  -69.869  -27.630 0.6999999881
20126  -32.149  -72.291  -24.308 0.5000000000
21141  -33.122  -71.966  -24.471 0.6000000238
141669  -33.548  -72.323  -25.393 0.6000000238
155457  -34.170  -70.843  -26.566 0.6000000238
21106  -31.494  -71.309  -22.689 0.4000000060
135677  -32.243  -71.457  -23.279 0.5000000000
21125  -33.559  -71.047  -24.553 0.6000000238
21163  -34.280  -71.906  -26.199 0.6000000238
154410  -34.046  -69.798  -28.058 0.6000000238
22226  -34.782  -69.984  -28.910 0.6000000238
138044  -43.743  -64.233  -25.712 0.3000000119
21182  -34.665  -71.079  -27.597 0.6000000238
22228  -36.043  -69.720  -28.638 0.6999999881
23235  -38.614  -68.850  -25.881 0.6000000238
24274  -39.374  -68.308  -26.110 0.5000000000
23190  -32.053  -69.485  -22.176 0.6000000238
23191  -32.517  -69.679  -22.788 0.6000000238
23205  -32.883  -69.841  -23.538 0.6999999881
22186  -33.390  -70.130  -24.901 0.6000000238
22198  -33.575  -70.232  -25.894 0.6000000238
23250  -34.187  -69.149  -28.665 0.6000000238
22159  -32.026  -70.452  -22.315 0.5000000000
21124  -32.948  -71.353  -23.829 0.6000000238
23261  -34.854  -69.256  -29.045 0.6000000238
23252  -36.319  -69.376  -27.849 0.6999999881
23233  -36.992  -69.524  -26.584 0.6999999881
23253  -37.064  -69.615  -27.008 0.6999999881
25381  -38.967  -68.344  -26.057 0.6000000238
23234  -37.575  -69.654  -25.993 0.6999999881
24209  -32.265  -68.906  -22.880 0.6000000238
137737  -32.454  -68.955  -24.404 0.6999999881
23216  -32.230  -68.707  -25.639 0.6999999881
140997  -32.772  -69.318  -25.928 0.6999999881
23249  -33.346  -69.096  -27.971 0.6000000238
24254  -38.346  -68.849  -25.158 0.5000000000
23251  -35.435  -68.915  -28.055 0.6999999881
23232  -36.145  -69.201  -26.793 0.6999999881
23219  -37.692  -69.523  -25.718 0.6000000238
25379  -32.182  -67.813  -25.867 0.6999999881
25369  -34.973  -67.950  -24.655 0.6999999881
24269  -32.013  -68.193  -26.001 0.6999999881
24250  -34.173  -67.952  -25.826 0.6000000238
154478  -35.065  -68.376  -25.379 0.5000000000
23230  -32.407  -68.649  -26.514 0.6999999881
24271  -33.455  -68.325  -27.018 0.6000000238
159769  -35.300  -68.824  -26.920 0.6999999881
24253  -37.347  -69.383  -24.576 0.5000000000
24289  -34.449  -68.664  -27.721 0.6000000238
23218  -36.682  -69.495  -25.540 0.6999999881
25368  -34.075  -67.377  -25.095 0.6999999881
25351  -34.881  -67.414  -23.760 0.6999999881
24252  -36.385  -69.238  -24.466 0.6000000238
24228  -35.625  -68.729  -24.447 0.6999999881
134196  -40.177  -69.404  -25.576 0.5000000000
24251  -35.742  -68.995  -25.607 0.6000000238
136112  -29.082  -71.598  -27.242 0.4000000060
19091  -32.172  -73.340  -26.367 0.4000000060
20140  -30.691  -72.366  -25.402 0.4000000060
21123  -31.459  -71.848  -23.611 0.4000000060
21184  -37.048  -70.640  -27.110 0.6999999881
22199  -37.449  -69.972  -26.423 0.6999999881
21162  -33.827  -71.502  -25.348 0.6000000238
157528  -33.496  -69.753  -27.251 0.6000000238
22160  -32.571  -70.369  -22.874 0.6999999881
22175  -33.249  -70.464  -24.010 0.6000000238
23231  -32.784  -69.127  -27.095 0.6000000238
24270  -32.494  -68.304  -26.497 0.6999999881
24272  -34.662  -68.485  -26.452 0.6000000238
25380  -33.068  -67.770  -26.042 0.6000000238
24249  -31.946  -68.241  -25.138 0.5000000000
23174  -31.447  -69.306  -21.541 0.4000000060
24208  -31.766  -68.573  -22.207 0.5000000000
25366  -31.976  -67.673  -25.225 0.6000000238
23173  -30.742  -69.070  -20.869 0.4000000060
24193  -30.859  -68.119  -20.845 0.5000000000
24194  -31.282  -68.485  -21.434 0.5000000000
138654  -31.494  -67.771  -22.707 0.5000000000
140195  -31.505  -67.430  -23.729 0.5000000000
25365  -31.696  -67.164  -24.519 0.5000000000
24226  -31.789  -68.146  -23.320 0.5000000000
137127  -32.202  -67.383  -25.187 0.5000000000
26439  -32.847  -66.761  -25.009 0.6999999881
26438  -32.007  -66.833  -24.868 0.6000000238
27540  -33.926  -66.244  -24.487 0.6000000238
25301  -30.465  -67.581  -20.237 0.5000000000
25315  -30.913  -67.169  -21.100 0.5000000000
25332  -31.263  -67.048  -22.974 0.5000000000
156656  -31.409  -66.751  -23.871 0.5000000000
26440  -34.008  -66.903  -24.651 0.6000000238
147510  -32.046  -66.000  -24.730 0.6000000238
27539  -32.792  -66.045  -24.813 0.5000000000
135801  -34.319  -65.292  -24.373 0.6000000238
26401  -31.102  -66.598  -22.061 0.5000000000
27492  -30.944  -65.680  -22.092 0.5000000000
26416  -31.207  -66.240  -23.058 0.5000000000
155307  -31.742  -65.846  -24.434 0.5000000000
27538  -32.500  -65.400  -24.944 0.5000000000
28648  -33.746  -65.323  -24.864 0.6000000238
142408  -30.441  -66.520  -20.158 0.5000000000
26400  -30.784  -66.088  -21.075 0.5000000000
27506  -30.864  -64.819  -22.051 0.5000000000
29661  -31.031  -63.588  -23.203 0.5000000000
29671  -30.973  -62.998  -23.599 0.6000000238
28626  -31.297  -64.307  -23.582 0.4000000060
30637  -31.501  -63.120  -25.032 0.4000000060
29672  -31.418  -63.548  -24.155 0.5000000000
28638  -31.776  -64.368  -24.601 0.5000000000
27524  -31.535  -65.179  -24.108 0.4000000060
30649  -31.547  -63.342  -26.559 0.4000000060
29694  -32.066  -63.553  -26.328 0.5000000000
29682  -31.995  -63.804  -25.301 0.5000000000
147385  -32.279  -63.193  -27.423 0.4000000060
28647  -32.659  -64.555  -25.442 0.6000000238
28655  -33.755  -64.429  -25.480 0.6000000238
138018  -34.557  -64.447  -24.529 0.6000000238
154923  -34.823  -63.806  -24.694 0.6000000238
30676  -33.251  -63.073  -27.489 0.5000000000
30665  -34.266  -63.125  -27.120 0.5000000000
29683  -32.663  -63.886  -26.265 0.5000000000
31659  -32.411  -62.680  -27.496 0.4000000060
31660  -33.528  -62.193  -27.372 0.5000000000
29696  -34.895  -63.195  -26.456 0.6000000238
158861  -33.343  -64.051  -26.132 0.6000000238
29684  -35.080  -63.235  -25.370 0.6000000238
30677  -34.410  -62.440  -27.309 0.5000000000
33670  -33.902  -59.695  -25.828 0.3000000119
32689  -33.024  -60.426  -26.052 0.4000000060
31648  -32.638  -61.572  -26.927 0.4000000060
32698  -33.845  -61.177  -26.925 0.5000000000
30666  -35.190  -62.496  -27.023 0.5000000000
30650  -35.479  -62.498  -26.201 0.6000000238
36666  -36.455  -56.270  -24.443 0.3000000119
35699  -35.920  -57.252  -24.964 0.3000000119
34669  -35.162  -58.291  -25.392 0.4000000060
38762  -36.503  -54.940  -23.682 0.3000000119
39884  -37.209  -53.734  -23.037 0.3000000119
39893  -36.721  -54.209  -23.340 0.3000000119
40999  -37.415  -52.103  -22.334 0.3000000119
41000  -37.793  -52.436  -22.171 0.3000000119
143492  -37.850  -51.831  -22.022 0.3000000119
43070  -37.511  -50.636  -21.655 0.3000000119
156775  -37.388  -49.980  -21.502 0.3000000119
44028  -37.664  -49.182  -21.282 0.3000000119
32690  -34.419  -60.300  -26.518 0.5000000000
37679  -36.821  -55.745  -24.144 0.3000000119
25367  -32.909  -67.297  -25.303 0.5000000000
144075  -31.418  -68.020  -21.937 0.5000000000
27537  -32.013  -65.250  -24.777 0.5000000000
28656  -34.572  -63.889  -25.427 0.6000000238
22202  -40.414  -70.440  -25.290 0.3000000119
21164  -37.420  -70.733  -25.941 0.6000000238
24233  -43.204  -68.484  -24.248 0.3000000119
24255  -43.136  -68.957  -24.855 0.3000000119
23238  -42.679  -69.514  -25.108 0.3000000119
24294  -42.646  -67.923  -25.460 0.3000000119
22204  -42.536  -70.390  -24.986 0.3000000119
23237  -42.106  -69.881  -25.313 0.3000000119
24276  -41.906  -68.779  -25.527 0.3000000119
20160  -37.134  -71.585  -26.190 0.6000000238
134139  -38.256  -70.444  -25.414 0.5000000000
25356  -42.870  -68.292  -23.606 0.3000000119
24256  -43.350  -68.231  -24.539 0.3000000119
24278  -43.203  -68.238  -25.044 0.3000000119
25384  -43.157  -67.597  -25.209 0.3000000119
22203  -42.041  -70.818  -25.122 0.3000000119
136143  -41.258  -70.125  -25.354 0.3000000119
21165  -39.572  -70.882  -25.102 0.4000000060
22158  -31.111  -70.737  -21.999 0.4000000060
133460  -42.226  -68.028  -22.891 0.3000000119
25339  -43.435  -67.654  -23.907 0.3000000119
26431  -43.742  -67.074  -24.269 0.3000000119
26442  -43.456  -66.889  -25.079 0.3000000119
19130  -31.389  -73.669  -29.727 0.5000000000
19115  -32.014  -74.133  -29.153 0.5000000000
20186  -29.708  -71.927  -29.142 0.4000000060
20187  -30.278  -72.566  -28.878 0.4000000060
144163  -30.796  -73.072  -29.233 0.4000000060
19141  -31.347  -73.730  -30.680 0.5000000000
155888  -34.748  -74.044  -28.926 0.5000000000
19117  -34.074  -74.275  -28.772 0.5000000000
134070  -31.833  -73.751  -28.153 0.5000000000
19116  -32.921  -74.271  -28.566 0.5000000000
19114  -30.790  -73.144  -28.013 0.4000000060
19106  -36.220  -73.540  -27.866 0.6000000238
19120  -35.831  -72.927  -28.667 0.6000000238
19105  -34.596  -73.598  -28.373 0.5000000000
19102  -31.641  -73.470  -27.283 0.3000000119
19103  -32.583  -73.736  -27.385 0.4000000060
19104  -33.617  -73.830  -27.779 0.5000000000
20159  -36.829  -72.544  -26.468 0.6000000238
160464  -35.569  -72.709  -28.762 0.6000000238
20173  -35.266  -72.823  -28.607 0.6000000238
20144  -37.850  -71.702  -25.135 0.6000000238
21167  -41.860  -71.546  -24.860 0.3000000119
21143  -39.895  -72.002  -24.785 0.4000000060
21183  -36.631  -71.616  -27.577 0.6000000238
147942  -34.849  -72.820  -28.112 0.4000000060
22187  -42.290  -71.169  -24.767 0.3000000119
23206  -42.609  -69.980  -24.300 0.3000000119
21166  -40.922  -71.627  -25.027 0.3000000119
21199  -36.073  -71.209  -28.633 0.6000000238
20175  -36.176  -72.326  -28.295 0.6000000238
21144  -40.873  -72.453  -24.622 0.3000000119
19093  -36.567  -73.579  -26.633 0.5000000000
152231  -36.991  -73.402  -25.773 0.5000000000
146892  -37.322  -72.659  -25.399 0.5000000000
19079  -37.505  -73.945  -25.121 0.4000000060
20127  -38.189  -73.245  -24.696 0.5000000000
19078  -36.906  -74.572  -25.707 0.5000000000
18022  -36.268  -74.900  -26.633 0.5000000000
18012  -37.569  -75.516  -24.908 0.4000000060
19063  -38.254  -74.708  -24.539 0.4000000060
149989  -39.316  -73.448  -24.430 0.4000000060
18050  -35.174  -74.165  -28.936 0.5000000000
18033  -35.929  -74.594  -27.744 0.5000000000
20128  -38.924  -72.439  -24.632 0.4000000060
14846  -26.338  -77.473  -30.026 0.3000000119
139862  -25.868  -78.139  -30.161 0.3000000119
15841  -27.372  -76.832  -29.475 0.3000000119
15824  -27.606  -76.614  -28.717 0.4000000060
15859  -26.836  -76.664  -30.318 0.3000000119
15805  -27.847  -76.121  -28.065 0.4000000060
138636  -28.060  -76.504  -29.411 0.4000000060
143668  -27.782  -76.324  -30.135 0.3000000119
16905  -28.118  -75.532  -30.784 0.3000000119
15806  -28.760  -76.073  -28.205 0.4000000060
15826  -29.317  -76.590  -28.967 0.4000000060
15842  -28.824  -76.510  -29.846 0.4000000060
15860  -28.700  -76.163  -30.265 0.4000000060
16923  -28.639  -74.636  -31.311 0.4000000060
16906  -29.159  -75.606  -30.731 0.4000000060
16849  -31.604  -76.011  -26.623 0.3000000119
15807  -29.768  -76.391  -28.261 0.4000000060
15808  -30.784  -76.785  -28.295 0.4000000060
15827  -30.302  -77.017  -29.031 0.4000000060
160030  -31.061  -77.190  -30.076 0.4000000060
16907  -30.147  -75.841  -30.838 0.4000000060
16924  -29.722  -74.833  -31.272 0.4000000060
16830  -33.040  -75.746  -25.978 0.3000000119
15790  -32.240  -76.742  -27.473 0.4000000060
136962  -32.395  -77.536  -29.089 0.4000000060
136544  -31.827  -77.183  -28.308 0.4000000060
15845  -31.538  -77.314  -29.761 0.4000000060
154373  -32.912  -77.120  -29.613 0.4000000060
15863  -31.443  -76.594  -30.462 0.4000000060
16909  -32.185  -75.817  -30.584 0.4000000060
155071  -30.891  -76.026  -30.941 0.4000000060
16925  -30.692  -75.043  -31.306 0.4000000060
15791  -33.222  -77.036  -27.434 0.4000000060
156290  -33.524  -77.369  -27.928 0.4000000060
16892  -33.050  -76.165  -30.167 0.4000000060
156718  -30.762  -74.194  -31.417 0.4000000060
16908  -31.423  -75.465  -31.033 0.4000000060
18096  -30.105  -74.041  -31.523 0.4000000060
15811  -34.171  -77.196  -27.730 0.4000000060
15848  -33.713  -77.214  -28.593 0.4000000060
16893  -33.689  -75.967  -29.842 0.4000000060
18065  -32.699  -75.127  -30.465 0.4000000060
18081  -31.123  -73.850  -31.262 0.4000000060
18046  -32.060  -74.365  -30.199 0.4000000060
15812  -34.765  -76.839  -27.602 0.4000000060
16881  -34.612  -75.671  -29.154 0.4000000060
18049  -34.572  -74.746  -29.252 0.4000000060
18011  -36.757  -75.888  -25.493 0.4000000060
16882  -35.003  -75.980  -28.373 0.4000000060
18032  -35.463  -75.078  -28.256 0.4000000060
17997  -39.952  -74.813  -23.780 0.3000000119
18047  -32.851  -74.660  -29.709 0.4000000060
16870  -35.795  -75.690  -27.121 0.4000000060
19065  -40.157  -74.097  -24.194 0.3000000119
148424  -35.076  -75.090  -29.011 0.4000000060
15825  -28.353  -76.416  -28.836 0.4000000060
138056  -28.889  -76.553  -29.407 0.4000000060
15843  -29.794  -76.804  -29.637 0.4000000060
15861  -29.563  -76.406  -30.238 0.4000000060
16850  -32.634  -76.283  -26.681 0.4000000060
16868  -31.217  -76.450  -27.457 0.4000000060
16829  -32.010  -75.574  -25.814 0.3000000119
15828  -31.283  -77.360  -29.074 0.4000000060
16831  -34.040  -76.066  -25.965 0.3000000119
16851  -33.643  -76.577  -26.693 0.4000000060
15809  -32.782  -77.395  -28.160 0.4000000060
15829  -33.130  -77.435  -29.033 0.4000000060
15793  -34.615  -76.982  -27.062 0.4000000060
16894  -34.086  -76.327  -29.297 0.4000000060
18082  -31.860  -74.641  -30.969 0.4000000060
18067  -34.069  -75.413  -29.634 0.4000000060
16869  -35.301  -76.289  -27.468 0.4000000060
16846  -28.761  -75.476  -26.590 0.3000000119
143114  -26.734  -76.377  -27.042 0.3000000119
14821  -26.352  -77.043  -27.347 0.3000000119
15789  -27.399  -75.972  -27.201 0.3000000119
16865  -28.259  -75.697  -27.353 0.3000000119
15804  -27.052  -76.600  -27.909 0.3000000119
16847  -29.700  -75.595  -26.667 0.3000000119
16866  -29.229  -75.773  -27.440 0.3000000119
16848  -30.621  -75.804  -26.641 0.3000000119
16852  -34.542  -76.784  -26.612 0.3000000119
16833  -35.686  -76.519  -25.840 0.3000000119
16854  -36.125  -76.240  -26.092 0.3000000119
153940  -30.084  -75.478  -26.006 0.3000000119
15794  -35.065  -76.925  -26.953 0.3000000119
13863  -25.665  -78.778  -29.930 0.3000000119
15777  -35.080  -76.747  -26.488 0.3000000119
15792  -34.041  -77.093  -27.286 0.4000000060
15810  -33.100  -77.456  -28.529 0.4000000060
15830  -34.433  -76.643  -28.464 0.4000000060
15840  -26.860  -77.157  -29.525 0.3000000119
15844  -30.775  -77.229  -29.672 0.4000000060
15846  -32.322  -76.964  -30.104 0.4000000060
15847  -33.450  -76.762  -29.445 0.4000000060
15862  -30.544  -76.737  -30.283 0.4000000060
16832  -35.084  -76.448  -25.809 0.3000000119
16853  -35.448  -76.532  -26.566 0.3000000119
16867  -30.214  -76.107  -27.448 0.4000000060
16926  -31.236  -74.622  -31.274 0.4000000060
18048  -33.746  -74.763  -29.507 0.4000000060
18051  -35.735  -73.885  -28.529 0.5000000000
18066  -33.424  -75.329  -30.018 0.4000000060
18095  -29.145  -73.722  -31.621 0.4000000060
19064  -39.159  -74.339  -24.259 0.3000000119
19090  -31.071  -73.015  -26.800 0.4000000060
19118  -35.031  -73.523  -28.862 0.5000000000
19119  -35.416  -73.272  -28.795 0.6000000238
20116  -32.419  -71.839  -23.860 0.4000000060
20153  -29.821  -71.981  -26.669 0.4000000060
20157  -34.252  -73.261  -27.264 0.4000000060
20174  -35.644  -72.000  -28.632 0.6000000238
21107  -32.252  -70.962  -22.809 0.6999999881
21142  -38.786  -71.425  -24.883 0.5000000000
21145  -41.978  -71.867  -24.387 0.3000000119
21181  -29.260  -71.652  -26.390 0.4000000060
21195  -28.513  -71.490  -27.759 0.4000000060
21213  -29.119  -71.409  -29.495 0.4000000060
22145  -31.551  -70.079  -21.774 0.4000000060
22174  -32.769  -70.825  -23.292 0.6999999881
22188  -42.506  -70.620  -24.607 0.3000000119
22227  -35.394  -69.734  -29.049 0.6000000238
23217  -32.970  -69.546  -24.662 0.6999999881
23220  -42.852  -69.859  -24.812 0.3000000119
23262  -35.455  -69.204  -28.877 0.6000000238
24180  -30.325  -68.460  -20.284 0.5000000000
24227  -32.108  -68.512  -23.947 0.5000000000
24229  -36.095  -68.877  -23.693 0.6999999881
24232  -42.836  -69.192  -24.155 0.3000000119
24273  -38.434  -69.035  -26.249 0.6000000238
24277  -42.724  -68.654  -25.254 0.3000000119
24287  -32.912  -68.798  -27.251 0.6000000238
24288  -33.712  -68.891  -28.092 0.6000000238
24290  -39.861  -67.874  -26.322 0.5000000000
24293  -42.135  -68.148  -25.641 0.3000000119
24301  -34.623  -68.947  -28.738 0.6000000238
25316  -31.291  -67.402  -22.015 0.5000000000
25333  -34.896  -67.027  -22.623 0.6999999881
25338  -42.872  -67.501  -23.187 0.3000000119
25350  -31.743  -67.817  -24.453 0.6000000238
25353  -36.224  -68.562  -22.952 0.8000000119
25372  -43.499  -67.641  -24.665 0.3000000119
25383  -42.592  -67.139  -25.679 0.3000000119
25393  -41.058  -67.013  -26.533 0.3000000119
26402  -34.875  -66.184  -21.326 0.6999999881
26428  -31.413  -66.000  -23.906 0.5000000000
26437  -31.677  -66.473  -24.443 0.6000000238
26447  -40.531  -65.986  -26.838 0.4000000060
27482  -36.003  -65.524  -20.433 0.6000000238
27491  -30.679  -65.058  -21.157 0.5000000000
27493  -34.624  -65.651  -20.991 0.6999999881
27494  -36.444  -65.981  -20.854 0.6000000238
27507  -31.132  -65.226  -23.084 0.4000000060
27509  -37.629  -65.976  -21.566 0.6999999881
27548  -33.116  -65.160  -25.150 0.5000000000
27554  -41.716  -65.786  -26.548 0.5000000000
28584  -35.971  -63.967  -19.761 0.5000000000
28596  -34.344  -64.989  -20.555 0.6999999881
28625  -30.935  -64.174  -22.581 0.5000000000
28649  -34.311  -64.682  -24.983 0.6000000238
28662  -41.121  -64.851  -26.579 0.5000000000
29613  -33.782  -63.579  -19.810 0.5000000000
29614  -34.170  -63.647  -19.484 0.5000000000
29615  -34.776  -63.675  -19.269 0.5000000000
29646  -33.792  -64.104  -21.245 0.6999999881
29685  -40.877  -63.145  -24.978 0.5000000000
29686  -41.412  -62.936  -25.592 0.4000000060
29695  -34.066  -63.653  -26.312 0.6000000238
30596  -33.533  -63.032  -20.013 0.5000000000
30663  -31.843  -63.362  -27.233 0.4000000060
30664  -32.561  -63.512  -27.124 0.5000000000
31598  -37.844  -61.484  -20.334 0.4000000060
31599  -38.405  -61.172  -20.829 0.3000000119
31626  -40.801  -61.625  -23.806 0.3000000119
31636  -36.198  -61.134  -26.390 0.6000000238
31661  -34.500  -61.715  -27.241 0.6000000238
31663  -35.727  -60.838  -27.053 0.6000000238
32618  -33.407  -60.212  -19.059 0.4000000060
32640  -38.995  -60.804  -21.297 0.3000000119
32641  -39.585  -60.485  -21.727 0.3000000119
32642  -40.142  -60.155  -22.113 0.3000000119
32679  -36.249  -60.518  -26.295 0.6000000238
33605  -33.524  -59.435  -18.135 0.4000000060
33634  -39.867  -59.912  -21.529 0.3000000119
33636  -41.006  -59.068  -22.109 0.3000000119
34591  -36.339  -58.709  -16.196 0.4000000060
34623  -33.755  -58.604  -19.147 0.4000000060
34631  -34.116  -58.427  -19.938 0.4000000060
36587  -34.744  -56.486  -15.312 0.5000000000
36599  -34.401  -56.393  -15.870 0.4000000060
36609  -34.256  -56.124  -16.669 0.4000000060
36624  -35.493  -55.993  -19.890 0.4000000060
36625  -40.962  -56.693  -19.204 0.4000000060
36656  -36.593  -56.920  -22.734 0.5000000000
36674  -36.622  -56.898  -24.797 0.3000000119
36675  -37.030  -57.129  -24.779 0.5000000000
37655  -36.847  -54.996  -21.268 0.4000000060
37670  -37.574  -55.115  -23.087 0.4000000060
37688  -36.947  -56.493  -24.423 0.3000000119
38722  -36.090  -53.809  -19.160 0.4000000060
38742  -37.588  -53.661  -21.748 0.4000000060
38763  -37.192  -54.641  -23.456 0.4000000060
38764  -37.343  -55.215  -23.517 0.4000000060
39855  -36.478  -53.021  -19.057 0.4000000060
39878  -37.684  -53.194  -22.287 0.3000000119
39885  -37.483  -52.955  -22.573 0.3000000119
40980  -36.696  -52.170  -18.962 0.4000000060
42022  -37.943  -50.938  -21.296 0.4000000060
42029  -37.674  -51.349  -21.875 0.3000000119
43055  -37.712  -50.318  -20.155 0.4000000060
43071  -37.811  -50.738  -21.456 0.4000000060
44020  -38.031  -48.697  -20.801 0.4000000060
45063  -37.914  -48.436  -20.939 0.4000000060
46117  -37.347  -47.332  -19.538 0.4000000060
46139  -37.647  -47.915  -20.595 0.4000000060
134579  -37.460  -53.621  -22.660 0.3000000119
135938  -32.526  -69.183  -23.426 0.6000000238
139674  -44.019  -66.376  -24.345 0.3000000119
140917  -34.923  -63.363  -24.210 0.6999999881
141790  -37.080  -57.222  -24.619 0.5000000000
142327  -42.910  -62.798  -26.137 0.4000000060
142331  -34.451  -55.852  -17.602 0.4000000060
142684  -42.401  -58.090  -22.966 0.4000000060
143605  -33.367  -63.568  -26.924 0.5000000000
144353  -39.541  -67.868  -26.276 0.6000000238
144991  -35.123  -64.242  -19.568 0.5000000000
145478  -33.458  -59.919  -18.495 0.4000000060
146522  -36.497  -72.701  -27.449 0.6000000238
147901  -33.550  -59.980  -17.995 0.4000000060
153479  -31.318  -73.573  -28.823 0.5000000000
154064  -35.795  -61.938  -18.541 0.5000000000
156034  -31.175  -67.842  -21.452 0.5000000000
156069  -33.385  -60.892  -18.979 0.4000000060
156154  -41.406  -70.991  -25.179 0.3000000119
157455  -40.505  -65.026  -26.214 0.5000000000
