#!ascii label  , from subject sub-v1s17x0050237_ses-1 vox2ras=TkReg
1740
144176  22.272  -86.300  -28.135 0.5000000000
14812  22.719  -77.568  -31.751 0.6000000238
146771  21.908  -77.596  -31.941 0.6000000238
13845  20.753  -78.130  -32.048 0.6000000238
15828  21.403  -75.950  -31.563 0.6999999881
15840  20.178  -77.227  -31.876 0.6000000238
16841  21.857  -74.950  -30.973 0.6999999881
16842  20.918  -74.791  -30.603 0.6000000238
144671  21.014  -80.061  -22.933 0.5000000000
11069  21.973  -79.654  -26.221 0.6000000238
11996  21.654  -79.371  -25.529 0.6000000238
11030  20.942  -79.878  -24.105 0.5000000000
10146  23.162  -80.649  -27.990 0.5000000000
11081  22.583  -79.861  -26.753 0.4000000060
146428  21.294  -80.104  -26.103 0.5000000000
153660  20.985  -79.910  -25.154 0.6000000238
151239  18.345  -77.020  -23.039 0.5000000000
8521  23.360  -82.985  -31.334 0.4000000060
14759  18.514  -76.399  -24.210 0.5000000000
13791  17.972  -77.869  -23.860 0.5000000000
15776  18.901  -76.021  -25.672 0.6000000238
152005  21.099  -75.952  -27.719 0.6000000238
136737  22.840  -77.352  -30.906 0.6000000238
14810  24.447  -77.145  -31.462 0.6999999881
157438  21.911  -77.291  -30.548 0.6000000238
15836  23.718  -76.725  -32.153 0.6999999881
16837  25.702  -75.492  -31.430 0.6000000238
16845  24.047  -75.801  -31.875 0.6999999881
17818  26.040  -73.207  -29.950 0.6000000238
17829  24.643  -74.038  -30.651 0.6000000238
17830  23.725  -74.051  -30.640 0.6999999881
17819  25.052  -73.207  -29.995 0.6999999881
16843  19.921  -75.105  -30.450 0.6000000238
11935  21.368  -79.037  -21.762 0.5000000000
11971  21.214  -78.912  -23.776 0.6000000238
11953  21.285  -78.916  -22.803 0.5000000000
11080  23.303  -79.714  -26.439 0.6000000238
139980  23.051  -79.211  -25.683 0.6999999881
11985  21.384  -79.033  -24.730 0.6000000238
10161  23.711  -81.006  -28.907 0.4000000060
15742  19.804  -75.205  -23.484 0.5000000000
15743  19.011  -75.784  -23.645 0.5000000000
150934  22.436  -84.064  -28.746 0.5000000000
15761  19.555  -75.469  -24.331 0.5000000000
15799  22.708  -75.665  -27.724 0.6999999881
147800  20.167  -75.479  -25.664 0.6000000238
15809  23.592  -75.848  -28.550 0.6999999881
15810  22.718  -76.048  -28.815 0.6000000238
137008  20.992  -75.667  -26.919 0.6000000238
15819  23.270  -76.521  -29.770 0.6999999881
14794  22.312  -76.606  -29.685 0.6000000238
14803  24.834  -76.903  -30.758 0.6999999881
15826  26.373  -76.093  -31.266 0.6000000238
151216  25.121  -76.947  -31.287 0.6000000238
17827  26.674  -74.155  -30.611 0.6000000238
158556  24.989  -76.497  -31.964 0.6000000238
17817  26.971  -73.161  -29.961 0.6000000238
145943  26.433  -72.368  -29.359 0.6999999881
17808  21.602  -73.488  -28.870 0.6999999881
16827  19.404  -74.506  -29.595 0.5000000000
17820  24.036  -73.273  -30.006 0.6999999881
17821  22.991  -73.508  -30.012 0.6999999881
17822  21.175  -74.001  -29.603 0.6000000238
12847  22.032  -77.819  -22.787 0.5000000000
12848  21.629  -78.217  -22.394 0.5000000000
137809  21.569  -78.276  -21.127 0.5000000000
12863  22.887  -78.151  -23.632 0.6999999881
12865  21.682  -78.272  -23.350 0.6000000238
11068  24.061  -79.893  -25.845 0.5000000000
11051  23.746  -79.478  -25.179 0.6999999881
11983  23.181  -78.896  -24.844 0.6999999881
11984  22.242  -78.801  -25.067 0.6000000238
11970  21.823  -78.423  -24.205 0.6000000238
10160  24.669  -81.248  -29.208 0.4000000060
10145  24.224  -80.708  -27.929 0.4000000060
10132  24.142  -80.174  -26.841 0.5000000000
16769  20.183  -74.858  -22.500 0.5000000000
136863  22.114  -74.787  -25.112 0.5000000000
16784  21.518  -74.752  -24.551 0.5000000000
16785  20.836  -75.010  -24.755 0.5000000000
15797  24.381  -75.547  -27.690 0.6000000238
15773  21.882  -75.160  -25.882 0.5000000000
138631  25.278  -75.806  -28.305 0.6999999881
14791  27.631  -76.310  -28.714 0.6000000238
15807  26.120  -76.195  -28.818 0.6999999881
15817  25.273  -76.333  -29.618 0.6999999881
137325  28.762  -75.976  -30.015 0.6000000238
14801  26.864  -76.554  -30.230 0.6000000238
14802  25.637  -76.771  -30.735 0.6999999881
17824  30.261  -74.050  -30.364 0.6999999881
15825  28.450  -75.682  -30.477 0.6000000238
14808  26.655  -76.396  -30.797 0.6000000238
18831  29.806  -72.506  -30.016 0.6000000238
17825  29.441  -73.997  -30.541 0.6999999881
17826  27.666  -74.143  -30.588 0.6999999881
21052  28.437  -70.794  -28.520 0.6000000238
19899  28.629  -71.775  -29.570 0.6000000238
17816  27.844  -73.051  -30.061 0.6999999881
18821  20.566  -73.325  -27.389 0.6000000238
150231  27.243  -72.303  -29.492 0.6999999881
17807  22.537  -73.121  -29.094 0.6999999881
17809  20.689  -73.773  -28.814 0.6000000238
21035  27.837  -70.440  -27.740 0.6999999881
19892  28.014  -70.979  -29.051 0.6000000238
19893  26.572  -71.051  -28.811 0.8000000119
19901  26.064  -71.606  -28.904 0.6999999881
18834  24.719  -71.739  -29.163 0.6999999881
18835  23.469  -72.708  -29.363 0.6999999881
12832  21.951  -77.651  -21.824 0.6000000238
11968  24.370  -79.543  -23.694 0.6999999881
11952  23.506  -78.458  -23.150 0.6999999881
12864  22.219  -77.992  -23.606 0.6000000238
11049  25.329  -80.477  -24.574 0.5000000000
11029  24.806  -80.046  -24.075 0.6999999881
159136  25.751  -81.202  -27.569 0.4000000060
11079  24.761  -80.448  -26.258 0.5000000000
16746  20.823  -74.598  -21.609 0.5000000000
16721  20.870  -74.794  -20.801 0.5000000000
16766  22.471  -74.356  -23.452 0.5000000000
16796  23.580  -74.829  -25.452 0.6000000238
15785  25.784  -75.664  -26.644 0.6000000238
15786  24.781  -75.336  -26.713 0.6999999881
16806  23.332  -75.120  -26.267 0.6999999881
15784  26.822  -76.084  -26.644 0.6999999881
15796  25.274  -75.574  -27.378 0.6999999881
15794  28.856  -75.657  -28.532 0.6000000238
14783  27.673  -76.156  -27.821 0.6000000238
160209  26.627  -76.200  -28.316 0.6999999881
17806  31.327  -73.912  -29.148 0.6999999881
16822  30.701  -74.372  -29.658 0.6999999881
15805  29.389  -75.485  -29.533 0.6999999881
18789  20.812  -72.577  -25.374 0.6000000238
162415  31.558  -72.417  -29.729 0.6000000238
18830  31.309  -73.303  -29.886 0.6999999881
15815  29.297  -75.338  -30.196 0.6999999881
22187  29.718  -69.956  -26.037 0.6000000238
21042  29.882  -70.593  -27.683 0.6000000238
21050  30.461  -70.885  -28.649 0.6000000238
19897  30.440  -71.986  -29.710 0.6000000238
18836  30.562  -73.373  -30.232 0.6999999881
156781  20.994  -72.700  -26.063 0.6000000238
21033  29.335  -70.436  -26.742 0.6000000238
19890  29.949  -71.300  -29.176 0.6000000238
21047  23.604  -71.087  -27.744 0.6999999881
19886  23.059  -71.673  -27.399 0.6000000238
17795  22.094  -72.967  -28.081 0.6999999881
18820  21.353  -72.996  -27.310 0.6000000238
22176  29.251  -69.714  -25.284 0.5000000000
21021  28.139  -70.048  -26.118 0.6000000238
22188  27.605  -69.968  -26.812 0.8000000119
21045  26.477  -70.034  -28.317 0.8000000119
21055  25.383  -70.138  -28.457 0.8000000119
135936  25.158  -70.757  -28.648 0.8000000119
19896  24.020  -71.049  -28.416 0.6999999881
19885  23.384  -71.685  -28.168 0.6999999881
21044  27.136  -70.317  -28.272 0.8000000119
21054  26.182  -70.368  -28.554 0.8000000119
12846  22.831  -77.857  -22.881 0.6999999881
13780  22.572  -77.486  -22.037 0.6999999881
13767  22.413  -77.069  -21.239 0.6999999881
13768  21.841  -77.398  -20.829 0.6000000238
11967  25.063  -79.911  -23.282 0.6999999881
14698  22.275  -76.066  -20.420 0.6000000238
11028  25.614  -80.415  -23.732 0.6000000238
15689  21.682  -75.893  -20.118 0.5000000000
16720  21.623  -74.598  -20.996 0.5000000000
24354  22.106  -67.168  -21.220 0.6000000238
16745  22.721  -74.321  -22.030 0.5000000000
24335  21.697  -68.084  -20.616 0.5000000000
143777  23.234  -74.359  -23.869 0.5000000000
20940  21.568  -70.123  -19.885 0.6000000238
16794  25.059  -75.085  -24.990 0.6999999881
16782  23.807  -74.595  -24.633 0.6000000238
15783  27.294  -75.983  -26.131 0.6999999881
15772  25.197  -75.299  -25.783 0.6999999881
19805  22.101  -71.439  -21.607 0.6000000238
16811  28.927  -75.158  -27.685 0.6999999881
15782  27.763  -75.824  -26.686 0.6000000238
17792  31.903  -73.392  -28.703 0.6999999881
17794  29.989  -74.112  -27.810 0.6999999881
16810  29.635  -74.682  -28.135 0.6999999881
19854  21.908  -71.860  -24.263 0.6000000238
19838  21.685  -71.797  -23.320 0.6000000238
17804  32.126  -73.001  -29.400 0.6000000238
16815  30.442  -74.520  -28.852 0.6999999881
19853  22.609  -71.535  -24.622 0.6000000238
18753  21.117  -72.122  -23.934 0.6000000238
146263  32.723  -71.014  -29.169 0.6000000238
21049  31.579  -70.909  -28.946 0.6000000238
152338  23.572  -70.690  -24.883 0.6999999881
19871  23.088  -71.318  -26.019 0.6000000238
19873  22.119  -71.960  -25.105 0.6000000238
22195  31.219  -69.799  -27.301 0.6000000238
23299  25.492  -68.584  -26.476 0.6000000238
23292  24.932  -68.864  -26.255 0.6000000238
21036  24.186  -70.051  -27.205 0.6999999881
21037  23.666  -70.671  -26.573 0.6000000238
18805  22.145  -72.251  -26.494 0.6000000238
23298  26.369  -68.655  -26.681 0.6000000238
22199  24.726  -69.509  -27.416 0.8000000119
141480  26.928  -69.246  -26.783 0.6000000238
23303  25.746  -68.933  -27.096 0.6999999881
21046  24.679  -69.908  -27.996 0.8000000119
12845  23.932  -78.429  -22.405 0.6999999881
142675  24.127  -77.522  -21.627 0.6999999881
13766  23.341  -76.962  -21.459 0.6999999881
137945  25.325  -79.673  -22.528 0.6999999881
11951  24.359  -79.211  -22.908 0.6999999881
14720  22.797  -76.362  -20.895 0.6000000238
15687  22.852  -75.060  -20.834 0.6000000238
26542  22.558  -65.454  -19.427 0.6000000238
26552  22.448  -65.561  -20.673 0.6000000238
148006  22.517  -66.225  -19.680 0.6000000238
25464  22.346  -66.217  -21.651 0.6000000238
16718  23.312  -74.777  -21.389 0.6000000238
24320  22.266  -68.091  -19.560 0.5000000000
15759  26.256  -76.053  -24.278 0.6999999881
151797  24.744  -74.869  -23.565 0.6999999881
23179  23.445  -68.968  -19.174 0.4000000060
23181  21.790  -68.888  -19.751 0.5000000000
15769  27.220  -76.099  -25.166 0.6999999881
15770  26.739  -76.140  -25.028 0.8000000119
20926  23.006  -70.183  -19.844 0.5000000000
159438  27.964  -75.660  -26.261 0.6000000238
136331  26.306  -75.860  -25.802 0.6999999881
139661  23.244  -70.534  -20.545 0.6000000238
16803  29.343  -74.533  -27.399 0.6999999881
16804  28.825  -74.770  -26.725 0.6999999881
20969  23.603  -70.617  -22.363 0.6999999881
20970  22.926  -71.124  -21.976 0.6000000238
147567  32.671  -72.371  -27.626 0.6999999881
136043  31.852  -72.565  -27.189 0.6999999881
20983  24.334  -69.826  -23.789 0.5000000000
19821  23.119  -71.090  -23.031 0.6000000238
136166  33.992  -71.068  -28.625 0.6000000238
19887  33.415  -71.754  -28.840 0.6000000238
18826  32.624  -72.868  -28.895 0.6999999881
20984  23.747  -70.501  -23.399 0.6999999881
21048  33.540  -71.104  -28.970 0.6000000238
19888  32.947  -71.775  -29.239 0.6000000238
23273  24.864  -68.891  -25.340 0.5000000000
21001  24.410  -69.647  -24.797 0.6000000238
21040  32.112  -70.179  -28.373 0.6000000238
24414  26.090  -67.566  -25.899 0.6000000238
23291  25.417  -68.228  -25.863 0.5000000000
22180  24.008  -70.175  -25.259 0.6999999881
159854  26.885  -67.656  -26.135 0.6000000238
138447  24.924  -77.854  -21.593 0.6999999881
146202  24.398  -77.044  -21.504 0.6999999881
14719  23.725  -76.189  -21.201 0.6000000238
15705  23.543  -75.421  -21.155 0.6000000238
27638  22.487  -64.551  -19.319 0.4000000060
27648  22.446  -64.354  -21.341 0.5000000000
15720  24.815  -75.432  -22.203 0.6000000238
140939  22.783  -66.274  -18.770 0.5000000000
146291  22.286  -64.276  -22.573 0.6000000238
15719  25.464  -76.113  -22.379 0.6999999881
15740  25.995  -76.376  -23.162 0.6999999881
16765  23.867  -74.431  -23.117 0.6000000238
24304  22.867  -67.921  -18.875 0.5000000000
15768  27.721  -75.796  -24.995 0.6999999881
23178  24.214  -68.645  -19.178 0.4000000060
18763  30.117  -72.266  -24.886 0.6999999881
17757  29.047  -73.377  -24.939 0.6999999881
17758  28.518  -73.947  -24.393 0.6999999881
22097  24.374  -69.391  -20.237 0.6000000238
19870  31.732  -71.671  -25.758 0.6999999881
161872  31.145  -71.712  -25.198 0.6999999881
17768  29.277  -73.654  -25.801 0.6999999881
17781  28.866  -74.343  -26.063 0.6999999881
23216  24.855  -68.911  -20.776 0.5000000000
20953  24.047  -70.162  -21.739 0.5000000000
21031  33.606  -71.118  -26.864 0.6000000238
18802  32.303  -72.003  -26.776 0.6999999881
147403  31.477  -72.221  -26.328 0.6999999881
17779  30.368  -73.481  -27.234 0.6999999881
22127  24.572  -69.539  -22.064 0.5000000000
22200  34.296  -69.499  -28.503 0.5000000000
21030  34.181  -70.762  -27.364 0.6000000238
18815  33.710  -71.708  -28.323 0.6000000238
13765  25.461  -77.433  -21.634 0.6999999881
14718  24.681  -76.527  -21.572 0.6999999881
28787  22.415  -63.558  -19.374 0.4000000060
135500  26.249  -77.328  -21.745 0.6999999881
15704  24.832  -75.930  -21.777 0.6999999881
29917  22.147  -62.612  -21.447 0.4000000060
14717  25.622  -76.763  -21.911 0.6999999881
28815  22.175  -63.276  -22.454 0.6000000238
15738  27.407  -76.131  -23.413 0.8000000119
14747  26.645  -76.645  -22.953 0.6999999881
17746  27.877  -74.287  -22.917 0.6000000238
16763  27.777  -75.517  -24.006 0.6000000238
28831  19.772  -62.637  -22.900 0.6000000238
18765  28.789  -73.134  -24.054 0.6999999881
17745  28.335  -73.658  -23.506 0.6999999881
16762  28.119  -74.532  -23.842 0.6000000238
19834  30.318  -71.468  -23.764 0.6000000238
20999  32.705  -70.433  -24.832 0.6000000238
28788  20.034  -63.846  -20.436 0.5000000000
21018  33.828  -70.420  -26.330 0.6000000238
21019  33.118  -70.743  -25.805 0.6999999881
22173  34.410  -69.340  -26.676 0.5000000000
14736  26.573  -76.849  -22.031 0.6999999881
29906  22.030  -62.262  -20.526 0.4000000060
15718  27.363  -75.904  -22.401 0.8000000119
162225  21.888  -62.292  -22.349 0.5000000000
17731  27.755  -73.785  -21.899 0.8000000119
30979  20.754  -61.804  -22.867 0.4000000060
30953  21.600  -61.639  -21.540 0.4000000060
142259  27.635  -75.292  -23.063 0.6999999881
29919  19.277  -62.164  -22.291 0.4000000060
29933  21.194  -62.287  -23.227 0.5000000000
20982  30.774  -70.870  -23.317 0.6000000238
19835  29.520  -71.849  -23.305 0.6000000238
154599  28.587  -72.900  -23.197 0.6999999881
29920  18.882  -61.666  -21.715 0.4000000060
22144  32.049  -69.947  -23.179 0.6000000238
21000  31.939  -70.749  -24.470 0.6000000238
28769  20.068  -63.834  -19.361 0.4000000060
28802  19.900  -63.709  -21.660 0.6000000238
20998  33.392  -70.086  -25.255 0.6000000238
22174  33.972  -69.569  -25.825 0.5000000000
23286  34.263  -68.728  -26.107 0.5000000000
32042  21.160  -60.880  -20.791 0.4000000060
14715  27.161  -76.461  -21.518 0.8000000119
32055  20.987  -60.971  -21.519 0.4000000060
15703  27.371  -75.553  -21.489 0.6999999881
30969  19.448  -61.489  -22.210 0.4000000060
19820  28.566  -72.142  -21.840 0.6000000238
142946  28.158  -73.352  -22.610 0.6999999881
19818  29.934  -71.255  -22.896 0.6000000238
19819  29.197  -71.660  -22.427 0.6000000238
29908  18.468  -61.762  -20.972 0.4000000060
29907  19.006  -62.453  -20.438 0.4000000060
22162  32.998  -69.824  -24.320 0.6000000238
28770  19.641  -63.220  -18.842 0.4000000060
23267  33.520  -68.703  -24.148 0.4000000060
32027  20.792  -60.231  -20.241 0.4000000060
16716  27.542  -74.108  -21.089 0.6999999881
32044  19.892  -60.312  -21.340 0.4000000060
19804  28.187  -72.438  -20.961 0.6999999881
17715  28.041  -72.953  -21.684 0.6000000238
32058  19.048  -61.150  -21.738 0.4000000060
22126  30.785  -70.117  -21.844 0.6000000238
152289  30.002  -70.577  -21.668 0.6000000238
29894  18.333  -62.131  -19.962 0.4000000060
134633  32.429  -69.390  -22.721 0.6000000238
29876  18.533  -62.358  -18.788 0.3000000119
23246  33.262  -68.664  -23.461 0.4000000060
142989  33.474  -68.054  -23.607 0.4000000060
24351  33.165  -67.295  -22.143 0.4000000060
152505  18.468  -60.277  -20.912 0.4000000060
30938  17.709  -61.395  -20.404 0.4000000060
145020  31.377  -69.538  -21.416 0.6000000238
22124  32.155  -69.214  -21.911 0.6000000238
23192  31.858  -68.694  -20.447 0.6000000238
25459  32.806  -67.147  -21.194 0.4000000060
161191  32.607  -67.130  -20.504 0.5000000000
25458  33.191  -66.320  -21.562 0.4000000060
28755  15.071  -63.131  -17.353 0.3000000119
26547  33.191  -65.622  -20.901 0.4000000060
34234  18.573  -58.821  -19.231 0.4000000060
29879  15.084  -62.045  -18.565 0.3000000119
26512  12.789  -64.943  -17.623 0.4000000060
35352  18.418  -57.869  -17.960 0.4000000060
34224  17.233  -58.655  -18.303 0.4000000060
32016  15.165  -60.488  -18.852 0.3000000119
33096  15.467  -59.815  -18.581 0.3000000119
28756  14.119  -63.312  -17.791 0.3000000119
29864  14.623  -62.577  -18.107 0.3000000119
153072  14.001  -64.153  -17.339 0.3000000119
35353  17.789  -58.054  -17.805 0.4000000060
34225  16.571  -58.813  -17.868 0.4000000060
162393  16.537  -59.096  -18.417 0.4000000060
30926  14.703  -61.483  -18.761 0.3000000119
28771  13.900  -62.575  -18.339 0.3000000119
152739  8.441  -64.303  -18.247 0.4000000060
28746  6.870  -63.727  -17.069 0.3000000119
28729  6.386  -63.322  -16.421 0.3000000119
28772  13.236  -62.928  -18.348 0.3000000119
27611  12.827  -64.238  -17.963 0.3000000119
34215  16.731  -58.583  -17.214 0.4000000060
155770  15.966  -59.300  -18.216 0.4000000060
139443  15.327  -59.590  -17.998 0.3000000119
33097  14.804  -60.128  -18.334 0.3000000119
32018  13.693  -61.060  -18.268 0.3000000119
26531  10.036  -64.740  -18.490 0.3000000119
30928  13.195  -61.636  -18.326 0.3000000119
28745  7.851  -63.886  -16.763 0.3000000119
29882  12.723  -62.248  -18.378 0.3000000119
147851  8.552  -63.914  -16.238 0.4000000060
28728  7.334  -63.559  -16.003 0.3000000119
28713  8.641  -63.658  -14.636 0.3000000119
28714  7.776  -63.395  -14.991 0.3000000119
34206  16.168  -59.160  -16.960 0.4000000060
33084  15.456  -59.593  -17.372 0.4000000060
31994  14.304  -60.423  -17.356 0.3000000119
28777  9.002  -64.127  -18.199 0.4000000060
32005  13.648  -60.878  -17.646 0.3000000119
28757  10.409  -63.287  -17.932 0.3000000119
28744  8.626  -63.891  -17.056 0.4000000060
28743  10.103  -63.353  -17.103 0.4000000060
29820  8.134  -62.530  -13.790 0.3000000119
33073  15.694  -59.712  -16.647 0.4000000060
33062  15.260  -60.305  -16.318 0.4000000060
31995  13.934  -60.940  -16.677 0.4000000060
30912  12.980  -61.385  -17.178 0.4000000060
30918  12.469  -61.806  -17.893 0.3000000119
29854  11.430  -62.367  -16.955 0.3000000119
28742  10.805  -63.073  -16.488 0.3000000119
28725  9.961  -63.792  -15.755 0.3000000119
28711  10.136  -63.797  -14.498 0.5000000000
135846  9.241  -63.841  -16.600 0.4000000060
144500  9.399  -63.924  -14.803 0.4000000060
160978  8.464  -62.143  -13.378 0.3000000119
31983  15.552  -60.686  -15.482 0.4000000060
30902  14.232  -61.460  -15.563 0.4000000060
161770  13.055  -62.164  -15.549 0.3000000119
29831  12.435  -63.055  -14.343 0.3000000119
28709  11.755  -63.384  -13.737 0.3000000119
29810  11.477  -62.736  -12.093 0.3000000119
30913  12.138  -61.928  -17.172 0.3000000119
29839  12.399  -62.624  -15.477 0.3000000119
28710  10.976  -63.612  -14.106 0.3000000119
28696  11.062  -63.417  -13.167 0.3000000119
29811  10.458  -62.600  -12.314 0.3000000119
29840  11.582  -62.885  -15.952 0.3000000119
28697  10.190  -63.508  -13.430 0.3000000119
28699  8.716  -63.229  -13.776 0.3000000119
31946  8.833  -60.762  -13.804 0.3000000119
33042  17.620  -59.487  -14.879 0.3000000119
31965  17.140  -60.333  -14.589 0.3000000119
31982  16.341  -60.496  -15.039 0.3000000119
30878  15.048  -62.190  -13.526 0.3000000119
29807  14.168  -62.485  -12.438 0.3000000119
29793  12.928  -62.282  -11.623 0.3000000119
30901  15.061  -61.301  -15.034 0.3000000119
29816  14.398  -62.483  -13.362 0.3000000119
144476  13.044  -62.937  -13.749 0.3000000119
29809  12.398  -62.748  -12.104 0.3000000119
30857  11.648  -61.703  -11.474 0.3000000119
30867  10.974  -61.373  -11.738 0.3000000119
29812  9.505  -62.555  -12.746 0.3000000119
31931  10.187  -61.080  -12.462 0.3000000119
30879  8.891  -61.853  -13.020 0.3000000119
31932  9.397  -61.277  -12.944 0.3000000119
34173  18.695  -58.417  -14.554 0.3000000119
161989  17.315  -60.824  -13.927 0.3000000119
30889  16.208  -61.533  -13.766 0.3000000119
29806  15.002  -62.277  -12.698 0.3000000119
29792  13.842  -62.234  -11.768 0.3000000119
31917  11.748  -60.945  -11.569 0.3000000119
31930  11.119  -60.409  -12.393 0.3000000119
31945  10.412  -60.233  -13.223 0.3000000119
33029  9.251  -59.882  -14.372 0.3000000119
158916  13.861  -61.046  -11.200 0.3000000119
31916  12.465  -60.737  -11.491 0.3000000119
33017  11.694  -59.601  -12.889 0.3000000119
31944  10.971  -59.672  -13.547 0.3000000119
147738  9.672  -60.454  -13.527 0.3000000119
33027  10.932  -59.084  -14.426 0.3000000119
31915  13.848  -60.155  -11.317 0.3000000119
33005  12.898  -60.113  -11.687 0.3000000119
33016  12.495  -59.440  -12.486 0.3000000119
33004  14.806  -59.918  -11.139 0.3000000119
34130  14.322  -59.008  -11.686 0.3000000119
143327  13.336  -59.249  -12.079 0.3000000119
33015  12.835  -58.625  -12.990 0.3000000119
33026  12.098  -58.943  -13.452 0.3000000119
34157  11.530  -58.557  -14.330 0.3000000119
33043  10.896  -58.535  -14.689 0.3000000119
6855  22.085  -85.354  -28.542 0.5000000000
150976  22.189  -84.132  -29.814 0.5000000000
137582  22.609  -83.574  -30.760 0.4000000060
16846  23.183  -75.871  -31.892 0.6999999881
141673  22.029  -73.728  -29.684 0.6999999881
10169  24.133  -81.486  -30.203 0.4000000060
8512  22.831  -83.650  -29.312 0.5000000000
146001  27.246  -75.106  -31.009 0.6000000238
142638  22.314  -74.521  -24.261 0.5000000000
16834  28.933  -74.866  -30.609 0.6000000238
15758  26.977  -76.431  -24.348 0.8000000119
15741  25.195  -75.467  -22.900 0.6999999881
21029  34.498  -70.261  -27.830 0.5000000000
18787  29.844  -72.806  -25.533 0.6999999881
28803  19.470  -63.076  -21.008 0.4000000060
23295  34.622  -68.741  -27.126 0.5000000000
22125  31.723  -69.738  -22.342 0.6000000238
24391  33.752  -67.993  -24.489 0.4000000060
19803  28.636  -71.661  -20.968 0.6000000238
20951  30.121  -70.269  -20.938 0.6000000238
30923  17.723  -61.978  -19.468 0.3000000119
23230  32.678  -68.779  -22.283 0.4000000060
24333  32.412  -67.851  -20.697 0.4000000060
34223  18.141  -58.420  -18.481 0.4000000060
33061  16.023  -60.058  -15.848 0.3000000119
33025  17.955  -60.277  -13.944 0.3000000119
17689  28.902  -73.162  -19.719 0.5000000000
17702  28.209  -73.589  -20.032 0.5000000000
16700  27.767  -74.476  -20.423 0.6999999881
149602  27.842  -76.087  -20.383 0.6999999881
14716  26.966  -77.192  -21.374 0.6000000238
18703  28.574  -72.695  -19.908 0.5000000000
17703  27.790  -73.564  -20.587 0.6000000238
15686  27.540  -75.637  -20.704 0.6000000238
151308  26.338  -79.384  -21.726 0.6000000238
11934  24.884  -79.053  -21.980 0.6000000238
14694  28.431  -76.136  -20.261 0.6999999881
12828  27.735  -78.578  -21.057 0.6000000238
140493  27.117  -78.486  -21.121 0.6000000238
14695  27.927  -76.731  -20.399 0.6999999881
13749  27.193  -77.489  -20.980 0.6000000238
142980  25.884  -78.211  -21.512 0.6000000238
149203  29.470  -71.574  -19.586 0.5000000000
12826  29.192  -78.457  -21.386 0.6999999881
12827  28.468  -78.601  -21.169 0.6999999881
11948  27.725  -79.767  -21.994 0.6000000238
11949  26.920  -79.871  -22.063 0.6000000238
14714  29.242  -76.871  -20.664 0.6000000238
13747  28.628  -77.511  -20.645 0.6999999881
11932  27.188  -79.198  -21.454 0.6000000238
14713  30.159  -76.411  -21.256 0.6000000238
18701  30.178  -71.689  -19.170 0.5000000000
19791  29.037  -71.334  -20.195 0.5000000000
13762  30.022  -77.293  -21.463 0.6999999881
11930  28.879  -79.118  -21.706 0.6000000238
11950  25.859  -80.233  -22.951 0.6000000238
19769  31.172  -71.194  -18.654 0.5000000000
20925  29.685  -70.837  -19.771 0.5000000000
22047  32.552  -69.431  -17.795 0.5000000000
22058  30.842  -70.071  -18.939 0.5000000000
23153  32.791  -68.066  -17.761 0.4000000060
157775  19.330  -78.120  -31.671 0.4000000060
146686  21.131  -77.653  -30.769 0.4000000060
13833  20.199  -78.132  -31.056 0.4000000060
137524  20.416  -77.177  -29.777 0.5000000000
14795  20.712  -76.370  -28.604 0.5000000000
139779  19.569  -76.762  -28.729 0.5000000000
22074  31.197  -69.466  -19.175 0.5000000000
14786  19.162  -76.346  -27.486 0.5000000000
144157  17.232  -79.672  -24.708 0.6000000238
23162  32.260  -68.746  -18.047 0.4000000060
15801  19.578  -75.936  -26.814 0.5000000000
14778  18.978  -76.156  -26.538 0.5000000000
13813  17.683  -77.955  -25.309 0.5000000000
135073  18.999  -78.341  -30.827 0.5000000000
13828  18.864  -77.726  -29.526 0.5000000000
13830  17.495  -78.586  -29.306 0.5000000000
140304  17.967  -77.881  -28.462 0.5000000000
13825  17.373  -78.414  -28.167 0.5000000000
142872  18.499  -76.731  -27.102 0.5000000000
13822  17.450  -78.264  -27.166 0.5000000000
12884  17.152  -78.899  -25.820 0.5000000000
23176  31.629  -68.804  -19.419 0.5000000000
13821  18.015  -77.340  -26.631 0.5000000000
25401  33.949  -66.950  -17.654 0.4000000060
147049  32.219  -67.732  -18.975 0.4000000060
25422  32.792  -66.612  -18.414 0.4000000060
17810  19.226  -73.694  -28.044 0.5000000000
12902  16.662  -78.938  -28.773 0.5000000000
22095  31.223  -69.283  -19.971 0.5000000000
23175  32.081  -68.108  -19.650 0.4000000060
18808  20.216  -72.979  -26.011 0.5000000000
17770  19.326  -73.176  -25.694 0.5000000000
138036  17.760  -73.251  -26.030 0.5000000000
142577  19.238  -73.472  -27.140 0.5000000000
25437  32.651  -66.441  -19.164 0.4000000060
18790  19.978  -72.795  -25.102 0.5000000000
18769  18.329  -73.086  -24.604 0.5000000000
18755  19.447  -72.530  -23.263 0.5000000000
157625  18.739  -72.560  -22.975 0.5000000000
137477  17.758  -72.956  -23.970 0.5000000000
18809  16.874  -72.998  -26.090 0.4000000060
18728  19.666  -72.005  -21.797 0.5000000000
18757  17.180  -72.536  -23.325 0.6000000238
18770  16.865  -72.814  -24.246 0.6000000238
19824  20.545  -71.925  -21.972 0.5000000000
19808  19.388  -71.463  -21.319 0.5000000000
19825  18.106  -71.982  -22.049 0.5000000000
19826  17.389  -71.685  -22.364 0.6000000238
18745  16.227  -71.596  -23.160 0.6000000238
19855  15.618  -71.821  -24.459 0.6000000238
19856  15.195  -71.418  -25.356 0.5000000000
21025  14.203  -70.591  -25.532 0.5000000000
21026  13.656  -70.525  -25.517 0.5000000000
19807  20.298  -71.550  -21.225 0.5000000000
20941  20.839  -70.426  -20.331 0.5000000000
160287  19.491  -70.323  -21.092 0.5000000000
140597  18.851  -71.014  -21.316 0.5000000000
22128  19.313  -69.383  -22.418 0.6000000238
22131  16.839  -70.207  -22.811 0.6000000238
153809  15.973  -71.035  -23.227 0.6000000238
19841  15.211  -71.017  -24.523 0.6000000238
21003  14.644  -70.146  -24.731 0.5000000000
138960  14.535  -65.813  -21.693 0.5000000000
22168  13.093  -68.933  -24.571 0.5000000000
152556  21.647  -70.691  -20.197 0.5000000000
22099  21.293  -69.595  -20.049 0.5000000000
23218  20.088  -69.018  -21.952 0.6000000238
143738  20.526  -68.495  -22.714 0.6000000238
140424  19.828  -68.407  -24.391 0.6000000238
22148  17.239  -69.265  -23.286 0.6000000238
23255  18.823  -68.341  -24.639 0.6000000238
22149  16.362  -69.477  -23.322 0.6000000238
23257  16.779  -68.503  -23.614 0.6000000238
22166  15.072  -69.458  -24.001 0.6000000238
22167  14.270  -69.156  -24.477 0.5000000000
156636  13.615  -69.284  -24.745 0.5000000000
139402  13.725  -68.577  -24.357 0.5000000000
24404  13.980  -67.690  -23.933 0.5000000000
23258  13.080  -67.981  -24.038 0.5000000000
24384  13.431  -66.966  -23.565 0.5000000000
24355  21.622  -67.649  -21.983 0.6000000238
24370  21.101  -67.553  -23.880 0.6000000238
24381  20.736  -67.405  -24.816 0.6000000238
25526  20.118  -66.878  -25.154 0.6000000238
23274  19.289  -67.830  -25.074 0.6000000238
23275  18.520  -67.863  -24.678 0.6000000238
24400  18.942  -67.563  -24.845 0.6000000238
143630  16.274  -67.802  -23.757 0.5000000000
24402  16.863  -67.268  -23.933 0.5000000000
154597  15.282  -67.969  -23.832 0.5000000000
25530  16.205  -66.762  -23.668 0.5000000000
138165  16.860  -66.135  -23.170 0.6000000238
24383  14.324  -66.774  -23.547 0.5000000000
25491  15.053  -65.619  -22.474 0.5000000000
25471  15.485  -65.732  -21.789 0.5000000000
24337  15.438  -66.902  -20.552 0.5000000000
25525  21.079  -66.057  -24.871 0.6000000238
25505  20.350  -66.394  -24.663 0.6000000238
25506  19.611  -66.845  -24.780 0.6000000238
25508  17.426  -66.648  -23.854 0.6000000238
137223  17.012  -66.033  -22.368 0.6000000238
25454  15.896  -66.155  -20.984 0.5000000000
26580  21.535  -65.113  -24.443 0.6000000238
25489  17.749  -66.480  -23.146 0.6000000238
137882  18.230  -66.458  -21.071 0.6000000238
25443  17.110  -66.507  -19.919 0.5000000000
28842  20.796  -63.303  -23.895 0.6000000238
27678  20.992  -64.316  -24.209 0.6000000238
26568  20.469  -65.159  -23.316 0.6000000238
25466  20.130  -66.049  -22.425 0.6000000238
25488  18.874  -66.654  -22.823 0.6000000238
25451  18.827  -66.377  -20.375 0.5000000000
27660  20.251  -64.392  -22.414 0.6000000238
26562  20.219  -65.494  -21.796 0.6000000238
27649  20.227  -64.649  -21.086 0.6000000238
25468  19.005  -66.570  -21.591 0.6000000238
26543  19.727  -65.598  -19.509 0.6000000238
25428  18.465  -66.392  -18.457 0.5000000000
26528  20.096  -65.002  -18.956 0.4000000060
13764  26.460  -77.722  -21.422 0.6000000238
14696  27.526  -76.718  -20.738 0.6999999881
20938  29.584  -70.688  -20.365 0.5000000000
22075  30.661  -69.830  -19.647 0.5000000000
20904  32.278  -70.252  -18.021 0.5000000000
22057  31.894  -69.606  -18.200 0.5000000000
12892  16.914  -78.998  -26.722 0.6000000238
22129  18.485  -69.640  -22.562 0.6000000238
22146  19.165  -68.854  -23.890 0.6000000238
23277  15.700  -68.746  -23.625 0.6000000238
24403  15.776  -67.276  -23.749 0.5000000000
26581  20.871  -65.372  -24.495 0.6000000238
25487  19.565  -66.549  -23.790 0.6000000238
162110  19.504  -66.049  -20.266 0.6000000238
25441  18.570  -66.249  -19.320 0.6000000238
6136  22.463  -86.563  -26.513 0.4000000060
136211  22.166  -85.981  -23.821 0.5000000000
7620  22.822  -84.857  -24.925 0.5000000000
6834  22.414  -85.439  -25.277 0.4000000060
6842  22.391  -85.521  -26.353 0.4000000060
7645  22.951  -84.196  -26.359 0.4000000060
6848  22.330  -85.355  -27.421 0.4000000060
7606  24.053  -84.728  -24.029 0.5000000000
6821  22.540  -85.549  -23.469 0.5000000000
8466  23.554  -83.961  -26.152 0.5000000000
153022  23.271  -83.845  -26.758 0.5000000000
7657  22.418  -84.446  -27.906 0.4000000060
154776  24.279  -84.449  -24.723 0.5000000000
7630  24.944  -84.279  -25.335 0.5000000000
7644  24.454  -83.913  -26.135 0.5000000000
8485  24.187  -83.487  -27.765 0.5000000000
8498  22.791  -83.801  -28.086 0.4000000060
8497  23.436  -83.491  -28.426 0.4000000060
136471  26.185  -84.553  -25.472 0.5000000000
7643  25.510  -84.180  -26.262 0.5000000000
7642  26.424  -84.575  -26.437 0.5000000000
8473  24.891  -83.773  -27.062 0.5000000000
8484  25.208  -83.770  -28.232 0.5000000000
140870  23.668  -83.413  -29.470 0.4000000060
11066  25.867  -80.876  -25.143 0.5000000000
10121  25.570  -80.844  -26.088 0.4000000060
10131  26.182  -81.275  -26.875 0.4000000060
10144  25.381  -81.218  -28.348 0.4000000060
10159  25.469  -81.667  -29.603 0.4000000060
7656  26.063  -84.321  -27.412 0.5000000000
10167  25.371  -82.112  -30.395 0.4000000060
9334  24.803  -82.340  -30.809 0.4000000060
9335  24.058  -82.480  -31.283 0.4000000060
7655  26.894  -84.655  -28.048 0.4000000060
7667  26.205  -84.204  -28.752 0.5000000000
8510  24.600  -83.269  -30.223 0.4000000060
8495  25.490  -83.650  -29.451 0.4000000060
10120  26.425  -81.220  -25.777 0.4000000060
10143  26.394  -81.577  -28.101 0.4000000060
135153  26.048  -81.715  -29.039 0.4000000060
7653  28.196  -84.930  -27.861 0.4000000060
9328  26.011  -82.476  -30.015 0.4000000060
8519  25.393  -82.763  -30.381 0.4000000060
7664  28.154  -84.250  -28.736 0.4000000060
7666  26.862  -84.275  -29.074 0.4000000060
8508  26.139  -83.171  -30.105 0.4000000060
7673  26.224  -83.748  -29.607 0.4000000060
11027  26.444  -80.635  -23.464 0.5000000000
10110  26.714  -81.176  -24.878 0.4000000060
10109  27.667  -81.343  -24.820 0.4000000060
140110  28.539  -81.597  -26.376 0.4000000060
10142  27.569  -81.970  -28.429 0.4000000060
9320  28.327  -82.321  -29.276 0.4000000060
10165  26.836  -82.460  -29.701 0.4000000060
8493  28.800  -83.511  -29.008 0.4000000060
8506  28.242  -82.807  -29.472 0.4000000060
9326  27.548  -82.622  -29.553 0.4000000060
11008  27.504  -80.285  -22.573 0.5000000000
11025  28.210  -80.580  -23.136 0.5000000000
11007  28.158  -80.140  -22.478 0.6000000238
10108  28.560  -81.184  -24.533 0.5000000000
10129  29.114  -81.503  -27.537 0.4000000060
10140  29.577  -81.470  -28.754 0.4000000060
10154  30.353  -81.554  -28.966 0.4000000060
11045  29.376  -80.854  -24.333 0.4000000060
11946  29.274  -79.562  -22.366 0.5000000000
134603  29.843  -80.892  -25.160 0.4000000060
11078  29.853  -80.988  -27.338 0.4000000060
11981  30.652  -79.957  -24.432 0.5000000000
11994  30.758  -80.099  -25.365 0.4000000060
11064  30.414  -80.519  -25.827 0.4000000060
138258  30.538  -80.473  -27.192 0.4000000060
12843  30.380  -78.530  -22.445 0.6000000238
12844  29.651  -78.885  -22.023 0.6000000238
11965  31.104  -79.223  -24.205 0.5000000000
12874  31.785  -78.603  -25.209 0.4000000060
15684  28.745  -75.192  -20.135 0.5000000000
25465  22.053  -66.791  -22.470 0.5000000000
25503  21.841  -65.443  -24.216 0.5000000000
28828  21.725  -63.352  -23.608 0.5000000000
25484  22.267  -65.816  -23.021 0.5000000000
28840  21.748  -64.148  -24.006 0.5000000000
25485  21.846  -66.400  -23.731 0.5000000000
7619  23.470  -84.565  -24.750 0.5000000000
7632  22.663  -84.730  -25.842 0.5000000000
136206  27.085  -81.559  -26.372 0.4000000060
10130  27.981  -81.798  -27.165 0.4000000060
141777  28.065  -83.515  -29.299 0.4000000060
10107  29.250  -81.201  -25.222 0.4000000060
10117  29.209  -81.375  -26.246 0.4000000060
134886  28.336  -82.095  -29.076 0.4000000060
9319  29.104  -82.346  -29.230 0.4000000060
136274  29.111  -80.524  -23.444 0.5000000000
11077  30.513  -80.644  -28.350 0.4000000060
11966  30.422  -79.692  -23.519 0.5000000000
12862  30.765  -78.901  -23.251 0.6000000238
11063  31.189  -79.798  -26.755 0.5000000000
13789  30.997  -78.051  -23.011 0.5000000000
159502  36.964  -70.925  -20.496 0.3000000119
19788  36.432  -71.359  -20.302 0.3000000119
19777  35.934  -71.125  -19.792 0.3000000119
154286  36.367  -70.514  -19.888 0.3000000119
144379  37.024  -70.052  -20.519 0.3000000119
22116  38.064  -69.812  -22.040 0.3000000119
22117  37.700  -69.136  -21.834 0.3000000119
18726  35.778  -72.689  -21.115 0.3000000119
17696  34.617  -72.981  -21.175 0.4000000060
18712  34.522  -72.531  -20.563 0.4000000060
19787  37.193  -71.741  -20.950 0.3000000119
18713  33.571  -72.619  -20.303 0.4000000060
19790  34.921  -71.894  -19.985 0.4000000060
18700  31.314  -72.372  -19.272 0.4000000060
17688  29.847  -72.892  -19.557 0.4000000060
19802  38.030  -71.443  -21.529 0.3000000119
20923  34.899  -70.818  -18.879 0.3000000119
20903  32.996  -70.883  -18.240 0.4000000060
23173  36.384  -68.562  -19.769 0.3000000119
20901  35.222  -70.049  -18.654 0.3000000119
16739  33.558  -74.440  -22.571 0.4000000060
15716  32.444  -75.343  -22.699 0.4000000060
15700  31.167  -75.226  -21.669 0.4000000060
15701  30.374  -75.547  -21.134 0.4000000060
17711  35.185  -73.203  -21.575 0.4000000060
17712  33.513  -73.490  -21.504 0.4000000060
16712  33.070  -74.009  -21.978 0.4000000060
16714  31.458  -74.521  -21.389 0.4000000060
16696  30.967  -74.091  -20.697 0.4000000060
17710  36.147  -73.198  -21.641 0.3000000119
17698  33.099  -73.104  -20.832 0.4000000060
17699  31.351  -73.456  -20.308 0.4000000060
16698  29.129  -74.421  -19.974 0.4000000060
18724  37.349  -72.472  -21.430 0.3000000119
18699  32.156  -72.305  -19.314 0.4000000060
17700  30.451  -73.593  -20.020 0.4000000060
18723  38.464  -72.088  -21.992 0.3000000119
18686  31.665  -71.772  -18.807 0.4000000060
20883  33.085  -70.033  -17.750 0.4000000060
14744  32.597  -76.361  -23.815 0.4000000060
14745  31.857  -76.760  -23.329 0.4000000060
15736  33.685  -75.464  -23.726 0.4000000060
15715  33.240  -75.073  -22.986 0.4000000060
14732  32.161  -76.045  -23.012 0.4000000060
13778  31.199  -77.220  -22.779 0.4000000060
152650  36.045  -74.300  -22.769 0.3000000119
16737  35.167  -74.254  -22.728 0.4000000060
17725  38.379  -73.439  -22.766 0.3000000119
18738  37.915  -72.811  -21.964 0.3000000119
15683  29.728  -75.010  -20.478 0.4000000060
18736  39.128  -72.197  -22.778 0.3000000119
12861  31.399  -78.368  -23.941 0.4000000060
13787  32.314  -77.068  -24.187 0.4000000060
23152  33.519  -68.365  -17.562 0.3000000119
145228  34.669  -67.876  -17.938 0.3000000119
22056  34.666  -69.481  -18.098 0.3000000119
15702  29.462  -75.869  -20.562 0.4000000060
14734  30.734  -76.847  -22.014 0.4000000060
13779  30.566  -77.689  -22.219 0.4000000060
13801  32.035  -77.782  -24.624 0.4000000060
18711  35.384  -72.280  -20.582 0.3000000119
22072  36.425  -69.512  -19.802 0.3000000119
145734  37.216  -69.199  -20.991 0.3000000119
17730  33.919  -73.837  -22.143 0.4000000060
19779  33.535  -71.578  -18.965 0.4000000060
18714  32.626  -72.718  -20.065 0.4000000060
18698  33.069  -72.189  -19.497 0.4000000060
17687  30.887  -72.969  -19.656 0.4000000060
20902  34.417  -70.282  -18.256 0.4000000060
16761  33.995  -74.860  -23.199 0.4000000060
15717  31.679  -75.654  -22.339 0.4000000060
16741  31.943  -74.929  -22.067 0.4000000060
17728  35.633  -73.729  -22.183 0.3000000119
17714  31.796  -73.861  -21.029 0.4000000060
17709  37.050  -73.132  -21.719 0.3000000119
16760  34.752  -74.761  -23.280 0.4000000060
16759  35.539  -74.764  -23.305 0.3000000119
17726  37.497  -73.644  -22.415 0.3000000119
3834  23.410  -90.940  -21.554 0.3000000119
3307  23.396  -91.687  -21.763 0.3000000119
4329  24.545  -89.838  -21.327 0.3000000119
3306  24.114  -91.653  -21.346 0.3000000119
4330  23.450  -90.068  -21.436 0.3000000119
161654  22.939  -91.068  -21.891 0.3000000119
4850  24.948  -88.920  -21.426 0.3000000119
3832  25.329  -90.560  -21.145 0.3000000119
3833  24.260  -90.785  -21.273 0.3000000119
142856  24.233  -88.284  -21.237 0.3000000119
4851  23.609  -88.984  -21.352 0.3000000119
137304  22.309  -89.741  -22.384 0.3000000119
6129  22.130  -86.340  -24.675 0.3000000119
4848  26.511  -88.632  -21.354 0.3000000119
3831  26.062  -90.249  -20.991 0.3000000119
5408  25.230  -88.213  -21.271 0.3000000119
4849  26.028  -88.656  -21.534 0.3000000119
3304  25.658  -91.136  -20.787 0.3000000119
140038  22.103  -87.914  -21.923 0.3000000119
6114  22.157  -86.122  -23.073 0.3000000119
6115  21.995  -86.605  -23.593 0.3000000119
6095  24.203  -87.414  -20.949 0.3000000119
4852  22.588  -88.416  -21.563 0.3000000119
149883  23.151  -86.982  -21.077 0.3000000119
6096  23.078  -86.197  -21.183 0.3000000119
6105  22.273  -86.324  -22.267 0.3000000119
6106  21.907  -86.847  -22.767 0.3000000119
6812  23.147  -85.191  -22.389 0.3000000119
7618  26.305  -84.581  -24.625 0.4000000060
7605  24.682  -84.649  -23.541 0.4000000060
3286  22.702  -92.453  -18.982 0.3000000119
2782  20.479  -92.648  -20.321 0.3000000119
3305  25.001  -91.517  -21.013 0.3000000119
148091  24.791  -92.459  -20.998 0.3000000119
3273  25.835  -91.307  -19.248 0.3000000119
3274  25.471  -92.348  -19.016 0.3000000119
3276  24.193  -92.281  -18.585 0.3000000119
2774  23.353  -93.589  -19.131 0.3000000119
2781  21.270  -93.132  -20.062 0.3000000119
3818  26.705  -89.719  -20.110 0.3000000119
3284  25.988  -91.340  -19.914 0.3000000119
152738  25.294  -92.936  -18.957 0.3000000119
2282  23.701  -94.538  -19.514 0.3000000119
2775  22.134  -93.142  -19.530 0.3000000119
3296  25.815  -91.202  -20.480 0.3000000119
3297  25.697  -91.988  -20.088 0.3000000119
2280  25.251  -93.454  -19.572 0.3000000119
1822  24.275  -94.354  -19.465 0.3000000119
2788  25.097  -93.195  -20.479 0.3000000119
2300  24.564  -94.016  -20.514 0.3000000119
4331  22.638  -89.400  -21.689 0.3000000119
4855  22.048  -88.711  -22.275 0.3000000119
3830  26.527  -89.557  -20.842 0.3000000119
6097  22.572  -86.619  -21.557 0.3000000119
3278  22.207  -91.474  -18.830 0.3000000119
1855  23.982  -94.656  -20.640 0.3000000119
3826  26.187  -90.428  -20.385 0.3000000119
3275  25.068  -92.275  -18.664 0.3000000119
2773  25.443  -92.938  -19.344 0.3000000119
2271  24.600  -93.740  -19.095 0.3000000119
1830  23.092  -95.100  -20.015 0.3000000119
6820  23.691  -84.892  -23.112 0.3000000119
9289  33.109  -82.586  -23.450 0.3000000119
8457  31.956  -83.792  -23.670 0.3000000119
8458  31.391  -84.191  -24.215 0.3000000119
7613  30.510  -84.791  -24.716 0.4000000060
139726  29.524  -85.255  -25.642 0.4000000060
7640  28.295  -85.246  -26.807 0.3000000119
7654  27.618  -84.963  -27.442 0.3000000119
10106  32.563  -81.923  -24.666 0.3000000119
9297  31.492  -83.158  -25.560 0.4000000060
8465  30.961  -83.760  -26.101 0.4000000060
9303  31.033  -83.101  -27.145 0.4000000060
8483  29.377  -84.121  -28.208 0.3000000119
10138  31.516  -81.287  -28.370 0.4000000060
9310  30.763  -82.849  -27.967 0.4000000060
8492  29.643  -82.974  -28.888 0.3000000119
10153  30.950  -81.014  -28.917 0.3000000119
9240  32.567  -82.272  -21.134 0.3000000119
9273  33.220  -83.019  -22.174 0.3000000119
8446  31.399  -84.073  -23.638 0.4000000060
8447  30.674  -84.485  -24.051 0.4000000060
7615  29.262  -85.114  -25.128 0.3000000119
7627  28.654  -85.292  -25.773 0.3000000119
7616  27.869  -84.920  -25.291 0.3000000119
9272  33.854  -82.819  -22.078 0.3000000119
9282  33.877  -82.575  -22.627 0.3000000119
9296  31.959  -82.503  -25.136 0.3000000119
9302  31.401  -82.709  -26.682 0.4000000060
11022  33.808  -80.628  -24.585 0.3000000119
11061  33.621  -80.227  -25.773 0.3000000119
10114  33.048  -80.932  -25.318 0.3000000119
10115  32.404  -81.315  -26.380 0.4000000060
9309  31.304  -82.269  -27.760 0.4000000060
11074  33.232  -79.650  -27.623 0.3000000119
11084  32.528  -79.726  -28.070 0.4000000060
11085  31.556  -80.402  -28.380 0.4000000060
12882  32.829  -78.176  -26.792 0.3000000119
12890  32.935  -78.501  -27.470 0.4000000060
12012  31.998  -79.582  -28.133 0.4000000060
11076  31.267  -80.073  -28.138 0.4000000060
14769  33.498  -77.130  -25.643 0.3000000119
12883  31.859  -79.013  -26.540 0.4000000060
12873  32.459  -77.915  -25.773 0.3000000119
11907  29.188  -79.895  -18.820 0.3000000119
10958  29.538  -80.432  -19.506 0.3000000119
10028  28.035  -80.935  -19.865 0.3000000119
10049  28.365  -81.327  -20.509 0.3000000119
137078  32.192  -81.594  -20.613 0.3000000119
10978  31.396  -81.530  -20.655 0.3000000119
159497  31.049  -81.792  -21.019 0.3000000119
9260  28.937  -82.246  -21.821 0.3000000119
10044  34.872  -82.026  -20.975 0.3000000119
10045  33.975  -81.991  -20.873 0.3000000119
158277  31.693  -82.187  -21.224 0.3000000119
9258  30.821  -82.798  -22.196 0.3000000119
9274  30.303  -83.177  -22.717 0.3000000119
8434  29.661  -83.619  -23.259 0.3000000119
8449  28.419  -84.147  -23.901 0.3000000119
7602  27.918  -84.555  -24.452 0.3000000119
7603  26.403  -84.460  -23.959 0.3000000119
7604  25.576  -84.541  -23.813 0.3000000119
9254  34.452  -82.440  -21.671 0.3000000119
12001  34.125  -78.823  -26.961 0.3000000119
12010  33.126  -79.054  -27.916 0.3000000119
13809  34.294  -77.703  -26.341 0.3000000119
12889  33.417  -78.417  -27.288 0.3000000119
14757  33.786  -76.533  -25.098 0.3000000119
14758  33.063  -76.697  -24.714 0.3000000119
13800  32.766  -77.324  -25.198 0.3000000119
11879  28.197  -79.516  -17.308 0.3000000119
157151  30.032  -80.082  -19.135 0.3000000119
10957  30.396  -80.460  -19.591 0.3000000119
10981  28.959  -80.852  -20.029 0.3000000119
150941  31.685  -80.953  -20.155 0.3000000119
10047  30.405  -81.475  -20.746 0.3000000119
7592  25.082  -84.481  -23.135 0.3000000119
12773  28.612  -78.999  -16.597 0.3000000119
11890  29.411  -79.214  -18.141 0.3000000119
137726  30.138  -79.555  -18.669 0.3000000119
11906  30.729  -79.948  -19.168 0.3000000119
10956  31.203  -80.422  -19.638 0.3000000119
10976  33.468  -81.172  -20.457 0.3000000119
11878  28.851  -78.995  -17.472 0.3000000119
12789  30.296  -78.734  -18.063 0.3000000119
12798  31.836  -79.030  -18.899 0.3000000119
10955  32.033  -80.333  -19.742 0.3000000119
154620  25.188  -84.560  -24.433 0.3000000119
7628  27.812  -85.117  -26.031 0.3000000119
7639  29.208  -85.325  -26.476 0.3000000119
8482  30.123  -83.521  -28.072 0.4000000060
12003  31.949  -79.277  -27.712 0.4000000060
15756  34.195  -75.932  -24.559 0.3000000119
160349  32.759  -83.261  -22.609 0.3000000119
9291  31.723  -83.592  -24.510 0.3000000119
160376  32.209  -83.667  -22.996 0.3000000119
8464  31.274  -84.104  -25.002 0.4000000060
7638  30.356  -84.641  -26.157 0.4000000060
8471  30.521  -83.798  -27.089 0.4000000060
10126  32.236  -80.786  -27.988 0.4000000060
9238  34.324  -82.339  -21.328 0.3000000119
151417  31.653  -82.831  -21.913 0.3000000119
8433  30.675  -83.937  -23.387 0.3000000119
153249  31.481  -83.513  -22.750 0.3000000119
8448  29.220  -84.141  -23.864 0.4000000060
157046  28.526  -84.974  -25.068 0.3000000119
9271  34.550  -82.482  -22.048 0.3000000119
10096  34.578  -81.919  -22.693 0.3000000119
10105  33.196  -81.509  -24.258 0.3000000119
11075  32.777  -80.344  -27.545 0.4000000060
13810  33.729  -77.593  -26.439 0.3000000119
10066  29.650  -81.853  -21.325 0.3000000119
9259  29.924  -82.453  -22.042 0.3000000119
9275  29.223  -82.879  -22.567 0.3000000119
14767  34.739  -77.040  -25.528 0.3000000119
13802  18.120  -77.099  -24.751 0.4000000060
1829  23.828  -94.737  -19.763 0.3000000119
1841  24.374  -94.495  -19.943 0.3000000119
1842  23.557  -94.935  -20.201 0.3000000119
2270  25.121  -93.411  -19.099 0.3000000119
2272  24.098  -94.046  -19.136 0.3000000119
2281  24.792  -93.918  -19.503 0.3000000119
2283  22.809  -94.416  -19.701 0.3000000119
2292  25.052  -93.775  -19.987 0.3000000119
2765  25.231  -92.694  -18.828 0.3000000119
2766  24.910  -93.021  -18.756 0.3000000119
2767  24.166  -93.300  -18.818 0.3000000119
2768  23.526  -92.702  -18.769 0.3000000119
2780  25.531  -92.918  -19.963 0.3000000119
3285  25.678  -92.192  -19.593 0.3000000119
3819  26.278  -90.483  -19.644 0.3000000119
3835  22.772  -90.363  -21.806 0.3000000119
4324  27.215  -89.052  -20.540 0.3000000119
4327  26.404  -89.313  -21.239 0.3000000119
4328  25.852  -89.448  -21.429 0.3000000119
5409  23.318  -87.912  -21.221 0.3000000119
5410  22.551  -87.497  -21.498 0.3000000119
5417  22.049  -87.147  -22.011 0.3000000119
6804  22.841  -85.734  -21.769 0.3000000119
6813  22.600  -85.649  -22.650 0.3000000119
6828  22.469  -85.480  -24.331 0.5000000000
7593  24.386  -84.539  -22.694 0.3000000119
7600  29.828  -84.743  -24.478 0.3000000119
7601  28.868  -84.673  -24.515 0.3000000119
7607  23.065  -84.993  -23.930 0.5000000000
7612  31.005  -84.511  -24.626 0.3000000119
7614  29.901  -85.124  -25.073 0.3000000119
7617  27.117  -84.634  -24.660 0.3000000119
7625  30.737  -84.591  -25.291 0.4000000060
7626  30.158  -85.050  -25.452 0.4000000060
7629  27.133  -84.773  -25.402 0.3000000119
7631  23.162  -84.357  -25.567 0.5000000000
7641  27.618  -85.068  -26.688 0.3000000119
7646  22.570  -84.648  -26.795 0.4000000060
7652  28.951  -85.001  -27.490 0.4000000060
7665  27.529  -84.609  -28.404 0.4000000060
8425  32.508  -83.214  -22.288 0.3000000119
8459  31.029  -84.489  -24.221 0.3000000119
8472  29.790  -84.646  -27.084 0.4000000060
8474  23.926  -83.633  -26.833 0.5000000000
8475  22.825  -84.028  -27.176 0.4000000060
8486  23.340  -83.639  -27.447 0.5000000000
8494  27.526  -83.965  -29.265 0.4000000060
8496  24.415  -83.455  -28.945 0.4000000060
8507  27.538  -83.162  -29.707 0.4000000060
8509  25.500  -83.239  -30.160 0.4000000060
8511  23.512  -83.307  -30.499 0.4000000060
8518  25.909  -82.716  -30.129 0.4000000060
8520  24.817  -82.862  -30.808 0.4000000060
9239  33.503  -82.422  -21.268 0.3000000119
9253  35.116  -82.110  -21.604 0.3000000119
9255  33.773  -82.722  -21.729 0.3000000119
9256  33.060  -82.848  -21.720 0.3000000119
9257  32.351  -82.751  -21.638 0.3000000119
9270  35.136  -82.074  -22.096 0.3000000119
9283  32.613  -83.383  -23.114 0.3000000119
9290  32.367  -83.135  -24.004 0.3000000119
9316  30.949  -81.898  -28.535 0.4000000060
9317  30.305  -82.425  -28.710 0.4000000060
9318  29.866  -82.092  -29.106 0.4000000060
9327  26.748  -82.835  -29.978 0.4000000060
9333  25.435  -82.438  -30.323 0.4000000060
10046  33.040  -81.802  -20.742 0.3000000119
10048  29.324  -81.341  -20.639 0.3000000119
10064  35.072  -82.076  -21.302 0.3000000119
10065  30.732  -82.159  -21.492 0.3000000119
10067  28.686  -81.742  -21.151 0.3000000119
10097  33.823  -81.701  -23.481 0.3000000119
10116  31.767  -82.243  -26.183 0.4000000060
10118  28.518  -81.456  -25.434 0.4000000060
10119  27.832  -81.610  -25.877 0.4000000060
10127  31.833  -81.763  -27.336 0.4000000060
10128  29.891  -81.048  -28.357 0.4000000060
10139  30.311  -80.991  -28.971 0.3000000119
10141  28.660  -81.807  -28.508 0.4000000060
10155  29.760  -81.653  -29.050 0.4000000060
10156  29.022  -81.896  -29.138 0.4000000060
10157  27.630  -82.306  -29.304 0.4000000060
10158  26.800  -82.077  -29.153 0.4000000060
10166  26.132  -82.124  -29.795 0.4000000060
10959  28.586  -80.461  -19.373 0.3000000119
10977  32.544  -81.002  -20.261 0.3000000119
10979  30.834  -80.933  -20.132 0.3000000119
10980  29.916  -80.892  -20.104 0.3000000119
10995  21.312  -80.037  -21.212 0.5000000000
11006  28.824  -80.139  -22.731 0.6000000238
11009  26.675  -80.335  -22.729 0.6000000238
11010  21.246  -79.775  -22.099 0.5000000000
11023  29.937  -80.331  -23.857 0.5000000000
11024  29.645  -79.991  -23.061 0.5000000000
11026  27.310  -80.689  -23.271 0.5000000000
11044  30.201  -80.524  -24.747 0.4000000060
11046  27.901  -80.973  -23.918 0.5000000000
11047  27.035  -80.996  -24.061 0.4000000060
11048  26.168  -80.823  -24.269 0.5000000000
11050  24.478  -80.026  -24.912 0.5000000000
11062  33.181  -80.345  -26.638 0.3000000119
11065  29.862  -80.979  -26.090 0.4000000060
11067  25.009  -80.444  -25.457 0.5000000000
11086  30.899  -80.582  -28.729 0.3000000119
11087  23.356  -80.176  -27.200 0.5000000000
11088  22.612  -80.349  -27.364 0.5000000000
11889  31.000  -79.281  -18.696 0.3000000119
11891  28.541  -79.570  -18.062 0.3000000119
11905  31.520  -79.775  -19.265 0.3000000119
11931  28.083  -79.214  -21.506 0.6999999881
11933  25.719  -78.938  -21.621 0.6000000238
11945  30.092  -79.331  -22.711 0.6000000238
11947  28.491  -79.677  -22.118 0.6000000238
11969  23.540  -78.849  -23.872 0.6999999881
11980  31.264  -79.484  -25.366 0.4000000060
11982  24.026  -79.483  -24.441 0.6999999881
11995  22.277  -79.228  -25.764 0.6000000238
12002  33.612  -79.103  -27.514 0.3000000119
12004  22.618  -79.461  -26.189 0.6000000238
12009  33.516  -78.690  -27.466 0.3000000119
12011  32.646  -78.980  -27.901 0.4000000060
12782  29.219  -78.428  -16.932 0.3000000119
12811  28.762  -78.095  -20.914 0.6999999881
12812  28.167  -78.021  -20.723 0.6999999881
12813  27.503  -77.876  -20.796 0.6000000238
12814  26.764  -78.091  -21.159 0.6000000238
12825  29.913  -78.124  -21.725 0.6000000238
12829  25.188  -78.503  -21.662 0.6999999881
12830  24.421  -78.225  -21.797 0.6999999881
12831  23.489  -77.714  -21.988 0.6999999881
12875  22.595  -78.385  -24.278 0.6999999881
12876  17.447  -78.841  -24.957 0.6000000238
12888  33.908  -78.324  -26.986 0.3000000119
12891  32.477  -78.684  -27.300 0.4000000060
12896  33.121  -78.668  -27.694 0.3000000119
12897  16.712  -79.040  -27.697 0.5000000000
13748  28.012  -77.372  -20.499 0.6999999881
13750  22.086  -76.699  -20.574 0.6000000238
13763  29.313  -77.753  -21.061 0.6999999881
13788  31.614  -77.535  -23.626 0.4000000060
13790  18.196  -77.160  -23.833 0.5000000000
13803  17.842  -77.902  -24.426 0.5000000000
13811  33.156  -77.640  -26.239 0.3000000119
13812  18.046  -77.175  -25.686 0.5000000000
13819  33.729  -78.035  -26.903 0.3000000119
13820  33.360  -78.102  -26.922 0.3000000119
13824  18.001  -77.564  -27.606 0.5000000000
13829  18.245  -77.941  -29.135 0.5000000000
13834  19.609  -77.664  -30.012 0.5000000000
13838  21.304  -78.005  -31.946 0.6000000238
13839  20.929  -78.096  -31.649 0.4000000060
13840  19.630  -78.218  -31.587 0.4000000060
14697  22.921  -75.709  -20.785 0.6000000238
14699  21.767  -76.413  -20.161 0.6000000238
14712  30.930  -76.012  -21.844 0.4000000060
14733  31.432  -76.421  -22.563 0.4000000060
14735  27.051  -76.520  -22.695 0.8000000119
14737  26.088  -76.706  -22.529 0.6999999881
14743  33.377  -76.065  -24.250 0.4000000060
14746  27.024  -76.504  -23.602 0.8000000119
14748  18.561  -76.426  -23.327 0.5000000000
14768  34.100  -77.056  -25.826 0.3000000119
14770  18.512  -76.374  -25.149 0.4000000060
14777  27.431  -76.024  -27.041 0.6000000238
14779  18.459  -76.559  -26.120 0.5000000000
14782  27.850  -76.004  -27.441 0.6000000238
14784  27.107  -76.208  -27.848 0.6000000238
14785  20.157  -76.010  -27.529 0.5000000000
14787  18.599  -77.137  -28.272 0.5000000000
14790  28.185  -76.105  -28.372 0.6000000238
14792  26.927  -76.391  -29.099 0.6000000238
14793  26.235  -76.556  -29.969 0.6999999881
14799  28.188  -76.270  -29.458 0.6000000238
14800  27.550  -76.467  -29.780 0.6000000238
14804  23.918  -77.124  -30.810 0.6999999881
14805  21.814  -77.727  -31.450 0.4000000060
14807  27.337  -76.355  -30.447 0.6000000238
14809  25.744  -76.634  -31.214 0.6000000238
14811  23.593  -77.372  -31.582 0.6999999881
14815  24.907  -76.814  -31.742 0.6000000238
14816  24.122  -77.123  -31.976 0.6999999881
14817  23.297  -77.256  -32.056 0.6999999881
14818  22.580  -77.312  -32.079 0.6000000238
14819  21.217  -77.716  -32.085 0.6000000238
14820  20.660  -77.840  -32.105 0.6000000238
15685  27.962  -75.314  -20.180 0.6999999881
15688  22.252  -75.442  -20.497 0.6000000238
15690  20.487  -75.332  -20.328 0.5000000000
15737  32.887  -75.679  -23.439 0.4000000060
15739  26.639  -76.463  -23.662 0.6999999881
15757  27.297  -76.198  -24.291 0.6999999881
15760  20.318  -75.084  -24.192 0.5000000000
15762  18.894  -75.868  -24.602 0.5000000000
15771  25.836  -75.593  -25.056 0.6999999881
15774  20.703  -75.227  -25.337 0.5000000000
15775  19.383  -75.649  -25.182 0.5000000000
15787  23.885  -75.314  -26.842 0.6000000238
15788  22.454  -75.332  -26.626 0.6999999881
15789  21.629  -75.432  -26.551 0.5000000000
15790  20.235  -75.662  -26.492 0.5000000000
15795  26.193  -75.929  -27.672 0.6999999881
15798  23.524  -75.529  -27.524 0.6000000238
15800  21.784  -75.663  -27.314 0.6000000238
15806  28.696  -75.953  -29.232 0.6000000238
15808  24.517  -75.896  -28.748 0.6999999881
15811  21.809  -76.093  -28.457 0.6000000238
15816  28.017  -76.224  -30.280 0.6000000238
15818  24.223  -76.376  -29.726 0.6999999881
15827  22.318  -75.952  -31.825 0.6999999881
15829  20.463  -75.986  -31.364 0.6000000238
15830  19.581  -76.233  -31.212 0.6000000238
15834  25.449  -76.351  -31.694 0.6000000238
15835  24.523  -76.593  -32.058 0.6000000238
15837  22.870  -76.828  -32.180 0.6000000238
15838  21.931  -77.054  -32.150 0.6000000238
15839  20.981  -77.062  -32.014 0.6000000238
16690  28.745  -73.881  -19.836 0.5000000000
16697  30.069  -74.270  -20.292 0.4000000060
16699  28.305  -74.466  -19.990 0.5000000000
16701  22.182  -74.888  -20.702 0.5000000000
16702  21.464  -75.186  -20.372 0.5000000000
16713  32.259  -74.266  -21.703 0.4000000060
16715  30.641  -74.780  -20.972 0.4000000060
16717  24.140  -75.167  -21.684 0.6000000238
16719  22.537  -74.558  -21.289 0.5000000000
16738  34.352  -74.303  -22.686 0.4000000060
16740  32.736  -74.657  -22.357 0.4000000060
16742  27.502  -74.795  -21.970 0.6999999881
16743  24.423  -74.845  -22.538 0.6000000238
16744  23.536  -74.502  -22.121 0.6000000238
16764  25.615  -75.687  -23.697 0.6999999881
16767  21.598  -74.542  -23.611 0.5000000000
16768  20.652  -74.793  -23.438 0.5000000000
16779  28.186  -74.907  -24.738 0.6000000238
16780  25.330  -75.277  -24.363 0.6999999881
16781  24.558  -74.791  -24.457 0.6000000238
16783  22.968  -74.618  -24.848 0.5000000000
16793  28.269  -75.196  -25.830 0.6000000238
16795  24.403  -74.884  -25.226 0.6999999881
16797  22.718  -74.951  -25.703 0.5000000000
16798  21.339  -75.027  -25.290 0.5000000000
16805  24.193  -75.090  -26.037 0.6999999881
16816  30.089  -74.917  -29.437 0.6999999881
16817  19.784  -73.963  -28.814 0.5000000000
16818  18.891  -74.105  -28.857 0.5000000000
16823  30.022  -74.896  -29.920 0.6999999881
16824  22.340  -74.209  -30.421 0.6999999881
16825  21.638  -74.266  -30.231 0.6999999881
16826  20.300  -74.285  -29.614 0.6000000238
16832  30.417  -74.451  -30.082 0.6999999881
16833  29.814  -74.659  -30.303 0.6999999881
16835  28.085  -75.167  -30.836 0.6000000238
16836  26.464  -75.165  -31.145 0.6000000238
16838  24.317  -74.865  -31.290 0.6999999881
16839  23.473  -74.892  -31.276 0.6999999881
16840  22.669  -74.943  -31.187 0.6999999881
16844  24.933  -75.840  -31.845 0.6000000238
17697  33.964  -73.044  -21.001 0.4000000060
17701  29.472  -73.678  -19.824 0.4000000060
17713  32.630  -73.643  -21.300 0.4000000060
17716  27.714  -73.445  -21.200 0.6000000238
17727  36.571  -73.745  -22.241 0.3000000119
17729  34.753  -73.751  -22.181 0.4000000060
17759  17.505  -73.144  -25.056 0.5000000000
17769  28.673  -74.222  -25.291 0.6999999881
17771  18.447  -73.218  -25.443 0.5000000000
17780  29.459  -73.985  -26.747 0.6999999881
17782  20.037  -73.305  -26.831 0.6000000238
17783  19.487  -73.308  -26.417 0.5000000000
17784  18.562  -73.364  -26.478 0.5000000000
17793  30.973  -73.799  -28.309 0.6999999881
17796  21.106  -73.407  -28.059 0.6000000238
17797  20.204  -73.623  -28.088 0.6000000238
17805  31.938  -73.378  -29.173 0.6999999881
17815  31.370  -73.667  -29.551 0.6999999881
17823  30.873  -73.981  -30.037 0.6999999881
17828  25.678  -74.279  -30.765 0.6000000238
18687  30.894  -71.814  -18.946 0.4000000060
18697  34.048  -72.096  -19.743 0.4000000060
18702  29.151  -72.363  -19.614 0.5000000000
18710  36.227  -72.083  -20.673 0.3000000119
18715  31.754  -72.859  -19.855 0.4000000060
18716  28.120  -72.917  -20.364 0.6000000238
18717  27.840  -73.007  -20.917 0.6000000238
18725  36.644  -72.574  -21.212 0.3000000119
18727  35.090  -72.734  -21.025 0.4000000060
18729  18.833  -72.033  -21.835 0.5000000000
18737  38.643  -72.718  -22.519 0.3000000119
18739  28.865  -72.269  -22.823 0.6999999881
18740  28.429  -72.708  -22.433 0.6000000238
18741  19.991  -72.295  -22.619 0.5000000000
18742  19.154  -72.343  -22.417 0.5000000000
18743  18.383  -72.318  -22.433 0.5000000000
18744  16.788  -71.999  -22.834 0.6000000238
18752  29.151  -72.468  -23.687 0.6999999881
18754  20.293  -72.375  -23.589 0.6000000238
18756  18.039  -72.666  -23.106 0.5000000000
18758  16.249  -72.204  -23.662 0.6000000238
18764  29.429  -72.670  -24.545 0.6999999881
18766  21.376  -72.220  -24.829 0.6000000238
18767  20.562  -72.442  -24.519 0.6000000238
18768  19.711  -72.659  -24.196 0.5000000000
18771  16.160  -72.446  -24.690 0.6000000238
18786  30.795  -72.153  -25.535 0.6999999881
18788  21.638  -72.351  -25.741 0.6000000238
18791  19.115  -72.992  -24.806 0.5000000000
18792  16.686  -72.868  -25.135 0.4000000060
18794  15.482  -71.920  -26.143 0.5000000000
18803  30.757  -72.766  -26.537 0.6999999881
18804  29.888  -73.295  -26.353 0.6999999881
18806  21.488  -72.637  -26.568 0.6000000238
18807  20.782  -72.992  -26.679 0.6000000238
18816  33.093  -72.367  -28.300 0.6000000238
18817  32.370  -72.837  -28.177 0.6999999881
18818  31.405  -73.155  -27.716 0.6999999881
18819  22.699  -72.254  -27.745 0.6999999881
18825  33.181  -72.249  -28.716 0.6000000238
18827  23.908  -71.802  -28.928 0.6999999881
18828  23.008  -72.395  -28.590 0.6999999881
18829  32.877  -72.405  -29.099 0.6000000238
18832  27.977  -72.220  -29.739 0.6999999881
18833  25.438  -72.253  -29.361 0.6999999881
18837  29.824  -73.365  -30.377 0.6999999881
19766  34.022  -70.952  -18.538 0.4000000060
19767  32.549  -71.663  -18.786 0.4000000060
19768  31.982  -71.069  -18.357 0.4000000060
19778  34.486  -71.465  -19.265 0.4000000060
19780  30.076  -71.036  -19.245 0.5000000000
19781  28.842  -71.987  -19.818 0.5000000000
19789  35.721  -71.680  -20.134 0.3000000119
19792  28.509  -72.167  -20.292 0.5000000000
19793  21.841  -71.225  -20.730 0.5000000000
19794  20.989  -71.196  -20.655 0.5000000000
19795  20.132  -71.090  -20.745 0.5000000000
19806  21.181  -71.568  -21.317 0.5000000000
19809  18.536  -71.517  -21.660 0.5000000000
19810  17.897  -71.431  -21.973 0.6000000238
19817  38.751  -71.235  -22.356 0.3000000119
19822  22.331  -71.470  -22.654 0.6000000238
19823  21.430  -71.738  -22.292 0.6000000238
19833  31.143  -71.118  -24.127 0.6000000238
19836  23.265  -71.014  -24.145 0.6999999881
19837  22.517  -71.465  -23.682 0.6000000238
19839  20.841  -72.067  -22.957 0.5000000000
19840  15.714  -71.417  -23.712 0.6000000238
19848  32.284  -71.030  -25.336 0.6999999881
19849  31.488  -71.329  -24.909 0.6000000238
19850  30.681  -71.717  -24.657 0.6999999881
19851  29.868  -72.049  -24.162 0.6999999881
19852  23.137  -71.190  -25.114 0.6999999881
19869  32.739  -71.393  -26.329 0.6999999881
19872  22.411  -71.909  -25.873 0.6000000238
19874  14.678  -71.305  -25.985 0.5000000000
19875  14.054  -71.082  -26.066 0.5000000000
19878  33.970  -71.358  -27.708 0.6000000238
19879  33.281  -71.818  -27.482 0.6000000238
19880  23.345  -71.206  -26.951 0.6000000238
19881  22.764  -71.746  -26.634 0.6000000238
19889  31.026  -71.499  -29.379 0.6000000238
19891  28.968  -71.138  -29.121 0.6000000238
19894  25.780  -70.821  -28.679 0.8000000119
19895  24.623  -71.169  -28.766 0.8000000119
19898  29.517  -71.680  -29.523 0.6000000238
19900  27.470  -71.487  -29.181 0.6999999881
19902  25.291  -71.362  -28.917 0.8000000119
20882  33.882  -69.779  -17.764 0.4000000060
20905  31.426  -70.387  -18.482 0.5000000000
20906  30.666  -70.716  -18.873 0.5000000000
20924  30.302  -70.443  -19.393 0.5000000000
20927  22.206  -70.176  -19.764 0.6000000238
20937  30.071  -70.218  -20.057 0.5000000000
20939  22.448  -70.699  -20.270 0.5000000000
20942  19.973  -70.365  -20.782 0.5000000000
20952  29.302  -70.916  -21.084 0.6000000238
20954  23.427  -70.673  -21.396 0.5000000000
20955  22.715  -71.088  -20.997 0.6000000238
20956  18.982  -70.258  -21.512 0.5000000000
20957  18.173  -70.717  -21.840 0.5000000000
20965  31.248  -70.309  -22.820 0.6000000238
20966  30.399  -70.681  -22.462 0.6000000238
20967  29.607  -71.076  -22.024 0.6000000238
20968  24.214  -70.012  -22.736 0.6999999881
20971  17.371  -70.895  -22.289 0.6000000238
20972  16.610  -71.150  -22.732 0.6000000238
20980  32.370  -70.183  -23.977 0.6000000238
20981  31.612  -70.521  -23.657 0.6000000238
20985  16.132  -70.366  -23.176 0.6000000238
20986  15.462  -70.468  -23.789 0.6000000238
21002  23.907  -70.332  -24.364 0.6000000238
21004  13.914  -69.851  -25.141 0.5000000000
21020  28.830  -70.212  -25.931 0.5000000000
21022  24.042  -70.074  -26.211 0.6999999881
21023  23.575  -70.713  -25.675 0.6999999881
21024  14.714  -70.838  -25.296 0.6000000238
21032  30.284  -70.184  -26.930 0.6000000238
21034  28.438  -70.392  -26.749 0.6000000238
21038  34.355  -70.316  -28.388 0.5000000000
21039  34.295  -71.007  -28.132 0.6000000238
21041  30.914  -70.409  -27.962 0.6000000238
21043  28.897  -70.673  -27.611 0.6000000238
21051  29.437  -70.859  -28.501 0.6000000238
21053  27.050  -70.673  -28.707 0.8000000119
21056  24.675  -70.529  -28.403 0.8000000119
22045  34.103  -68.997  -17.647 0.3000000119
22046  33.309  -69.246  -17.601 0.4000000060
22055  35.430  -69.072  -18.617 0.3000000119
22076  24.018  -69.317  -19.602 0.4000000060
22077  23.414  -69.630  -19.603 0.5000000000
22078  22.755  -69.569  -19.492 0.4000000060
22079  22.008  -69.558  -19.627 0.6000000238
22094  36.758  -69.158  -20.330 0.3000000119
22096  30.746  -69.714  -20.540 0.6000000238
22098  23.812  -69.944  -20.160 0.6000000238
22100  20.495  -69.479  -20.795 0.5000000000
22118  31.870  -69.062  -21.203 0.6000000238
22119  24.393  -69.680  -21.030 0.5000000000
22120  19.669  -69.779  -21.334 0.5000000000
22130  17.643  -69.952  -22.611 0.6000000238
22142  33.184  -69.219  -23.834 0.6000000238
22143  32.685  -69.591  -23.510 0.6000000238
22145  24.773  -69.216  -23.138 0.5000000000
22147  18.238  -69.040  -23.614 0.6000000238
22150  15.727  -69.704  -23.529 0.6000000238
22161  33.495  -69.379  -24.703 0.4000000060
22169  12.576  -69.368  -24.481 0.5000000000
22179  24.440  -69.485  -25.766 0.6999999881
22183  34.584  -69.484  -27.482 0.5000000000
22184  34.346  -70.033  -26.932 0.5000000000
22189  26.342  -69.188  -27.208 0.6000000238
22190  25.076  -69.051  -27.021 0.8000000119
22191  24.534  -69.440  -26.700 0.6000000238
22192  34.581  -69.553  -28.139 0.5000000000
22196  26.872  -69.780  -27.639 0.8000000119
22197  26.072  -69.482  -27.820 0.8000000119
22198  25.349  -69.493  -27.806 0.8000000119
22201  34.030  -70.293  -28.749 0.5000000000
22203  25.883  -69.823  -28.326 0.8000000119
23151  34.253  -68.318  -17.692 0.3000000119
23163  31.657  -69.109  -18.624 0.4000000060
23165  23.257  -68.353  -18.853 0.5000000000
23177  24.823  -68.205  -19.463 0.4000000060
23180  22.622  -68.795  -19.275 0.4000000060
23191  36.868  -68.455  -20.577 0.3000000119
23195  21.204  -68.927  -20.446 0.5000000000
23214  32.329  -68.623  -21.419 0.6000000238
23215  25.251  -68.280  -20.996 0.5000000000
23217  20.965  -68.510  -21.584 0.6000000238
23229  33.139  -68.205  -22.757 0.4000000060
23232  25.048  -68.920  -22.273 0.5000000000
23233  21.091  -67.956  -22.871 0.6000000238
23234  20.496  -68.124  -23.930 0.6000000238
23235  19.884  -68.768  -23.299 0.6000000238
23247  32.935  -69.004  -23.077 0.4000000060
23253  20.105  -67.925  -25.060 0.6000000238
23254  19.513  -68.151  -24.961 0.6000000238
23256  17.906  -68.403  -24.064 0.6000000238
23276  17.460  -67.774  -24.127 0.6000000238
23278  14.452  -68.257  -24.031 0.5000000000
23287  33.843  -68.739  -25.080 0.4000000060
24285  34.062  -67.686  -17.612 0.4000000060
24286  33.369  -67.497  -17.658 0.4000000060
24287  32.765  -67.287  -18.005 0.4000000060
24300  32.492  -67.171  -18.723 0.4000000060
24303  23.497  -67.706  -18.560 0.5000000000
24317  32.428  -67.234  -19.698 0.4000000060
24334  22.169  -67.433  -20.182 0.5000000000
24336  16.315  -66.653  -20.243 0.5000000000
24352  32.767  -68.009  -21.773 0.4000000060
24369  21.573  -67.242  -23.221 0.6000000238
24380  21.358  -66.924  -24.379 0.6000000238
24382  15.246  -66.682  -23.534 0.5000000000
24397  20.967  -66.709  -25.088 0.6000000238
24398  20.233  -67.255  -25.192 0.6000000238
24399  19.635  -67.487  -25.167 0.6000000238
24401  17.987  -67.438  -24.332 0.5000000000
24412  27.225  -67.552  -25.847 0.6000000238
24413  26.837  -67.104  -26.010 0.6000000238
24419  26.454  -67.965  -26.172 0.6000000238
24420  25.861  -68.105  -26.195 0.6000000238
25402  33.282  -66.761  -17.860 0.4000000060
25421  33.182  -66.224  -18.209 0.4000000060
25427  19.041  -65.849  -18.063 0.5000000000
25429  18.018  -66.550  -19.014 0.6000000238
25439  22.562  -67.139  -19.314 0.5000000000
25440  19.093  -65.948  -18.908 0.5000000000
25442  17.928  -66.441  -19.652 0.5000000000
25447  32.808  -66.315  -20.328 0.5000000000
25449  22.356  -66.635  -20.431 0.6000000238
25450  19.182  -66.110  -19.673 0.6000000238
25452  17.623  -66.383  -20.420 0.5000000000
25453  16.711  -66.261  -20.728 0.5000000000
25467  19.645  -66.189  -21.302 0.6000000238
25469  17.296  -66.210  -21.329 0.6000000238
25470  16.371  -65.920  -21.650 0.5000000000
25479  33.432  -66.556  -22.523 0.4000000060
25486  20.241  -66.113  -23.581 0.6000000238
25490  16.086  -65.785  -22.640 0.6000000238
25504  21.407  -66.137  -24.603 0.6000000238
25507  18.623  -66.829  -24.177 0.6000000238
25509  16.525  -66.345  -23.466 0.5000000000
25510  15.621  -66.060  -23.201 0.5000000000
25527  19.252  -67.232  -24.923 0.6000000238
25528  18.261  -67.208  -24.393 0.6000000238
25529  17.208  -66.951  -23.983 0.5000000000
26499  13.063  -65.624  -17.055 0.4000000060
26529  19.621  -65.396  -18.527 0.4000000060
26553  20.003  -65.563  -20.570 0.6000000238
26561  22.406  -65.177  -22.128 0.6000000238
26567  22.154  -64.744  -23.505 0.5000000000
26579  21.734  -64.783  -24.263 0.6000000238
26591  21.227  -65.369  -24.563 0.6000000238
27610  13.413  -63.832  -17.862 0.3000000119
27614  7.867  -64.427  -18.278 0.4000000060
27624  20.153  -64.397  -18.924 0.4000000060
27625  12.805  -63.522  -18.286 0.3000000119
27628  10.130  -64.057  -18.517 0.3000000119
27629  9.442  -64.328  -18.496 0.4000000060
27630  8.530  -64.587  -18.501 0.4000000060
27639  20.216  -64.710  -19.804 0.5000000000
27659  22.068  -63.883  -23.369 0.5000000000
27669  20.447  -63.831  -23.497 0.6000000238
27677  21.439  -64.663  -24.283 0.6000000238
27686  21.143  -64.885  -24.440 0.6000000238
28688  11.855  -63.196  -12.772 0.3000000119
28689  10.535  -63.230  -12.777 0.3000000119
28690  9.974  -63.107  -12.784 0.3000000119
28698  9.407  -63.176  -13.247 0.3000000119
28712  9.385  -63.622  -13.990 0.4000000060
28724  10.898  -63.487  -15.281 0.3000000119
28726  8.970  -63.998  -15.528 0.4000000060
28727  8.197  -63.766  -15.611 0.4000000060
28740  15.578  -63.633  -16.566 0.3000000119
28758  9.370  -63.750  -17.714 0.4000000060
28759  8.330  -64.042  -17.827 0.4000000060
28760  7.341  -64.079  -17.783 0.3000000119
28761  6.437  -64.174  -17.739 0.3000000119
28773  12.369  -62.923  -18.449 0.3000000119
28776  9.840  -63.770  -18.266 0.3000000119
28789  19.587  -63.172  -19.870 0.4000000060
28801  22.391  -63.436  -21.192 0.5000000000
28816  19.910  -63.376  -22.773 0.6000000238
28817  19.481  -62.874  -22.074 0.4000000060
28829  21.244  -62.918  -23.652 0.5000000000
28830  20.216  -63.081  -23.429 0.6000000238
28841  21.341  -63.781  -23.965 0.6000000238
29794  12.000  -62.286  -11.592 0.3000000119
29795  11.122  -62.164  -11.690 0.3000000119
29808  13.302  -62.642  -12.234 0.3000000119
29817  13.613  -62.791  -13.081 0.3000000119
29818  12.789  -63.028  -12.832 0.3000000119
29819  8.827  -62.598  -13.258 0.3000000119
29830  13.769  -62.551  -14.091 0.3000000119
29832  11.718  -63.245  -14.833 0.3000000119
29833  8.137  -63.189  -14.270 0.3000000119
29853  12.041  -62.329  -16.422 0.3000000119
29855  10.920  -62.745  -17.488 0.3000000119
29875  19.211  -62.754  -18.261 0.3000000119
29880  14.247  -62.030  -18.577 0.3000000119
29881  13.507  -62.139  -18.472 0.3000000119
29893  19.103  -62.610  -19.305 0.4000000060
29905  22.353  -63.079  -20.440 0.4000000060
29918  21.437  -61.891  -22.672 0.5000000000
29932  21.656  -62.575  -23.128 0.5000000000
29934  20.564  -62.495  -23.390 0.6000000238
30855  13.444  -61.667  -11.345 0.3000000119
30856  12.484  -61.543  -11.347 0.3000000119
30868  10.423  -61.855  -11.948 0.3000000119
30869  9.725  -61.900  -12.395 0.3000000119
30890  15.424  -61.741  -14.091 0.3000000119
30903  13.397  -61.616  -16.074 0.3000000119
30904  12.634  -61.941  -16.334 0.3000000119
30917  13.185  -61.339  -17.911 0.3000000119
30927  13.933  -61.511  -18.565 0.3000000119
30954  18.427  -61.071  -21.181 0.4000000060
30967  20.969  -61.294  -22.224 0.4000000060
30968  20.213  -61.312  -22.360 0.4000000060
30980  19.944  -61.883  -22.831 0.4000000060
31929  12.054  -60.182  -12.001 0.3000000119
31966  16.660  -60.972  -14.265 0.3000000119
31967  15.882  -61.142  -14.636 0.3000000119
31984  14.772  -60.859  -15.995 0.4000000060
32004  14.211  -60.504  -18.058 0.3000000119
32017  14.413  -60.812  -18.650 0.3000000119
32043  20.620  -60.425  -21.110 0.4000000060
32045  19.071  -60.526  -21.435 0.4000000060
32056  20.405  -60.853  -21.758 0.4000000060
32057  19.671  -60.882  -21.880 0.4000000060
33028  10.158  -59.590  -14.222 0.3000000119
33041  18.417  -59.333  -14.272 0.3000000119
33074  14.978  -60.052  -17.066 0.4000000060
33085  14.783  -60.000  -17.742 0.3000000119
34156  12.348  -58.186  -13.946 0.3000000119
34174  18.122  -58.802  -14.868 0.3000000119
34175  11.808  -57.868  -14.478 0.3000000119
34176  11.195  -58.153  -14.653 0.3000000119
34196  16.493  -59.341  -16.185 0.4000000060
34216  16.038  -59.196  -17.612 0.4000000060
35354  17.189  -58.289  -17.559 0.4000000060
134758  21.001  -75.365  -26.023 0.6000000238
134770  21.370  -76.776  -29.628 0.6000000238
134831  22.035  -72.544  -27.203 0.6000000238
135175  21.187  -74.511  -22.596 0.5000000000
135445  27.032  -81.681  -27.359 0.4000000060
135514  16.888  -78.994  -29.721 0.5000000000
135542  23.167  -75.373  -26.982 0.6999999881
135860  24.178  -83.009  -31.023 0.4000000060
135948  18.125  -66.486  -22.008 0.6000000238
136094  20.160  -75.317  -24.912 0.5000000000
136102  27.120  -84.834  -26.171 0.3000000119
136714  28.292  -75.766  -27.550 0.6999999881
137165  18.873  -75.943  -22.850 0.5000000000
137218  29.603  -75.137  -28.752 0.6999999881
137414  30.038  -84.249  -23.796 0.4000000060
138175  18.170  -78.565  -30.162 0.5000000000
138218  19.522  -75.785  -26.046 0.6000000238
138260  27.143  -81.441  -25.493 0.4000000060
138263  28.313  -75.461  -26.764 0.6999999881
138553  14.666  -65.985  -23.049 0.5000000000
138615  22.490  -64.779  -20.193 0.4000000060
138660  23.914  -84.175  -25.408 0.5000000000
138745  20.839  -66.136  -24.862 0.6000000238
138873  16.177  -59.586  -18.810 0.4000000060
138915  20.975  -74.800  -24.140 0.5000000000
139102  21.846  -74.360  -21.814 0.5000000000
139107  26.108  -79.899  -22.281 0.6999999881
139142  22.454  -63.957  -20.302 0.5000000000
139687  32.200  -73.271  -20.576 0.4000000060
140330  27.630  -75.807  -25.831 0.6000000238
140559  22.535  -72.116  -27.083 0.6000000238
140607  25.453  -92.095  -20.488 0.3000000119
140653  13.460  -64.764  -17.331 0.3000000119
140741  31.972  -68.374  -18.764 0.4000000060
141082  35.299  -71.289  -19.538 0.3000000119
141382  22.151  -74.322  -22.707 0.5000000000
141906  25.077  -74.874  -31.256 0.6000000238
142587  17.542  -78.075  -26.217 0.5000000000
142808  24.427  -72.434  -29.493 0.6999999881
142947  18.742  -72.816  -23.828 0.5000000000
143060  27.002  -84.861  -27.036 0.3000000119
143061  31.417  -69.262  -20.700 0.5000000000
143273  19.591  -66.381  -22.502 0.6000000238
143278  19.035  -62.298  -21.480 0.4000000060
143529  33.208  -83.029  -22.570 0.3000000119
144058  14.846  -67.443  -23.777 0.5000000000
144346  27.444  -74.865  -21.050 0.6999999881
144486  27.121  -84.378  -23.994 0.3000000119
145104  36.601  -67.852  -20.117 0.3000000119
145202  34.328  -73.377  -21.616 0.4000000060
146230  34.759  -68.647  -18.037 0.3000000119
146289  28.523  -73.904  -30.532 0.6999999881
146381  26.862  -83.566  -29.758 0.4000000060
146399  17.619  -72.248  -22.606 0.6000000238
147390  13.170  -60.902  -11.299 0.3000000119
147503  34.423  -75.329  -23.818 0.4000000060
147782  24.845  -69.148  -21.538 0.5000000000
148015  26.173  -76.218  -23.724 0.6999999881
148309  32.402  -67.890  -18.307 0.4000000060
148519  26.489  -78.723  -21.385 0.6000000238
148560  12.394  -63.202  -13.454 0.3000000119
148825  22.666  -71.598  -25.348 0.6000000238
149081  20.365  -78.198  -31.845 0.6000000238
149197  24.059  -74.497  -23.926 0.6999999881
149697  23.029  -74.269  -22.848 0.5000000000
150001  26.986  -76.181  -25.722 0.6999999881
150467  28.393  -76.924  -20.423 0.6999999881
150668  22.899  -80.963  -28.699 0.4000000060
151073  18.856  -75.913  -25.135 0.6000000238
151120  28.997  -71.463  -21.649 0.6000000238
151198  14.614  -60.480  -16.710 0.4000000060
151225  24.140  -70.496  -27.908 0.8000000119
151449  25.950  -68.397  -26.527 0.6000000238
151470  30.801  -72.731  -30.040 0.6999999881
151553  19.648  -63.292  -18.024 0.4000000060
151603  19.437  -70.823  -21.003 0.5000000000
151879  27.652  -70.648  -28.539 0.6000000238
151953  30.491  -72.336  -19.296 0.4000000060
152081  26.779  -71.746  -29.052 0.8000000119
152109  26.250  -76.620  -30.674 0.6999999881
152144  15.063  -61.052  -18.991 0.3000000119
152930  37.830  -72.102  -21.517 0.3000000119
152963  25.127  -80.835  -27.107 0.4000000060
153456  22.405  -86.174  -27.167 0.5000000000
154062  21.813  -87.230  -23.276 0.3000000119
154078  21.387  -65.565  -24.577 0.6000000238
154287  27.409  -75.948  -30.834 0.6000000238
154316  28.631  -80.864  -23.828 0.5000000000
154348  33.667  -70.405  -18.029 0.4000000060
155071  25.649  -79.454  -21.971 0.6000000238
155090  20.073  -78.130  -32.026 0.4000000060
155415  23.014  -74.254  -30.660 0.6999999881
155756  28.861  -72.914  -30.220 0.6999999881
156160  24.192  -75.800  -21.419 0.6000000238
156616  20.684  -66.620  -25.038 0.6000000238
156926  29.835  -85.151  -26.124 0.4000000060
157109  11.477  -59.180  -13.791 0.3000000119
157157  32.816  -68.751  -17.661 0.5000000000
157167  23.769  -70.667  -27.312 0.6999999881
157245  11.071  -63.123  -12.550 0.3000000119
157484  23.834  -70.251  -20.938 0.5000000000
158139  32.118  -71.666  -29.473 0.6000000238
158146  22.980  -85.243  -23.092 0.3000000119
158152  29.526  -78.679  -17.594 0.3000000119
158453  19.730  -67.710  -25.201 0.6000000238
158791  31.377  -69.746  -18.629 0.5000000000
159000  19.855  -73.509  -27.488 0.6000000238
159204  32.431  -72.326  -29.430 0.6000000238
159678  29.790  -72.158  -19.380 0.5000000000
159746  28.322  -74.537  -30.710 0.6000000238
159875  14.889  -68.677  -23.978 0.5000000000
159942  33.484  -65.889  -22.183 0.4000000060
159963  28.715  -84.476  -28.299 0.3000000119
160254  27.862  -74.899  -23.471 0.6000000238
160482  21.601  -91.485  -19.090 0.3000000119
160489  30.559  -71.281  -18.919 0.5000000000
160921  26.894  -75.651  -31.129 0.6000000238
161059  19.002  -58.214  -18.527 0.4000000060
161358  30.728  -69.876  -21.191 0.6000000238
161493  23.036  -74.490  -21.685 0.6000000238
161640  25.600  -67.788  -25.521 0.5000000000
162445  32.296  -78.426  -26.366 0.4000000060
162503  31.969  -81.906  -20.880 0.3000000119
162564  27.668  -77.212  -20.638 0.6000000238
