#!ascii label  , from subject sub-v1s17x0051132_ses-1 vox2ras=TkReg
988
22523  22.215  -75.261  -11.339 0.6000000238
20547  15.762  -77.220  -1.139 0.6999999881
22386  16.248  -75.566  -2.554 0.6999999881
22415  20.916  -75.675  -4.833 0.8999999762
22443  21.048  -75.513  -6.647 0.8000000119
22497  21.071  -75.851  -9.053 0.8000000119
22524  21.272  -74.622  -11.387 0.6000000238
150121  22.941  -73.984  -12.685 0.6999999881
24469  24.830  -73.132  -13.369 0.6999999881
20546  16.574  -76.864  -0.885 0.6999999881
19642  16.526  -78.782  -1.032 0.6999999881
22370  16.209  -75.594  -1.831 0.6999999881
23354  17.778  -74.135  -3.542 0.6000000238
23362  18.006  -74.337  -4.037 0.6999999881
159437  17.218  -75.544  -3.363 0.6999999881
22426  19.051  -74.446  -5.150 0.8000000119
22444  20.133  -75.003  -6.396 0.8000000119
22465  20.251  -75.101  -7.364 0.8000000119
22482  20.393  -75.283  -8.400 0.8000000119
22509  20.382  -74.669  -10.284 0.6000000238
24455  22.142  -73.100  -12.730 0.6000000238
24470  23.754  -72.976  -13.176 0.6999999881
25464  26.136  -72.339  -13.422 0.6999999881
21434  17.516  -76.625  -0.853 0.5000000000
19633  17.699  -78.627  -0.773 0.6000000238
23320  18.151  -74.541  -1.905 0.4000000060
22369  16.873  -75.378  -1.619 0.6000000238
24317  17.673  -74.027  -2.948 0.5000000000
23361  18.381  -74.016  -4.756 0.6000000238
137043  19.199  -74.271  -6.102 0.6999999881
153743  19.350  -73.948  -8.411 0.6999999881
137106  19.887  -73.421  -10.307 0.6999999881
24456  21.229  -72.991  -12.301 0.5000000000
25451  22.684  -72.453  -12.907 0.6000000238
25466  24.227  -71.904  -13.118 0.6000000238
25465  25.113  -72.369  -13.327 0.6000000238
26547  26.796  -72.063  -13.391 0.5000000000
22357  19.946  -76.044  -1.062 0.5000000000
20533  18.694  -78.043  -0.587 0.6000000238
19632  18.833  -78.990  -0.386 0.6000000238
22358  18.875  -75.954  -1.145 0.5000000000
24348  18.636  -73.576  -4.916 0.5000000000
24390  19.284  -73.090  -6.436 0.6000000238
25401  19.711  -72.807  -7.107 0.6000000238
25434  20.070  -72.887  -10.200 0.6000000238
158316  20.295  -72.720  -10.901 0.5000000000
25448  21.186  -72.496  -12.021 0.5000000000
26535  22.304  -71.964  -12.521 0.6000000238
26550  23.565  -71.565  -12.813 0.6000000238
26532  25.869  -71.112  -12.936 0.5000000000
28661  27.949  -69.951  -12.140 0.5000000000
28648  29.324  -69.766  -11.847 0.5000000000
27610  28.589  -70.683  -12.647 0.5000000000
20532  19.554  -77.734  -0.349 0.5000000000
18688  19.354  -78.441  -0.129 0.5000000000
147146  19.095  -74.511  -1.786 0.5000000000
24315  19.363  -73.248  -3.468 0.4000000060
25333  20.629  -72.872  -3.969 0.3000000119
25334  19.640  -72.969  -4.131 0.4000000060
25361  21.300  -72.490  -5.786 0.3000000119
25360  22.208  -72.697  -5.921 0.3000000119
25385  20.237  -72.536  -6.363 0.5000000000
25400  21.055  -72.403  -7.699 0.5000000000
133525  21.350  -72.520  -8.479 0.5000000000
25433  20.789  -72.484  -10.566 0.5000000000
148820  21.466  -72.118  -11.284 0.5000000000
26521  22.232  -71.848  -12.202 0.6000000238
26534  23.077  -71.503  -12.481 0.6000000238
27613  25.364  -70.476  -12.551 0.5000000000
28662  27.000  -69.880  -12.153 0.5000000000
29666  28.986  -69.240  -11.316 0.5000000000
20531  20.226  -77.296  -0.112 0.5000000000
153125  20.373  -76.641  -0.523 0.5000000000
22366  20.218  -75.140  -1.398 0.5000000000
24292  20.551  -73.843  -2.277 0.4000000060
152781  20.273  -73.340  -2.930 0.5000000000
142028  22.105  -72.913  -4.211 0.4000000060
25359  22.820  -73.005  -5.199 0.3000000119
24389  22.551  -72.865  -6.783 0.3000000119
24418  22.450  -72.909  -8.545 0.4000000060
158323  21.260  -72.460  -9.927 0.5000000000
26505  22.607  -71.956  -11.123 0.4000000060
27614  24.436  -70.626  -12.408 0.5000000000
28652  25.535  -69.247  -11.682 0.5000000000
28651  26.435  -69.240  -11.790 0.5000000000
28638  29.633  -69.390  -11.181 0.5000000000
154663  29.139  -68.970  -10.843 0.4000000060
28649  28.362  -69.401  -11.660 0.5000000000
21408  20.711  -76.677  0.122 0.5000000000
23307  21.170  -75.203  -0.974 0.5000000000
23317  21.659  -73.913  -1.587 0.5000000000
158770  22.514  -73.087  -2.958 0.4000000060
142014  22.833  -73.090  -3.874 0.4000000060
24347  23.695  -73.310  -5.268 0.3000000119
25383  23.142  -73.127  -5.995 0.3000000119
24404  23.011  -73.169  -7.665 0.4000000060
24417  23.563  -73.301  -8.592 0.4000000060
25430  24.339  -72.598  -10.206 0.4000000060
25413  22.964  -72.898  -9.458 0.4000000060
25431  23.379  -72.568  -10.231 0.4000000060
26515  23.517  -71.211  -11.761 0.5000000000
26520  23.160  -71.338  -12.191 0.6000000238
142272  27.480  -68.391  -10.922 0.4000000060
155627  27.716  -68.903  -11.368 0.5000000000
22355  21.457  -75.284  -0.119 0.4000000060
25318  22.704  -73.232  -2.477 0.4000000060
25331  23.564  -73.270  -3.581 0.4000000060
159268  24.993  -73.597  -4.736 0.4000000060
133056  24.109  -73.479  -6.083 0.4000000060
142906  25.392  -73.638  -6.957 0.4000000060
24403  24.059  -73.502  -7.693 0.4000000060
24416  24.600  -73.448  -8.516 0.4000000060
25429  25.118  -72.710  -9.775 0.4000000060
26504  23.859  -71.966  -10.868 0.5000000000
27584  24.693  -70.123  -11.524 0.5000000000
28639  25.086  -69.239  -11.228 0.6000000238
29679  25.330  -68.709  -11.155 0.5000000000
30669  26.779  -67.208  -9.865 0.4000000060
30676  27.164  -67.775  -10.402 0.4000000060
23294  21.832  -74.386  0.407 0.4000000060
25317  23.555  -73.327  -2.165 0.4000000060
24291  22.540  -73.607  -1.102 0.4000000060
24330  24.472  -73.458  -3.281 0.4000000060
24363  24.633  -73.561  -5.362 0.4000000060
24415  25.618  -73.304  -8.408 0.4000000060
25412  25.657  -72.913  -9.153 0.4000000060
149537  24.859  -72.061  -10.468 0.4000000060
27573  25.071  -70.290  -10.647 0.5000000000
159836  24.988  -68.567  -10.548 0.4000000060
29669  25.169  -68.274  -10.731 0.6000000238
24290  23.217  -73.352  -0.622 0.4000000060
25292  24.330  -73.403  -1.605 0.4000000060
24311  25.396  -73.556  -2.599 0.4000000060
24345  25.661  -73.666  -4.327 0.4000000060
24361  26.887  -73.528  -5.614 0.4000000060
24387  27.113  -73.235  -6.446 0.4000000060
25382  27.228  -72.722  -6.974 0.5000000000
24414  26.344  -73.071  -7.942 0.4000000060
26483  26.773  -71.675  -8.379 0.3000000119
27556  26.327  -70.669  -8.729 0.3000000119
26502  25.773  -71.650  -9.830 0.4000000060
29661  24.777  -68.264  -9.872 0.4000000060
30671  24.879  -67.442  -9.784 0.4000000060
30679  24.870  -68.055  -10.281 0.5000000000
24266  22.322  -73.664  0.558 0.4000000060
24328  26.363  -73.604  -3.728 0.4000000060
24343  27.449  -73.232  -4.871 0.4000000060
24360  27.554  -73.030  -5.738 0.3000000119
25381  27.576  -72.146  -6.662 0.3000000119
26465  27.101  -71.721  -7.675 0.3000000119
28614  26.254  -69.954  -8.120 0.3000000119
28615  25.458  -69.513  -8.815 0.3000000119
30672  24.558  -67.692  -9.448 0.4000000060
31683  24.722  -66.401  -8.815 0.4000000060
139343  24.770  -73.212  -0.802 0.3000000119
24310  26.217  -73.438  -2.533 0.3000000119
25330  26.853  -73.312  -3.014 0.3000000119
25343  27.877  -72.712  -4.217 0.3000000119
26428  28.209  -71.538  -5.320 0.3000000119
27522  27.949  -70.600  -5.744 0.3000000119
26464  27.384  -71.334  -7.044 0.4000000060
28580  26.959  -69.646  -6.623 0.4000000060
28595  26.561  -69.825  -7.402 0.3000000119
28596  25.753  -69.178  -7.771 0.3000000119
29651  24.783  -68.567  -8.586 0.3000000119
30663  24.286  -67.392  -8.650 0.4000000060
32738  24.248  -65.906  -8.326 0.4000000060
33711  25.311  -64.721  -7.778 0.4000000060
27533  27.509  -70.540  -6.466 0.4000000060
29609  25.939  -68.076  -6.324 0.4000000060
28581  26.260  -69.151  -7.048 0.4000000060
30625  25.109  -67.775  -6.799 0.3000000119
30650  23.977  -67.089  -7.981 0.4000000060
32724  23.491  -65.095  -7.594 0.4000000060
34688  23.648  -63.986  -7.621 0.4000000060
32723  23.790  -65.251  -7.987 0.4000000060
33712  24.135  -64.669  -7.890 0.4000000060
30626  24.730  -67.009  -6.573 0.4000000060
31641  24.147  -66.173  -6.686 0.5000000000
32705  23.280  -65.026  -7.150 0.4000000060
34689  23.022  -63.869  -7.456 0.4000000060
142444  23.310  -63.218  -7.518 0.3000000119
22508  21.314  -75.281  -10.676 0.6999999881
22416  19.862  -75.276  -4.549 0.8000000119
23455  20.543  -74.232  -11.097 0.6000000238
23427  19.699  -74.465  -8.883 0.6999999881
23456  20.027  -73.750  -10.705 0.6999999881
26531  26.879  -71.236  -13.013 0.6000000238
24316  18.356  -73.630  -3.398 0.4000000060
24331  18.749  -73.330  -4.221 0.4000000060
24364  18.969  -73.597  -6.095 0.6999999881
160024  19.337  -73.435  -8.022 0.6999999881
157650  20.289  -73.449  -11.324 0.6999999881
23319  19.752  -74.197  -2.016 0.5000000000
25415  20.701  -72.564  -9.431 0.5000000000
25384  21.377  -72.464  -6.777 0.4000000060
26516  22.243  -71.759  -11.822 0.6000000238
137983  24.537  -70.162  -12.041 0.5000000000
28653  25.082  -69.426  -11.509 0.6000000238
138674  26.200  -73.604  -6.497 0.3000000119
28627  25.153  -69.604  -9.887 0.4000000060
25274  24.004  -73.095  -0.053 0.4000000060
157479  25.206  -68.921  -8.235 0.3000000119
29636  24.999  -68.501  -7.847 0.3000000119
31652  24.015  -66.662  -7.355 0.3000000119
147018  24.174  -63.385  -7.514 0.3000000119
18754  20.132  -79.336  -5.523 0.6000000238
18770  20.447  -80.089  -5.932 0.6000000238
15801  22.569  -82.899  -7.201 0.6000000238
16780  24.491  -81.660  -7.420 0.6000000238
19747  17.624  -77.423  -7.550 0.5000000000
19727  18.783  -78.470  -6.537 0.6000000238
19706  18.918  -78.360  -5.444 0.6999999881
19726  19.460  -78.922  -5.920 0.6999999881
18772  19.307  -79.147  -6.632 0.6000000238
18752  21.563  -79.814  -5.149 0.6000000238
17731  21.222  -80.531  -5.673 0.6000000238
146499  23.047  -80.423  -6.205 0.6000000238
136441  23.123  -81.318  -6.533 0.6000000238
142469  23.780  -81.184  -7.161 0.6000000238
17791  24.582  -80.221  -8.028 0.6000000238
19743  26.852  -78.738  -7.375 0.6999999881
134191  15.229  -76.290  -6.761 0.6000000238
20604  16.543  -76.933  -5.277 0.6999999881
20621  17.162  -77.072  -6.768 0.5000000000
20603  17.468  -77.431  -5.771 0.6999999881
19707  18.305  -77.963  -5.890 0.6999999881
19687  21.763  -78.499  -4.541 0.6999999881
18738  21.218  -79.150  -4.746 0.6999999881
18751  22.938  -79.676  -5.843 0.5000000000
17792  24.030  -80.146  -7.966 0.6000000238
19762  25.415  -78.875  -8.678 0.6000000238
19744  26.189  -78.433  -8.101 0.6999999881
158862  26.119  -77.440  -9.005 0.6999999881
21534  27.725  -76.854  -7.553 0.6999999881
21552  27.320  -76.451  -8.309 0.6999999881
24411  35.196  -72.794  -8.268 0.4000000060
23436  33.106  -74.353  -10.104 0.5000000000
23437  31.818  -74.620  -9.853 0.6000000238
149279  30.096  -75.193  -8.491 0.6000000238
22479  28.525  -75.410  -8.395 0.6999999881
17774  16.057  -80.600  -7.203 0.5000000000
18774  15.358  -79.140  -6.547 0.5000000000
19709  14.665  -77.599  -5.569 0.6000000238
19748  14.736  -78.254  -6.786 0.5000000000
21492  15.630  -76.651  -4.837 0.6999999881
21494  14.797  -76.735  -5.688 0.5000000000
21514  14.996  -76.470  -6.064 0.6000000238
20590  18.398  -77.582  -4.115 0.6999999881
19690  19.090  -78.061  -4.406 0.6999999881
19689  20.037  -78.302  -4.277 0.6999999881
157876  22.757  -79.046  -5.508 0.6999999881
18796  23.586  -79.688  -7.822 0.6000000238
18831  24.600  -79.047  -9.133 0.6000000238
20669  25.535  -77.655  -9.642 0.6999999881
20668  26.659  -76.963  -8.713 0.6999999881
22494  28.222  -74.962  -9.173 0.6999999881
22493  29.656  -74.788  -8.988 0.6000000238
23440  28.989  -74.468  -9.670 0.6000000238
16764  17.317  -81.836  -5.646 0.5000000000
13894  17.306  -83.909  -7.220 0.4000000060
18755  16.211  -79.788  -5.378 0.5000000000
16765  17.065  -81.665  -6.268 0.5000000000
18756  15.594  -79.133  -5.742 0.5000000000
19691  15.069  -78.361  -4.190 0.6000000238
19708  15.077  -78.355  -5.187 0.6000000238
20577  16.859  -76.657  -3.726 0.6999999881
21479  15.078  -76.666  -4.422 0.6000000238
20576  18.027  -77.001  -3.663 0.6999999881
20588  20.499  -77.615  -3.899 0.6999999881
19703  22.723  -78.323  -5.546 0.6999999881
146973  23.112  -78.951  -7.217 0.6999999881
18769  23.269  -79.729  -6.696 0.6999999881
19763  23.956  -78.873  -9.341 0.6999999881
20670  24.903  -78.038  -9.973 0.6999999881
141363  26.266  -76.352  -10.117 0.8000000119
22495  27.409  -75.337  -9.738 0.6999999881
23449  32.509  -74.515  -10.726 0.5000000000
23451  30.485  -74.365  -10.686 0.6000000238
23453  28.636  -74.313  -10.698 0.6000000238
14799  17.508  -83.100  -5.525 0.4000000060
18726  16.085  -79.728  -3.557 0.6000000238
17732  16.730  -80.425  -4.981 0.6000000238
137458  15.658  -79.212  -4.077 0.6000000238
21465  14.997  -76.610  -3.455 0.6000000238
146040  16.224  -75.949  -3.176 0.6000000238
21461  19.235  -76.379  -3.613 0.6999999881
20574  19.925  -77.023  -3.602 0.6999999881
21490  22.216  -76.876  -5.047 0.6999999881
21476  22.315  -77.773  -4.817 0.6999999881
21535  22.237  -76.820  -6.979 0.8000000119
20638  22.549  -77.485  -7.107 0.8000000119
20671  23.294  -77.837  -9.783 0.6000000238
20687  24.427  -77.747  -10.331 0.6000000238
22518  26.873  -75.313  -11.182 0.8000000119
22506  26.994  -75.476  -10.474 0.6999999881
23448  33.412  -74.378  -11.275 0.5000000000
23450  31.488  -74.517  -10.853 0.6000000238
152889  29.121  -74.165  -11.389 0.6999999881
143159  32.917  -74.532  -11.797 0.6000000238
16733  17.195  -81.233  -3.798 0.5000000000
15762  17.566  -82.912  -3.688 0.4000000060
13874  17.210  -84.266  -4.020 0.4000000060
17706  16.590  -80.366  -3.070 0.5000000000
16742  17.163  -81.129  -4.646 0.5000000000
18710  15.167  -78.552  -2.500 0.6000000238
20558  14.699  -76.929  -2.792 0.6000000238
21464  15.490  -76.098  -2.916 0.6000000238
21462  18.048  -76.162  -3.536 0.6999999881
21477  21.482  -76.588  -4.450 0.8000000119
21512  21.749  -76.123  -6.835 0.8000000119
21553  22.341  -77.098  -9.223 0.6000000238
21583  23.258  -76.730  -10.733 0.6000000238
21596  25.306  -76.118  -11.429 0.6999999881
22519  26.105  -75.638  -11.521 0.6999999881
23477  28.529  -74.110  -12.897 0.6999999881
23465  30.831  -74.373  -11.531 0.6000000238
152128  29.838  -74.052  -12.693 0.6000000238
140781  30.379  -73.391  -13.824 0.6000000238
23463  32.332  -74.446  -12.306 0.6000000238
23485  30.951  -73.843  -13.417 0.6000000238
18698  16.539  -79.598  -1.590 0.5000000000
16732  17.467  -81.945  -3.335 0.5000000000
15755  17.637  -82.588  -2.713 0.5000000000
13867  17.099  -84.205  -3.179 0.5000000000
19643  15.859  -78.082  -1.068 0.5000000000
20548  14.997  -76.743  -1.863 0.6000000238
20656  21.917  -76.607  -8.651 0.6999999881
21585  21.821  -76.115  -10.101 0.6000000238
22522  24.126  -75.667  -11.841 0.6000000238
22527  25.304  -75.097  -12.405 0.6000000238
141393  26.634  -74.522  -12.772 0.6999999881
23478  25.797  -74.535  -12.860 0.6000000238
24453  28.079  -73.913  -13.302 0.6000000238
23476  29.291  -73.933  -13.193 0.6999999881
23482  33.676  -73.881  -13.411 0.5000000000
26541  32.584  -72.448  -13.606 0.4000000060
18697  17.438  -79.575  -1.027 0.5000000000
17677  18.102  -81.082  -1.310 0.5000000000
15733  17.960  -82.395  -1.245 0.5000000000
150146  17.401  -83.212  -1.082 0.5000000000
14754  16.537  -83.604  -0.644 0.5000000000
14755  15.613  -83.762  -0.476 0.5000000000
23480  24.025  -74.324  -12.734 0.6000000238
23479  24.935  -74.462  -12.824 0.6000000238
24467  26.860  -73.515  -13.449 0.4000000060
25461  29.076  -72.932  -13.858 0.5000000000
158628  30.127  -72.319  -14.005 0.4000000060
26528  32.009  -71.825  -13.224 0.4000000060
26543  30.746  -72.468  -13.998 0.5000000000
18690  18.296  -79.493  -0.671 0.6000000238
17676  18.399  -81.105  -0.708 0.5000000000
16701  18.359  -81.532  -0.282 0.5000000000
145401  17.362  -82.374  0.396 0.5000000000
15715  16.447  -82.578  0.528 0.5000000000
15716  15.481  -82.584  0.407 0.5000000000
141012  14.955  -81.843  0.564 0.4000000060
16692  13.898  -81.058  -0.056 0.5000000000
155363  13.559  -81.006  -0.630 0.4000000060
17680  12.689  -80.087  -1.451 0.4000000060
149755  13.263  -80.992  -2.742 0.4000000060
24468  25.966  -73.185  -13.504 0.6000000238
25463  27.039  -72.847  -13.585 0.4000000060
26544  29.511  -72.108  -13.776 0.4000000060
26529  31.116  -71.724  -13.471 0.4000000060
18689  18.877  -79.927  0.017 0.5000000000
17660  18.657  -80.608  0.757 0.4000000060
16679  17.220  -81.234  1.434 0.4000000060
16680  16.210  -81.223  1.399 0.5000000000
17651  14.964  -80.137  1.344 0.4000000060
17662  14.440  -80.342  0.940 0.5000000000
18676  14.437  -79.570  1.233 0.4000000060
139809  12.937  -78.856  0.379 0.5000000000
18684  13.408  -79.645  0.399 0.5000000000
19629  12.509  -78.059  0.239 0.3000000119
18691  12.357  -79.352  -0.960 0.3000000119
154849  11.728  -78.578  -2.202 0.3000000119
27618  28.018  -71.403  -13.099 0.4000000060
18682  18.988  -79.840  1.060 0.5000000000
17647  18.399  -80.283  1.582 0.5000000000
17640  16.969  -79.832  2.176 0.4000000060
20525  19.829  -78.055  0.444 0.4000000060
19621  19.132  -78.888  2.060 0.4000000060
18663  18.309  -79.046  2.385 0.4000000060
20506  17.033  -77.604  2.525 0.4000000060
20519  20.032  -77.830  1.368 0.4000000060
19610  19.447  -78.127  2.072 0.4000000060
19612  17.694  -78.338  2.563 0.4000000060
140754  20.320  -76.251  1.773 0.4000000060
21387  17.432  -76.802  2.542 0.4000000060
21388  16.288  -76.657  2.280 0.4000000060
21403  15.309  -76.503  1.789 0.4000000060
21386  19.007  -76.606  2.494 0.4000000060
22343  21.169  -75.993  0.423 0.3000000119
22320  17.776  -75.390  2.428 0.4000000060
22337  16.426  -75.641  2.210 0.4000000060
23286  15.480  -74.895  1.501 0.4000000060
22334  21.379  -75.117  0.869 0.4000000060
23287  14.771  -74.882  1.026 0.4000000060
23295  14.752  -74.057  0.505 0.4000000060
23281  21.419  -74.204  1.291 0.3000000119
23282  20.763  -74.687  1.726 0.4000000060
23277  18.342  -74.966  2.384 0.4000000060
143524  17.655  -74.553  2.266 0.4000000060
140494  16.848  -74.261  1.941 0.4000000060
24256  16.038  -74.036  1.452 0.4000000060
24255  16.779  -73.530  1.597 0.3000000119
136250  23.236  -75.496  -11.664 0.6000000238
18709  15.917  -79.517  -2.476 0.5000000000
23489  25.401  -73.861  -13.232 0.6000000238
27609  29.588  -71.109  -13.007 0.4000000060
15782  22.011  -82.430  -6.734 0.6000000238
20652  27.051  -77.249  -7.937 0.6999999881
21564  26.176  -76.921  -9.496 0.6999999881
138045  33.212  -74.218  -9.193 0.5000000000
24441  33.774  -74.152  -10.783 0.5000000000
22490  32.060  -74.844  -9.010 0.5000000000
155662  32.444  -74.534  -9.734 0.4000000060
23438  30.966  -74.607  -9.861 0.6000000238
17749  16.608  -80.864  -6.371 0.5000000000
19745  22.792  -78.091  -7.782 0.6999999881
23452  29.538  -74.250  -10.604 0.6000000238
19677  14.735  -77.506  -4.050 0.6000000238
19781  23.414  -78.394  -9.336 0.6999999881
21580  25.772  -76.345  -10.849 0.8000000119
153178  27.947  -74.497  -10.912 0.6999999881
155259  17.491  -83.572  -5.015 0.4000000060
20655  22.546  -77.535  -8.634 0.6000000238
21582  24.133  -77.053  -10.911 0.6000000238
132810  27.561  -74.395  -12.591 0.6999999881
132952  27.472  -74.747  -11.536 0.6999999881
23461  34.469  -74.148  -12.804 0.5000000000
23447  34.303  -74.150  -11.760 0.5000000000
23466  29.178  -74.101  -12.302 0.6999999881
23475  30.690  -74.200  -12.559 0.6000000238
20689  22.641  -77.023  -9.966 0.6999999881
21597  24.560  -76.345  -11.394 0.6999999881
22520  25.533  -75.528  -11.911 0.6999999881
24464  29.451  -73.474  -13.656 0.6000000238
23474  31.640  -74.229  -12.856 0.6000000238
149561  33.100  -72.883  -13.763 0.6000000238
17687  17.550  -81.121  -2.019 0.5000000000
149854  17.811  -82.324  -2.004 0.5000000000
14767  17.287  -83.531  -1.922 0.4000000060
22528  24.501  -75.067  -12.378 0.6000000238
23487  27.203  -73.998  -13.235 0.6000000238
16717  13.519  -81.557  -2.061 0.3000000119
25462  28.124  -72.903  -13.646 0.5000000000
27608  30.530  -71.088  -12.908 0.4000000060
17661  15.182  -81.000  1.074 0.5000000000
18685  12.826  -79.495  -0.186 0.4000000060
18699  12.309  -79.567  -1.802 0.4000000060
139793  20.156  -75.371  2.032 0.4000000060
22319  18.644  -75.689  2.467 0.4000000060
140956  32.304  -83.374  -11.976 0.3000000119
14898  34.725  -83.292  -12.983 0.3000000119
17806  33.509  -80.284  -9.460 0.4000000060
18828  36.351  -79.929  -9.377 0.4000000060
158216  35.376  -80.495  -10.696 0.4000000060
17844  35.694  -80.572  -11.252 0.4000000060
18788  33.622  -79.228  -7.497 0.4000000060
18814  33.073  -79.899  -7.904 0.4000000060
17761  32.207  -79.836  -7.472 0.4000000060
18790  31.564  -79.735  -7.190 0.5000000000
17764  30.146  -80.566  -8.016 0.5000000000
18792  30.030  -80.191  -7.293 0.5000000000
18786  35.734  -78.430  -7.538 0.4000000060
18813  34.427  -79.793  -8.447 0.5000000000
133470  32.909  -80.299  -8.832 0.5000000000
156701  28.708  -80.912  -8.188 0.5000000000
19740  36.355  -78.449  -7.842 0.5000000000
18830  34.900  -79.999  -8.954 0.5000000000
19760  36.672  -78.866  -8.379 0.5000000000
18844  36.933  -80.055  -10.135 0.4000000060
156893  37.223  -80.207  -11.089 0.4000000060
17861  35.531  -80.406  -12.570 0.4000000060
17860  36.397  -80.329  -12.732 0.4000000060
132792  36.374  -79.832  -14.490 0.3000000119
17913  36.690  -80.546  -16.392 0.4000000060
21505  34.507  -76.114  -6.509 0.4000000060
20614  33.437  -77.070  -6.636 0.4000000060
21507  32.824  -76.594  -6.847 0.4000000060
21504  35.386  -76.055  -6.568 0.4000000060
19718  34.554  -77.833  -6.867 0.4000000060
19719  33.754  -77.863  -6.748 0.4000000060
18763  32.468  -78.537  -6.801 0.4000000060
19720  31.554  -78.459  -6.662 0.5000000000
148672  30.343  -79.526  -6.735 0.5000000000
21528  35.818  -76.878  -6.866 0.4000000060
20633  35.393  -77.726  -7.056 0.4000000060
18787  34.532  -79.232  -7.751 0.4000000060
20617  30.853  -77.835  -6.646 0.5000000000
19722  29.745  -78.871  -6.417 0.5000000000
18767  28.755  -79.711  -6.692 0.5000000000
17744  28.190  -80.138  -6.927 0.6000000238
18793  27.375  -79.360  -6.952 0.6000000238
16777  27.179  -81.472  -7.672 0.6000000238
21551  28.082  -76.055  -7.902 0.6000000238
20635  28.116  -77.250  -7.046 0.6000000238
16778  26.351  -81.514  -7.585 0.5000000000
18843  37.695  -79.616  -10.783 0.4000000060
17768  25.018  -80.924  -7.689 0.5000000000
17859  37.145  -79.779  -13.160 0.4000000060
18890  37.300  -79.428  -15.196 0.4000000060
22442  32.912  -75.823  -7.087 0.4000000060
22460  32.308  -75.598  -7.661 0.5000000000
21530  31.432  -76.495  -7.296 0.5000000000
21531  30.579  -76.522  -7.271 0.5000000000
20618  29.073  -78.145  -6.428 0.5000000000
22462  30.067  -75.783  -7.807 0.5000000000
19723  28.384  -78.600  -6.532 0.6000000238
22478  29.386  -75.289  -8.331 0.6000000238
21533  28.522  -76.595  -7.268 0.6000000238
14884  32.237  -83.453  -11.208 0.3000000119
14897  35.764  -83.548  -12.910 0.3000000119
15905  38.481  -82.559  -14.260 0.3000000119
23391  35.686  -74.365  -6.635 0.4000000060
24386  34.992  -73.924  -6.869 0.4000000060
23412  34.307  -74.259  -7.053 0.4000000060
22441  33.558  -75.285  -6.913 0.4000000060
23424  33.193  -74.446  -8.228 0.4000000060
22476  31.647  -75.402  -8.254 0.5000000000
150952  32.460  -75.009  -8.272 0.4000000060
22477  30.793  -75.370  -8.412 0.5000000000
18794  26.562  -79.861  -7.367 0.6000000238
17767  25.975  -80.799  -7.556 0.5000000000
23413  33.651  -74.613  -7.325 0.4000000060
19742  33.293  -78.561  -6.980 0.4000000060
158696  28.046  -81.342  -8.030 0.5000000000
16870  38.103  -81.846  -15.185 0.3000000119
22440  34.215  -75.400  -6.628 0.4000000060
21508  31.992  -77.019  -6.911 0.5000000000
21509  30.280  -77.211  -6.777 0.5000000000
154211  29.545  -77.424  -6.644 0.6000000238
28616  24.841  -68.760  -9.466 0.3000000119
13888  17.481  -83.994  -5.712 0.4000000060
14740  16.064  -83.230  0.053 0.5000000000
14778  17.442  -83.467  -2.768 0.5000000000
14779  16.960  -84.118  -2.302 0.4000000060
14785  17.398  -83.721  -3.587 0.4000000060
14790  17.455  -83.616  -4.304 0.4000000060
14885  31.476  -83.555  -11.505 0.3000000119
15714  18.046  -82.001  0.120 0.5000000000
15723  17.719  -82.553  -0.401 0.5000000000
15724  17.020  -83.059  -0.087 0.5000000000
15732  18.151  -82.066  -0.542 0.5000000000
15743  17.636  -82.943  -1.955 0.5000000000
15770  17.468  -82.336  -5.229 0.5000000000
15781  22.835  -82.250  -6.741 0.6000000238
15785  17.380  -82.426  -6.012 0.5000000000
15786  17.054  -82.360  -6.832 0.4000000060
15815  27.363  -82.016  -8.324 0.5000000000
16678  18.084  -81.046  1.258 0.4000000060
16687  18.329  -81.352  0.480 0.4000000060
16688  17.721  -81.731  0.856 0.4000000060
16689  16.823  -81.940  1.045 0.5000000000
16690  15.834  -81.908  0.909 0.5000000000
16691  14.286  -81.804  0.097 0.4000000060
16709  18.267  -81.674  -0.986 0.5000000000
16710  18.001  -81.753  -1.699 0.5000000000
16711  13.486  -81.301  -1.257 0.3000000119
16716  17.644  -81.830  -2.447 0.5000000000
16741  17.450  -82.012  -4.366 0.5000000000
16753  17.352  -81.672  -5.102 0.5000000000
16754  17.039  -81.122  -5.552 0.5000000000
16762  22.283  -81.729  -6.275 0.6000000238
16763  21.537  -81.823  -6.423 0.6000000238
16779  25.460  -81.604  -7.594 0.5000000000
16781  23.628  -81.977  -7.060 0.6000000238
16784  16.608  -81.514  -7.034 0.5000000000
17648  17.571  -80.495  1.799 0.4000000060
17649  16.612  -80.524  1.777 0.4000000060
17663  13.890  -80.378  0.421 0.5000000000
17669  18.628  -80.839  -0.109 0.5000000000
17670  18.277  -80.338  -0.795 0.5000000000
17671  13.328  -80.320  -0.223 0.4000000060
17672  12.827  -79.984  -0.731 0.4000000060
17678  17.471  -80.376  -1.497 0.5000000000
17679  13.115  -80.603  -0.997 0.4000000060
17688  16.829  -80.377  -2.227 0.5000000000
17689  12.666  -80.132  -2.462 0.4000000060
17705  17.171  -81.117  -2.896 0.5000000000
17715  16.724  -80.499  -4.006 0.5000000000
17729  22.589  -80.261  -5.649 0.5000000000
17730  21.983  -80.482  -5.434 0.6000000238
17743  29.060  -80.199  -7.117 0.5000000000
17745  22.476  -80.961  -5.886 0.6000000238
17765  28.510  -80.671  -7.558 0.5000000000
17766  27.386  -80.096  -7.045 0.6000000238
17769  24.265  -80.760  -7.596 0.6000000238
17770  23.854  -80.449  -7.494 0.6000000238
17785  33.683  -80.056  -8.607 0.4000000060
17790  25.504  -80.185  -7.810 0.5000000000
17804  35.953  -80.398  -9.960 0.4000000060
17823  36.374  -80.520  -10.956 0.4000000060
17843  36.038  -80.573  -11.832 0.4000000060
17877  37.249  -79.409  -14.250 0.4000000060
17897  36.562  -79.819  -15.666 0.4000000060
18671  19.256  -79.245  1.400 0.4000000060
18672  18.744  -79.574  1.895 0.5000000000
18673  17.943  -79.782  2.187 0.4000000060
18675  15.271  -79.349  1.717 0.4000000060
18677  13.697  -78.993  0.961 0.4000000060
18681  19.307  -79.049  0.503 0.5000000000
18683  13.953  -79.790  0.823 0.4000000060
18711  12.096  -79.235  -2.553 0.4000000060
18727  15.347  -78.908  -3.294 0.6000000238
18737  22.404  -78.750  -4.979 0.6999999881
18739  16.224  -79.787  -4.483 0.6000000238
18740  15.650  -79.122  -4.849 0.6000000238
18753  20.838  -79.679  -5.266 0.6000000238
18764  31.979  -79.245  -6.934 0.5000000000
18765  31.179  -79.328  -6.795 0.5000000000
18766  29.482  -79.652  -6.701 0.5000000000
18768  28.124  -79.328  -6.625 0.6000000238
18771  19.810  -79.602  -6.280 0.6000000238
18773  16.088  -79.936  -6.322 0.5000000000
18789  32.787  -79.261  -7.219 0.4000000060
18791  30.921  -79.960  -7.190 0.5000000000
18795  25.921  -79.311  -7.895 0.6999999881
18811  36.182  -79.528  -8.674 0.4000000060
18812  35.289  -79.551  -8.342 0.5000000000
18815  24.997  -79.652  -8.471 0.6000000238
18816  24.103  -79.588  -8.620 0.6000000238
18829  35.605  -80.010  -9.142 0.4000000060
19611  18.604  -78.260  2.437 0.4000000060
19613  16.845  -78.403  2.470 0.4000000060
19620  19.623  -78.600  1.307 0.4000000060
19634  16.594  -77.870  -0.828 0.6999999881
19635  11.916  -78.522  -0.911 0.3000000119
19644  15.312  -77.676  -1.506 0.6999999881
19645  11.946  -78.932  -1.641 0.3000000119
19646  11.630  -78.207  -1.566 0.3000000119
19656  14.857  -77.706  -2.163 0.6000000238
19676  14.755  -77.827  -3.205 0.6000000238
19688  20.930  -78.391  -4.314 0.6999999881
19692  14.731  -77.594  -4.766 0.6000000238
19702  23.021  -78.952  -6.176 0.6999999881
19704  20.471  -78.937  -4.836 0.6999999881
19705  19.688  -78.680  -5.038 0.6999999881
19721  30.625  -78.697  -6.535 0.5000000000
19724  27.693  -78.588  -6.818 0.6000000238
19725  22.806  -78.082  -6.514 0.6999999881
19728  17.998  -77.753  -6.725 0.6000000238
19729  14.978  -78.350  -6.025 0.5000000000
19730  14.599  -77.601  -6.263 0.5000000000
19741  34.127  -78.559  -7.170 0.4000000060
19761  35.957  -79.045  -8.013 0.5000000000
19764  23.504  -79.009  -8.747 0.6999999881
19765  22.995  -78.351  -8.717 0.6000000238
19778  25.102  -78.436  -9.440 0.6000000238
19779  24.428  -78.418  -9.720 0.6999999881
19780  23.858  -78.210  -9.873 0.6999999881
20504  18.851  -77.477  2.471 0.4000000060
20505  17.975  -77.562  2.608 0.4000000060
20518  20.353  -77.275  0.670 0.5000000000
20534  17.545  -77.552  -0.739 0.6000000238
20573  20.737  -76.887  -3.834 0.8000000119
20575  19.011  -77.027  -3.594 0.6999999881
20578  15.715  -76.475  -3.818 0.6999999881
20579  14.692  -77.033  -3.690 0.6000000238
20580  14.700  -77.067  -4.463 0.6000000238
20587  21.467  -77.552  -4.238 0.6999999881
20589  19.604  -77.624  -3.814 0.6999999881
20591  17.602  -77.280  -4.176 0.6999999881
20592  16.629  -76.899  -4.382 0.6999999881
20593  14.638  -77.050  -5.220 0.6000000238
20601  22.554  -77.456  -5.654 0.6999999881
20602  18.170  -77.797  -4.887 0.6999999881
20605  14.543  -77.009  -6.026 0.5000000000
20612  34.871  -76.966  -6.627 0.4000000060
20613  34.155  -77.291  -6.639 0.4000000060
20615  32.192  -77.774  -6.711 0.4000000060
20616  31.527  -77.628  -6.748 0.5000000000
20619  28.211  -77.899  -6.713 0.6000000238
20620  22.529  -77.265  -6.414 0.8000000119
20622  16.172  -76.483  -6.781 0.6000000238
20634  31.098  -77.115  -6.948 0.5000000000
20636  27.468  -77.767  -7.246 0.6999999881
20637  26.789  -77.951  -7.741 0.6999999881
20639  22.349  -77.140  -7.845 0.6000000238
20640  16.821  -76.720  -7.557 0.5000000000
20653  26.441  -77.672  -8.368 0.6999999881
20654  25.780  -78.071  -8.857 0.6999999881
20686  25.079  -77.554  -10.285 0.6999999881
20688  23.598  -77.544  -10.338 0.6000000238
21401  20.738  -76.565  0.987 0.3000000119
21402  20.266  -77.037  1.555 0.4000000060
21419  19.606  -76.880  -0.757 0.5000000000
21420  18.549  -76.653  -0.908 0.5000000000
21421  18.319  -77.272  -0.760 0.5000000000
21435  15.818  -76.284  -1.445 0.6999999881
21445  15.489  -76.001  -2.182 0.6999999881
21460  20.068  -76.440  -3.712 0.6999999881
21463  17.098  -76.134  -3.436 0.6000000238
21466  14.859  -76.859  -4.198 0.6000000238
21478  20.554  -76.050  -4.063 0.8999999762
21480  14.850  -76.825  -4.892 0.6000000238
21491  21.737  -76.108  -5.299 0.8000000119
21493  15.052  -76.594  -5.313 0.6999999881
21506  33.641  -76.117  -6.665 0.4000000060
21510  28.807  -77.275  -6.771 0.6000000238
21511  22.251  -76.580  -5.995 0.8000000119
21513  15.615  -76.521  -5.897 0.6000000238
21515  14.782  -76.603  -6.634 0.6000000238
21529  32.208  -76.270  -7.238 0.5000000000
21532  29.542  -76.601  -7.089 0.6000000238
21536  21.794  -76.388  -7.724 0.6999999881
21563  26.865  -76.172  -9.276 0.6999999881
21565  25.614  -76.982  -10.226 0.6999999881
21566  21.817  -76.390  -9.477 0.6999999881
21581  24.994  -76.999  -10.889 0.6000000238
21584  22.368  -76.105  -10.636 0.6000000238
21598  23.752  -76.282  -11.315 0.6000000238
21599  22.980  -76.023  -11.141 0.6000000238
22318  19.570  -75.951  2.284 0.4000000060
22321  17.131  -75.946  2.429 0.4000000060
22335  20.882  -75.731  1.333 0.4000000060
22336  16.975  -75.086  2.274 0.4000000060
22338  15.735  -75.693  1.911 0.4000000060
22356  20.897  -75.981  -0.593 0.5000000000
22367  19.100  -75.189  -1.422 0.5000000000
22368  17.673  -75.740  -1.214 0.5000000000
22385  16.784  -75.083  -2.161 0.6999999881
22404  19.550  -75.722  -3.878 0.8000000119
22405  18.428  -75.402  -3.753 0.6999999881
22406  17.461  -74.858  -3.438 0.6999999881
22407  16.779  -75.203  -3.077 0.6000000238
22417  18.732  -74.819  -4.373 0.8000000119
22425  21.021  -75.480  -5.725 0.8999999762
22438  36.267  -75.997  -6.803 0.4000000060
22439  35.435  -75.224  -6.535 0.4000000060
22459  32.985  -75.107  -7.545 0.4000000060
22461  31.035  -75.946  -7.780 0.5000000000
22463  28.997  -75.860  -7.689 0.6000000238
22464  21.099  -75.715  -7.567 0.8000000119
22480  27.686  -75.657  -8.731 0.6999999881
22481  21.252  -75.963  -8.327 0.8000000119
22491  31.313  -74.926  -9.048 0.6000000238
22492  30.500  -74.847  -9.063 0.6000000238
22496  26.786  -75.834  -10.066 0.6999999881
22498  20.295  -75.024  -9.402 0.8000000119
22507  26.456  -75.842  -10.720 0.8000000119
22521  24.902  -75.671  -11.916 0.6000000238
22526  26.043  -75.093  -12.301 0.6999999881
22529  23.588  -74.906  -12.267 0.6000000238
22530  22.590  -74.676  -12.055 0.6000000238
23276  19.178  -75.080  2.344 0.4000000060
23283  19.742  -74.348  2.203 0.4000000060
23284  18.559  -74.186  2.288 0.4000000060
23285  16.205  -74.907  1.939 0.4000000060
23306  21.685  -74.595  -0.796 0.4000000060
23318  20.908  -74.516  -1.576 0.5000000000
23321  17.424  -74.965  -1.756 0.6000000238
23341  18.504  -73.997  -2.430 0.4000000060
23342  17.381  -74.530  -2.467 0.6000000238
23343  16.921  -74.962  -2.711 0.6000000238
23372  18.762  -73.796  -5.483 0.6000000238
23392  34.770  -74.755  -6.650 0.4000000060
23393  34.078  -74.831  -6.820 0.4000000060
23394  19.062  -73.738  -6.807 0.6999999881
23414  19.498  -74.394  -7.071 0.8000000119
23415  19.209  -73.914  -7.627 0.6999999881
23425  32.699  -74.541  -9.056 0.5000000000
23426  28.942  -74.912  -8.864 0.6999999881
23428  19.512  -73.851  -9.095 0.6999999881
23439  30.040  -74.478  -9.769 0.6000000238
23441  28.060  -74.634  -10.080 0.6000000238
23442  19.747  -74.077  -9.802 0.6999999881
23454  27.456  -74.962  -10.635 0.6999999881
23462  33.718  -74.390  -12.276 0.5000000000
23464  31.531  -74.425  -11.938 0.6000000238
23467  28.314  -74.323  -11.785 0.6999999881
23468  26.773  -74.972  -12.030 0.6999999881
23469  21.724  -74.445  -11.831 0.6000000238
23470  20.905  -73.732  -11.804 0.6000000238
23472  33.839  -74.274  -13.029 0.5000000000
23473  32.516  -74.212  -13.054 0.6000000238
23481  21.835  -73.810  -12.340 0.6000000238
23484  31.856  -73.799  -13.485 0.6000000238
23486  30.075  -73.825  -13.331 0.6000000238
23488  26.327  -73.979  -13.268 0.4000000060
23490  24.451  -73.740  -13.077 0.6999999881
23491  23.646  -73.639  -12.938 0.6999999881
24264  23.255  -73.173  0.200 0.4000000060
24268  15.528  -73.549  0.794 0.4000000060
24276  22.759  -73.518  -0.096 0.4000000060
24277  22.241  -74.003  -0.456 0.4000000060
24288  25.949  -73.332  -1.896 0.3000000119
24289  25.109  -73.430  -1.696 0.4000000060
24293  19.394  -73.611  -2.717 0.4000000060
24312  24.437  -73.444  -2.355 0.4000000060
24313  22.216  -73.423  -2.052 0.4000000060
24314  21.295  -73.464  -2.522 0.4000000060
24327  27.219  -73.315  -3.951 0.4000000060
24329  25.464  -73.615  -3.500 0.4000000060
24344  26.621  -73.600  -4.635 0.4000000060
24346  24.229  -73.433  -4.632 0.4000000060
24349  18.208  -73.833  -4.217 0.6000000238
24362  25.752  -73.685  -5.342 0.4000000060
24388  23.567  -73.340  -6.837 0.3000000119
24398  35.219  -73.219  -7.444 0.4000000060
24399  33.921  -73.947  -7.772 0.4000000060
24400  26.698  -73.182  -7.221 0.3000000119
24401  25.933  -73.489  -7.477 0.4000000060
24402  25.046  -73.611  -7.672 0.4000000060
24405  19.735  -72.874  -7.981 0.6000000238
24406  19.279  -73.247  -7.339 0.6999999881
24419  19.509  -73.330  -8.703 0.6000000238
24427  33.696  -73.949  -9.867 0.5000000000
24428  25.054  -73.217  -9.111 0.4000000060
24429  24.180  -73.119  -9.473 0.4000000060
24430  19.694  -73.386  -9.555 0.6000000238
24442  20.117  -73.048  -11.043 0.5000000000
24449  20.574  -72.956  -11.726 0.6999999881
24452  28.797  -73.777  -13.391 0.6000000238
24454  22.994  -73.214  -12.971 0.6999999881
24462  32.116  -73.347  -13.812 0.6000000238
24463  31.198  -73.360  -13.831 0.6000000238
24465  28.595  -73.463  -13.533 0.5000000000
24466  27.680  -73.468  -13.466 0.6000000238
25246  17.184  -72.839  1.467 0.3000000119
25291  25.686  -73.070  -1.117 0.3000000119
25293  22.994  -73.363  -1.601 0.4000000060
25316  26.691  -73.056  -2.171 0.3000000119
25319  21.954  -73.105  -2.890 0.4000000060
25320  20.990  -73.124  -3.242 0.5000000000
25329  27.642  -72.732  -3.336 0.3000000119
25332  21.558  -72.945  -3.712 0.4000000060
25344  24.053  -73.385  -3.994 0.4000000060
25345  23.378  -73.220  -4.437 0.4000000060
25346  22.618  -72.997  -4.561 0.4000000060
25347  21.216  -72.709  -4.610 0.3000000119
25348  20.121  -72.743  -4.763 0.4000000060
25349  19.146  -73.047  -4.911 0.4000000060
25358  28.002  -72.548  -5.095 0.3000000119
25362  20.627  -72.554  -5.390 0.3000000119
25363  19.623  -72.820  -5.607 0.5000000000
25397  27.284  -72.133  -7.248 0.5000000000
25398  26.856  -72.492  -7.749 0.4000000060
25399  21.959  -72.656  -7.634 0.4000000060
25411  26.321  -72.573  -8.699 0.3000000119
25414  21.781  -72.592  -9.361 0.5000000000
25416  19.966  -72.900  -9.045 0.6000000238
25428  25.862  -72.307  -9.522 0.4000000060
25432  21.997  -72.387  -10.295 0.5000000000
25443  21.512  -72.153  -11.876 0.6000000238
25444  20.729  -72.557  -11.432 0.5000000000
25447  21.732  -72.156  -12.219 0.5000000000
25452  21.777  -72.441  -12.470 0.5000000000
25458  32.330  -72.922  -13.901 0.4000000060
25459  31.430  -72.953  -14.059 0.6000000238
25460  30.005  -72.891  -14.120 0.5000000000
25467  23.522  -72.168  -13.081 0.6000000238
26444  27.824  -71.423  -6.221 0.3000000119
26501  26.291  -71.616  -9.248 0.3000000119
26503  25.266  -71.394  -10.370 0.4000000060
26530  30.278  -71.752  -13.641 0.4000000060
26533  25.007  -71.092  -12.867 0.5000000000
26542  31.677  -72.420  -13.791 0.4000000060
26545  28.563  -72.213  -13.577 0.4000000060
26546  27.591  -72.138  -13.447 0.5000000000
26548  25.539  -71.703  -13.182 0.6000000238
26549  24.812  -71.655  -13.084 0.6000000238
27542  26.863  -70.789  -7.798 0.3000000119
27572  25.690  -70.671  -9.719 0.4000000060
27574  24.533  -71.149  -11.055 0.5000000000
27597  24.807  -69.861  -11.834 0.6000000238
27598  24.206  -70.534  -12.136 0.5000000000
27611  27.539  -70.577  -12.590 0.5000000000
27612  26.157  -70.595  -12.669 0.5000000000
27615  23.899  -70.887  -12.309 0.6000000238
27617  28.868  -71.504  -13.259 0.4000000060
27619  23.788  -71.126  -12.519 0.6000000238
28579  27.511  -69.903  -6.011 0.4000000060
28628  25.017  -69.124  -10.532 0.4000000060
28650  27.397  -69.331  -11.754 0.5000000000
28660  29.257  -70.356  -12.400 0.5000000000
28663  25.986  -69.897  -12.234 0.5000000000
28664  25.013  -69.882  -12.074 0.5000000000
29620  26.436  -68.780  -6.444 0.4000000060
29621  25.567  -68.506  -7.054 0.4000000060
29622  24.811  -68.023  -7.421 0.3000000119
29652  24.487  -68.046  -9.024 0.3000000119
29665  29.720  -68.999  -10.369 0.5000000000
29667  26.547  -68.209  -10.943 0.4000000060
29668  25.706  -68.184  -10.896 0.6000000238
29670  25.132  -68.642  -10.902 0.6000000238
29676  28.397  -68.766  -10.973 0.5000000000
29677  26.918  -68.746  -11.395 0.4000000060
29678  25.990  -68.661  -11.361 0.5000000000
30637  24.403  -67.425  -7.372 0.3000000119
30677  26.178  -67.673  -10.450 0.4000000060
30678  25.286  -67.800  -10.398 0.5000000000
31653  23.643  -65.818  -7.404 0.4000000060
31668  23.819  -65.858  -7.915 0.4000000060
31684  24.047  -66.622  -8.379 0.4000000060
31692  24.450  -67.064  -9.117 0.4000000060
32722  24.692  -65.295  -8.155 0.4000000060
32737  25.260  -65.788  -8.496 0.4000000060
33695  23.137  -64.359  -7.337 0.4000000060
33713  23.396  -64.538  -7.676 0.4000000060
34687  24.762  -64.018  -7.555 0.3000000119
133907  24.789  -73.523  -4.072 0.4000000060
134171  25.120  -73.665  -6.195 0.4000000060
134576  19.031  -77.369  -0.722 0.6000000238
134727  21.071  -75.592  -9.829 0.6999999881
135029  32.233  -80.318  -8.199 0.4000000060
135713  27.864  -72.284  -5.928 0.3000000119
136811  20.360  -72.507  -7.370 0.5000000000
136941  29.961  -74.147  -11.668 0.6999999881
137007  37.025  -80.305  -11.991 0.4000000060
137192  26.092  -73.597  -3.054 0.4000000060
137773  31.712  -75.949  -7.626 0.5000000000
137785  23.496  -80.486  -6.964 0.6000000238
138410  21.964  -72.719  -5.072 0.3000000119
138592  13.109  -80.776  -1.829 0.3000000119
138759  18.982  -73.313  -5.602 0.6000000238
139103  27.707  -80.776  -7.374 0.6000000238
139521  19.643  -74.518  -7.989 0.6999999881
140760  22.856  -77.763  -9.305 0.6000000238
140841  32.965  -77.829  -6.721 0.4000000060
140873  18.861  -77.511  -3.835 0.6999999881
141178  30.025  -78.010  -6.455 0.5000000000
141410  11.433  -77.938  -2.321 0.3000000119
141491  23.032  -73.133  -3.051 0.4000000060
141648  23.800  -73.356  -1.116 0.4000000060
141669  24.559  -73.601  -6.904 0.4000000060
141971  26.857  -80.733  -7.363 0.5000000000
142346  33.139  -74.410  -12.641 0.6000000238
143210  24.368  -67.866  -8.142 0.4000000060
143695  23.155  -78.873  -8.157 0.6999999881
144508  34.957  -78.500  -7.317 0.4000000060
144659  26.716  -70.407  -12.537 0.5000000000
145092  14.426  -81.075  0.518 0.5000000000
145634  17.318  -74.537  -3.056 0.6000000238
145668  15.026  -76.390  -2.612 0.6000000238
145921  32.679  -77.245  -6.728 0.4000000060
146173  21.664  -75.909  -6.084 0.8000000119
146226  28.914  -79.075  -6.429 0.5000000000
146799  16.681  -75.966  -1.207 0.6999999881
146985  17.312  -77.342  -4.834 0.6999999881
147311  17.535  -82.934  -4.691 0.4000000060
147626  22.940  -71.852  -12.781 0.6000000238
148048  34.117  -76.704  -6.554 0.4000000060
148153  18.247  -76.922  2.583 0.4000000060
148440  30.722  -73.047  -14.106 0.6000000238
148673  22.342  -73.031  -3.435 0.4000000060
149096  22.347  -79.637  -5.243 0.6999999881
149254  24.283  -72.528  -13.248 0.6999999881
149380  11.971  -77.963  -0.373 0.3000000119
149710  33.871  -79.651  -8.021 0.4000000060
149834  20.446  -72.560  -8.319 0.6000000238
149867  25.458  -72.077  -10.058 0.4000000060
150040  15.614  -78.620  -1.663 0.5000000000
150116  18.201  -75.212  -1.460 0.5000000000
150201  20.033  -75.026  -5.433 0.8000000119
150961  15.293  -74.269  1.089 0.4000000060
151183  19.678  -77.333  2.133 0.4000000060
151752  20.174  -73.079  -3.522 0.4000000060
151916  16.570  -80.419  -5.735 0.5000000000
152282  23.787  -73.309  -2.888 0.4000000060
152431  18.024  -76.209  2.543 0.4000000060
153057  35.314  -79.000  -7.749 0.5000000000
153391  25.540  -67.476  -6.250 0.4000000060
153482  12.369  -78.716  -0.256 0.3000000119
153591  27.502  -72.742  -6.369 0.4000000060
153811  37.669  -82.100  -15.468 0.3000000119
153838  34.558  -73.691  -7.414 0.4000000060
153933  21.877  -73.765  1.051 0.3000000119
154181  33.237  -74.171  -13.169 0.5000000000
154746  26.258  -71.682  -13.231 0.6000000238
154878  24.242  -71.274  -12.811 0.6000000238
155205  23.861  -66.392  -7.841 0.4000000060
155359  21.896  -79.220  -4.809 0.6999999881
155962  16.595  -76.857  -6.106 0.6999999881
156027  27.096  -70.423  -7.073 0.4000000060
156286  29.374  -68.463  -9.758 0.4000000060
156341  28.722  -69.976  -12.155 0.5000000000
156485  21.977  -77.169  -4.575 0.6999999881
157486  32.175  -74.532  -11.512 0.6000000238
157731  21.307  -72.578  -5.218 0.3000000119
158591  19.844  -76.658  2.149 0.4000000060
158997  17.863  -74.213  -2.451 0.4000000060
159235  27.756  -79.736  -6.823 0.6000000238
159775  34.852  -75.491  -6.506 0.4000000060
160124  16.947  -80.797  -3.451 0.5000000000
160169  35.636  -73.613  -6.878 0.4000000060
