#!ascii label  , from subject sub-v1s17x0050260_ses-1 vox2ras=TkReg
1359
94101  42.014  13.480  33.364 0.0000000000
91356  49.426  10.295  24.002 0.0000000000
144466  47.739  15.483  22.709 0.0000000000
88839  50.859  7.757  15.067 0.0000000000
90471  40.618  9.647  26.931 0.0000000000
97737  48.925  18.132  28.431 0.0000000000
150999  54.354  7.033  19.956 0.0000000000
97871  45.501  17.271  11.919 0.0000000000
94963  53.551  14.273  35.017 0.0000000000
93163  45.823  12.347  30.394 0.0000000000
85911  45.595  5.206  24.708 0.0000000000
99594  43.540  19.949  17.790 0.0000000000
98721  51.163  19.089  15.293 0.0000000000
95038  54.613  13.680  27.319 0.0000000000
95118  55.573  13.931  19.689 0.0000000000
101234  43.960  21.265  9.769 0.0000000000
94959  47.019  14.496  35.093 0.0000000000
92181  44.845  11.516  33.377 0.0000000000
148364  44.249  7.280  26.598 0.0000000000
97768  44.473  17.360  24.921 0.0000000000
100374  43.078  20.625  21.937 0.0000000000
97796  44.856  17.486  20.666 0.0000000000
152393  47.080  18.295  16.484 0.0000000000
97806  48.923  17.338  19.537 0.0000000000
93173  50.918  12.452  29.381 0.0000000000
94125  54.144  13.189  30.855 0.0000000000
92247  53.104  11.655  25.788 0.0000000000
142451  54.396  6.946  16.480 0.0000000000
91397  56.250  9.990  20.407 0.0000000000
90547  54.331  9.270  18.505 0.0000000000
93260  52.486  13.046  19.009 0.0000000000
89676  50.407  8.402  19.318 0.0000000000
88804  47.229  7.280  19.096 0.0000000000
155734  40.422  10.904  34.605 0.0000000000
91316  41.831  10.289  31.880 0.0000000000
95933  46.718  15.704  27.042 0.0000000000
136864  49.855  5.461  22.497 0.0000000000
89661  51.739  8.191  21.273 0.0000000000
85013  51.451  4.394  20.719 0.0000000000
86940  52.427  5.759  15.786 0.0000000000
99475  52.150  19.736  33.462 0.0000000000
96769  49.522  16.836  34.923 0.0000000000
93109  49.424  13.110  33.353 0.0000000000
93194  47.987  12.543  27.420 0.0000000000
92226  43.090  12.058  28.221 0.0000000000
90476  45.822  9.653  25.775 0.0000000000
88760  47.376  7.595  23.544 0.0000000000
84001  48.431  2.184  24.118 0.0000000000
93132  38.497  12.174  32.023 0.0000000000
102683  42.044  23.228  20.682 0.0000000000
101979  43.645  22.082  15.687 0.0000000000
99620  46.144  19.934  12.843 0.0000000000
97860  48.883  17.917  12.640 0.0000000000
96917  49.444  16.221  16.645 0.0000000000
96789  51.573  16.433  32.766 0.0000000000
154650  50.248  14.472  29.034 0.0000000000
129577  50.997  14.099  25.050 0.0000000000
154182  54.408  10.605  23.446 0.0000000000
94163  55.194  13.270  23.433 0.0000000000
95993  51.676  15.429  21.243 0.0000000000
148999  54.086  16.202  18.176 0.0000000000
94217  51.996  13.952  15.315 0.0000000000
101228  42.602  21.550  10.502 0.0000000000
102006  42.396  22.365  11.673 0.0000000000
94979  44.222  14.449  34.169 0.0000000000
93097  43.751  11.971  34.494 0.0000000000
96858  45.836  15.965  23.474 0.0000000000
148842  44.466  16.871  22.930 0.0000000000
135737  46.680  16.425  21.781 0.0000000000
97793  47.581  17.041  20.280 0.0000000000
96870  48.659  16.513  20.709 0.0000000000
93207  50.027  12.279  25.915 0.0000000000
93199  52.003  12.354  27.156 0.0000000000
92255  51.244  11.237  24.678 0.0000000000
150264  53.367  7.398  15.177 0.0000000000
89700  54.192  7.985  17.561 0.0000000000
88816  52.423  7.606  17.000 0.0000000000
132955  52.471  8.418  18.597 0.0000000000
137849  51.281  7.532  17.044 0.0000000000
88818  49.689  7.215  17.793 0.0000000000
88832  49.808  7.491  15.547 0.0000000000
134843  39.927  9.510  32.083 0.0000000000
97763  46.912  18.195  26.421 0.0000000000
97739  47.409  16.980  27.803 0.0000000000
84996  50.425  3.474  22.389 0.0000000000
85936  51.099  4.296  21.944 0.0000000000
85953  50.659  4.195  20.411 0.0000000000
85989  50.660  5.239  16.698 0.0000000000
86952  50.040  5.621  14.535 0.0000000000
86962  52.084  6.308  13.666 0.0000000000
133782  47.098  12.597  33.076 0.0000000000
94098  48.052  13.439  34.241 0.0000000000
93146  47.721  12.437  31.761 0.0000000000
131070  48.270  12.463  29.811 0.0000000000
93185  46.911  12.545  28.655 0.0000000000
140525  41.120  11.086  29.668 0.0000000000
92217  42.658  11.497  30.166 0.0000000000
91340  42.040  10.928  27.118 0.0000000000
87824  45.169  6.667  25.512 0.0000000000
89629  45.296  8.398  26.146 0.0000000000
88749  45.845  7.893  25.447 0.0000000000
90482  46.830  9.028  24.960 0.0000000000
86872  46.850  6.117  23.814 0.0000000000
85926  47.906  5.207  23.592 0.0000000000
142922  47.503  3.830  24.407 0.0000000000
84021  45.668  1.776  22.234 0.0000000000
99583  42.832  19.572  19.612 0.0000000000
136777  43.894  22.199  20.601 0.0000000000
149729  43.934  21.786  18.465 0.0000000000
101953  43.333  22.328  17.776 0.0000000000
101184  44.146  21.621  16.851 0.0000000000
145911  44.691  21.413  14.563 0.0000000000
99607  44.808  19.567  15.552 0.0000000000
133873  49.903  18.909  16.030 0.0000000000
132610  47.941  18.626  14.038 0.0000000000
98746  49.842  18.223  13.672 0.0000000000
96944  49.249  17.147  14.531 0.0000000000
96942  50.916  17.596  14.743 0.0000000000
96767  52.947  17.305  35.457 0.0000000000
97675  52.382  17.792  33.557 0.0000000000
95876  53.711  15.908  34.636 0.0000000000
95025  54.411  13.560  28.921 0.0000000000
95015  52.589  14.548  30.717 0.0000000000
95032  52.752  14.468  28.502 0.0000000000
95042  50.295  14.370  27.636 0.0000000000
129780  52.563  14.336  26.261 0.0000000000
88775  52.503  7.503  20.885 0.0000000000
89651  53.058  9.445  21.947 0.0000000000
89659  54.152  8.403  21.049 0.0000000000
92299  56.102  11.470  19.831 0.0000000000
92282  56.225  11.174  21.716 0.0000000000
94181  55.445  13.551  21.479 0.0000000000
95097  53.116  14.525  22.231 0.0000000000
95120  54.678  14.851  20.513 0.0000000000
96883  52.914  16.390  19.800 0.0000000000
95130  54.945  15.031  18.587 0.0000000000
93253  51.077  12.197  19.101 0.0000000000
94209  52.517  14.027  17.236 0.0000000000
93270  50.812  12.598  16.874 0.0000000000
94227  50.365  13.093  15.592 0.0000000000
98639  50.827  19.272  28.131 0.0000000000
99637  43.193  20.265  10.788 0.0000000000
99636  44.440  19.777  10.477 0.0000000000
96778  46.346  16.524  33.693 0.0000000000
95877  45.172  15.794  33.969 0.0000000000
150066  45.963  12.794  34.332 0.0000000000
92205  45.341  11.672  32.049 0.0000000000
89621  43.166  7.901  26.778 0.0000000000
98666  42.912  18.808  22.934 0.0000000000
98681  43.096  18.402  20.977 0.0000000000
98687  43.968  18.212  19.327 0.0000000000
98712  45.364  18.303  17.053 0.0000000000
97823  46.423  17.759  18.690 0.0000000000
97821  48.312  17.781  18.704 0.0000000000
98693  50.759  18.640  17.256 0.0000000000
149240  52.319  12.727  32.253 0.0000000000
94093  54.179  13.986  33.198 0.0000000000
147679  52.792  12.460  30.891 0.0000000000
149435  53.809  12.425  28.528 0.0000000000
92228  54.691  12.335  27.392 0.0000000000
87870  54.813  6.322  18.571 0.0000000000
89666  55.195  8.252  20.474 0.0000000000
89698  55.155  7.745  18.208 0.0000000000
91420  55.467  9.783  18.868 0.0000000000
92301  55.218  11.650  19.284 0.0000000000
94195  54.932  13.608  18.966 0.0000000000
92302  53.053  11.396  19.607 0.0000000000
91408  51.394  10.696  19.614 0.0000000000
91410  49.821  10.153  19.535 0.0000000000
87871  48.204  6.797  18.155 0.0000000000
93115  41.486  12.664  33.813 0.0000000000
91281  42.519  10.541  34.279 0.0000000000
91295  41.625  9.903  33.765 0.0000000000
91327  40.618  10.510  30.430 0.0000000000
90465  39.357  9.730  28.146 0.0000000000
98659  45.432  18.325  25.510 0.0000000000
95939  45.590  15.980  25.666 0.0000000000
95072  46.989  14.788  25.053 0.0000000000
88767  48.814  7.863  22.373 0.0000000000
90497  50.415  9.767  22.915 0.0000000000
88766  49.929  7.242  21.701 0.0000000000
155204  51.993  5.750  21.228 0.0000000000
86904  52.845  5.345  20.164 0.0000000000
142385  49.987  4.749  18.487 0.0000000000
85979  52.159  5.267  18.018 0.0000000000
86917  53.667  5.512  18.221 0.0000000000
86948  53.373  6.450  15.208 0.0000000000
87914  52.968  7.031  13.638 0.0000000000
129568  50.928  8.240  12.579 0.0000000000
88848  49.666  7.895  13.409 0.0000000000
154759  50.982  18.472  34.688 0.0000000000
149825  51.460  15.507  36.106 0.0000000000
95864  48.236  15.683  35.168 0.0000000000
94966  49.911  14.402  35.122 0.0000000000
94078  51.393  13.860  34.734 0.0000000000
93144  50.087  12.472  31.707 0.0000000000
129809  49.779  12.536  28.323 0.0000000000
93208  48.898  11.980  25.466 0.0000000000
91314  43.317  10.535  32.476 0.0000000000
92216  43.512  11.584  30.519 0.0000000000
93177  44.762  12.485  29.010 0.0000000000
90468  43.569  9.970  26.411 0.0000000000
91346  44.506  11.126  26.536 0.0000000000
93186  45.718  12.446  27.757 0.0000000000
147325  46.669  11.926  26.146 0.0000000000
135553  47.327  9.609  24.809 0.0000000000
90485  48.211  9.376  24.007 0.0000000000
87835  47.900  6.916  22.893 0.0000000000
85924  49.517  4.043  23.428 0.0000000000
84031  48.481  2.519  22.244 0.0000000000
83055  47.708  1.607  24.077 0.0000000000
84020  46.667  1.921  22.654 0.0000000000
93130  40.232  12.610  32.696 0.0000000000
92193  38.903  11.663  33.011 0.0000000000
92186  36.665  11.012  32.764 0.0000000000
102672  42.300  23.715  22.176 0.0000000000
102694  40.848  23.335  19.338 0.0000000000
101213  43.960  21.876  12.832 0.0000000000
155140  45.553  21.148  11.418 0.0000000000
99633  46.290  19.092  11.366 0.0000000000
98738  45.830  18.772  14.808 0.0000000000
98757  47.666  18.520  12.336 0.0000000000
96972  47.181  17.485  12.217 0.0000000000
97705  49.390  17.018  30.696 0.0000000000
94989  53.496  14.990  32.959 0.0000000000
95002  49.975  14.850  30.939 0.0000000000
95922  48.507  15.350  29.635 0.0000000000
95035  48.189  14.794  28.246 0.0000000000
95049  48.905  14.287  26.016 0.0000000000
141638  49.156  14.415  24.184 0.0000000000
91354  51.787  10.757  24.131 0.0000000000
92253  53.680  11.211  25.109 0.0000000000
92245  55.206  11.783  25.810 0.0000000000
91389  55.757  9.875  21.996 0.0000000000
93223  55.846  11.752  23.467 0.0000000000
153074  54.766  13.607  24.966 0.0000000000
95066  52.648  14.050  24.414 0.0000000000
146886  51.225  14.309  23.398 0.0000000000
95972  50.238  15.065  22.045 0.0000000000
96018  50.366  16.099  20.759 0.0000000000
96896  51.796  17.319  19.053 0.0000000000
97830  52.732  17.728  16.611 0.0000000000
95132  53.498  14.545  17.659 0.0000000000
95146  53.173  15.078  16.176 0.0000000000
132645  52.254  16.773  15.007 0.0000000000
95148  51.102  15.250  15.826 0.0000000000
89701  45.753  8.960  17.635 0.0000000000
102007  41.387  22.627  11.540 0.0000000000
101997  41.779  22.688  12.660 0.0000000000
94980  42.689  14.401  33.395 0.0000000000
94099  43.485  13.940  34.059 0.0000000000
94100  42.774  13.366  34.070 0.0000000000
95957  46.588  15.636  23.420 0.0000000000
96862  46.236  16.198  22.582 0.0000000000
96861  46.985  16.113  22.140 0.0000000000
96871  47.352  16.345  21.547 0.0000000000
95974  48.424  15.506  22.276 0.0000000000
140601  49.515  11.519  24.969 0.0000000000
92249  50.664  11.758  25.230 0.0000000000
92256  50.031  11.027  24.475 0.0000000000
137277  51.901  7.951  14.920 0.0000000000
88829  52.898  7.690  15.855 0.0000000000
88830  52.056  7.679  15.997 0.0000000000
88831  51.101  7.575  16.015 0.0000000000
150221  50.311  7.481  16.071 0.0000000000
98640  49.474  18.708  27.736 0.0000000000
98641  48.544  18.490  27.277 0.0000000000
97753  47.833  17.780  27.558 0.0000000000
97738  48.046  17.376  28.317 0.0000000000
138345  50.062  3.105  21.887 0.0000000000
85005  50.634  3.449  21.976 0.0000000000
85954  49.760  4.006  20.513 0.0000000000
86953  48.999  5.266  14.317 0.0000000000
86964  49.918  5.807  13.269 0.0000000000
96974  45.557  16.952  12.720 0.0000000000
93147  46.814  12.308  31.561 0.0000000000
154342  47.534  12.556  32.522 0.0000000000
131946  46.771  12.377  30.610 0.0000000000
93162  47.589  12.436  30.278 0.0000000000
93175  46.534  12.510  29.589 0.0000000000
91341  40.958  10.583  27.419 0.0000000000
151843  41.370  11.322  28.310 0.0000000000
90470  41.614  9.870  26.664 0.0000000000
88750  45.452  7.337  25.604 0.0000000000
86868  45.569  6.267  24.830 0.0000000000
87827  46.203  6.729  24.435 0.0000000000
86873  46.255  5.649  24.302 0.0000000000
85917  47.166  4.866  24.042 0.0000000000
85918  46.520  4.347  24.504 0.0000000000
99588  43.169  19.774  18.677 0.0000000000
101170  43.704  21.463  19.374 0.0000000000
100394  43.570  20.822  18.479 0.0000000000
101178  44.049  21.726  17.574 0.0000000000
100398  44.033  20.478  17.060 0.0000000000
145429  44.397  21.026  16.520 0.0000000000
100404  44.328  19.980  16.299 0.0000000000
150617  50.176  18.938  14.904 0.0000000000
98734  50.438  18.612  14.356 0.0000000000
97847  50.603  18.404  14.330 0.0000000000
97846  51.243  18.300  14.632 0.0000000000
95860  53.128  15.840  36.074 0.0000000000
96776  53.390  17.069  34.918 0.0000000000
95875  53.925  15.028  34.979 0.0000000000
95030  54.500  13.604  28.188 0.0000000000
95031  53.761  14.267  28.572 0.0000000000
95039  53.830  14.294  27.603 0.0000000000
129582  52.166  14.400  27.175 0.0000000000
131000  53.772  14.255  26.592 0.0000000000
88774  53.804  6.861  20.244 0.0000000000
128881  53.495  7.644  20.647 0.0000000000
88773  54.452  7.764  20.434 0.0000000000
93248  55.773  12.267  19.601 0.0000000000
140458  55.980  12.674  20.452 0.0000000000
94186  55.746  13.376  20.451 0.0000000000
94187  55.377  14.150  20.538 0.0000000000
95119  55.310  14.541  19.787 0.0000000000
96013  54.999  15.095  19.411 0.0000000000
95126  55.273  14.457  19.151 0.0000000000
92312  49.621  11.413  18.426 0.0000000000
93262  50.821  12.446  18.243 0.0000000000
137451  50.115  11.993  17.578 0.0000000000
92321  50.030  12.004  16.383 0.0000000000
148611  42.906  21.706  10.397 0.0000000000
153187  42.741  20.843  10.351 0.0000000000
100435  43.330  20.734  9.946 0.0000000000
149111  43.763  20.221  10.267 0.0000000000
100441  44.115  20.870  9.671 0.0000000000
96779  45.529  16.405  33.538 0.0000000000
96780  44.679  16.315  33.326 0.0000000000
93096  44.777  12.232  34.315 0.0000000000
139211  45.437  12.702  34.413 0.0000000000
92168  45.009  11.860  33.830 0.0000000000
92180  45.503  12.034  33.465 0.0000000000
92191  44.722  11.309  32.696 0.0000000000
98664  44.060  18.154  24.569 0.0000000000
99557  44.042  19.092  24.300 0.0000000000
154964  43.667  17.823  23.890 0.0000000000
97782  45.255  17.122  21.336 0.0000000000
97784  43.588  17.772  21.768 0.0000000000
97797  43.946  17.703  21.024 0.0000000000
98680  43.928  17.899  20.235 0.0000000000
97810  44.788  17.703  19.751 0.0000000000
98686  44.792  17.926  18.886 0.0000000000
97809  45.724  17.640  19.366 0.0000000000
96899  48.214  17.194  19.851 0.0000000000
97807  47.639  17.451  19.515 0.0000000000
136645  49.077  17.776  18.789 0.0000000000
145591  49.122  18.198  17.996 0.0000000000
97820  49.894  18.202  18.093 0.0000000000
129596  51.838  12.371  30.895 0.0000000000
93142  52.480  12.537  31.552 0.0000000000
93172  52.065  12.434  29.491 0.0000000000
92238  52.554  12.087  26.442 0.0000000000
152555  53.401  12.402  28.553 0.0000000000
93190  53.672  12.351  28.064 0.0000000000
93189  54.330  12.485  28.127 0.0000000000
92237  53.654  11.959  26.672 0.0000000000
87882  54.701  6.643  17.232 0.0000000000
87881  55.105  6.869  18.156 0.0000000000
88813  54.863  7.254  17.433 0.0000000000
130359  54.010  8.595  18.175 0.0000000000
89687  54.663  8.570  18.154 0.0000000000
90546  55.044  9.291  18.472 0.0000000000
91405  55.513  10.690  19.196 0.0000000000
91421  54.788  10.152  18.826 0.0000000000
138942  54.082  11.669  19.426 0.0000000000
90532  53.576  9.885  19.131 0.0000000000
89689  51.471  8.229  18.869 0.0000000000
90534  51.698  9.786  19.530 0.0000000000
139815  51.065  9.042  19.481 0.0000000000
90535  50.731  9.947  19.610 0.0000000000
144059  50.100  9.231  19.572 0.0000000000
88792  49.810  7.959  19.219 0.0000000000
88819  48.944  7.005  17.446 0.0000000000
92172  40.960  11.018  34.682 0.0000000000
91282  41.562  10.340  34.332 0.0000000000
91296  40.803  9.897  34.107 0.0000000000
90449  40.057  9.921  31.085 0.0000000000
90456  39.796  10.281  29.905 0.0000000000
90460  39.792  10.386  28.819 0.0000000000
90461  39.161  9.854  29.204 0.0000000000
96846  46.504  16.356  26.988 0.0000000000
96849  45.668  17.076  26.134 0.0000000000
95935  46.101  15.912  26.421 0.0000000000
95943  46.392  15.187  24.970 0.0000000000
95059  46.738  14.902  25.701 0.0000000000
87843  49.290  6.669  22.167 0.0000000000
87842  50.482  5.935  21.958 0.0000000000
85946  51.239  4.446  21.499 0.0000000000
86895  51.429  5.222  21.618 0.0000000000
85945  52.016  4.939  20.876 0.0000000000
86894  52.671  5.442  20.476 0.0000000000
85952  52.341  4.944  20.293 0.0000000000
143009  49.171  4.552  18.961 0.0000000000
85981  49.538  4.913  17.288 0.0000000000
86941  51.420  5.602  15.695 0.0000000000
85980  51.472  5.240  17.458 0.0000000000
86929  51.695  5.456  16.552 0.0000000000
85978  53.000  5.348  18.017 0.0000000000
86928  52.550  5.523  17.010 0.0000000000
86927  53.581  5.658  17.195 0.0000000000
86939  53.320  5.942  15.999 0.0000000000
86974  51.953  6.674  12.751 0.0000000000
148466  52.469  6.723  13.218 0.0000000000
87907  52.344  7.093  12.811 0.0000000000
88847  52.652  7.765  13.411 0.0000000000
88855  51.222  7.788  11.970 0.0000000000
151116  49.997  8.196  12.273 0.0000000000
97657  48.933  17.326  34.149 0.0000000000
97664  49.582  18.217  33.887 0.0000000000
97656  50.201  17.839  34.617 0.0000000000
96768  50.681  17.162  35.381 0.0000000000
96761  49.946  16.250  35.482 0.0000000000
95870  46.532  15.462  34.626 0.0000000000
95869  47.284  15.574  34.872 0.0000000000
94958  47.637  14.853  35.262 0.0000000000
93110  48.419  13.117  33.549 0.0000000000
94080  49.002  13.946  34.692 0.0000000000
94097  49.169  13.564  34.085 0.0000000000
94079  50.132  14.019  34.633 0.0000000000
94096  50.312  13.573  33.957 0.0000000000
93124  50.607  12.671  32.403 0.0000000000
93125  49.668  12.707  32.538 0.0000000000
150837  48.482  12.536  28.489 0.0000000000
129588  48.838  12.506  29.225 0.0000000000
93184  48.999  12.547  27.914 0.0000000000
132414  48.846  12.515  27.079 0.0000000000
93202  48.268  12.293  26.165 0.0000000000
91306  42.885  10.159  33.130 0.0000000000
91294  43.065  10.333  33.769 0.0000000000
91315  42.632  10.346  32.275 0.0000000000
151837  42.602  11.881  29.058 0.0000000000
92222  43.276  12.034  29.411 0.0000000000
92221  44.092  12.170  29.780 0.0000000000
92225  43.938  12.356  28.558 0.0000000000
89620  44.022  7.932  26.685 0.0000000000
133664  43.392  8.901  26.474 0.0000000000
90477  45.187  9.354  26.113 0.0000000000
90478  44.427  10.152  26.296 0.0000000000
141287  45.173  10.388  26.114 0.0000000000
92232  44.755  11.800  26.942 0.0000000000
92242  45.261  11.281  26.384 0.0000000000
92230  46.191  12.240  26.946 0.0000000000
91345  45.863  10.613  25.857 0.0000000000
89631  46.827  8.622  24.692 0.0000000000
90481  47.321  9.099  24.569 0.0000000000
90480  47.911  9.591  24.463 0.0000000000
88752  47.590  8.366  23.729 0.0000000000
88768  47.962  7.808  23.015 0.0000000000
84987  48.976  3.195  23.957 0.0000000000
136461  48.811  4.859  23.424 0.0000000000
149426  49.680  2.798  23.097 0.0000000000
84018  48.845  1.967  22.844 0.0000000000
83056  46.911  1.190  24.039 0.0000000000
84033  46.082  2.518  21.735 0.0000000000
94113  40.084  14.201  31.806 0.0000000000
93148  38.929  13.057  31.613 0.0000000000
93131  39.398  12.342  32.332 0.0000000000
92184  38.376  10.999  33.737 0.0000000000
92194  37.967  11.555  32.663 0.0000000000
101932  43.727  22.365  20.350 0.0000000000
101925  43.539  22.634  21.201 0.0000000000
102676  42.600  23.214  21.407 0.0000000000
103406  41.704  24.380  22.214 0.0000000000
102684  41.270  23.632  20.684 0.0000000000
103415  40.792  24.219  20.989 0.0000000000
101934  41.463  23.192  19.990 0.0000000000
101970  43.480  22.218  16.612 0.0000000000
101980  42.893  22.314  15.815 0.0000000000
101996  42.572  22.356  13.770 0.0000000000
139010  43.793  21.951  14.939 0.0000000000
100415  45.580  20.469  13.828 0.0000000000
101205  45.268  21.220  13.601 0.0000000000
143366  46.081  20.636  12.279 0.0000000000
137999  45.993  20.007  10.991 0.0000000000
99627  46.238  19.927  11.731 0.0000000000
98711  46.531  18.145  17.187 0.0000000000
98726  45.429  18.516  16.165 0.0000000000
98725  46.230  18.320  16.342 0.0000000000
98748  48.594  18.346  12.793 0.0000000000
98749  47.350  18.689  13.435 0.0000000000
98756  48.396  18.094  12.191 0.0000000000
98766  47.438  18.303  11.782 0.0000000000
97869  48.054  17.747  12.130 0.0000000000
129518  47.422  17.174  12.935 0.0000000000
96964  48.182  17.418  12.732 0.0000000000
133358  49.996  16.965  15.273 0.0000000000
99478  52.185  20.082  32.861 0.0000000000
97676  51.149  17.436  32.491 0.0000000000
98591  51.630  18.723  32.021 0.0000000000
153076  50.684  17.706  31.880 0.0000000000
97704  50.433  17.907  31.251 0.0000000000
97690  50.013  16.789  31.566 0.0000000000
94987  54.010  13.921  32.568 0.0000000000
94988  54.244  14.202  33.242 0.0000000000
94999  54.067  14.081  32.291 0.0000000000
129584  51.104  14.482  29.327 0.0000000000
130777  51.594  14.748  31.106 0.0000000000
95027  50.296  14.547  29.807 0.0000000000
95915  48.962  15.170  30.323 0.0000000000
95018  48.867  14.837  29.595 0.0000000000
95929  48.295  14.990  28.977 0.0000000000
129018  48.812  14.664  28.767 0.0000000000
129579  50.733  14.218  25.780 0.0000000000
146900  49.436  14.301  26.591 0.0000000000
129578  49.817  14.233  25.858 0.0000000000
95057  49.253  14.279  25.022 0.0000000000
95069  49.858  14.285  24.249 0.0000000000
90508  51.070  9.417  22.275 0.0000000000
91369  51.046  10.314  23.441 0.0000000000
90496  51.583  9.959  22.843 0.0000000000
90494  53.653  9.956  22.599 0.0000000000
91367  53.594  10.426  23.368 0.0000000000
91352  54.285  10.894  24.202 0.0000000000
129879  54.715  11.394  25.277 0.0000000000
91351  55.135  11.225  24.333 0.0000000000
142606  55.664  8.705  20.399 0.0000000000
89657  55.499  8.786  21.032 0.0000000000
91388  56.138  9.829  21.397 0.0000000000
94171  55.619  12.856  22.538 0.0000000000
92274  55.937  11.161  22.712 0.0000000000
94162  55.693  12.474  23.565 0.0000000000
93212  55.784  12.088  24.449 0.0000000000
94151  54.742  13.594  24.291 0.0000000000
94152  54.238  13.876  24.946 0.0000000000
95065  53.613  13.945  24.088 0.0000000000
137125  53.075  14.945  21.538 0.0000000000
95084  52.244  14.325  22.944 0.0000000000
145452  51.449  14.564  22.583 0.0000000000
95098  50.668  14.626  22.702 0.0000000000
95111  51.123  14.946  21.965 0.0000000000
95995  49.856  15.651  21.416 0.0000000000
96017  51.264  16.050  20.656 0.0000000000
96906  53.643  16.454  18.961 0.0000000000
141484  52.724  16.987  19.092 0.0000000000
96908  52.445  17.476  18.300 0.0000000000
97818  52.106  18.074  17.473 0.0000000000
97817  52.864  17.507  17.507 0.0000000000
94196  53.772  13.290  18.958 0.0000000000
94203  54.255  14.173  18.462 0.0000000000
94204  53.065  13.840  18.326 0.0000000000
94216  52.157  13.808  15.824 0.0000000000
95140  52.939  14.583  16.571 0.0000000000
95147  52.601  14.584  15.666 0.0000000000
96081  53.052  15.830  15.208 0.0000000000
96082  52.598  15.578  15.174 0.0000000000
96074  51.939  15.730  15.158 0.0000000000
95151  51.855  14.553  15.280 0.0000000000
93279  48.787  12.318  15.789 0.0000000000
94219  49.973  13.512  15.928 0.0000000000
88794  47.822  8.017  19.443 0.0000000000
89690  46.301  8.414  18.769 0.0000000000
148951  41.532  21.935  11.128 0.0000000000
136998  42.095  22.115  10.895 0.0000000000
102013  43.105  22.032  10.765 0.0000000000
95878  44.245  15.504  33.699 0.0000000000
142932  43.484  14.929  33.624 0.0000000000
136050  44.257  12.686  34.514 0.0000000000
91292  44.309  11.377  33.989 0.0000000000
96856  44.661  16.696  24.515 0.0000000000
96860  44.516  16.726  23.694 0.0000000000
96863  45.222  16.430  23.055 0.0000000000
152361  45.592  16.540  22.374 0.0000000000
96872  45.937  16.700  21.684 0.0000000000
97794  46.832  17.276  20.153 0.0000000000
96888  46.871  16.764  20.964 0.0000000000
96887  48.166  16.862  20.350 0.0000000000
152873  48.658  16.953  20.087 0.0000000000
93192  50.602  12.501  27.995 0.0000000000
132122  51.584  12.472  28.636 0.0000000000
148607  51.516  12.456  27.803 0.0000000000
93206  51.306  12.222  26.167 0.0000000000
92248  51.898  11.747  25.514 0.0000000000
149488  54.433  7.427  16.993 0.0000000000
152483  54.008  7.619  16.752 0.0000000000
147772  53.339  7.773  17.295 0.0000000000
89688  53.296  8.194  18.093 0.0000000000
89674  53.203  8.984  18.704 0.0000000000
88800  52.419  7.828  18.073 0.0000000000
132141  51.442  7.613  18.078 0.0000000000
88817  50.510  7.403  18.009 0.0000000000
88802  49.724  7.535  18.725 0.0000000000
145560  49.642  7.285  16.699 0.0000000000
88833  48.944  7.166  16.260 0.0000000000
91283  40.005  10.016  34.429 0.0000000000
90434  40.342  9.615  33.562 0.0000000000
90446  39.806  9.343  33.005 0.0000000000
98657  47.316  18.968  26.019 0.0000000000
98642  47.724  18.257  26.940 0.0000000000
97754  46.902  17.296  27.115 0.0000000000
96845  46.997  16.323  27.526 0.0000000000
85937  50.656  3.899  22.503 0.0000000000
86887  50.840  4.705  22.221 0.0000000000
84995  50.902  3.861  21.996 0.0000000000
85004  50.933  3.793  21.372 0.0000000000
85990  49.685  5.145  16.315 0.0000000000
86001  49.281  5.208  15.434 0.0000000000
86942  50.335  5.458  15.613 0.0000000000
86951  51.181  5.849  14.638 0.0000000000
86950  52.237  6.066  14.707 0.0000000000
86963  51.036  6.106  13.490 0.0000000000
86975  50.980  6.534  12.301 0.0000000000
96770  48.536  16.508  34.706 0.0000000000
93093  47.054  13.075  34.081 0.0000000000
94081  47.305  13.583  34.587 0.0000000000
93111  47.498  12.961  33.630 0.0000000000
93127  47.878  12.775  33.013 0.0000000000
93126  48.717  12.768  32.786 0.0000000000
93145  48.881  12.506  31.819 0.0000000000
147929  48.378  12.395  30.789 0.0000000000
93174  47.473  12.501  29.426 0.0000000000
131112  47.215  12.534  27.890 0.0000000000
91326  41.498  10.667  30.843 0.0000000000
91325  42.420  10.758  31.195 0.0000000000
92223  41.941  11.572  29.316 0.0000000000
91335  42.268  11.687  28.146 0.0000000000
87818  44.882  6.939  25.950 0.0000000000
128967  44.726  7.814  26.425 0.0000000000
88745  45.309  7.619  25.980 0.0000000000
89628  45.844  8.288  25.638 0.0000000000
90475  46.329  9.017  25.443 0.0000000000
89632  46.354  8.460  25.192 0.0000000000
87822  46.283  7.562  24.705 0.0000000000
87826  46.755  7.224  23.965 0.0000000000
87836  47.448  6.552  23.397 0.0000000000
85916  48.151  4.014  24.126 0.0000000000
84982  48.101  2.980  24.442 0.0000000000
83071  45.316  1.042  22.756 0.0000000000
83079  45.248  1.207  21.843 0.0000000000
100381  43.001  20.655  20.868 0.0000000000
101154  43.682  21.555  21.204 0.0000000000
101164  43.637  21.503  20.282 0.0000000000
101163  43.999  21.995  19.915 0.0000000000
101943  43.776  22.228  19.589 0.0000000000
101944  43.057  22.531  18.998 0.0000000000
142263  43.844  22.120  18.743 0.0000000000
101960  43.949  22.016  17.218 0.0000000000
101969  44.006  21.896  16.330 0.0000000000
101978  44.203  21.691  15.361 0.0000000000
101191  44.328  21.393  16.001 0.0000000000
101198  45.140  20.998  14.645 0.0000000000
145766  45.115  20.012  14.728 0.0000000000
98724  48.010  18.463  16.038 0.0000000000
148536  47.165  18.456  15.440 0.0000000000
98736  48.549  18.627  14.746 0.0000000000
129969  49.206  18.449  13.552 0.0000000000
97854  49.536  18.043  13.227 0.0000000000
96956  48.870  17.481  13.301 0.0000000000
96955  49.729  17.876  13.558 0.0000000000
96943  50.213  17.835  14.160 0.0000000000
96930  50.457  16.587  15.665 0.0000000000
97654  52.415  18.330  35.001 0.0000000000
144130  52.465  18.878  33.687 0.0000000000
139486  52.911  17.847  34.875 0.0000000000
96788  52.912  16.625  33.829 0.0000000000
150041  54.294  13.332  30.148 0.0000000000
95014  53.689  14.162  31.260 0.0000000000
144458  53.407  14.312  30.210 0.0000000000
95026  53.107  14.402  29.248 0.0000000000
129583  50.884  14.412  28.366 0.0000000000
129581  51.156  14.362  27.395 0.0000000000
95047  51.417  14.300  26.482 0.0000000000
95055  51.635  14.182  25.572 0.0000000000
89652  51.907  9.049  21.691 0.0000000000
89660  52.954  8.513  21.226 0.0000000000
90517  53.870  9.032  21.517 0.0000000000
90506  54.220  9.581  22.075 0.0000000000
154249  56.305  10.788  20.297 0.0000000000
140162  56.338  10.527  21.140 0.0000000000
92291  56.295  11.320  20.661 0.0000000000
94180  55.863  12.730  21.373 0.0000000000
94172  54.938  13.686  22.447 0.0000000000
94164  54.319  13.811  23.293 0.0000000000
95108  54.784  14.230  21.479 0.0000000000
95109  53.909  14.713  21.519 0.0000000000
95991  53.626  15.267  20.875 0.0000000000
96016  52.245  15.954  20.500 0.0000000000
96015  53.213  15.805  20.352 0.0000000000
96033  53.701  16.041  19.643 0.0000000000
96032  54.436  15.749  18.896 0.0000000000
93252  51.849  12.210  19.324 0.0000000000
94205  52.002  13.492  18.130 0.0000000000
93269  51.327  12.985  17.797 0.0000000000
94210  51.688  13.310  16.832 0.0000000000
93277  51.320  12.939  15.975 0.0000000000
94226  51.304  13.605  15.443 0.0000000000
93278  50.575  12.454  16.017 0.0000000000
92343  49.203  11.926  15.643 0.0000000000
98625  49.925  18.634  28.629 0.0000000000
100429  41.474  21.431  11.454 0.0000000000
98776  44.537  18.657  11.289 0.0000000000
98775  45.046  18.963  10.944 0.0000000000
96773  45.992  15.995  34.157 0.0000000000
94969  46.422  14.726  34.868 0.0000000000
95871  44.997  14.894  34.323 0.0000000000
94970  45.737  14.324  34.737 0.0000000000
141824  46.516  13.197  34.425 0.0000000000
93094  46.320  12.707  34.020 0.0000000000
92204  46.120  12.052  32.236 0.0000000000
92213  45.993  12.128  31.365 0.0000000000
149396  42.401  8.861  26.500 0.0000000000
130548  42.191  7.803  26.769 0.0000000000
88737  43.694  7.167  26.839 0.0000000000
87811  44.027  6.749  26.659 0.0000000000
87819  44.281  6.530  26.337 0.0000000000
86863  44.547  6.264  25.882 0.0000000000
86869  44.946  5.812  25.283 0.0000000000
137850  45.735  4.273  24.756 0.0000000000
84977  46.300  3.393  24.848 0.0000000000
100363  43.914  20.354  23.329 0.0000000000
140514  43.080  19.979  22.884 0.0000000000
97779  43.346  17.881  22.665 0.0000000000
98671  42.939  18.411  22.041 0.0000000000
98672  42.605  19.040  21.647 0.0000000000
99577  42.759  19.106  20.388 0.0000000000
98688  43.299  18.930  18.972 0.0000000000
98700  43.472  19.218  18.277 0.0000000000
98713  44.362  18.698  17.402 0.0000000000
98698  44.942  18.130  18.016 0.0000000000
98697  45.969  17.943  17.926 0.0000000000
98696  47.030  17.967  17.947 0.0000000000
97808  46.714  17.557  19.438 0.0000000000
97822  47.402  17.756  18.714 0.0000000000
98710  47.588  18.248  17.094 0.0000000000
155764  49.196  18.470  17.169 0.0000000000
98694  49.975  18.647  17.117 0.0000000000
98708  50.709  19.044  16.099 0.0000000000
93107  52.819  13.430  33.773 0.0000000000
94076  53.643  13.836  34.352 0.0000000000
94106  52.992  13.150  32.918 0.0000000000
93140  53.749  13.307  31.932 0.0000000000
131840  53.960  13.025  31.130 0.0000000000
93182  52.792  12.409  28.921 0.0000000000
93171  53.173  12.429  29.648 0.0000000000
93170  54.017  12.622  29.662 0.0000000000
93179  54.398  12.771  29.198 0.0000000000
94133  54.772  12.981  28.630 0.0000000000
94137  55.210  12.577  27.274 0.0000000000
87863  54.720  6.431  19.145 0.0000000000
88784  54.851  7.541  19.931 0.0000000000
88791  55.010  7.226  19.426 0.0000000000
137379  55.312  7.798  19.400 0.0000000000
89673  55.606  8.560  19.729 0.0000000000
89699  54.810  7.940  17.737 0.0000000000
90545  55.402  9.100  18.691 0.0000000000
138504  55.956  9.946  19.469 0.0000000000
149344  56.055  10.742  19.647 0.0000000000
92300  55.732  11.520  19.472 0.0000000000
151614  55.482  12.255  19.416 0.0000000000
93250  54.681  12.590  19.240 0.0000000000
93251  53.076  12.259  19.417 0.0000000000
90533  52.604  9.599  19.298 0.0000000000
91407  52.562  10.534  19.589 0.0000000000
92303  52.108  11.476  19.591 0.0000000000
92304  51.039  11.481  19.425 0.0000000000
92305  50.089  11.071  19.310 0.0000000000
90536  49.238  9.318  19.513 0.0000000000
88803  48.931  7.223  18.497 0.0000000000
139475  48.104  7.278  18.957 0.0000000000
150712  47.527  6.836  18.587 0.0000000000
93114  42.210  12.816  34.145 0.0000000000
92171  41.850  11.154  34.608 0.0000000000
138320  42.341  10.086  33.770 0.0000000000
91307  42.017  9.975  32.960 0.0000000000
90445  40.537  9.638  32.734 0.0000000000
90444  41.221  9.927  32.407 0.0000000000
91317  40.978  10.214  31.473 0.0000000000
91332  40.336  10.687  29.490 0.0000000000
91336  40.536  10.831  28.554 0.0000000000
99556  45.479  19.651  24.649 0.0000000000
98660  44.668  18.032  25.192 0.0000000000
97766  45.942  17.871  26.042 0.0000000000
97767  45.131  17.423  25.545 0.0000000000
96852  44.843  16.799  25.152 0.0000000000
95944  45.690  15.675  24.947 0.0000000000
95958  46.084  15.587  24.191 0.0000000000
95088  47.896  14.812  23.908 0.0000000000
90484  48.919  9.679  23.724 0.0000000000
91370  49.867  10.044  23.505 0.0000000000
90498  49.368  9.439  23.161 0.0000000000
136082  49.743  8.339  21.916 0.0000000000
88777  50.777  7.769  21.413 0.0000000000
87851  51.235  6.511  21.422 0.0000000000
88776  51.682  7.310  21.158 0.0000000000
87850  52.199  6.549  20.989 0.0000000000
87848  53.287  6.012  20.302 0.0000000000
86903  53.387  5.770  20.027 0.0000000000
85964  48.867  4.339  19.730 0.0000000000
85963  49.999  4.428  19.554 0.0000000000
85962  51.057  4.479  19.697 0.0000000000
146369  50.577  5.017  17.727 0.0000000000
85972  51.300  4.858  18.625 0.0000000000
85961  52.012  4.763  19.672 0.0000000000
85960  52.889  5.131  19.426 0.0000000000
85959  53.571  5.409  18.949 0.0000000000
86909  53.866  5.642  19.193 0.0000000000
86926  54.140  5.776  17.653 0.0000000000
86938  53.928  6.074  16.395 0.0000000000
87893  53.634  6.520  15.537 0.0000000000
86961  52.692  6.563  13.894 0.0000000000
86960  53.065  6.771  14.146 0.0000000000
87900  53.304  6.767  14.664 0.0000000000
131528  53.006  7.647  14.136 0.0000000000
88838  52.518  8.023  14.096 0.0000000000
130407  51.773  8.198  13.676 0.0000000000
88840  50.349  7.882  14.182 0.0000000000
88857  49.054  7.836  12.755 0.0000000000
98567  51.651  18.857  34.570 0.0000000000
97655  51.419  18.144  35.151 0.0000000000
155735  52.014  16.303  36.220 0.0000000000
94954  51.954  14.800  35.973 0.0000000000
96777  47.237  16.784  33.782 0.0000000000
96771  47.654  16.284  34.547 0.0000000000
96762  49.049  16.143  35.191 0.0000000000
94968  48.134  13.893  34.869 0.0000000000
94967  48.872  14.324  35.145 0.0000000000
95863  49.248  15.527  35.440 0.0000000000
94955  50.770  14.851  35.628 0.0000000000
94965  51.149  14.352  35.305 0.0000000000
94077  52.669  13.751  34.666 0.0000000000
138872  51.692  12.929  32.877 0.0000000000
93143  51.341  12.519  31.784 0.0000000000
129595  50.694  12.367  30.903 0.0000000000
129594  49.552  12.384  30.873 0.0000000000
129589  49.781  12.493  29.205 0.0000000000
93183  50.497  12.498  28.708 0.0000000000
93193  49.720  12.529  27.375 0.0000000000
93201  49.271  12.428  26.426 0.0000000000
146746  49.048  10.641  24.428 0.0000000000
92170  42.838  11.365  34.526 0.0000000000
91293  43.659  10.732  33.825 0.0000000000
91304  44.195  10.963  33.318 0.0000000000
136607  43.086  11.050  31.078 0.0000000000
92207  43.680  11.077  31.626 0.0000000000
92206  44.523  11.378  31.854 0.0000000000
92214  45.151  11.889  31.147 0.0000000000
93176  45.577  12.501  29.379 0.0000000000
90469  42.630  9.936  26.487 0.0000000000
132700  42.942  10.714  26.709 0.0000000000
92233  42.960  11.432  27.295 0.0000000000
143071  44.421  8.902  26.401 0.0000000000
91339  43.682  10.964  26.634 0.0000000000
129485  43.913  11.853  27.331 0.0000000000
93187  44.804  12.375  27.813 0.0000000000
148751  45.375  12.535  28.510 0.0000000000
132541  46.094  12.566  28.621 0.0000000000
93195  46.512  12.506  27.813 0.0000000000
93203  46.989  12.453  27.053 0.0000000000
148877  47.445  12.225  26.299 0.0000000000
155206  46.781  10.161  25.330 0.0000000000
91343  47.215  10.455  25.164 0.0000000000
152965  47.690  11.945  25.764 0.0000000000
92239  47.935  11.433  25.263 0.0000000000
153270  48.388  10.217  24.513 0.0000000000
91348  48.599  9.906  24.176 0.0000000000
89644  48.258  8.521  23.267 0.0000000000
87844  48.439  7.158  22.541 0.0000000000
86889  48.759  6.212  22.607 0.0000000000
86881  48.266  5.815  23.034 0.0000000000
86888  49.293  5.109  23.038 0.0000000000
85938  50.150  4.415  22.854 0.0000000000
84985  50.230  3.446  22.789 0.0000000000
84030  49.419  2.633  22.364 0.0000000000
85006  49.049  3.087  21.670 0.0000000000
84983  47.241  3.107  24.696 0.0000000000
84002  47.674  2.149  24.553 0.0000000000
83070  46.259  1.361  23.249 0.0000000000
83069  47.401  1.471  23.506 0.0000000000
83054  48.299  1.776  23.508 0.0000000000
147521  48.213  2.066  22.606 0.0000000000
85007  47.769  3.313  21.465 0.0000000000
94992  41.901  14.491  32.789 0.0000000000
94107  41.312  13.741  32.632 0.0000000000
93129  40.982  12.932  32.988 0.0000000000
92182  40.290  11.436  34.320 0.0000000000
94109  39.802  13.222  31.876 0.0000000000
93117  39.798  11.912  33.391 0.0000000000
92183  39.349  11.256  34.022 0.0000000000
92174  39.033  10.678  34.331 0.0000000000
93133  37.558  12.159  31.821 0.0000000000
92185  37.414  10.993  33.170 0.0000000000
91286  37.885  9.759  34.238 0.0000000000
102695  40.207  23.855  19.508 0.0000000000
101945  41.817  22.821  19.021 0.0000000000
102703  40.931  23.067  18.417 0.0000000000
102704  40.249  23.442  18.087 0.0000000000
101995  43.057  22.189  12.799 0.0000000000
102005  43.430  22.084  11.659 0.0000000000
101206  44.498  21.641  13.767 0.0000000000
101212  44.831  21.555  12.680 0.0000000000
101226  44.638  21.311  10.289 0.0000000000
99642  45.080  20.305  10.236 0.0000000000
99635  45.087  19.699  10.496 0.0000000000
98774  45.725  18.771  11.133 0.0000000000
98727  44.613  18.949  16.368 0.0000000000
99606  45.301  19.258  14.958 0.0000000000
99613  45.750  19.355  14.030 0.0000000000
98737  46.719  18.609  14.604 0.0000000000
98750  46.411  18.826  14.052 0.0000000000
98758  46.638  18.956  13.047 0.0000000000
99626  46.658  19.008  12.067 0.0000000000
98773  46.705  18.241  11.480 0.0000000000
97870  46.389  17.445  11.905 0.0000000000
96966  46.071  16.894  13.160 0.0000000000
139262  47.978  16.762  14.398 0.0000000000
98590  52.253  19.694  32.516 0.0000000000
98609  51.165  18.985  30.027 0.0000000000
98610  50.224  18.575  29.419 0.0000000000
97718  49.341  18.054  29.210 0.0000000000
95887  54.014  14.868  34.093 0.0000000000
95888  53.407  15.648  33.733 0.0000000000
95889  52.309  15.740  32.822 0.0000000000
95000  53.175  14.677  31.834 0.0000000000
94990  51.948  15.160  31.946 0.0000000000
95903  51.002  15.509  32.009 0.0000000000
96813  49.264  15.864  30.908 0.0000000000
96814  48.722  16.026  30.218 0.0000000000
96838  48.165  16.651  29.005 0.0000000000
95923  48.068  15.684  28.999 0.0000000000
95930  47.779  15.289  28.361 0.0000000000
95036  47.665  14.943  27.698 0.0000000000
95043  49.507  14.369  27.368 0.0000000000
129580  48.626  14.412  26.979 0.0000000000
95050  48.032  14.461  26.244 0.0000000000
132682  48.300  14.405  25.358 0.0000000000
95070  48.485  14.496  24.474 0.0000000000
95087  48.695  14.676  23.668 0.0000000000
91355  50.531  10.612  24.009 0.0000000000
92254  52.496  11.220  24.918 0.0000000000
91368  52.305  10.401  23.459 0.0000000000
91353  53.053  10.771  24.241 0.0000000000
92246  54.127  11.628  26.003 0.0000000000
92235  55.049  12.073  26.649 0.0000000000
146415  55.457  12.713  26.593 0.0000000000
89658  54.933  8.438  20.949 0.0000000000
90505  55.133  9.686  22.125 0.0000000000
91380  55.396  10.308  22.545 0.0000000000
91379  56.028  10.478  22.097 0.0000000000
91365  55.653  10.777  22.867 0.0000000000
92265  55.576  11.206  23.537 0.0000000000
131040  55.560  11.629  24.380 0.0000000000
94141  55.496  12.962  25.836 0.0000000000
94139  54.675  13.697  26.449 0.0000000000
94143  54.060  14.060  25.721 0.0000000000
95054  52.536  14.154  25.274 0.0000000000
95067  51.680  14.093  24.628 0.0000000000
95083  53.336  14.146  23.093 0.0000000000
95085  51.952  14.128  23.831 0.0000000000
95068  50.790  14.169  24.259 0.0000000000
143978  50.291  14.409  23.488 0.0000000000
95099  49.821  14.758  22.794 0.0000000000
95100  48.983  14.918  22.904 0.0000000000
95996  48.989  15.877  21.466 0.0000000000
96886  49.549  16.265  20.764 0.0000000000
135257  50.090  16.592  20.279 0.0000000000
96884  51.833  16.644  19.853 0.0000000000
135537  51.138  17.056  19.528 0.0000000000
97804  50.940  17.625  18.859 0.0000000000
97819  51.261  18.230  17.919 0.0000000000
97832  51.505  18.592  17.042 0.0000000000
97831  52.041  18.503  16.261 0.0000000000
94202  54.986  14.377  18.769 0.0000000000
95131  54.389  14.904  18.126 0.0000000000
96045  54.328  15.571  17.873 0.0000000000
95139  53.655  15.222  17.169 0.0000000000
96915  53.869  16.211  17.255 0.0000000000
141721  53.553  16.397  16.331 0.0000000000
97837  52.489  17.817  15.761 0.0000000000
97838  52.005  18.289  15.271 0.0000000000
153255  51.641  17.595  14.835 0.0000000000
96929  51.326  16.558  15.284 0.0000000000
96060  50.319  15.932  16.401 0.0000000000
94218  50.898  13.998  15.602 0.0000000000
95149  50.275  14.507  16.415 0.0000000000
88841  49.040  7.446  14.888 0.0000000000
87908  48.123  7.139  14.864 0.0000000000
84005  50.032  3.054  22.833 0.0000000000
84006  49.115  2.438  23.391 0.0000000000
84017  49.558  2.619  22.827 0.0000000000
84019  47.897  1.768  22.912 0.0000000000
84029  50.079  3.037  22.397 0.0000000000
84032  47.244  2.616  22.149 0.0000000000
84986  49.797  3.170  23.307 0.0000000000
85003  51.627  4.594  20.960 0.0000000000
85014  50.630  3.719  21.329 0.0000000000
85015  49.693  3.469  21.251 0.0000000000
85923  50.171  3.739  23.043 0.0000000000
85925  48.748  4.218  23.773 0.0000000000
85951  53.178  5.381  19.626 0.0000000000
85971  52.491  5.073  18.800 0.0000000000
86902  54.113  5.992  19.458 0.0000000000
86915  54.427  5.920  18.884 0.0000000000
86916  54.102  5.677  18.560 0.0000000000
86925  54.492  5.969  18.194 0.0000000000
86937  54.428  6.146  17.295 0.0000000000
86949  52.990  6.296  14.868 0.0000000000
87823  45.724  7.102  25.116 0.0000000000
87849  52.996  6.678  20.552 0.0000000000
87857  54.535  6.717  19.583 0.0000000000
87858  53.960  6.315  19.889 0.0000000000
87869  55.129  6.835  18.923 0.0000000000
87892  54.159  6.478  16.327 0.0000000000
87899  53.700  6.868  15.434 0.0000000000
87901  48.223  6.903  15.829 0.0000000000
87906  52.747  6.907  13.418 0.0000000000
87915  52.671  7.241  13.216 0.0000000000
88746  44.598  7.108  26.329 0.0000000000
88748  46.342  8.086  24.949 0.0000000000
88783  55.309  8.037  19.936 0.0000000000
88795  46.931  7.924  19.278 0.0000000000
88799  55.291  7.423  18.838 0.0000000000
88801  50.539  7.809  18.801 0.0000000000
88814  53.992  7.250  16.082 0.0000000000
88815  53.470  7.609  16.287 0.0000000000
88846  52.998  7.241  13.676 0.0000000000
88854  52.040  7.707  12.621 0.0000000000
89634  47.894  8.930  23.845 0.0000000000
89635  47.374  8.741  24.258 0.0000000000
89643  49.001  8.806  22.751 0.0000000000
89675  52.079  8.947  19.190 0.0000000000
89685  55.439  8.350  18.915 0.0000000000
89686  55.124  8.547  18.298 0.0000000000
90423  40.027  9.718  34.077 0.0000000000
90433  41.140  9.755  33.290 0.0000000000
90435  39.594  9.402  33.764 0.0000000000
90464  40.080  10.200  27.771 0.0000000000
90486  47.708  9.148  24.232 0.0000000000
90495  52.728  9.968  22.779 0.0000000000
90499  48.547  9.129  23.510 0.0000000000
90507  52.051  9.599  22.284 0.0000000000
90509  49.952  9.159  22.387 0.0000000000
90514  56.022  9.240  20.864 0.0000000000
90515  55.660  9.345  21.547 0.0000000000
90516  54.870  8.987  21.530 0.0000000000
90523  55.978  9.243  20.055 0.0000000000
90531  55.740  9.184  19.250 0.0000000000
90537  48.555  9.367  19.438 0.0000000000
91280  43.182  10.689  34.196 0.0000000000
91284  39.228  10.114  34.474 0.0000000000
91297  37.671  10.391  33.875 0.0000000000
91305  43.542  10.494  33.232 0.0000000000
91324  43.051  10.695  31.765 0.0000000000
91331  41.901  11.202  30.282 0.0000000000
91344  46.568  10.881  25.600 0.0000000000
91349  47.891  10.312  24.799 0.0000000000
91366  55.051  10.754  23.393 0.0000000000
91381  54.530  10.235  22.771 0.0000000000
91406  53.789  10.818  19.416 0.0000000000
91409  50.583  10.680  19.516 0.0000000000
91411  48.930  10.009  19.363 0.0000000000
92169  43.585  11.122  34.282 0.0000000000
92173  39.847  10.696  34.485 0.0000000000
92189  46.230  12.284  33.061 0.0000000000
92190  45.451  11.772  32.840 0.0000000000
92192  44.012  10.866  32.565 0.0000000000
92215  44.309  11.701  30.870 0.0000000000
92220  44.941  12.238  30.120 0.0000000000
92229  54.095  12.193  27.456 0.0000000000
92231  45.413  12.052  26.930 0.0000000000
92236  54.471  11.980  26.769 0.0000000000
92240  47.219  11.508  25.617 0.0000000000
92241  45.958  11.531  26.215 0.0000000000
92244  55.394  12.051  26.157 0.0000000000
92250  48.581  11.044  24.801 0.0000000000
92252  55.587  11.915  25.356 0.0000000000
92311  50.389  11.838  18.855 0.0000000000
92332  49.952  12.133  15.799 0.0000000000
92333  49.270  11.714  16.002 0.0000000000
93095  45.596  12.360  33.998 0.0000000000
93098  42.846  12.426  34.533 0.0000000000
93099  42.031  12.073  34.515 0.0000000000
93100  41.155  11.824  34.449 0.0000000000
93108  50.494  13.040  33.150 0.0000000000
93112  46.685  12.668  33.614 0.0000000000
93113  46.048  12.412  33.641 0.0000000000
93116  40.637  12.249  33.699 0.0000000000
93122  53.728  13.566  32.721 0.0000000000
93123  53.207  12.908  32.138 0.0000000000
93128  46.902  12.384  32.377 0.0000000000
93141  53.437  12.742  31.364 0.0000000000
93161  53.567  12.605  30.484 0.0000000000
93169  54.100  12.864  30.401 0.0000000000
93180  54.180  12.578  28.849 0.0000000000
93181  53.655  12.449  29.037 0.0000000000
93191  52.637  12.401  28.091 0.0000000000
93197  55.295  12.293  26.705 0.0000000000
93198  53.174  12.251  27.348 0.0000000000
93200  50.711  12.460  27.013 0.0000000000
93205  55.563  12.312  26.036 0.0000000000
93230  56.005  11.937  22.315 0.0000000000
93236  56.146  11.980  21.081 0.0000000000
93242  56.092  12.138  20.096 0.0000000000
93249  55.431  13.009  19.367 0.0000000000
93261  51.549  12.756  18.732 0.0000000000
93285  51.532  13.439  15.553 0.0000000000
93286  50.705  12.817  15.650 0.0000000000
93287  49.790  12.413  15.670 0.0000000000
93288  49.154  12.173  15.607 0.0000000000
94074  47.470  14.107  35.081 0.0000000000
94082  46.601  13.903  34.906 0.0000000000
94083  45.757  13.358  34.654 0.0000000000
94084  44.928  13.003  34.634 0.0000000000
94085  43.552  12.972  34.524 0.0000000000
94094  53.864  13.698  33.609 0.0000000000
94095  51.538  13.447  33.862 0.0000000000
94105  53.935  13.794  32.480 0.0000000000
94112  53.884  13.554  31.790 0.0000000000
94131  54.496  13.178  29.465 0.0000000000
94135  55.094  12.978  27.830 0.0000000000
94138  55.271  13.122  27.052 0.0000000000
94142  54.849  13.576  25.609 0.0000000000
94150  55.507  12.885  24.347 0.0000000000
94193  55.737  13.056  19.724 0.0000000000
94194  55.428  13.782  19.194 0.0000000000
94220  49.534  12.691  15.718 0.0000000000
94225  52.381  14.615  15.368 0.0000000000
94956  49.597  14.838  35.474 0.0000000000
94957  48.583  14.881  35.423 0.0000000000
94964  52.402  14.229  35.416 0.0000000000
94971  44.977  13.893  34.603 0.0000000000
94972  44.245  13.459  34.485 0.0000000000
94978  54.182  14.235  34.137 0.0000000000
94998  53.981  13.653  31.673 0.0000000000
95001  50.694  14.960  31.317 0.0000000000
95013  54.005  13.708  30.669 0.0000000000
95016  50.465  14.703  30.627 0.0000000000
95017  49.560  14.760  30.264 0.0000000000
95028  49.505  14.590  29.328 0.0000000000
95033  51.969  14.450  28.859 0.0000000000
95034  49.676  14.455  28.350 0.0000000000
95040  52.946  14.489  27.828 0.0000000000
95041  51.953  14.428  28.014 0.0000000000
95044  47.761  14.657  27.026 0.0000000000
95045  47.162  15.099  27.069 0.0000000000
95048  50.333  14.295  26.727 0.0000000000
95051  47.239  14.747  26.372 0.0000000000
95053  53.415  14.081  25.024 0.0000000000
95056  50.236  14.185  25.029 0.0000000000
95058  47.468  14.596  25.580 0.0000000000
95071  47.663  14.627  24.756 0.0000000000
95086  49.464  14.541  23.541 0.0000000000
95096  54.098  14.236  22.365 0.0000000000
95110  52.154  14.821  21.933 0.0000000000
95141  50.140  15.249  16.767 0.0000000000
95861  52.482  15.628  36.238 0.0000000000
95862  50.332  15.502  35.719 0.0000000000
95865  46.950  15.016  35.065 0.0000000000
95868  53.163  15.045  35.808 0.0000000000
95904  50.132  15.242  31.410 0.0000000000
95914  49.524  15.120  30.902 0.0000000000
95932  47.290  15.563  27.679 0.0000000000
95936  45.701  16.426  26.114 0.0000000000
95938  46.124  15.421  25.712 0.0000000000
95942  46.978  15.081  24.230 0.0000000000
95955  48.193  15.092  23.127 0.0000000000
95956  47.410  15.299  23.367 0.0000000000
95973  49.379  15.285  22.160 0.0000000000
95975  47.605  15.862  22.125 0.0000000000
95976  47.082  15.745  22.710 0.0000000000
95992  52.655  15.394  21.091 0.0000000000
95994  50.733  15.520  21.356 0.0000000000
95997  48.126  16.122  21.477 0.0000000000
96014  54.170  15.543  19.983 0.0000000000
96059  53.564  15.673  16.394 0.0000000000
96073  53.012  15.307  15.497 0.0000000000
96759  52.807  16.507  36.060 0.0000000000
96760  51.077  16.354  35.891 0.0000000000
96766  53.426  16.136  35.515 0.0000000000
96772  46.817  16.139  34.308 0.0000000000
96790  45.199  16.754  32.832 0.0000000000
96802  50.434  16.079  32.008 0.0000000000
96803  49.769  15.708  31.387 0.0000000000
96826  48.371  16.116  29.555 0.0000000000
96839  47.575  16.223  28.307 0.0000000000
96848  46.141  16.744  26.597 0.0000000000
96851  45.299  16.628  25.612 0.0000000000
96855  45.151  16.243  25.002 0.0000000000
96859  45.233  16.116  24.129 0.0000000000
96885  50.827  16.600  20.148 0.0000000000
96897  50.363  17.060  19.662 0.0000000000
96898  49.426  16.902  20.016 0.0000000000
96907  53.424  16.940  18.058 0.0000000000
96916  53.393  17.024  16.900 0.0000000000
96927  53.319  16.084  15.564 0.0000000000
96928  53.141  17.016  15.781 0.0000000000
96941  52.922  16.407  15.178 0.0000000000
96965  46.945  17.170  12.877 0.0000000000
96973  46.315  17.174  12.523 0.0000000000
97651  52.027  17.309  35.790 0.0000000000
97658  48.053  16.855  34.135 0.0000000000
97663  52.662  18.425  34.322 0.0000000000
97665  48.796  17.874  33.562 0.0000000000
97706  48.793  17.126  29.740 0.0000000000
97764  46.302  17.455  26.485 0.0000000000
97771  44.101  17.280  24.177 0.0000000000
97772  43.503  18.540  23.819 0.0000000000
97774  43.858  17.365  23.320 0.0000000000
97775  43.373  18.035  23.347 0.0000000000
97777  44.970  16.844  22.173 0.0000000000
97778  44.065  17.295  22.400 0.0000000000
97781  45.941  17.189  20.686 0.0000000000
97783  44.450  17.350  21.554 0.0000000000
97795  46.173  17.449  19.969 0.0000000000
97803  51.702  17.793  18.362 0.0000000000
97805  49.865  17.577  19.036 0.0000000000
97824  45.574  17.829  18.583 0.0000000000
97844  52.430  17.353  15.205 0.0000000000
97845  51.840  17.906  14.822 0.0000000000
97853  50.012  18.256  13.832 0.0000000000
97861  48.359  17.701  12.391 0.0000000000
97862  47.762  17.409  12.571 0.0000000000
97868  48.545  17.942  12.272 0.0000000000
97876  47.521  17.930  11.721 0.0000000000
97877  46.831  17.758  11.638 0.0000000000
97878  46.090  17.834  11.440 0.0000000000
97879  45.227  18.049  11.333 0.0000000000
98568  50.635  18.738  34.258 0.0000000000
98572  52.340  19.197  34.064 0.0000000000
98573  51.481  19.476  33.877 0.0000000000
98579  52.325  19.504  33.275 0.0000000000
98580  52.256  18.839  32.984 0.0000000000
98599  49.976  18.156  30.226 0.0000000000
98624  50.978  19.129  29.116 0.0000000000
98655  47.723  18.711  26.479 0.0000000000
98658  46.409  18.643  25.772 0.0000000000
98663  44.813  18.856  24.916 0.0000000000
98695  48.200  18.119  17.810 0.0000000000
98699  43.997  18.540  18.335 0.0000000000
98706  51.577  18.818  15.515 0.0000000000
98707  51.311  18.922  16.205 0.0000000000
98709  48.686  18.493  16.660 0.0000000000
98714  43.766  19.103  17.735 0.0000000000
98720  51.435  18.646  14.906 0.0000000000
98722  50.716  19.113  15.082 0.0000000000
98723  49.197  18.725  15.415 0.0000000000
98733  50.984  18.856  14.623 0.0000000000
98735  49.781  18.631  14.269 0.0000000000
98739  45.253  18.855  15.550 0.0000000000
98747  49.277  18.093  13.033 0.0000000000
98765  48.137  17.989  11.981 0.0000000000
99479  51.747  19.959  33.332 0.0000000000
99488  52.275  20.202  32.040 0.0000000000
99551  45.864  19.148  25.243 0.0000000000
99561  44.305  19.867  23.924 0.0000000000
99562  43.527  19.445  23.591 0.0000000000
99565  42.690  19.536  22.198 0.0000000000
99571  42.618  19.806  21.372 0.0000000000
99600  44.017  19.464  17.077 0.0000000000
99628  43.835  19.453  11.083 0.0000000000
99634  45.596  19.755  10.732 0.0000000000
99643  44.543  20.472  10.020 0.0000000000
99644  43.936  20.608  9.824 0.0000000000
100382  42.641  19.788  20.518 0.0000000000
100388  43.008  20.565  19.940 0.0000000000
100393  43.957  21.147  17.719 0.0000000000
100409  44.715  20.710  15.562 0.0000000000
100421  45.854  20.826  13.014 0.0000000000
100427  45.876  20.699  11.363 0.0000000000
100434  45.475  20.461  10.524 0.0000000000
100436  42.957  21.091  10.031 0.0000000000
100437  42.247  21.246  10.749 0.0000000000
100440  44.736  20.825  9.969 0.0000000000
100442  43.585  20.982  9.695 0.0000000000
100443  43.246  21.322  9.990 0.0000000000
101199  44.639  21.263  15.232 0.0000000000
101211  45.627  21.160  12.297 0.0000000000
101218  45.342  21.056  10.665 0.0000000000
101219  44.964  21.465  11.370 0.0000000000
101220  44.238  21.787  11.831 0.0000000000
101227  43.965  21.765  10.655 0.0000000000
101924  44.096  22.118  20.825 0.0000000000
101926  42.961  22.863  20.560 0.0000000000
101931  43.898  22.144  20.118 0.0000000000
101933  42.444  22.840  19.871 0.0000000000
101942  43.981  22.019  19.387 0.0000000000
101952  43.988  22.030  17.976 0.0000000000
101987  43.620  21.968  13.980 0.0000000000
101988  43.146  22.175  14.893 0.0000000000
102020  43.407  21.611  10.210 0.0000000000
102677  41.611  23.797  21.461 0.0000000000
102685  40.603  23.807  20.182 0.0000000000
129031  47.790  16.621  20.875 0.0000000000
129388  54.802  12.636  27.866 0.0000000000
129403  48.779  14.520  27.904 0.0000000000
129585  51.303  14.568  30.216 0.0000000000
129590  49.164  12.438  30.003 0.0000000000
129591  50.218  12.399  30.088 0.0000000000
129592  51.358  12.402  30.151 0.0000000000
129593  52.482  12.413  30.249 0.0000000000
130472  48.815  18.024  12.565 0.0000000000
131033  43.228  18.634  19.895 0.0000000000
131700  46.896  8.118  24.266 0.0000000000
131966  43.114  20.415  19.174 0.0000000000
132058  48.138  12.600  32.371 0.0000000000
132398  53.080  14.432  27.081 0.0000000000
132399  52.229  14.472  29.752 0.0000000000
132958  46.037  18.495  15.508 0.0000000000
133141  46.828  9.617  25.160 0.0000000000
133364  43.212  22.607  19.877 0.0000000000
134184  54.059  13.932  29.623 0.0000000000
135536  53.303  7.131  14.371 0.0000000000
135785  52.079  5.174  21.075 0.0000000000
135870  52.723  7.840  14.940 0.0000000000
136978  55.270  13.228  26.339 0.0000000000
137517  45.524  17.502  20.101 0.0000000000
137529  45.895  7.637  25.220 0.0000000000
137733  55.297  11.586  25.057 0.0000000000
138428  40.206  23.625  18.817 0.0000000000
138613  55.634  12.502  25.215 0.0000000000
138735  55.257  13.246  25.044 0.0000000000
138887  55.019  12.380  27.219 0.0000000000
139022  48.594  17.495  28.938 0.0000000000
139589  40.618  10.419  34.549 0.0000000000
139785  51.465  4.718  21.476 0.0000000000
139876  48.547  18.137  27.834 0.0000000000
140604  54.779  11.756  26.145 0.0000000000
141384  50.382  7.410  16.966 0.0000000000
141618  50.539  18.088  18.241 0.0000000000
141657  46.613  15.236  26.424 0.0000000000
142896  47.465  12.364  31.000 0.0000000000
143141  52.943  17.673  34.392 0.0000000000
144899  45.786  15.231  34.480 0.0000000000
145316  50.793  8.715  21.734 0.0000000000
145623  45.737  8.872  25.804 0.0000000000
145849  52.738  14.083  23.664 0.0000000000
148006  44.166  21.322  17.153 0.0000000000
148616  44.204  21.733  14.562 0.0000000000
148648  47.705  12.537  28.506 0.0000000000
148746  40.579  9.806  31.966 0.0000000000
148987  53.191  5.281  18.739 0.0000000000
149131  54.493  12.719  28.526 0.0000000000
149200  42.287  24.284  22.626 0.0000000000
149813  54.313  12.898  29.974 0.0000000000
149978  52.576  5.802  20.744 0.0000000000
150127  46.409  9.922  25.499 0.0000000000
150428  48.161  12.509  29.105 0.0000000000
150584  55.193  7.269  19.201 0.0000000000
150697  53.301  14.238  25.760 0.0000000000
150849  53.478  5.636  19.660 0.0000000000
151639  48.161  14.638  27.593 0.0000000000
151858  54.782  11.026  19.223 0.0000000000
151871  54.759  6.327  17.918 0.0000000000
152109  55.845  12.210  23.005 0.0000000000
152164  53.860  15.670  17.207 0.0000000000
152346  42.671  18.948  22.233 0.0000000000
152872  42.444  22.430  12.734 0.0000000000
152932  53.912  14.410  32.653 0.0000000000
152999  48.418  17.514  19.307 0.0000000000
153482  50.586  4.607  19.079 0.0000000000
153556  52.249  14.206  15.419 0.0000000000
153747  48.131  14.345  35.219 0.0000000000
153911  42.620  19.212  20.982 0.0000000000
154276  49.915  12.463  26.683 0.0000000000
154326  51.318  4.881  22.005 0.0000000000
154446  53.124  6.964  13.975 0.0000000000
154509  41.464  13.177  33.167 0.0000000000
154888  51.379  14.134  24.018 0.0000000000
154940  47.106  12.462  29.978 0.0000000000
155644  49.171  12.519  28.649 0.0000000000
