#!ascii label  , from subject sub-v1s17x0050260_ses-1 vox2ras=TkReg
2205
10415  35.695  -72.436  -5.458 0.2000000030
10403  35.735  -72.607  -4.810 0.2000000030
10414  36.357  -72.053  -5.891 0.2000000030
10404  35.013  -72.832  -4.982 0.2000000030
136477  37.309  -72.821  -7.091 0.1000000015
9690  36.387  -72.824  -4.438 0.3000000119
10402  36.484  -72.055  -5.090 0.2000000030
150109  35.755  -72.470  -6.164 0.1000000015
10432  35.038  -72.730  -5.946 0.2000000030
11184  37.149  -71.655  -5.679 0.1000000015
11206  37.071  -71.990  -6.411 0.1000000015
10429  38.762  -72.390  -7.010 0.1000000015
11203  40.146  -71.694  -6.850 0.1000000015
10442  38.245  -73.160  -7.552 0.1000000015
11948  40.715  -70.616  -7.240 0.1000000015
10441  39.039  -72.796  -7.690 0.1000000015
11219  40.006  -71.854  -7.485 0.1000000015
12774  40.782  -69.501  -7.567 0.2000000030
11949  40.179  -71.246  -7.672 0.1000000015
11181  39.858  -70.992  -5.151 0.1000000015
11906  41.578  -70.544  -4.628 0.1000000015
11183  38.092  -71.333  -5.481 0.2000000030
11204  39.212  -71.427  -6.107 0.1000000015
11205  37.919  -71.675  -6.260 0.1000000015
12757  41.155  -70.029  -6.881 0.1000000015
147984  41.266  -67.530  -7.197 0.2000000030
13547  41.402  -68.364  -6.676 0.2000000030
15220  40.861  -66.534  -7.326 0.1000000015
13561  41.161  -68.362  -7.403 0.2000000030
145330  40.321  -65.192  -7.732 0.2000000030
16082  40.808  -65.235  -8.008 0.1000000015
16966  39.615  -64.130  -8.613 0.1000000015
11917  41.375  -70.614  -5.374 0.1000000015
11916  41.874  -70.163  -4.745 0.1000000015
11932  41.153  -70.626  -6.350 0.1000000015
15236  39.303  -66.017  -7.286 0.2000000030
16084  38.527  -65.509  -7.527 0.2000000030
16967  38.436  -64.181  -8.342 0.2000000030
16953  39.178  -64.631  -7.937 0.2000000030
17920  39.085  -63.547  -8.899 0.1000000015
17919  39.654  -63.677  -9.320 0.2000000030
11931  41.562  -70.230  -5.602 0.1000000015
142363  42.095  -69.507  -4.669 0.1000000015
12739  41.518  -69.863  -6.224 0.1000000015
14349  41.578  -68.403  -5.989 0.2000000030
133885  39.633  -67.353  -5.790 0.2000000030
15221  39.768  -66.789  -6.653 0.3000000119
17921  37.747  -63.606  -8.742 0.3000000119
17934  38.511  -63.064  -9.264 0.2000000030
18927  39.003  -62.729  -9.880 0.2000000030
16984  39.560  -63.152  -10.329 0.2000000030
15222  38.315  -66.861  -6.596 0.3000000119
14350  41.283  -67.756  -6.324 0.2000000030
17922  36.260  -63.591  -8.712 0.3000000119
17936  35.978  -62.807  -9.284 0.3000000119
19870  36.035  -61.579  -10.000 0.3000000119
18928  36.825  -62.246  -9.813 0.3000000119
135375  37.979  -62.571  -9.641 0.2000000030
17932  39.588  -63.001  -10.163 0.2000000030
17961  39.507  -62.866  -10.695 0.2000000030
18929  35.079  -62.375  -9.208 0.4000000060
16968  35.681  -64.215  -8.199 0.3000000119
145633  38.051  -66.338  -7.128 0.2000000030
16954  37.785  -65.027  -7.828 0.2000000030
19883  37.113  -61.474  -10.452 0.3000000119
18942  38.270  -62.047  -10.303 0.2000000030
137466  38.224  -61.377  -10.843 0.2000000030
19882  39.073  -61.756  -11.063 0.2000000030
20878  34.667  -60.799  -9.339 0.3000000119
149372  35.745  -62.156  -9.622 0.3000000119
143304  36.626  -60.229  -10.865 0.2000000030
20903  38.783  -60.499  -11.985 0.2000000030
20904  37.458  -59.840  -11.553 0.2000000030
21991  38.838  -60.300  -12.720 0.1000000015
20892  38.774  -61.139  -11.383 0.2000000030
19906  39.064  -60.926  -12.447 0.2000000030
19894  39.218  -61.391  -11.792 0.2000000030
18954  39.317  -62.286  -11.342 0.2000000030
150095  35.186  -60.277  -9.758 0.3000000119
20894  35.813  -60.236  -10.326 0.3000000119
20877  35.450  -60.947  -9.983 0.3000000119
23008  36.227  -58.410  -9.861 0.2000000030
21978  36.413  -59.468  -10.690 0.3000000119
23029  36.661  -58.665  -10.688 0.2000000030
19884  36.326  -60.898  -10.511 0.3000000119
21993  37.355  -58.905  -11.607 0.1000000015
133384  38.327  -58.873  -13.370 0.1000000015
23045  38.200  -58.445  -12.683 0.1000000015
24040  38.416  -57.586  -12.827 0.1000000015
22004  38.426  -59.713  -13.302 0.1000000015
21934  35.064  -59.273  -9.159 0.3000000119
23009  35.555  -58.807  -9.456 0.2000000030
24007  36.582  -57.754  -9.537 0.2000000030
25018  38.037  -56.844  -9.821 0.2000000030
25017  39.048  -56.552  -10.299 0.1000000015
134126  37.357  -57.366  -10.166 0.1000000015
24023  37.773  -57.513  -11.349 0.1000000015
23028  37.507  -58.158  -11.579 0.1000000015
23056  38.334  -58.103  -13.636 0.1000000015
23065  37.948  -57.740  -13.987 0.1000000015
22988  35.877  -58.180  -9.037 0.2000000030
25031  40.094  -56.122  -11.875 0.1000000015
25033  38.936  -56.553  -11.313 0.1000000015
25032  39.487  -56.046  -12.952 0.1000000015
25047  38.635  -56.836  -12.197 0.1000000015
25057  38.998  -55.902  -13.664 0.1000000015
140766  38.476  -56.481  -13.753 0.1000000015
24039  38.767  -56.633  -13.455 0.1000000015
25045  40.985  -55.733  -11.961 0.1000000015
26062  38.888  -55.371  -13.681 0.1000000015
25068  37.965  -56.433  -13.865 0.1000000015
144604  41.172  -56.258  -11.593 0.1000000015
11218  40.531  -71.300  -6.964 0.1000000015
15234  41.049  -65.870  -7.888 0.1000000015
16813  34.401  -64.054  7.054 0.5000000000
15943  33.179  -65.264  7.742 0.5000000000
16814  33.521  -64.167  7.686 0.5000000000
141884  33.137  -63.386  7.807 0.5000000000
141016  32.631  -62.889  8.186 0.5000000000
149652  32.069  -67.687  7.837 0.2000000030
14215  32.929  -67.372  7.355 0.2000000030
15079  32.390  -66.678  7.812 0.3000000119
142942  32.683  -65.853  7.934 0.5000000000
15930  32.610  -64.966  8.306 0.5000000000
16803  32.592  -63.903  8.572 0.5000000000
17716  32.338  -63.274  8.958 0.5000000000
18706  32.354  -62.672  9.368 0.5000000000
17730  33.019  -62.795  7.397 0.5000000000
136389  32.099  -61.772  9.092 0.5000000000
17741  33.954  -63.120  6.313 0.5000000000
16853  34.178  -64.269  4.854 0.5000000000
130255  31.530  -66.245  8.966 0.3000000119
15931  31.925  -65.527  8.816 0.3000000119
141723  32.477  -61.978  9.808 0.5000000000
18722  32.253  -62.345  8.616 0.5000000000
18735  32.189  -62.293  7.777 0.5000000000
18749  32.484  -62.520  7.019 0.5000000000
14246  36.313  -67.922  2.888 0.4000000060
14243  35.902  -67.074  3.405 0.5000000000
15983  34.506  -65.128  4.395 0.5000000000
12632  37.363  -69.356  2.292 0.4000000060
14193  31.189  -67.064  9.126 0.3000000119
15921  31.560  -65.559  9.650 0.4000000060
150803  31.954  -64.848  9.656 0.4000000060
131747  32.225  -64.183  9.302 0.5000000000
18685  33.209  -63.215  11.147 0.5000000000
18686  32.585  -62.970  10.195 0.5000000000
19627  32.931  -62.125  10.589 0.5000000000
18684  34.207  -63.004  11.376 0.5000000000
19626  34.343  -61.805  11.048 0.5000000000
20623  33.456  -61.179  10.685 0.5000000000
19628  32.743  -61.318  10.218 0.5000000000
152646  31.787  -61.118  8.936 0.5000000000
17757  33.135  -63.042  5.975 0.6000000238
15113  34.527  -66.011  3.846 0.5000000000
16835  32.554  -63.741  5.325 0.5000000000
11846  37.735  -70.126  1.982 0.4000000060
144787  36.173  -68.712  2.389 0.5000000000
14161  30.820  -67.540  13.354 0.1000000015
15879  30.359  -65.715  13.227 0.1000000015
17631  30.655  -63.576  13.591 0.1000000015
147317  30.411  -66.326  12.599 0.1000000015
132701  30.386  -64.870  12.714 0.1000000015
17630  30.954  -63.281  13.211 0.1000000015
15889  30.342  -65.638  12.254 0.1000000015
16753  30.664  -64.222  12.534 0.1000000015
18645  31.338  -63.290  12.911 0.1000000015
15051  31.054  -66.401  9.750 0.2000000030
155006  30.531  -65.967  10.871 0.1000000015
17690  32.588  -63.862  10.693 0.5000000000
15908  31.210  -65.363  10.448 0.4000000060
140709  31.955  -64.597  10.742 0.4000000060
18662  34.062  -63.905  11.694 0.4000000060
18661  34.888  -63.852  11.615 0.5000000000
18683  35.094  -62.715  11.224 0.5000000000
150941  36.088  -62.542  10.902 0.5000000000
19625  35.200  -61.540  10.797 0.5000000000
147875  31.510  -61.812  7.669 0.5000000000
15984  33.389  -65.128  4.349 0.5000000000
15115  34.548  -66.718  3.293 0.5000000000
12633  36.485  -69.346  2.126 0.4000000060
10344  38.549  -72.445  1.190 0.5000000000
14140  32.128  -67.463  15.962 0.1000000015
14141  31.399  -67.351  15.356 0.1000000015
14148  30.912  -67.220  14.640 0.1000000015
15000  30.556  -66.356  14.221 0.1000000015
15009  30.510  -66.726  13.283 0.1000000015
16724  30.500  -64.304  14.170 0.1000000015
16723  30.801  -63.381  14.364 0.1000000015
148365  30.964  -65.601  15.234 0.1000000015
15860  30.709  -65.000  14.886 0.1000000015
18616  30.917  -63.013  13.751 0.1000000015
152679  36.870  -62.390  12.808 0.2000000030
19580  37.038  -61.664  12.788 0.2000000030
14188  30.609  -66.993  10.816 0.1000000015
135055  30.577  -64.929  11.783 0.1000000015
17648  31.664  -63.742  12.382 0.1000000015
18644  32.008  -63.174  12.822 0.1000000015
18624  35.332  -63.027  13.007 0.2000000030
16752  31.244  -64.274  11.918 0.2000000030
141810  32.631  -63.829  12.275 0.1000000015
17647  33.686  -64.057  12.267 0.2000000030
17627  35.969  -63.677  12.634 0.2000000030
18623  37.514  -62.531  12.732 0.2000000030
19599  37.841  -61.668  12.691 0.2000000030
16769  31.317  -64.866  11.028 0.2000000030
16750  33.006  -64.026  11.726 0.2000000030
17670  34.006  -64.162  11.945 0.3000000119
16766  36.064  -64.243  12.083 0.3000000119
145091  36.079  -64.113  11.802 0.4000000060
17688  35.698  -63.662  11.477 0.5000000000
17743  31.433  -62.754  6.435 0.5000000000
17687  36.534  -63.637  11.401 0.4000000060
16837  30.356  -63.886  5.123 0.5000000000
134892  30.851  -63.397  5.758 0.5000000000
18751  30.635  -62.201  6.615 0.5000000000
15985  32.268  -65.257  4.398 0.5000000000
16855  31.846  -64.571  4.834 0.5000000000
17758  32.002  -63.281  5.865 0.5000000000
20641  33.564  -60.223  10.227 0.5000000000
20622  34.365  -60.769  10.638 0.5000000000
137361  33.795  -66.533  3.328 0.5000000000
15992  32.618  -65.921  3.884 0.5000000000
19691  30.877  -61.667  7.200 0.5000000000
14247  35.360  -67.688  2.804 0.5000000000
16854  33.023  -64.331  4.794 0.5000000000
18750  31.527  -62.185  7.132 0.6000000238
15991  33.633  -65.881  3.848 0.5000000000
11099  38.008  -71.838  1.456 0.4000000060
142469  33.092  -66.125  16.575 0.1000000015
14990  31.768  -66.660  15.873 0.1000000015
15858  31.894  -65.214  16.158 0.1000000015
16705  32.277  -64.670  16.462 0.1000000015
18569  33.291  -62.507  17.186 0.1000000015
144979  31.492  -65.822  15.733 0.1000000015
15859  31.256  -65.005  15.538 0.1000000015
18604  31.622  -62.519  15.200 0.1000000015
18615  31.293  -62.573  14.318 0.1000000015
19572  31.882  -62.009  13.924 0.1000000015
129652  34.812  -61.127  13.428 0.1000000015
18626  32.968  -62.350  13.383 0.1000000015
20568  35.548  -60.754  13.206 0.2000000030
129741  36.272  -61.732  12.955 0.2000000030
18625  33.748  -62.742  13.208 0.1000000015
19581  35.467  -61.930  13.181 0.2000000030
17645  36.511  -63.956  12.344 0.3000000119
17644  37.465  -63.752  12.384 0.3000000119
19598  38.319  -62.686  12.704 0.2000000030
16748  37.082  -64.052  12.113 0.3000000119
139301  38.766  -63.357  12.502 0.2000000030
16745  38.809  -63.762  12.183 0.3000000119
17686  37.380  -63.723  11.441 0.4000000060
17685  38.221  -63.773  11.570 0.4000000060
20688  30.219  -60.702  6.399 0.5000000000
20687  30.596  -60.023  6.955 0.5000000000
19680  30.573  -60.901  7.156 0.5000000000
18682  37.081  -62.949  10.874 0.5000000000
22730  32.838  -58.418  7.054 0.5000000000
22728  34.725  -58.853  7.449 0.5000000000
22717  33.925  -58.823  7.991 0.5000000000
153267  32.332  -58.947  8.040 0.5000000000
21679  31.642  -59.834  8.351 0.6000000238
19624  36.034  -61.363  10.289 0.5000000000
19623  36.897  -61.995  10.288 0.5000000000
21675  35.486  -59.380  7.949 0.5000000000
21676  34.607  -59.215  8.360 0.5000000000
21693  33.256  -58.912  8.312 0.6000000238
19663  31.467  -60.738  8.412 0.5000000000
155322  32.418  -60.240  9.516 0.5000000000
145970  32.292  -59.691  8.999 0.5000000000
20658  31.879  -60.392  9.039 0.5000000000
10364  38.298  -73.112  0.512 0.4000000060
10345  37.695  -72.430  0.944 0.4000000060
11849  38.867  -71.419  1.664 0.4000000060
21548  34.679  -59.598  17.083 0.1000000015
135621  33.325  -61.201  16.738 0.1000000015
21559  33.743  -59.832  16.004 0.1000000015
16714  31.689  -64.363  15.966 0.1000000015
150916  32.292  -63.141  16.379 0.1000000015
19554  32.881  -61.139  16.108 0.1000000015
18603  32.102  -62.548  15.907 0.1000000015
20537  33.184  -60.532  15.444 0.1000000015
21570  33.825  -59.836  15.131 0.1000000015
19571  32.423  -61.435  14.322 0.1000000015
20551  34.143  -59.989  14.270 0.1000000015
20569  34.716  -60.298  13.673 0.1000000015
144898  37.358  -59.547  12.695 0.2000000030
20587  38.192  -60.446  12.555 0.2000000030
138009  38.724  -61.710  12.652 0.2000000030
17714  46.659  -63.152  8.401 0.2000000030
132817  39.191  -62.756  12.651 0.2000000030
17728  45.528  -63.114  7.446 0.2000000030
18717  44.906  -62.707  8.329 0.2000000030
18718  43.913  -62.388  8.707 0.2000000030
18699  43.712  -62.580  9.834 0.2000000030
18641  39.666  -63.334  12.430 0.2000000030
18747  43.885  -62.640  6.570 0.2000000030
18733  43.242  -62.113  7.160 0.2000000030
18734  42.356  -61.833  8.083 0.2000000030
18720  41.975  -62.038  9.096 0.2000000030
18700  42.632  -62.540  9.997 0.3000000119
18721  40.965  -61.928  9.254 0.2000000030
145182  40.843  -62.472  10.180 0.4000000060
19690  41.175  -60.985  6.400 0.2000000030
19675  41.494  -61.264  7.301 0.3000000119
19676  40.883  -61.191  7.861 0.3000000119
19658  40.570  -61.421  8.485 0.4000000060
18702  40.165  -62.149  9.798 0.4000000060
18703  39.330  -62.439  10.259 0.5000000000
18680  38.861  -63.253  11.094 0.4000000060
18681  37.933  -63.182  10.939 0.5000000000
21707  36.878  -59.139  6.277 0.5000000000
141068  38.227  -59.874  6.941 0.4000000060
20670  38.945  -60.245  7.387 0.4000000060
20669  39.828  -60.553  7.287 0.4000000060
20654  38.575  -60.624  8.248 0.4000000060
20655  37.739  -60.475  8.392 0.5000000000
19661  38.204  -61.027  8.979 0.5000000000
19641  38.689  -61.704  9.543 0.5000000000
18705  37.611  -62.416  10.418 0.5000000000
150182  37.630  -59.874  7.269 0.5000000000
21674  36.450  -59.778  7.868 0.5000000000
20657  35.958  -60.045  8.724 0.5000000000
21677  33.839  -59.169  8.736 0.5000000000
21656  33.683  -59.587  9.522 0.5000000000
20640  34.424  -60.022  9.992 0.5000000000
20621  35.218  -60.625  10.241 0.5000000000
22605  36.246  -57.751  16.826 0.1000000015
22596  35.745  -58.509  17.059 0.1000000015
22606  35.503  -58.148  16.369 0.1000000015
23613  36.532  -57.098  15.788 0.1000000015
22616  35.215  -58.276  15.582 0.1000000015
23614  35.796  -57.680  15.654 0.1000000015
23623  35.564  -57.980  15.000 0.1000000015
23622  36.287  -57.433  14.809 0.1000000015
22625  35.721  -58.243  14.153 0.1000000015
23640  36.563  -57.758  13.809 0.1000000015
137439  34.693  -59.600  14.015 0.1000000015
22640  37.098  -58.411  13.086 0.2000000030
22639  38.050  -57.995  13.022 0.2000000030
22658  37.816  -58.768  12.743 0.2000000030
141791  39.238  -60.585  12.526 0.2000000030
19597  39.647  -61.739  12.585 0.2000000030
18696  47.328  -62.616  9.032 0.1000000015
144796  46.527  -62.900  9.183 0.2000000030
147767  45.393  -62.766  9.004 0.2000000030
18698  44.857  -62.715  9.530 0.2000000030
18640  40.589  -63.157  12.435 0.2000000030
20666  47.265  -61.536  8.312 0.1000000015
19638  47.439  -62.249  9.710 0.1000000015
18697  47.008  -62.688  9.611 0.1000000015
18674  46.366  -62.650  10.742 0.1000000015
17681  45.676  -62.810  10.376 0.1000000015
18701  41.639  -62.500  10.073 0.2000000030
17664  39.397  -63.730  12.098 0.3000000119
17642  40.145  -63.539  12.199 0.2000000030
18676  43.401  -62.980  10.921 0.1000000015
18677  42.203  -63.042  10.968 0.1000000015
18678  41.229  -63.053  10.977 0.3000000119
17684  39.714  -63.540  11.627 0.2000000030
20637  37.319  -60.859  9.023 0.5000000000
19642  37.719  -61.611  9.739 0.5000000000
20638  36.586  -60.573  9.069 0.5000000000
20620  35.973  -60.601  9.578 0.5000000000
19643  36.776  -61.153  9.656 0.5000000000
20639  35.214  -60.017  9.473 0.5000000000
23599  37.250  -57.253  17.295 0.1000000015
24654  38.374  -55.641  16.657 0.1000000015
24655  37.485  -56.495  16.218 0.1000000015
24659  38.239  -56.006  15.885 0.1000000015
24658  39.056  -55.272  15.833 0.1000000015
23621  37.365  -56.664  15.184 0.1000000015
23620  37.967  -56.771  14.350 0.1000000015
24666  38.661  -56.101  15.192 0.1000000015
23638  38.552  -57.222  13.672 0.2000000030
22638  39.084  -57.847  13.154 0.2000000030
22656  39.522  -58.613  12.767 0.2000000030
21611  38.893  -59.521  12.547 0.2000000030
22655  40.703  -58.520  12.991 0.2000000030
21610  39.902  -59.520  12.558 0.2000000030
20586  40.250  -60.589  12.476 0.2000000030
19596  40.625  -61.865  12.490 0.2000000030
20653  46.163  -60.706  9.115 0.1000000015
20635  46.833  -61.004  10.064 0.1000000015
19607  46.773  -61.668  11.096 0.1000000015
18657  46.274  -62.370  11.199 0.1000000015
133932  44.401  -62.934  11.259 0.1000000015
19595  42.027  -62.200  12.328 0.1000000015
132686  41.254  -62.477  12.440 0.2000000030
18658  45.264  -62.341  11.593 0.1000000015
18659  44.006  -62.701  11.623 0.1000000015
17661  42.534  -63.054  11.554 0.1000000015
17682  41.539  -63.252  11.734 0.2000000030
17663  40.816  -63.467  12.107 0.2000000030
17641  40.905  -63.392  12.192 0.2000000030
26676  38.241  -54.474  16.927 0.1000000015
26675  38.543  -54.754  17.039 0.1000000015
27638  36.357  -53.712  16.238 0.1000000015
129346  38.712  -54.669  16.351 0.1000000015
138627  37.086  -54.058  16.005 0.1000000015
26684  38.576  -54.469  15.666 0.1000000015
24657  39.766  -55.015  15.177 0.1000000015
25688  39.140  -54.860  15.787 0.1000000015
140269  39.659  -55.561  15.017 0.1000000015
24672  40.254  -56.038  14.587 0.1000000015
23637  39.895  -56.898  13.886 0.1000000015
131368  41.014  -55.704  14.306 0.1000000015
23636  41.106  -56.834  13.905 0.1000000015
22637  40.275  -57.750  13.381 0.2000000030
22654  42.083  -58.271  13.328 0.2000000030
21609  41.074  -59.401  12.693 0.2000000030
21608  42.459  -59.167  12.938 0.2000000030
149902  42.185  -60.287  12.559 0.1000000015
139576  41.307  -60.439  12.503 0.2000000030
21704  43.409  -59.408  6.661 0.1000000015
21672  44.135  -59.911  8.798 0.1000000015
21671  45.108  -60.361  9.041 0.1000000015
20600  46.146  -60.927  11.422 0.1000000015
20585  42.586  -60.902  12.414 0.2000000030
138420  44.818  -60.107  10.082 0.1000000015
20619  45.764  -60.406  11.061 0.1000000015
142312  46.126  -61.677  11.528 0.1000000015
19609  44.540  -61.826  12.027 0.1000000015
18660  42.906  -62.934  11.739 0.1000000015
18638  42.430  -62.799  12.147 0.2000000030
27652  35.717  -53.223  15.653 0.1000000015
27655  36.449  -53.955  14.535 0.1000000015
26690  37.178  -54.332  14.265 0.1000000015
26693  39.704  -54.765  14.806 0.1000000015
25690  40.899  -55.366  14.223 0.1000000015
24663  41.523  -55.716  14.022 0.1000000015
23635  42.073  -56.647  13.835 0.2000000030
24679  42.428  -56.358  13.481 0.1000000015
23634  42.754  -56.620  13.474 0.1000000015
23654  42.994  -56.689  13.288 0.2000000030
22635  42.765  -57.219  13.593 0.2000000030
23653  43.463  -57.205  13.142 0.1000000015
22653  43.311  -57.919  13.358 0.2000000030
22715  41.527  -58.553  8.639 0.1000000015
22714  42.306  -59.000  8.945 0.1000000015
22702  41.765  -58.715  9.496 0.1000000015
22690  43.024  -58.517  11.337 0.1000000015
22673  43.836  -57.766  12.477 0.1000000015
22652  44.214  -58.014  12.771 0.1000000015
150154  44.072  -57.813  13.082 0.1000000015
21689  43.658  -59.677  7.740 0.1000000015
21673  43.149  -59.448  8.581 0.1000000015
21653  43.134  -59.414  9.779 0.1000000015
22701  42.464  -58.995  10.182 0.1000000015
21640  43.498  -59.146  10.980 0.1000000015
148989  44.472  -59.238  11.712 0.1000000015
20583  44.665  -59.690  12.310 0.1000000015
21606  44.192  -58.788  12.766 0.1000000015
148897  44.119  -59.612  10.575 0.1000000015
21639  44.975  -59.891  11.336 0.1000000015
20582  45.188  -60.113  12.014 0.1000000015
19592  44.778  -60.650  12.217 0.1000000015
19594  43.019  -61.687  12.245 0.1000000015
27656  35.640  -53.332  14.649 0.1000000015
26695  37.870  -54.562  13.808 0.1000000015
26700  38.594  -54.821  13.353 0.1000000015
134797  40.236  -55.287  13.164 0.1000000015
24681  40.937  -55.718  12.772 0.1000000015
24752  38.471  -56.537  8.180 0.1000000015
23713  38.880  -57.006  8.980 0.1000000015
23689  39.522  -57.226  10.396 0.1000000015
23673  39.988  -57.097  11.219 0.1000000015
24693  41.496  -56.298  12.519 0.1000000015
23721  39.686  -57.087  7.312 0.1000000015
23712  39.247  -57.088  8.109 0.1000000015
23699  40.208  -57.855  9.146 0.1000000015
130917  39.984  -57.691  9.974 0.1000000015
23687  41.441  -57.702  11.321 0.1000000015
152811  42.416  -57.306  12.009 0.1000000015
23720  40.385  -57.490  7.159 0.1000000015
22716  40.822  -58.130  8.417 0.1000000015
23688  40.683  -58.079  10.210 0.1000000015
22674  42.680  -57.775  11.744 0.1000000015
23652  44.014  -57.500  12.974 0.1000000015
25707  38.109  -55.143  12.217 0.1000000015
25722  37.145  -55.232  11.153 0.1000000015
25721  39.140  -55.553  12.245 0.1000000015
24696  38.225  -55.862  11.175 0.1000000015
25720  39.944  -55.807  12.346 0.1000000015
24760  37.955  -55.913  7.829 0.1000000015
142117  38.207  -56.556  8.983 0.1000000015
24737  37.703  -56.175  9.502 0.1000000015
24694  40.227  -56.433  11.925 0.1000000015
149818  38.452  -56.165  7.449 0.1000000015
23701  38.980  -57.037  9.806 0.1000000015
15065  32.101  -66.042  8.355 0.4000000060
19644  32.259  -61.036  9.564 0.5000000000
16795  32.081  -64.828  8.989 0.4000000060
17689  33.228  -63.882  11.555 0.4000000060
14171  30.644  -67.151  12.424 0.1000000015
18628  31.474  -62.775  13.462 0.1000000015
15909  30.865  -65.873  10.366 0.2000000030
17669  34.778  -64.297  11.959 0.4000000060
17668  35.452  -64.272  11.890 0.4000000060
142581  32.232  -66.010  16.272 0.1000000015
16715  30.964  -64.042  15.186 0.1000000015
135564  36.306  -62.841  12.870 0.3000000119
20588  37.251  -60.680  12.688 0.2000000030
18643  33.040  -63.251  12.844 0.2000000030
17628  35.083  -63.838  12.691 0.2000000030
17646  34.713  -64.276  12.250 0.2000000030
17626  36.899  -63.525  12.565 0.3000000119
16749  35.590  -64.175  12.302 0.3000000119
17666  37.688  -64.049  11.910 0.3000000119
19692  30.264  -61.503  6.582 0.5000000000
15849  32.637  -65.332  16.598 0.1000000015
17593  32.917  -63.395  16.982 0.1000000015
19537  33.000  -61.809  16.682 0.1000000015
17606  31.676  -63.355  15.773 0.1000000015
19556  31.898  -61.903  14.678 0.1000000015
150213  32.079  -61.998  15.398 0.1000000015
20570  33.972  -60.890  13.790 0.1000000015
130391  33.429  -61.735  13.595 0.1000000015
19582  34.458  -62.060  13.326 0.1000000015
131287  35.988  -59.897  13.065 0.1000000015
20567  36.436  -60.773  12.866 0.2000000030
17643  38.188  -63.631  12.398 0.3000000119
143963  38.948  -63.774  11.769 0.4000000060
22731  31.866  -58.622  6.856 0.5000000000
22747  32.563  -58.386  6.086 0.5000000000
21692  36.108  -59.163  7.058 0.5000000000
20527  33.996  -60.014  16.805 0.1000000015
21558  34.388  -59.354  16.423 0.1000000015
20528  33.429  -60.543  16.388 0.1000000015
21569  34.294  -59.262  15.662 0.1000000015
20552  33.455  -60.461  14.506 0.1000000015
21581  34.515  -59.254  14.771 0.1000000015
22626  35.106  -58.559  14.835 0.1000000015
21591  36.480  -59.212  12.996 0.1000000015
22657  38.550  -58.659  12.718 0.2000000030
17715  45.922  -63.005  8.517 0.2000000030
17739  46.184  -63.479  6.924 0.2000000030
18732  44.069  -62.456  7.550 0.2000000030
139822  43.198  -62.080  7.993 0.2000000030
18719  42.931  -62.195  8.958 0.2000000030
130394  44.634  -62.886  10.628 0.1000000015
19674  42.401  -61.692  7.071 0.2000000030
154885  41.908  -61.566  7.682 0.2000000030
19657  41.437  -61.584  8.252 0.3000000119
18679  40.226  -62.939  10.806 0.4000000060
20684  39.509  -60.246  6.648 0.5000000000
137882  40.668  -60.834  7.210 0.4000000060
19688  42.355  -61.773  6.007 0.2000000030
19677  40.186  -60.965  7.948 0.4000000060
19660  39.017  -61.180  8.787 0.5000000000
19639  40.193  -61.659  9.065 0.5000000000
18704  38.360  -62.416  10.322 0.5000000000
17683  40.657  -63.445  11.747 0.3000000119
20703  39.504  -60.233  5.731 0.5000000000
20671  38.075  -60.177  7.699 0.5000000000
20656  36.897  -60.283  8.478 0.5000000000
23607  37.758  -56.360  17.033 0.1000000015
23609  36.106  -57.527  16.253 0.1000000015
152486  37.051  -57.162  14.288 0.1000000015
22641  36.274  -58.491  13.440 0.1000000015
23639  37.482  -57.483  13.617 0.2000000030
17700  46.456  -62.712  10.083 0.1000000015
19622  47.198  -62.002  10.589 0.1000000015
24642  38.442  -55.541  17.547 0.1000000015
25673  38.476  -55.089  17.524 0.1000000015
24665  39.202  -56.443  14.495 0.1000000015
22636  41.563  -57.543  13.598 0.2000000030
142580  45.392  -60.530  8.227 0.1000000015
20636  45.977  -60.526  10.108 0.1000000015
20618  46.616  -60.911  10.861 0.1000000015
18639  41.470  -63.079  12.303 0.2000000030
19608  45.489  -61.054  11.893 0.1000000015
17662  41.728  -63.228  12.020 0.1000000015
26664  36.893  -54.254  17.425 0.1000000015
26677  37.261  -54.141  16.759 0.1000000015
27639  35.612  -53.212  16.545 0.1000000015
133983  37.984  -54.302  16.227 0.1000000015
27651  36.406  -53.781  15.394 0.1000000015
151212  37.406  -54.209  15.283 0.1000000015
151358  39.118  -54.714  15.671 0.1000000015
26689  38.234  -54.442  14.787 0.1000000015
26688  39.171  -54.621  15.180 0.1000000015
24664  40.364  -55.321  14.576 0.1000000015
25691  40.243  -55.022  14.651 0.1000000015
142408  40.797  -55.166  14.036 0.1000000015
139433  43.208  -59.622  12.779 0.1000000015
21688  44.510  -60.174  7.985 0.1000000015
21652  43.828  -59.715  9.523 0.1000000015
20601  45.451  -60.282  11.658 0.1000000015
19593  43.981  -61.225  12.269 0.1000000015
26694  38.964  -54.641  14.359 0.1000000015
25697  39.820  -54.851  14.002 0.1000000015
25705  41.266  -55.531  13.596 0.1000000015
24670  42.135  -56.172  13.788 0.1000000015
24692  42.574  -56.395  12.963 0.1000000015
22726  41.394  -58.348  7.717 0.1000000015
140027  41.940  -58.744  8.121 0.1000000015
22691  41.746  -58.465  10.564 0.1000000015
22703  41.069  -58.371  9.365 0.1000000015
21624  44.171  -58.455  12.094 0.1000000015
21623  44.387  -58.889  12.331 0.1000000015
20584  43.786  -60.295  12.526 0.1000000015
27660  35.832  -53.713  13.810 0.1000000015
153476  36.458  -54.128  13.821 0.1000000015
26696  36.892  -54.406  13.372 0.1000000015
26701  37.500  -54.684  12.822 0.1000000015
25706  39.205  -55.101  12.991 0.1000000015
134884  39.566  -57.423  8.747 0.1000000015
24753  37.785  -56.115  8.616 0.1000000015
24715  39.477  -56.773  11.142 0.1000000015
134326  40.334  -57.549  10.786 0.1000000015
23690  38.793  -56.620  10.554 0.1000000015
23672  40.862  -57.038  11.675 0.1000000015
23711  40.068  -57.620  8.076 0.1000000015
26708  37.129  -54.787  11.990 0.1000000015
24695  39.235  -56.213  11.585 0.1000000015
25737  37.466  -55.800  10.324 0.1000000015
25738  36.758  -55.327  10.197 0.1000000015
25780  37.039  -54.940  7.838 0.1000000015
25779  37.606  -55.310  7.498 0.1000000015
25767  37.229  -55.681  9.008 0.1000000015
13402  37.344  -68.724  8.365 0.1000000015
13410  37.919  -68.180  7.582 0.1000000015
13411  36.916  -68.310  7.507 0.1000000015
139339  34.524  -67.416  6.937 0.1000000015
13403  36.413  -68.893  8.339 0.1000000015
12600  34.707  -68.937  7.879 0.1000000015
13401  38.311  -68.533  8.509 0.2000000030
13413  33.163  -68.374  7.459 0.1000000015
13409  38.926  -67.984  7.843 0.2000000030
143654  39.556  -67.550  7.265 0.2000000030
14212  36.515  -67.524  6.890 0.1000000015
14214  33.799  -66.870  6.991 0.1000000015
14209  40.600  -67.623  7.514 0.2000000030
14210  38.525  -67.398  6.911 0.2000000030
14213  35.521  -67.490  6.880 0.2000000030
14211  37.513  -67.483  6.911 0.2000000030
14224  36.188  -66.549  6.572 0.2000000030
147368  34.529  -66.518  6.792 0.3000000119
134645  33.251  -66.169  7.396 0.3000000119
14225  35.274  -66.557  6.678 0.3000000119
15078  34.172  -65.895  6.941 0.3000000119
132848  37.894  -66.803  6.472 0.2000000030
14223  37.118  -66.504  6.463 0.2000000030
14231  40.644  -67.726  5.882 0.2000000030
14221  39.953  -67.351  6.199 0.2000000030
11828  43.483  -70.537  4.335 0.1000000015
14220  40.934  -67.626  6.782 0.2000000030
138159  39.261  -67.230  6.492 0.2000000030
150075  40.022  -67.426  6.834 0.2000000030
15094  35.004  -65.716  6.631 0.3000000119
15942  33.902  -65.078  7.315 0.4000000060
13436  42.877  -69.092  5.215 0.1000000015
14230  41.697  -68.025  6.290 0.1000000015
15091  37.707  -66.233  6.003 0.2000000030
15092  36.608  -65.865  6.293 0.2000000030
12617  43.541  -69.931  5.045 0.1000000015
15941  34.713  -64.935  6.828 0.4000000060
13437  41.964  -68.741  4.912 0.2000000030
14222  38.476  -66.794  6.187 0.2000000030
13432  41.286  -68.254  5.418 0.2000000030
11836  43.406  -70.701  3.732 0.1000000015
11837  43.070  -70.484  3.440 0.2000000030
12622  43.351  -70.176  4.157 0.1000000015
12623  42.604  -69.703  3.890 0.1000000015
14232  39.871  -67.496  5.552 0.2000000030
15104  38.269  -66.614  5.531 0.2000000030
135740  37.047  -65.846  6.085 0.2000000030
15953  36.444  -65.421  5.895 0.4000000060
141715  42.493  -69.245  4.548 0.1000000015
15952  37.107  -65.812  5.645 0.4000000060
14236  40.331  -67.979  5.120 0.3000000119
14237  39.443  -67.596  4.874 0.3000000119
13438  40.982  -68.511  4.621 0.2000000030
13443  40.744  -68.808  3.903 0.4000000060
15954  35.729  -64.825  6.076 0.4000000060
16819  34.483  -63.562  6.486 0.4000000060
138733  38.687  -67.057  5.034 0.3000000119
13440  39.411  -68.067  4.180 0.4000000060
13439  40.089  -68.273  4.397 0.3000000119
19687  47.348  -62.155  6.344 0.1000000015
17725  47.481  -62.986  7.627 0.1000000015
16812  34.981  -64.311  6.338 0.4000000060
15105  37.161  -65.959  4.978 0.4000000060
16832  35.345  -64.414  5.757 0.5000000000
14238  38.653  -67.555  4.280 0.4000000060
14239  37.947  -66.664  4.787 0.4000000060
152051  36.816  -66.112  4.552 0.4000000060
18745  47.400  -62.760  6.440 0.1000000015
19703  47.253  -62.689  5.701 0.1000000015
17738  46.765  -63.482  6.990 0.1000000015
155738  34.335  -63.380  5.995 0.4000000060
16852  35.165  -64.504  5.059 0.5000000000
16834  33.764  -63.536  5.480 0.5000000000
141045  46.395  -63.664  6.173 0.1000000015
17740  45.540  -63.461  6.469 0.1000000015
17773  45.141  -64.108  4.563 0.1000000015
17755  45.588  -63.863  5.491 0.1000000015
18763  43.699  -62.879  5.731 0.1000000015
134339  37.775  -68.989  9.331 0.1000000015
154726  35.788  -68.449  7.511 0.1000000015
13412  34.115  -68.351  7.331 0.1000000015
12588  35.528  -69.161  8.505 0.1000000015
13414  32.338  -68.594  7.876 0.1000000015
17729  33.883  -63.226  7.128 0.4000000060
18746  44.738  -62.924  6.878 0.1000000015
13391  40.031  -68.449  9.518 0.1000000015
15093  35.897  -65.584  6.362 0.3000000119
14233  39.122  -67.106  5.705 0.2000000030
147011  37.641  -66.225  5.405 0.3000000119
15970  35.863  -64.960  5.458 0.4000000060
17753  46.868  -63.495  5.731 0.1000000015
18762  44.616  -63.268  6.039 0.1000000015
139928  34.721  -69.418  8.835 0.1000000015
10368  30.277  -72.154  0.591 0.1000000015
10378  29.721  -72.569  -0.191 0.1000000015
9658  32.108  -73.648  -0.244 0.1000000015
10379  28.764  -72.423  -0.023 0.1000000015
9638  32.555  -73.291  0.426 0.1000000015
10369  29.311  -72.122  0.605 0.1000000015
9640  27.019  -72.854  0.614 0.1000000015
9662  28.336  -72.749  -0.588 0.1000000015
4709  29.900  -80.388  3.433 0.1000000015
135982  27.872  -76.591  1.001 0.1000000015
7308  27.194  -75.977  1.283 0.1000000015
10347  32.534  -72.378  1.631 0.1000000015
8061  26.964  -75.242  1.644 0.1000000015
10367  31.250  -72.364  0.698 0.1000000015
9617  27.019  -73.235  1.473 0.1000000015
9614  32.989  -72.951  1.115 0.1000000015
9618  26.470  -73.481  1.012 0.1000000015
150966  29.514  -78.525  5.769 0.1000000015
4717  30.370  -81.170  2.761 0.1000000015
4112  31.412  -82.068  2.430 0.1000000015
5917  29.316  -77.757  8.674 0.1000000015
5940  29.492  -78.105  6.922 0.1000000015
5277  29.916  -79.478  4.811 0.1000000015
4698  30.348  -80.155  4.373 0.1000000015
3605  32.658  -82.526  1.344 0.1000000015
6002  30.309  -78.954  0.636 0.1000000015
6639  28.721  -77.023  1.058 0.1000000015
10348  31.696  -72.095  1.445 0.1000000015
10349  30.791  -71.878  1.352 0.1000000015
137655  28.911  -71.983  1.299 0.1000000015
9637  33.373  -73.640  0.698 0.1000000015
8862  32.917  -73.986  0.032 0.1000000015
4708  31.131  -81.252  3.539 0.1000000015
4707  31.886  -81.465  4.236 0.1000000015
5899  29.422  -78.248  9.469 0.1000000015
5928  29.709  -78.297  7.857 0.1000000015
5952  29.854  -78.685  6.561 0.1000000015
5265  30.703  -80.057  5.375 0.1000000015
4127  32.551  -82.392  2.244 0.1000000015
4716  33.321  -81.502  2.092 0.1000000015
4728  32.016  -80.269  0.847 0.1000000015
4739  31.033  -79.914  0.233 0.1000000015
5310  31.947  -79.511  1.560 0.1000000015
5311  31.160  -79.235  0.988 0.1000000015
5989  30.413  -77.859  1.637 0.1000000015
6638  29.522  -77.416  1.281 0.1000000015
7306  29.185  -76.692  1.656 0.1000000015
131034  28.725  -75.953  2.065 0.1000000015
9604  27.848  -73.223  2.525 0.1000000015
11102  32.057  -71.839  2.173 0.1000000015
11087  30.847  -71.535  2.748 0.1000000015
11104  30.405  -71.638  2.076 0.1000000015
10327  28.452  -72.606  2.735 0.1000000015
147965  27.515  -72.965  1.864 0.1000000015
10346  33.362  -72.659  1.857 0.1000000015
4097  33.052  -81.526  4.186 0.1000000015
5208  28.458  -79.438  10.660 0.1000000015
5916  29.781  -78.321  8.441 0.1000000015
5939  29.983  -78.684  7.318 0.1000000015
5254  30.367  -79.230  6.834 0.1000000015
4696  31.939  -81.185  5.063 0.1000000015
4098  32.487  -81.584  4.245 0.1000000015
4125  33.312  -81.753  2.615 0.1000000015
5298  33.309  -80.615  2.440 0.1000000015
5988  31.938  -78.796  2.320 0.1000000015
6630  31.517  -77.889  2.785 0.1000000015
5224  29.335  -78.930  10.164 0.1000000015
5223  29.795  -78.415  9.132 0.1000000015
5242  30.216  -78.842  7.355 0.1000000015
4673  30.673  -79.551  6.934 0.1000000015
5995  31.171  -78.623  1.627 0.1000000015
128991  31.132  -78.074  2.159 0.1000000015
6632  29.969  -77.021  1.931 0.1000000015
8042  29.231  -75.665  2.769 0.1000000015
8026  29.570  -75.347  3.479 0.1000000015
8817  28.479  -74.419  3.272 0.1000000015
8043  28.399  -75.131  2.657 0.1000000015
10312  29.249  -72.538  4.001 0.1000000015
9593  28.322  -73.551  3.263 0.1000000015
8044  27.543  -74.881  2.201 0.1000000015
137668  31.569  -71.599  2.679 0.1000000015
11088  30.042  -71.636  2.834 0.1000000015
10326  29.200  -72.092  3.012 0.1000000015
10325  32.839  -72.124  2.410 0.1000000015
10324  33.664  -72.329  2.597 0.1000000015
9613  34.577  -73.650  1.667 0.1000000015
131308  33.775  -73.316  1.419 0.1000000015
9602  35.671  -73.371  2.545 0.1000000015
9603  34.968  -73.273  2.275 0.1000000015
4096  33.218  -81.055  4.875 0.1000000015
137656  33.596  -81.077  4.083 0.1000000015
4626  28.296  -80.711  11.102 0.1000000015
4037  28.503  -81.760  11.251 0.1000000015
4639  29.044  -80.063  10.637 0.1000000015
4638  29.674  -79.030  10.067 0.1000000015
4662  30.869  -79.685  7.164 0.1000000015
4685  31.908  -80.867  5.836 0.1000000015
4085  32.495  -81.202  4.992 0.1000000015
4706  33.706  -80.961  3.510 0.1000000015
5987  32.928  -79.501  2.782 0.1000000015
5232  29.914  -78.397  7.999 0.1000000015
6621  31.811  -77.566  3.469 0.1000000015
6622  30.674  -76.742  3.052 0.1000000015
129491  30.193  -76.716  2.552 0.1000000015
7278  30.634  -76.302  3.551 0.1000000015
7279  30.011  -76.146  3.084 0.1000000015
8025  30.277  -75.707  3.818 0.1000000015
9563  29.716  -73.242  5.077 0.1000000015
8802  29.504  -73.960  4.607 0.1000000015
11072  32.571  -71.497  3.990 0.1000000015
11055  33.148  -71.418  4.911 0.1000000015
154261  31.955  -71.473  3.723 0.1000000015
11058  30.713  -71.559  4.326 0.1000000015
10292  29.692  -72.561  4.767 0.1000000015
9576  29.319  -73.154  4.552 0.1000000015
11071  33.564  -71.629  3.892 0.1000000015
11074  30.410  -71.583  3.524 0.1000000015
11085  33.132  -71.837  3.174 0.1000000015
11070  34.510  -71.833  3.728 0.1000000015
10310  33.882  -71.993  3.226 0.1000000015
154649  34.717  -72.848  2.534 0.1000000015
132948  36.286  -73.391  2.806 0.1000000015
2933  27.236  -83.538  12.675 0.1000000015
4024  27.201  -82.604  11.830 0.1000000015
4036  28.942  -81.535  11.154 0.1000000015
4624  29.301  -80.344  10.847 0.1000000015
4023  28.069  -82.563  11.488 0.1000000015
4625  28.870  -81.019  11.049 0.1000000015
4650  30.579  -78.980  7.824 0.1000000015
5241  31.450  -79.767  7.314 0.1000000015
4670  32.595  -80.427  6.271 0.1000000015
139319  33.915  -80.346  4.012 0.1000000015
138966  33.952  -79.429  4.075 0.1000000015
5978  32.436  -78.486  3.271 0.1000000015
5264  34.188  -79.752  5.057 0.1000000015
6611  34.007  -78.143  4.666 0.1000000015
6613  32.093  -77.239  4.144 0.1000000015
7277  31.280  -76.802  3.689 0.1000000015
7267  30.935  -76.112  4.160 0.1000000015
7266  31.695  -76.526  4.467 0.1000000015
8016  30.569  -75.384  4.552 0.1000000015
8001  30.905  -75.061  5.317 0.1000000015
8801  30.220  -74.561  4.952 0.1000000015
154060  30.020  -72.687  5.328 0.1000000015
8790  30.015  -73.829  5.221 0.1000000015
11056  32.277  -71.422  4.873 0.1000000015
10278  30.296  -71.994  5.117 0.1000000015
131850  33.855  -71.346  5.329 0.1000000015
11054  34.069  -71.481  4.549 0.1000000015
11069  35.392  -71.707  4.042 0.1000000015
10309  34.496  -72.428  2.911 0.1000000015
10322  35.174  -72.811  2.787 0.1000000015
9591  35.895  -72.835  3.097 0.1000000015
5898  30.436  -78.802  9.711 0.1000000015
5915  31.493  -78.717  8.221 0.1000000015
3479  27.328  -83.608  13.290 0.1000000015
3488  28.130  -83.395  12.233 0.1000000015
3499  28.910  -82.633  11.656 0.1000000015
4021  29.163  -82.014  11.415 0.1000000015
4637  29.862  -79.031  9.939 0.1000000015
5231  31.213  -79.220  8.064 0.1000000015
5926  32.842  -78.730  7.164 0.1000000015
4022  28.633  -82.316  11.416 0.1000000015
4636  30.755  -79.004  8.270 0.1000000015
4660  31.943  -80.193  6.929 0.1000000015
5250  33.999  -79.143  6.052 0.1000000015
6598  35.007  -77.793  5.323 0.1000000015
7264  33.636  -77.258  4.914 0.1000000015
5965  34.303  -78.844  4.702 0.1000000015
6610  34.551  -78.164  4.911 0.1000000015
7248  32.155  -76.215  5.140 0.1000000015
138996  31.725  -75.489  5.580 0.1000000015
7985  31.335  -74.708  6.012 0.1000000015
8789  30.582  -74.121  5.724 0.1000000015
10270  31.978  -72.070  7.106 0.1000000015
9555  30.740  -73.282  6.244 0.1000000015
11032  33.303  -71.372  6.066 0.1000000015
11033  32.408  -71.420  5.713 0.1000000015
139590  31.718  -71.723  6.281 0.1000000015
11031  34.244  -71.221  5.978 0.1000000015
135858  34.569  -71.274  5.141 0.1000000015
139693  34.771  -71.495  4.427 0.1000000015
4596  30.105  -80.788  12.237 0.1000000015
3998  28.797  -82.719  13.230 0.1000000015
4008  29.824  -81.508  12.510 0.1000000015
5197  30.204  -79.717  11.188 0.1000000015
6575  31.605  -77.850  8.711 0.1000000015
3469  26.971  -83.437  14.388 0.1000000015
139021  27.899  -83.055  13.762 0.1000000015
3477  28.816  -82.958  12.253 0.1000000015
137523  29.368  -82.266  11.958 0.1000000015
5207  30.073  -79.380  10.232 0.1000000015
5221  31.270  -78.922  8.966 0.1000000015
5914  32.091  -78.285  7.899 0.1000000015
6584  32.809  -77.639  7.609 0.1000000015
6591  34.230  -77.716  6.713 0.1000000015
5938  33.737  -78.505  6.589 0.1000000015
7246  34.249  -76.790  5.323 0.1000000015
7247  33.180  -76.514  5.265 0.1000000015
8000  32.691  -75.796  5.699 0.1000000015
7984  32.181  -75.099  6.244 0.1000000015
8776  31.751  -74.284  6.658 0.1000000015
8777  31.100  -73.963  6.344 0.1000000015
10262  32.457  -72.469  7.537 0.1000000015
11015  33.880  -71.444  6.839 0.1000000015
132776  32.516  -71.619  6.630 0.1000000015
11808  36.080  -70.814  5.917 0.1000000015
11029  36.686  -70.781  5.328 0.1000000015
3984  29.229  -81.762  13.792 0.1000000015
141533  30.292  -80.126  11.942 0.1000000015
5880  30.830  -78.182  10.372 0.1000000015
3997  29.437  -82.205  12.815 0.1000000015
5881  30.390  -79.032  10.570 0.1000000015
6573  32.934  -76.907  8.021 0.1000000015
7214  33.597  -76.352  8.217 0.1000000015
6582  34.717  -77.234  6.905 0.1000000015
7227  35.415  -77.067  6.593 0.1000000015
7998  34.910  -76.396  5.643 0.1000000015
7999  33.835  -76.054  5.665 0.1000000015
8774  33.754  -74.821  6.759 0.1000000015
7983  33.229  -75.351  6.261 0.1000000015
9543  33.600  -73.409  7.808 0.1000000015
8775  32.645  -74.578  6.846 0.1000000015
10261  33.250  -72.504  7.873 0.1000000015
9544  32.653  -73.174  7.700 0.1000000015
10985  35.209  -71.783  7.940 0.1000000015
11002  32.767  -71.938  7.332 0.1000000015
10999  35.761  -71.310  7.449 0.1000000015
11000  34.405  -71.700  7.579 0.1000000015
150365  33.178  -71.585  6.919 0.1000000015
11012  36.295  -70.873  6.739 0.1000000015
11806  37.718  -70.469  6.206 0.1000000015
133520  39.134  -70.503  5.711 0.1000000015
4583  29.851  -81.274  13.401 0.1000000015
4582  30.337  -80.753  13.079 0.1000000015
6540  31.318  -77.775  11.190 0.1000000015
6561  31.888  -76.907  9.156 0.1000000015
7215  32.628  -76.530  8.670 0.1000000015
4569  29.595  -80.781  14.525 0.1000000015
6562  31.343  -77.522  9.690 0.1000000015
7213  34.653  -76.657  7.417 0.1000000015
7981  35.666  -76.060  5.985 0.1000000015
8773  35.019  -75.131  6.513 0.1000000015
8755  35.372  -74.550  7.049 0.1000000015
10248  35.503  -72.460  8.376 0.1000000015
9528  34.131  -72.856  8.138 0.1000000015
10249  34.658  -72.311  8.164 0.1000000015
10998  36.518  -71.152  7.638 0.1000000015
11790  37.086  -70.670  6.880 0.1000000015
11789  37.926  -70.500  7.071 0.1000000015
11821  39.611  -70.315  6.169 0.1000000015
148878  41.481  -70.775  5.976 0.1000000015
137478  30.250  -79.929  15.061 0.1000000015
4568  30.371  -80.442  13.953 0.1000000015
5169  31.436  -79.631  13.381 0.1000000015
5865  31.624  -78.404  11.948 0.1000000015
7175  32.751  -77.183  11.230 0.1000000015
7918  33.116  -76.054  10.153 0.1000000015
5850  31.204  -78.944  12.236 0.1000000015
6550  31.412  -77.396  10.486 0.1000000015
7950  34.652  -76.023  8.178 0.1000000015
7967  35.795  -76.489  7.092 0.1000000015
8772  36.049  -75.470  6.532 0.1000000015
9541  35.710  -73.975  7.656 0.1000000015
9542  34.631  -73.637  7.742 0.1000000015
10941  42.612  -71.247  11.656 0.1000000015
10960  41.483  -71.263  10.384 0.1000000015
152653  40.300  -71.142  9.860 0.1000000015
10237  39.211  -72.507  9.641 0.1000000015
10972  37.646  -71.722  8.979 0.1000000015
9526  36.062  -73.326  8.252 0.1000000015
9527  35.060  -73.082  8.174 0.1000000015
11761  42.613  -70.637  10.768 0.1000000015
11771  40.421  -70.658  9.590 0.1000000015
10970  39.438  -71.214  9.545 0.1000000015
10247  36.409  -72.568  8.615 0.1000000015
11760  42.811  -70.435  11.161 0.1000000015
11769  42.978  -69.875  10.392 0.1000000015
11770  41.972  -70.437  10.035 0.1000000015
11780  40.033  -70.344  8.813 0.1000000015
10982  38.173  -71.039  8.712 0.1000000015
132523  36.868  -71.661  8.533 0.1000000015
12555  42.739  -69.463  10.973 0.1000000015
12570  43.246  -69.281  10.061 0.1000000015
11779  41.379  -70.211  9.310 0.1000000015
11782  38.078  -70.697  7.960 0.1000000015
11786  41.052  -70.077  8.462 0.1000000015
11788  38.811  -70.372  7.409 0.1000000015
12597  43.783  -69.161  8.052 0.1000000015
129157  40.751  -70.095  7.519 0.1000000015
130314  42.296  -70.360  6.747 0.1000000015
5156  31.865  -79.130  15.054 0.1000000015
5157  31.125  -79.657  14.286 0.1000000015
5182  32.389  -79.409  13.136 0.1000000015
5849  32.183  -79.068  12.612 0.1000000015
5183  31.422  -79.418  12.806 0.1000000015
5864  32.755  -78.655  12.280 0.1000000015
7188  33.494  -76.624  10.839 0.1000000015
7933  33.454  -75.820  9.482 0.1000000015
7932  34.534  -75.676  9.232 0.1000000015
133166  35.695  -75.908  8.269 0.1000000015
7980  36.421  -76.180  6.574 0.1000000015
7965  36.792  -75.881  7.042 0.1000000015
7964  37.065  -75.387  7.326 0.1000000015
9524  38.224  -74.289  8.495 0.1000000015
10227  41.307  -72.617  10.485 0.1000000015
10236  40.416  -73.123  9.875 0.1000000015
10238  38.093  -72.520  9.269 0.1000000015
154338  37.839  -73.310  8.915 0.1000000015
10225  42.382  -72.112  11.413 0.1000000015
13382  40.821  -68.741  10.480 0.1000000015
13381  42.281  -68.863  10.536 0.1000000015
5812  32.617  -78.973  15.820 0.1000000015
153369  33.065  -79.211  13.473 0.1000000015
148488  32.300  -79.285  14.035 0.1000000015
5863  33.628  -78.857  12.498 0.1000000015
6527  34.147  -78.669  12.411 0.1000000015
5848  33.260  -79.219  12.859 0.1000000015
6538  33.414  -78.225  11.904 0.1000000015
137701  34.279  -77.325  11.366 0.1000000015
7917  33.976  -75.899  10.160 0.1000000015
7916  34.998  -75.969  10.196 0.1000000015
7931  35.773  -75.817  9.383 0.1000000015
7949  36.608  -76.053  7.353 0.1000000015
7948  37.250  -75.653  7.793 0.1000000015
8727  39.088  -75.173  8.757 0.1000000015
8740  38.501  -75.085  8.218 0.1000000015
7947  37.835  -75.371  7.955 0.1000000015
10226  41.794  -73.040  10.980 0.1000000015
9508  40.941  -73.818  10.639 0.1000000015
8739  39.076  -74.582  8.758 0.1000000015
9540  36.749  -74.422  7.663 0.1000000015
11738  41.185  -70.914  12.583 0.1000000015
10212  41.848  -72.762  11.984 0.1000000015
9516  38.719  -73.583  9.082 0.1000000015
11749  40.456  -70.162  12.314 0.1000000015
11737  42.189  -71.059  12.267 0.1000000015
5823  33.208  -78.844  14.349 0.1000000015
5847  34.092  -79.000  12.849 0.1000000015
136891  34.475  -78.196  11.931 0.1000000015
7187  34.535  -76.626  10.875 0.1000000015
153266  35.389  -76.716  11.027 0.1000000015
7198  36.901  -75.960  9.689 0.1000000015
130166  36.739  -75.881  8.426 0.1000000015
7946  38.371  -75.414  8.497 0.1000000015
151245  37.883  -75.569  8.312 0.1000000015
139451  39.692  -74.601  9.311 0.1000000015
10211  42.216  -71.886  12.204 0.1000000015
12545  41.032  -69.616  11.869 0.1000000015
5837  33.722  -79.014  13.428 0.1000000015
5835  34.757  -78.494  12.687 0.1000000015
6517  34.970  -77.987  13.285 0.1000000015
6537  35.193  -78.145  12.237 0.1000000015
7172  36.052  -77.135  11.635 0.1000000015
7173  35.152  -77.573  11.656 0.1000000015
7186  36.031  -76.309  10.504 0.1000000015
152404  37.251  -76.059  10.325 0.1000000015
7930  37.559  -75.791  8.696 0.1000000015
7929  38.136  -75.738  8.951 0.1000000015
7927  39.506  -75.144  9.637 0.1000000015
8717  40.224  -74.512  10.157 0.1000000015
10925  40.746  -71.709  12.904 0.1000000015
9495  41.206  -73.567  11.711 0.1000000015
13383  39.450  -68.878  10.372 0.1000000015
13392  38.802  -68.729  9.436 0.1000000015
6516  35.563  -77.847  12.681 0.1000000015
6536  35.681  -77.784  12.176 0.1000000015
6526  36.225  -77.445  12.388 0.1000000015
7171  36.839  -76.927  11.875 0.1000000015
7185  36.803  -76.389  10.910 0.1000000015
7184  37.451  -76.244  10.948 0.1000000015
7197  37.633  -75.899  9.728 0.1000000015
7915  38.183  -75.849  10.146 0.1000000015
7928  38.778  -75.554  9.237 0.1000000015
12547  38.545  -69.818  11.762 0.1000000015
11750  39.231  -70.169  12.225 0.1000000015
9496  40.528  -74.056  12.602 0.1000000015
12572  38.313  -69.184  10.287 0.1000000015
7163  36.227  -77.354  12.855 0.1000000015
7162  36.888  -76.885  12.729 0.1000000015
7160  38.348  -75.806  12.903 0.1000000015
7161  37.684  -76.294  12.883 0.1000000015
7170  37.499  -76.589  12.084 0.1000000015
8682  38.669  -75.157  13.298 0.1000000015
155470  38.432  -75.867  10.905 0.1000000015
7914  38.977  -75.573  10.501 0.1000000015
11740  38.911  -70.878  12.341 0.1000000015
11739  39.986  -70.871  12.575 0.1000000015
10201  40.345  -72.758  13.126 0.1000000015
9487  40.192  -73.744  13.245 0.1000000015
8700  40.506  -74.338  11.366 0.1000000015
12573  37.224  -69.455  10.296 0.1000000015
10926  39.611  -71.735  12.732 0.1000000015
140723  38.443  -74.486  13.147 0.1000000015
7169  38.596  -75.807  11.774 0.1000000015
7183  38.004  -76.159  11.364 0.1000000015
9488  39.415  -74.296  13.300 0.1000000015
7886  39.056  -75.284  12.710 0.1000000015
10202  39.227  -72.622  12.830 0.1000000015
140797  39.711  -73.481  13.265 0.1000000015
8701  39.838  -74.772  12.324 0.1000000015
136941  39.929  -74.366  13.155 0.1000000015
131375  27.979  -77.873  0.257 0.1000000015
7307  28.496  -76.426  1.458 0.1000000015
154169  28.143  -75.480  2.141 0.1000000015
8060  27.873  -75.819  1.668 0.1000000015
10377  30.765  -72.710  -0.044 0.1000000015
9615  32.163  -72.624  0.879 0.1000000015
9616  28.185  -72.377  1.774 0.1000000015
8834  27.301  -73.774  2.208 0.1000000015
10370  28.421  -72.233  0.757 0.1000000015
10371  27.796  -72.533  0.105 0.1000000015
10351  27.608  -72.572  1.083 0.1000000015
154319  29.649  -79.711  4.028 0.1000000015
7324  26.867  -76.496  0.882 0.1000000015
151431  28.202  -77.301  0.651 0.1000000015
8847  26.704  -74.210  1.711 0.1000000015
5266  30.169  -79.229  5.870 0.1000000015
4126  33.078  -82.109  1.845 0.1000000015
5996  30.567  -78.532  1.156 0.1000000015
5997  29.869  -78.170  0.917 0.1000000015
11103  31.251  -71.699  2.048 0.1000000015
10350  28.981  -71.924  2.068 0.1000000015
4697  31.229  -80.788  4.660 0.1000000015
5253  30.828  -79.948  6.350 0.1000000015
151811  32.925  -81.862  3.597 0.1000000015
5309  32.890  -80.724  1.536 0.1000000015
153483  32.827  -81.305  0.758 0.1000000015
4715  33.541  -81.206  2.869 0.1000000015
5299  32.619  -79.786  2.106 0.1000000015
6631  30.718  -77.345  2.449 0.1000000015
7290  29.567  -76.365  2.319 0.1000000015
10313  28.699  -72.839  3.481 0.1000000015
8833  27.866  -74.200  2.800 0.1000000015
11086  32.229  -71.637  3.070 0.1000000015
11073  31.344  -71.466  3.481 0.1000000015
5285  33.658  -80.272  3.315 0.1000000015
4663  30.386  -78.895  7.494 0.1000000015
8816  29.063  -74.465  3.819 0.1000000015
8017  29.855  -74.927  4.213 0.1000000015
9592  28.838  -73.490  4.005 0.1000000015
10291  29.925  -71.933  4.255 0.1000000015
4684  32.544  -80.871  5.685 0.1000000015
4609  27.756  -81.743  11.382 0.1000000015
4661  31.403  -80.083  6.927 0.1000000015
5977  33.299  -79.255  3.489 0.1000000015
132949  32.498  -77.896  3.887 0.1000000015
11035  30.991  -71.566  5.035 0.1000000015
4608  29.342  -81.128  11.199 0.1000000015
4669  33.446  -80.404  5.477 0.1000000015
5252  32.636  -79.757  6.785 0.1000000015
152485  33.993  -78.793  4.421 0.1000000015
153439  33.320  -79.259  6.537 0.1000000015
6599  34.549  -77.536  5.086 0.1000000015
6612  32.994  -77.689  4.453 0.1000000015
7265  32.598  -76.907  4.741 0.1000000015
8015  31.307  -75.815  4.870 0.1000000015
10272  30.528  -72.554  5.815 0.1000000015
11053  35.311  -71.229  4.781 0.1000000015
11052  36.065  -71.386  4.427 0.1000000015
10308  35.292  -72.300  3.399 0.1000000015
5897  31.057  -78.572  9.108 0.1000000015
5240  31.900  -79.362  7.483 0.1000000015
3478  28.193  -83.431  12.796 0.1000000015
4007  29.610  -81.470  11.723 0.1000000015
4623  29.681  -80.144  10.865 0.1000000015
5964  34.705  -78.504  5.088 0.1000000015
141878  35.310  -77.372  5.623 0.1000000015
7245  35.018  -77.091  5.419 0.1000000015
9545  31.876  -72.832  7.322 0.1000000015
152992  36.551  -71.057  4.784 0.1000000015
4607  29.871  -80.652  11.451 0.1000000015
6574  32.237  -77.275  8.306 0.1000000015
6583  33.711  -77.103  7.397 0.1000000015
7244  35.548  -76.849  5.738 0.1000000015
7982  34.462  -75.625  6.078 0.1000000015
9553  32.148  -73.715  7.278 0.1000000015
8757  33.098  -74.004  7.412 0.1000000015
154823  35.114  -71.404  7.306 0.1000000015
11807  36.877  -70.629  6.059 0.1000000015
11823  37.473  -70.662  5.446 0.1000000015
5184  30.664  -79.433  12.090 0.1000000015
5170  30.685  -80.040  12.751 0.1000000015
7199  33.122  -76.010  8.922 0.1000000015
7966  35.907  -76.775  6.227 0.1000000015
8756  34.198  -74.252  7.296 0.1000000015
11001  33.535  -71.832  7.487 0.1000000015
10984  35.991  -71.779  8.238 0.1000000015
11805  38.718  -70.340  6.393 0.1000000015
11822  38.342  -70.562  5.574 0.1000000015
11027  40.075  -70.697  5.623 0.1000000015
141994  30.793  -80.111  13.495 0.1000000015
7176  31.868  -77.092  10.901 0.1000000015
8754  36.371  -74.932  6.940 0.1000000015
10997  37.292  -70.903  7.774 0.1000000015
11820  40.714  -70.297  6.556 0.1000000015
11804  39.664  -70.173  6.938 0.1000000015
11803  41.758  -70.118  7.317 0.1000000015
6539  32.156  -77.753  11.630 0.1000000015
8771  36.607  -75.666  6.787 0.1000000015
10961  40.315  -71.924  10.023 0.1000000015
10971  38.454  -71.604  9.305 0.1000000015
10983  37.567  -71.178  8.416 0.1000000015
10246  37.249  -72.556  8.947 0.1000000015
9525  37.162  -73.657  8.447 0.1000000015
144924  38.798  -70.952  9.038 0.1000000015
12544  42.261  -69.822  11.589 0.1000000015
11778  42.684  -70.020  9.766 0.1000000015
11781  38.952  -70.573  8.399 0.1000000015
11787  39.790  -70.220  7.899 0.1000000015
12556  41.633  -69.203  11.209 0.1000000015
12586  42.767  -69.792  9.095 0.1000000015
12599  42.162  -69.917  8.099 0.1000000015
12609  43.589  -69.479  7.276 0.1000000015
12610  43.163  -69.830  7.604 0.1000000015
8741  37.714  -74.843  7.840 0.1000000015
151228  41.038  -73.393  10.330 0.1000000015
9514  40.412  -73.939  9.830 0.1000000015
9515  39.643  -73.854  9.404 0.1000000015
12557  40.219  -69.177  11.227 0.1000000015
12546  39.681  -69.666  11.855 0.1000000015
12558  38.953  -69.329  11.188 0.1000000015
7913  39.812  -75.014  10.871 0.1000000015
15111  36.524  -65.715  4.743 0.4000000060
13445  39.070  -68.346  3.643 0.3000000119
14241  37.709  -67.299  3.946 0.3000000119
15114  36.364  -66.350  4.129 0.4000000060
139507  35.888  -65.655  4.472 0.4000000060
14242  36.809  -67.176  3.635 0.3000000119
137682  35.377  -66.311  3.806 0.4000000060
8119  38.406  -76.039  -2.900 0.1000000015
8118  39.211  -75.714  -2.885 0.1000000015
8102  40.063  -75.539  -1.945 0.2000000030
9634  39.080  -73.683  -0.018 0.3000000119
15116  32.913  -66.527  3.347 0.4000000060
13444  39.878  -68.593  3.745 0.3000000119
11100  37.211  -71.610  1.302 0.4000000060
11850  37.208  -70.780  1.714 0.4000000060
9655  39.984  -74.387  -0.735 0.2000000030
11101  36.464  -70.914  1.367 0.4000000060
11851  36.010  -70.096  1.686 0.4000000060
14248  34.454  -67.493  2.734 0.4000000060
8120  37.393  -76.229  -2.729 0.1000000015
9670  39.861  -74.517  -1.603 0.3000000119
13459  34.982  -68.799  1.977 0.4000000060
13454  33.926  -68.135  2.109 0.4000000060
15993  31.582  -65.925  3.844 0.5000000000
139535  40.000  -75.015  -2.313 0.2000000030
9656  39.127  -73.775  -0.734 0.3000000119
11106  36.947  -72.275  0.591 0.3000000119
12642  34.725  -69.315  1.455 0.4000000060
15986  31.134  -65.307  4.336 0.4000000060
18766  29.957  -62.091  6.064 0.4000000060
11107  36.516  -71.662  0.836 0.4000000060
134853  35.913  -71.283  0.693 0.4000000060
13460  34.300  -68.723  1.741 0.4000000060
14255  33.100  -68.046  1.844 0.4000000060
14249  33.530  -67.576  2.469 0.5000000000
8143  37.994  -75.596  -3.304 0.2000000030
8142  38.773  -75.537  -3.255 0.2000000030
8912  39.225  -75.237  -3.224 0.2000000030
8911  39.677  -75.230  -2.732 0.2000000030
10365  37.516  -72.874  0.260 0.3000000119
10366  36.210  -72.013  0.153 0.3000000119
8144  36.914  -75.640  -3.096 0.1000000015
12651  35.209  -70.029  1.147 0.4000000060
9635  38.180  -73.346  -0.132 0.3000000119
11108  35.476  -71.393  0.026 0.4000000060
12643  33.945  -69.176  1.044 0.4000000060
15117  31.941  -66.537  3.320 0.5000000000
135142  30.640  -65.717  3.559 0.5000000000
17776  29.795  -63.509  4.771 0.4000000060
11855  35.298  -70.779  0.570 0.4000000060
13461  33.517  -68.585  1.426 0.4000000060
15124  31.373  -66.789  2.384 0.5000000000
15118  31.023  -66.297  3.109 0.5000000000
16857  29.875  -64.168  4.397 0.4000000060
8923  38.614  -74.863  -3.594 0.2000000030
134562  39.632  -74.517  -2.823 0.2000000030
148748  39.696  -74.362  -2.338 0.2000000030
9657  38.185  -73.246  -0.822 0.4000000060
9671  39.291  -73.764  -1.664 0.2000000030
10374  37.188  -72.701  -0.633 0.3000000119
10382  37.667  -72.682  -1.220 0.4000000060
10375  36.457  -72.293  -0.539 0.3000000119
14256  32.349  -67.818  1.526 0.5000000000
16869  29.560  -64.236  3.529 0.5000000000
18781  29.623  -62.733  4.809 0.4000000060
19708  29.913  -61.364  5.882 0.4000000060
10383  36.750  -72.353  -1.098 0.4000000060
12652  34.415  -69.787  0.722 0.4000000060
15125  30.561  -66.247  2.259 0.5000000000
8922  39.367  -74.597  -3.286 0.2000000030
8924  37.424  -74.835  -3.595 0.2000000030
20706  30.113  -60.612  5.586 0.4000000060
9679  39.427  -73.546  -2.664 0.2000000030
11112  35.824  -71.808  -0.560 0.3000000119
11856  34.293  -70.217  0.027 0.4000000060
13465  33.190  -68.913  0.660 0.4000000060
8925  36.292  -74.846  -3.382 0.2000000030
9682  39.283  -73.521  -3.258 0.2000000030
10381  38.734  -73.087  -1.715 0.3000000119
11118  37.230  -72.060  -1.575 0.4000000060
21710  30.471  -59.942  6.056 0.4000000060
10376  36.133  -72.082  -1.003 0.3000000119
13463  32.038  -68.031  0.742 0.5000000000
15994  29.986  -65.408  3.023 0.5000000000
22744  35.332  -58.759  6.674 0.4000000060
9685  36.610  -73.857  -3.873 0.2000000030
11864  34.444  -70.555  -0.661 0.4000000060
12653  33.657  -69.580  0.185 0.4000000060
17807  29.357  -63.572  3.028 0.5000000000
19724  29.614  -61.828  4.415 0.4000000060
151820  40.265  -60.573  6.268 0.4000000060
9683  38.870  -73.735  -3.759 0.2000000030
10387  39.181  -72.495  -2.457 0.2000000030
11869  35.256  -71.149  -1.525 0.4000000060
14263  31.435  -67.549  0.363 0.5000000000
15999  30.228  -65.964  1.458 0.5000000000
9686  34.883  -74.119  -3.699 0.2000000030
11119  36.370  -71.814  -1.438 0.4000000060
11113  35.134  -71.192  -0.761 0.3000000119
13466  32.485  -68.571  0.324 0.5000000000
15128  31.323  -67.069  1.585 0.5000000000
17793  29.518  -63.375  3.982 0.5000000000
9691  35.490  -73.347  -4.193 0.2000000030
21725  37.445  -59.315  5.547 0.4000000060
19707  40.055  -60.752  5.111 0.2000000030
22746  33.526  -58.323  6.271 0.4000000060
21730  31.049  -59.392  5.521 0.4000000060
139457  37.872  -73.961  -3.944 0.2000000030
10388  38.301  -72.306  -1.779 0.4000000060
18795  29.493  -62.505  3.965 0.4000000060
21731  30.561  -60.021  5.172 0.4000000060
137183  37.209  -73.181  -4.206 0.2000000030
10386  39.427  -72.465  -3.165 0.2000000030
9684  38.072  -72.982  -4.173 0.2000000030
22768  35.146  -58.582  5.660 0.4000000060
22771  32.457  -58.711  5.125 0.4000000060
21748  31.078  -59.584  4.765 0.4000000060
11857  33.873  -69.993  -0.565 0.3000000119
15135  30.556  -66.314  0.628 0.5000000000
16000  29.666  -64.978  2.377 0.5000000000
19740  29.909  -60.869  3.983 0.4000000060
11130  36.814  -71.378  -1.950 0.4000000060
11870  34.678  -70.714  -1.432 0.4000000060
11871  34.080  -70.178  -1.265 0.3000000119
13469  32.459  -68.601  -0.446 0.4000000060
11131  35.883  -71.252  -1.830 0.4000000060
15134  31.054  -66.898  0.075 0.5000000000
153705  39.102  -73.098  -3.653 0.2000000030
22770  33.292  -58.476  5.325 0.4000000060
136008  29.407  -62.772  3.230 0.5000000000
17820  29.416  -63.662  2.213 0.5000000000
132422  33.263  -69.266  -1.243 0.4000000060
13467  31.890  -68.092  -0.086 0.5000000000
16881  29.888  -65.157  1.527 0.5000000000
15143  31.378  -66.590  -0.574 0.5000000000
14267  32.159  -67.913  -0.815 0.5000000000
13453  34.754  -68.232  2.317 0.4000000060
21708  36.052  -58.744  5.957 0.4000000060
16002  30.220  -65.589  0.857 0.5000000000
11084  40.745  -70.741  2.224 0.3000000119
133729  39.264  -69.534  2.584 0.3000000119
12626  38.721  -68.805  2.995 0.2000000030
13450  37.832  -68.661  2.792 0.2000000030
11096  42.158  -72.009  1.780 0.2000000030
11098  39.993  -71.523  1.712 0.3000000119
130321  38.734  -70.273  2.058 0.3000000119
10342  41.665  -72.748  1.257 0.2000000030
145561  40.372  -72.527  1.299 0.2000000030
10343  39.388  -72.257  1.376 0.2000000030
8896  40.443  -75.260  -1.440 0.2000000030
147366  33.528  -73.923  -5.411 0.1000000015
9712  33.752  -73.800  -6.313 0.1000000015
12676  41.468  -69.154  -2.565 0.1000000015
11838  42.129  -70.132  3.122 0.1000000015
12624  40.426  -69.197  3.330 0.2000000030
12625  39.572  -68.984  3.189 0.2000000030
142412  41.706  -70.522  2.593 0.2000000030
154025  40.048  -69.496  2.877 0.2000000030
11068  43.344  -71.174  3.172 0.1000000015
11095  42.835  -72.169  1.930 0.1000000015
11083  41.868  -71.222  2.200 0.2000000030
10321  43.216  -72.636  2.576 0.1000000015
9599  43.060  -73.367  2.078 0.1000000015
150930  35.681  -74.169  -3.618 0.1000000015
9692  34.540  -73.545  -4.412 0.1000000015
10399  39.712  -71.558  -4.061 0.1000000015
11893  40.344  -70.747  -3.148 0.1000000015
11879  40.041  -70.114  -2.380 0.1000000015
147084  39.560  -69.405  -2.239 0.1000000015
11160  39.368  -71.240  -4.668 0.1000000015
11878  41.038  -70.010  -2.806 0.1000000015
12677  40.510  -69.293  -2.262 0.1000000015
138816  38.651  -68.986  -2.352 0.1000000015
13487  39.011  -67.936  -2.223 0.1000000015
14289  37.288  -66.959  -2.291 0.1000000015
155713  37.926  -66.670  -2.376 0.1000000015
15166  36.943  -66.199  -2.325 0.1000000015
11843  42.690  -70.958  2.688 0.2000000030
11129  37.899  -71.540  -1.960 0.1000000015
11884  34.433  -70.094  -1.953 0.3000000119
10392  38.868  -72.689  -4.007 0.1000000015
142228  38.614  -70.974  -2.160 0.1000000015
12678  36.904  -69.795  -2.546 0.2000000030
148098  34.964  -69.784  -2.390 0.3000000119
13474  33.308  -67.994  -1.880 0.3000000119
15155  32.563  -66.250  -1.400 0.3000000119
148030  34.213  -73.307  -5.469 0.1000000015
9689  37.224  -72.321  -4.584 0.1000000015
135535  39.471  -70.851  -2.458 0.1000000015
138815  37.866  -69.691  -2.465 0.1000000015
13490  35.406  -68.838  -2.615 0.2000000030
14292  33.982  -67.344  -2.243 0.3000000119
11162  37.502  -71.639  -4.994 0.1000000015
143168  37.328  -68.041  -2.467 0.1000000015
14291  35.403  -66.791  -2.289 0.2000000030
15169  34.192  -66.398  -1.993 0.3000000119
14290  36.275  -66.877  -2.327 0.1000000015
16031  35.553  -65.084  -1.860 0.2000000030
15153  34.623  -65.381  -1.605 0.4000000060
15165  37.725  -66.089  -2.570 0.1000000015
15167  36.180  -65.821  -2.185 0.1000000015
16018  35.565  -64.540  -2.021 0.3000000119
153166  39.992  -68.170  8.856 0.1000000015
14208  41.782  -67.804  7.671 0.1000000015
17819  29.811  -63.657  1.442 0.4000000060
16010  30.732  -65.405  0.137 0.4000000060
14275  32.642  -67.610  -1.463 0.3000000119
14276  32.016  -67.013  -1.121 0.4000000060
16009  31.387  -65.665  -0.535 0.4000000060
16021  32.872  -65.416  -1.249 0.4000000060
16894  32.504  -64.013  -0.568 0.4000000060
16020  33.946  -64.888  -1.281 0.4000000060
16901  34.091  -64.036  -1.233 0.5000000000
16019  34.885  -64.471  -1.577 0.3000000119
16038  36.985  -65.198  -3.104 0.2000000030
16029  37.029  -65.521  -2.595 0.1000000015
17850  34.611  -63.802  -1.686 0.4000000060
15185  38.731  -66.306  -3.452 0.1000000015
16046  37.417  -65.462  -3.452 0.1000000015
16039  36.308  -64.764  -3.286 0.2000000030
16914  35.682  -64.306  -2.684 0.2000000030
14311  40.935  -67.541  -4.256 0.1000000015
14313  38.721  -66.523  -4.181 0.1000000015
16047  36.825  -65.261  -3.765 0.2000000030
14334  40.225  -67.452  -5.062 0.1000000015
14335  39.162  -67.269  -5.070 0.1000000015
18805  29.546  -62.373  2.488 0.4000000060
19741  29.621  -61.802  3.316 0.3000000119
18811  29.553  -62.942  1.905 0.4000000060
16885  30.879  -64.361  0.193 0.4000000060
17830  30.351  -64.011  0.764 0.4000000060
16895  31.529  -64.691  -0.345 0.4000000060
151163  30.351  -63.309  0.835 0.4000000060
16902  33.210  -64.427  -0.996 0.4000000060
16893  33.372  -63.557  -0.900 0.4000000060
138408  32.617  -63.024  -0.494 0.4000000060
17851  33.957  -63.343  -1.386 0.5000000000
18845  33.610  -62.726  -1.711 0.4000000060
16915  35.056  -64.032  -3.184 0.3000000119
17858  35.135  -63.931  -2.515 0.4000000060
17860  34.250  -63.250  -2.115 0.4000000060
15223  36.547  -66.795  -6.158 0.2000000030
132836  36.122  -66.502  -5.525 0.2000000030
16922  35.494  -64.537  -3.645 0.2000000030
14353  37.581  -67.119  -5.873 0.1000000015
14314  37.799  -66.614  -4.752 0.2000000030
11962  40.183  -70.364  -7.958 0.1000000015
19757  29.775  -61.588  2.321 0.4000000060
20736  30.419  -60.230  3.265 0.4000000060
134190  30.199  -61.989  1.042 0.4000000060
18833  31.329  -61.970  0.070 0.4000000060
140292  30.642  -61.780  0.518 0.4000000060
18832  32.157  -62.207  -0.472 0.4000000060
18846  33.059  -62.227  -1.394 0.4000000060
18831  32.848  -62.375  -0.832 0.4000000060
17869  32.939  -63.093  -3.481 0.4000000060
18853  33.448  -62.777  -2.523 0.4000000060
16924  33.712  -64.313  -4.389 0.3000000119
16916  34.229  -63.896  -3.532 0.3000000119
17868  33.849  -63.327  -3.053 0.4000000060
15224  35.592  -66.377  -6.254 0.2000000030
16058  35.048  -65.716  -5.011 0.2000000030
16049  34.879  -65.122  -4.501 0.2000000030
133796  38.854  -70.292  -9.309 0.1000000015
11975  39.576  -70.240  -8.641 0.1000000015
13577  40.739  -68.419  -8.041 0.1000000015
22782  33.104  -58.752  4.528 0.3000000119
21790  30.718  -59.683  2.701 0.4000000060
21767  31.032  -59.563  3.493 0.3000000119
20760  30.206  -60.512  1.388 0.4000000060
21821  30.371  -59.640  0.914 0.4000000060
19777  30.313  -61.203  0.827 0.4000000060
20778  31.063  -60.465  -0.303 0.4000000060
19786  30.871  -61.180  0.152 0.4000000060
19796  32.081  -61.048  -1.418 0.4000000060
19785  31.708  -61.288  -0.555 0.4000000060
19803  32.221  -61.686  -2.734 0.4000000060
19795  32.546  -61.601  -1.825 0.3000000119
17894  32.448  -63.276  -6.228 0.3000000119
151197  32.454  -63.569  -5.123 0.3000000119
17877  32.579  -63.392  -4.390 0.3000000119
18870  32.157  -62.734  -4.024 0.3000000119
18861  32.574  -62.402  -3.078 0.3000000119
16955  35.748  -64.921  -7.719 0.2000000030
131068  35.026  -65.082  -7.423 0.2000000030
16957  33.583  -64.233  -7.102 0.3000000119
16943  33.313  -64.509  -6.284 0.2000000030
16925  32.926  -64.008  -4.813 0.3000000119
17876  33.351  -63.693  -3.945 0.3000000119
15238  36.379  -66.319  -6.945 0.2000000030
16060  33.798  -65.137  -5.835 0.2000000030
137502  37.289  -66.666  -6.714 0.2000000030
22781  33.922  -58.718  4.485 0.3000000119
21744  35.458  -59.266  3.756 0.3000000119
21746  33.489  -58.897  3.829 0.3000000119
21765  32.904  -58.889  3.530 0.4000000060
21747  32.420  -58.997  4.173 0.3000000119
22826  31.090  -58.221  1.897 0.3000000119
22812  31.584  -58.584  2.650 0.4000000060
22841  30.635  -58.874  0.491 0.4000000060
22827  30.614  -58.869  1.379 0.4000000060
136918  30.950  -58.950  -0.381 0.4000000060
21833  30.674  -59.664  0.058 0.4000000060
21848  31.266  -59.040  -1.253 0.3000000119
20777  31.620  -60.464  -1.042 0.4000000060
21832  31.210  -59.729  -0.734 0.4000000060
20819  32.283  -60.535  -5.629 0.3000000119
20820  31.674  -60.942  -5.114 0.2000000030
20812  31.578  -60.552  -4.496 0.2000000030
150693  31.491  -59.316  -2.829 0.2000000030
19804  31.885  -60.908  -2.379 0.3000000119
20789  31.769  -60.443  -1.759 0.3000000119
18884  32.349  -62.533  -6.429 0.3000000119
19824  31.627  -61.744  -5.209 0.3000000119
19818  31.518  -61.317  -4.362 0.2000000030
18862  31.834  -61.949  -3.711 0.2000000030
136644  31.546  -60.463  -3.110 0.2000000030
153809  35.459  -63.740  -8.455 0.2000000030
17925  33.724  -62.807  -7.959 0.3000000119
17907  33.339  -63.392  -7.336 0.3000000119
17893  32.989  -63.752  -6.649 0.3000000119
21742  37.102  -59.526  4.413 0.3000000119
21726  36.637  -59.068  5.147 0.3000000119
21727  35.754  -58.918  4.825 0.3000000119
142485  31.137  -57.584  -0.002 0.3000000119
23880  32.542  -57.536  -3.387 0.2000000030
23859  32.188  -57.300  -2.710 0.2000000030
22856  31.387  -58.402  -1.847 0.2000000030
22840  31.160  -58.142  -0.853 0.2000000030
134392  33.349  -58.341  -4.711 0.2000000030
22904  31.987  -58.988  -4.095 0.2000000030
139221  31.664  -58.998  -3.440 0.2000000030
22869  31.549  -58.663  -2.654 0.2000000030
20715  39.237  -60.464  4.661 0.2000000030
14333  41.083  -67.738  -5.344 0.1000000015
14352  38.661  -67.281  -5.895 0.1000000015
18913  34.376  -62.557  -8.636 0.3000000119
16085  36.541  -65.441  -7.554 0.2000000030
13447  37.322  -67.940  3.198 0.3000000119
12631  38.291  -69.417  2.428 0.3000000119
10363  39.423  -73.211  0.761 0.2000000030
13400  40.056  -67.879  8.222 0.1000000015
131714  41.433  -69.439  3.499 0.2000000030
13446  38.215  -68.106  3.489 0.2000000030
11128  38.948  -71.642  -2.200 0.1000000015
11883  35.236  -70.605  -2.139 0.3000000119
20705  37.945  -59.666  4.838 0.3000000119
11127  39.650  -71.616  -2.865 0.1000000015
20735  30.642  -60.021  4.214 0.3000000119
11882  36.309  -70.653  -2.313 0.3000000119
12681  33.516  -68.857  -1.823 0.2000000030
12679  35.836  -69.814  -2.526 0.2000000030
10391  39.340  -72.324  -3.643 0.1000000015
11845  39.620  -70.618  2.029 0.3000000119
11097  41.113  -71.773  1.758 0.1000000015
144031  39.754  -68.614  -2.181 0.1000000015
11844  40.944  -69.874  2.830 0.2000000030
10401  38.139  -71.969  -4.458 0.1000000015
149719  40.708  -70.820  -3.806 0.1000000015
11880  38.847  -70.086  -2.283 0.1000000015
13488  38.140  -68.222  -2.363 0.1000000015
137916  36.368  -67.886  -2.551 0.1000000015
11881  37.578  -70.637  -2.305 0.2000000030
13492  34.013  -68.266  -2.293 0.3000000119
13489  36.535  -68.899  -2.665 0.2000000030
13491  34.724  -68.344  -2.519 0.3000000119
15154  33.443  -65.998  -1.643 0.4000000060
16008  32.223  -65.017  -0.837 0.4000000060
137393  35.455  -67.712  -2.534 0.3000000119
154806  34.679  -66.803  -2.239 0.3000000119
15168  35.166  -65.965  -1.997 0.3000000119
18810  30.017  -62.776  1.240 0.4000000060
18820  31.619  -62.819  -0.020 0.4000000060
15187  37.300  -65.850  -4.190 0.2000000030
15188  36.402  -66.002  -4.679 0.2000000030
19764  30.019  -61.401  1.548 0.4000000060
17829  30.926  -63.471  0.317 0.4000000060
15204  34.909  -65.991  -5.792 0.2000000030
20749  30.271  -60.331  2.345 0.4000000060
16932  33.339  -64.557  -5.334 0.3000000119
16050  34.047  -64.953  -4.870 0.2000000030
16086  34.639  -65.380  -6.945 0.2000000030
21789  31.356  -59.185  2.990 0.4000000060
21766  31.856  -59.076  3.604 0.4000000060
21810  30.864  -59.009  2.256 0.4000000060
18885  31.931  -62.095  -5.889 0.3000000119
16969  34.853  -63.921  -8.125 0.2000000030
16956  34.408  -64.598  -7.434 0.2000000030
21764  34.019  -58.905  3.307 0.4000000060
21861  31.466  -59.197  -2.108 0.2000000030
21897  32.596  -59.749  -5.390 0.2000000030
21884  32.242  -59.375  -4.690 0.2000000030
137552  31.485  -59.824  -3.345 0.2000000030
21788  32.226  -58.800  3.216 0.3000000119
21745  34.582  -59.027  3.598 0.2000000030
21786  34.506  -59.027  2.866 0.3000000119
21743  36.275  -59.417  4.057 0.2000000030
20719  36.103  -59.638  3.165 0.2000000030
10362  40.965  -73.491  0.646 0.1000000015
8859  41.689  -74.870  -0.091 0.1000000015
142964  41.275  -74.345  0.032 0.1000000015
12619  41.700  -69.063  4.185 0.1000000015
8895  40.889  -75.498  -0.855 0.1000000015
9633  40.197  -74.043  -0.011 0.1000000015
8878  40.977  -74.916  -0.605 0.1000000015
19706  40.855  -61.076  5.462 0.1000000015
19720  40.549  -61.352  4.499 0.1000000015
18792  41.583  -62.655  3.455 0.1000000015
18780  41.056  -61.959  3.943 0.1000000015
19722  38.839  -60.875  3.609 0.1000000015
19735  40.178  -61.751  3.514 0.1000000015
20731  37.998  -60.669  3.180 0.1000000015
19737  38.464  -61.345  2.611 0.1000000015
19738  37.882  -60.930  2.350 0.1000000015
21763  35.433  -59.390  3.082 0.1000000015
136757  34.855  -59.178  3.084 0.2000000030
19739  37.406  -60.450  2.368 0.1000000015
19755  37.989  -61.100  2.085 0.2000000030
22811  32.586  -58.416  2.839 0.2000000030
20759  36.893  -59.897  2.131 0.2000000030
21785  35.500  -59.358  2.715 0.2000000030
21809  35.224  -59.124  2.440 0.2000000030
21806  37.445  -59.919  1.611 0.2000000030
21808  35.854  -59.295  2.210 0.2000000030
22810  33.689  -58.480  2.735 0.2000000030
23805  31.913  -57.655  2.317 0.2000000030
155683  31.376  -57.508  1.570 0.2000000030
24870  31.760  -56.545  -0.578 0.1000000015
19763  38.178  -61.079  1.778 0.2000000030
23804  32.999  -57.695  2.483 0.2000000030
23820  32.538  -57.015  2.111 0.2000000030
24851  31.994  -56.423  1.003 0.1000000015
24858  33.229  -55.779  1.055 0.1000000015
24860  31.828  -56.422  0.251 0.1000000015
19721  39.721  -61.075  4.060 0.1000000015
18765  42.106  -62.007  5.163 0.1000000015
18779  41.811  -62.291  4.366 0.1000000015
18791  42.258  -62.804  3.969 0.1000000015
18793  40.674  -62.409  3.009 0.1000000015
18794  39.738  -62.266  2.536 0.1000000015
20734  36.181  -59.627  2.751 0.2000000030
22825  35.511  -58.697  1.986 0.2000000030
19854  33.805  -61.901  -8.338 0.2000000030
18899  32.801  -62.233  -7.044 0.2000000030
19839  33.291  -62.052  -7.673 0.2000000030
19853  34.438  -61.712  -8.999 0.2000000030
131600  34.003  -60.966  -8.475 0.2000000030
20826  33.275  -60.471  -6.819 0.2000000030
137726  33.526  -61.392  -7.873 0.2000000030
19828  33.054  -61.362  -7.140 0.2000000030
21959  34.790  -59.900  -9.284 0.2000000030
20827  32.634  -60.916  -6.357 0.2000000030
21921  33.829  -59.989  -7.249 0.1000000015
20836  34.050  -60.127  -8.089 0.2000000030
21908  32.963  -60.127  -6.078 0.2000000030
22974  35.156  -58.543  -7.664 0.1000000015
22975  34.738  -59.010  -7.227 0.1000000015
21906  34.249  -59.397  -6.837 0.1000000015
23984  36.988  -57.143  -8.218 0.1000000015
25001  37.610  -56.929  -8.766 0.1000000015
146736  39.190  -61.876  1.279 0.1000000015
21896  33.352  -59.411  -5.755 0.1000000015
22949  35.974  -58.392  -6.328 0.1000000015
22952  34.079  -59.115  -6.095 0.1000000015
23961  36.334  -57.625  -7.725 0.1000000015
22973  35.767  -58.184  -7.259 0.1000000015
24980  37.772  -56.980  -7.997 0.1000000015
137138  37.788  -57.666  -7.125 0.1000000015
24998  40.564  -57.013  -9.692 0.1000000015
21820  38.851  -60.672  1.180 0.1000000015
19774  40.317  -61.808  0.462 0.1000000015
20770  39.102  -61.292  1.104 0.1000000015
23901  32.891  -57.878  -4.084 0.1000000015
22930  32.964  -59.010  -5.090 0.1000000015
22950  35.252  -58.607  -6.193 0.1000000015
22928  34.697  -58.581  -5.682 0.1000000015
23934  37.243  -58.090  -6.736 0.1000000015
23982  39.680  -57.114  -8.492 0.1000000015
131281  39.123  -57.462  -7.569 0.1000000015
133314  39.664  -61.185  0.775 0.1000000015
133193  36.319  -59.130  1.789 0.1000000015
23898  35.578  -57.770  -4.434 0.1000000015
23900  33.735  -57.702  -4.290 0.1000000015
22899  36.915  -58.492  -4.899 0.1000000015
22900  36.058  -58.293  -4.980 0.1000000015
22902  34.222  -58.194  -4.925 0.1000000015
23899  34.652  -57.687  -4.389 0.1000000015
22925  37.576  -58.838  -5.315 0.1000000015
22927  35.633  -58.471  -5.616 0.1000000015
22924  38.910  -59.209  -5.579 0.1000000015
130940  38.135  -59.032  -5.829 0.1000000015
22948  37.156  -58.609  -6.089 0.1000000015
22926  36.573  -58.559  -5.545 0.1000000015
22946  40.657  -59.187  -6.289 0.1000000015
22947  39.788  -59.045  -6.328 0.1000000015
23933  37.950  -58.507  -6.404 0.1000000015
22971  39.479  -58.272  -6.909 0.1000000015
21804  39.415  -60.179  1.091 0.1000000015
21805  38.534  -59.834  1.272 0.1000000015
23879  33.311  -57.255  -3.622 0.1000000015
22896  39.870  -58.941  -4.878 0.1000000015
144344  38.366  -59.052  -5.260 0.1000000015
21894  40.012  -59.395  -5.984 0.1000000015
24929  32.855  -56.866  -2.968 0.1000000015
21935  34.596  -59.517  -8.522 0.1000000015
23962  35.676  -58.008  -8.146 0.1000000015
23959  38.570  -58.032  -6.932 0.1000000015
23958  40.163  -57.685  -7.685 0.1000000015
23877  35.121  -57.248  -3.834 0.1000000015
15272  37.708  -66.020  -9.385 0.1000000015
16106  37.625  -65.231  -9.896 0.1000000015
16107  36.659  -65.747  -9.695 0.1000000015
14375  36.683  -67.317  -8.713 0.1000000015
13599  35.594  -68.698  -9.125 0.1000000015
12792  35.128  -69.293  -9.709 0.1000000015
12816  34.189  -70.129  -11.342 0.1000000015
148685  38.533  -65.305  -9.646 0.1000000015
16976  38.679  -64.687  -10.004 0.1000000015
14392  35.810  -67.106  -8.888 0.1000000015
13582  36.064  -67.994  -8.644 0.1000000015
17947  38.916  -63.438  -11.065 0.1000000015
16985  39.467  -63.448  -10.432 0.1000000015
16104  40.023  -64.494  -9.313 0.1000000015
15271  39.166  -65.695  -9.329 0.1000000015
15252  37.331  -66.780  -8.922 0.1000000015
16124  36.748  -65.039  -10.380 0.1000000015
147242  39.593  -63.322  -9.859 0.1000000015
16965  40.052  -64.265  -8.975 0.1000000015
134343  38.074  -63.991  -10.989 0.1000000015
17946  39.480  -62.884  -11.041 0.1000000015
18955  39.203  -62.318  -11.713 0.1000000015
17962  37.768  -63.588  -11.580 0.1000000015
17976  38.713  -62.874  -11.737 0.1000000015
18966  38.507  -62.126  -12.533 0.1000000015
16105  39.528  -64.836  -9.530 0.1000000015
12817  33.334  -70.193  -11.512 0.1000000015
2921  27.556  -83.547  12.616 0.1000000015
2932  27.699  -83.387  12.213 0.1000000015
3500  28.293  -83.038  11.761 0.1000000015
3501  27.730  -83.133  11.857 0.1000000015
4109  33.335  -81.579  3.372 0.1000000015
4110  33.049  -82.082  2.857 0.1000000015
4111  32.326  -81.971  3.348 0.1000000015
4649  31.069  -79.611  7.543 0.1000000015
4651  30.016  -78.480  8.599 0.1000000015
4671  31.896  -80.545  6.372 0.1000000015
4672  31.298  -80.271  6.515 0.1000000015
4686  31.404  -80.597  5.766 0.1000000015
4695  33.839  -80.433  4.652 0.1000000015
5222  30.323  -78.656  9.297 0.1000000015
5251  33.362  -79.869  6.140 0.1000000015
5263  34.446  -78.945  5.395 0.1000000015
5275  34.428  -79.142  4.921 0.1000000015
5276  34.185  -79.676  4.552 0.1000000015
5836  34.285  -78.585  13.368 0.1000000015
5866  30.766  -78.673  11.431 0.1000000015
5925  33.445  -77.897  7.098 0.1000000015
5927  29.947  -78.524  7.793 0.1000000015
5936  35.220  -77.832  5.782 0.1000000015
5937  34.551  -78.262  6.149 0.1000000015
5951  34.928  -78.287  5.512 0.1000000015
5966  29.350  -78.772  5.034 0.1000000015
6590  35.087  -77.600  6.324 0.1000000015
6620  33.326  -78.562  4.072 0.1000000015
7174  33.677  -77.511  11.456 0.1000000015
7189  32.477  -76.532  10.487 0.1000000015
7200  32.517  -76.255  9.560 0.1000000015
7201  31.758  -76.768  10.068 0.1000000015
7234  35.721  -77.406  5.972 0.1000000015
7887  38.003  -75.789  13.296 0.1000000015
7901  39.285  -75.313  11.643 0.1000000015
7951  33.807  -75.803  8.822 0.1000000015
8027  28.933  -75.032  3.212 0.1000000015
8101  40.569  -75.747  -1.194 0.1000000015
8681  39.399  -74.749  13.130 0.1000000015
9486  41.044  -73.271  12.806 0.1000000015
9554  31.411  -73.405  6.816 0.1000000015
9562  30.209  -73.270  5.616 0.1000000015
9698  33.793  -73.959  -4.631 0.1000000015
9709  36.730  -73.373  -7.364 0.1000000015
10199  41.631  -71.587  12.616 0.1000000015
10200  41.389  -72.347  12.769 0.1000000015
10260  33.959  -72.208  7.930 0.1000000015
10271  31.248  -72.476  6.561 0.1000000015
10277  30.980  -71.851  5.770 0.1000000015
10302  43.422  -71.889  3.164 0.1000000015
10311  29.720  -71.890  3.533 0.1000000015
10323  34.228  -72.924  2.165 0.1000000015
10340  43.116  -72.692  1.926 0.1000000015
10400  39.060  -71.810  -4.266 0.1000000015
10428  39.550  -72.180  -7.240 0.1000000015
10430  37.869  -72.395  -6.859 0.1000000015
10431  36.404  -72.523  -6.631 0.1000000015
10453  39.534  -72.355  -7.783 0.1000000015
10959  42.608  -71.389  11.109 0.1000000015
11013  35.523  -71.074  6.638 0.1000000015
11014  34.716  -71.259  6.705 0.1000000015
11030  35.192  -71.049  5.749 0.1000000015
11034  31.637  -71.512  5.369 0.1000000015
11045  43.441  -71.113  4.526 0.1000000015
11057  31.634  -71.442  4.400 0.1000000015
11082  43.205  -71.855  2.446 0.1000000015
11109  34.854  -70.799  -0.041 0.4000000060
11120  35.710  -71.609  -1.209 0.4000000060
11142  39.873  -71.363  -3.635 0.1000000015
11161  38.442  -71.413  -4.854 0.1000000015
11202  40.661  -71.158  -6.010 0.1000000015
11747  42.577  -70.476  11.712 0.1000000015
11748  41.733  -70.297  12.150 0.1000000015
11759  42.840  -69.957  11.270 0.1000000015
11768  42.944  -69.632  10.697 0.1000000015
11772  39.420  -70.694  9.092 0.1000000015
11830  37.220  -71.006  4.822 0.1000000015
11907  40.956  -70.822  -4.929 0.1000000015
12571  43.220  -69.504  9.818 0.1000000015
12602  32.994  -69.081  7.875 0.1000000015
12615  43.347  -69.468  5.411 0.1000000015
12618  43.170  -69.618  4.688 0.1000000015
12630  40.008  -70.000  2.448 0.3000000119
12640  36.860  -70.102  1.875 0.4000000060
12641  35.585  -69.252  1.907 0.4000000060
12654  32.944  -69.098  -0.070 0.4000000060
12661  33.332  -69.501  -0.580 0.3000000119
12662  32.905  -69.045  -0.727 0.4000000060
12669  33.816  -69.605  -1.654 0.3000000119
12680  34.329  -69.181  -2.260 0.3000000119
12724  41.826  -69.661  -5.423 0.1000000015
12756  41.333  -69.205  -6.852 0.1000000015
12775  40.092  -69.389  -8.313 0.1000000015
13380  43.129  -69.133  10.365 0.1000000015
13415  31.836  -68.261  8.167 0.1000000015
13451  36.938  -68.619  2.594 0.4000000060
13452  35.531  -68.439  2.390 0.4000000060
13462  32.748  -68.362  1.099 0.5000000000
13475  32.795  -68.528  -1.262 0.4000000060
13486  40.712  -68.414  -2.334 0.1000000015
13546  41.676  -69.069  -6.099 0.1000000015
14244  35.139  -67.041  3.206 0.5000000000
14250  32.716  -67.508  2.253 0.4000000060
14251  31.932  -67.318  1.963 0.5000000000
14257  31.646  -67.513  1.186 0.5000000000
14258  31.048  -67.018  0.851 0.5000000000
14268  31.548  -67.400  -0.396 0.5000000000
14274  33.317  -67.028  -1.916 0.4000000060
14288  38.212  -67.273  -2.284 0.1000000015
14351  40.659  -67.346  -6.300 0.2000000030
14374  37.623  -67.392  -8.712 0.1000000015
14982  32.659  -66.787  16.267 0.1000000015
14991  30.999  -66.416  15.169 0.1000000015
14992  30.691  -65.746  14.754 0.1000000015
15021  30.427  -66.402  11.890 0.1000000015
15040  30.489  -66.454  11.178 0.1000000015
15052  30.670  -66.487  10.509 0.1000000015
15110  37.168  -66.547  4.339 0.4000000060
15112  35.190  -65.495  4.332 0.4000000060
15119  30.387  -65.928  2.868 0.5000000000
15121  33.904  -67.073  2.930 0.5000000000
15122  33.192  -67.052  2.848 0.4000000060
15123  32.328  -67.021  2.735 0.5000000000
15129  30.751  -66.595  1.496 0.5000000000
15144  30.909  -66.226  -0.110 0.5000000000
15156  32.002  -65.997  -1.039 0.4000000060
15186  38.042  -65.892  -3.600 0.1000000015
15202  36.901  -66.621  -5.208 0.2000000030
15203  35.566  -66.110  -5.259 0.2000000030
15235  40.606  -65.779  -7.535 0.1000000015
15237  37.346  -65.993  -7.350 0.2000000030
15239  35.470  -65.748  -7.111 0.2000000030
15249  40.947  -65.553  -8.264 0.1000000015
15273  36.607  -66.536  -9.131 0.1000000015
15867  30.460  -65.332  14.162 0.1000000015
15900  30.722  -65.450  10.983 0.2000000030
15955  35.333  -64.975  6.434 0.3000000119
15969  36.538  -65.478  5.304 0.4000000060
15982  35.606  -65.064  4.831 0.5000000000
15987  30.075  -65.009  3.895 0.4000000060
15995  29.673  -64.820  3.100 0.5000000000
15997  30.031  -65.652  2.244 0.5000000000
16030  36.259  -64.972  -2.502 0.2000000030
16037  37.637  -65.575  -3.071 0.2000000030
16048  35.841  -65.282  -4.276 0.2000000030
16059  34.446  -65.497  -5.379 0.2000000030
16073  34.382  -65.560  -6.244 0.2000000030
16083  39.663  -65.061  -7.677 0.2000000030
16123  37.797  -64.573  -10.515 0.1000000015
16704  32.950  -64.492  16.952 0.1000000015
16734  30.465  -64.192  13.232 0.1000000015
16746  38.635  -63.654  12.316 0.3000000119
16747  38.086  -63.844  12.231 0.3000000119
16751  32.154  -64.086  11.863 0.2000000030
16767  35.319  -64.389  12.087 0.3000000119
16768  32.055  -64.340  11.308 0.2000000030
16781  32.509  -64.222  11.051 0.4000000060
16782  31.722  -64.994  10.280 0.4000000060
16794  32.129  -64.409  10.194 0.4000000060
16833  34.716  -63.843  5.714 0.4000000060
16836  31.368  -63.985  5.315 0.5000000000
16856  30.709  -64.588  4.739 0.5000000000
16876  29.452  -64.287  2.651 0.5000000000
16882  29.563  -64.391  1.881 0.5000000000
16886  30.246  -64.843  0.727 0.5000000000
16907  35.243  -64.019  -1.991 0.4000000060
16923  34.607  -64.442  -4.005 0.2000000030
16933  32.726  -63.933  -5.754 0.3000000119
16952  40.208  -64.723  -8.185 0.1000000015
16974  39.646  -63.711  -9.752 0.1000000015
16975  39.515  -64.169  -9.938 0.1000000015
16986  38.873  -64.051  -10.540 0.1000000015
17594  32.269  -63.905  16.470 0.1000000015
17607  31.183  -63.132  15.005 0.1000000015
17629  34.175  -63.726  12.736 0.2000000030
17649  30.983  -63.687  12.653 0.1000000015
17650  30.679  -63.711  13.010 0.1000000015
17665  38.526  -63.952  11.980 0.4000000060
17667  36.784  -64.092  11.838 0.4000000060
17701  45.846  -62.820  9.513 0.2000000030
17702  32.355  -63.641  9.728 0.5000000000
17712  47.436  -62.805  8.281 0.1000000015
17713  46.947  -63.077  8.860 0.1000000015
17726  47.121  -63.249  7.827 0.2000000030
17727  46.413  -63.332  7.669 0.2000000030
17737  47.233  -63.177  6.417 0.1000000015
17742  33.313  -62.837  6.740 0.5000000000
17744  30.375  -62.738  5.997 0.5000000000
17759  30.040  -63.201  5.391 0.4000000060
17841  31.690  -63.716  -0.151 0.4000000060
17852  33.375  -62.807  -1.015 0.4000000060
17859  34.829  -63.714  -2.170 0.4000000060
17867  34.639  -63.636  -2.716 0.4000000060
17878  32.016  -62.990  -4.969 0.3000000119
17884  32.310  -63.328  -5.594 0.3000000119
17906  34.013  -63.726  -7.744 0.3000000119
17908  32.787  -63.006  -6.904 0.3000000119
17923  35.158  -63.195  -8.704 0.4000000060
17924  34.392  -63.254  -8.269 0.3000000119
17933  39.362  -63.184  -9.561 0.2000000030
17935  37.187  -62.993  -9.250 0.3000000119
18586  32.653  -62.539  16.561 0.1000000015
18627  32.271  -62.496  13.386 0.1000000015
18637  43.484  -62.369  12.028 0.1000000015
18642  37.787  -63.355  12.594 0.2000000030
18656  46.821  -62.310  10.859 0.1000000015
18673  46.949  -62.488  10.387 0.1000000015
18675  45.525  -62.851  11.044 0.1000000015
18744  47.502  -62.881  7.117 0.1000000015
18761  47.188  -63.101  5.869 0.1000000015
18767  29.878  -62.563  5.541 0.4000000060
18804  38.660  -61.679  1.784 0.1000000015
18821  30.699  -62.596  0.519 0.4000000060
18847  32.520  -61.742  -1.042 0.4000000060
18854  32.991  -62.206  -2.141 0.4000000060
18871  31.696  -62.230  -4.601 0.2000000030
18876  32.059  -62.802  -5.769 0.3000000119
18877  31.779  -62.398  -5.304 0.3000000119
18898  33.165  -62.704  -7.411 0.3000000119
18941  39.313  -62.482  -10.594 0.2000000030
18965  39.246  -61.659  -12.158 0.1000000015
19538  32.480  -61.857  15.999 0.1000000015
19555  32.490  -61.344  15.221 0.1000000015
19583  33.064  -61.099  14.024 0.1000000015
19584  32.618  -61.766  13.762 0.1000000015
19640  39.515  -61.697  9.325 0.5000000000
19656  47.566  -61.792  9.006 0.1000000015
19659  39.802  -61.256  8.609 0.5000000000
19662  31.751  -61.630  8.329 0.5000000000
19672  47.613  -62.569  7.835 0.1000000015
19678  39.381  -60.784  8.067 0.4000000060
19679  31.157  -61.186  7.775 0.5000000000
19689  41.813  -61.386  6.490 0.2000000030
19709  29.722  -61.979  5.334 0.4000000060
19719  41.339  -61.665  4.859 0.1000000015
19723  29.838  -61.191  5.019 0.4000000060
19736  39.276  -61.593  3.065 0.1000000015
19756  29.950  -60.932  2.872 0.4000000060
19762  38.816  -61.454  1.431 0.1000000015
19765  29.786  -62.169  1.740 0.4000000060
19775  39.628  -61.743  0.869 0.1000000015
19776  38.492  -60.879  1.438 0.2000000030
19812  31.639  -61.140  -3.392 0.2000000030
19823  32.042  -61.339  -5.807 0.3000000119
19829  32.421  -61.740  -6.474 0.3000000119
19871  35.150  -61.632  -9.610 0.3000000119
20518  33.830  -60.860  17.140 0.1000000015
20538  32.878  -60.917  14.668 0.1000000015
20617  47.040  -61.449  10.613 0.1000000015
20634  47.301  -61.611  9.955 0.1000000015
20642  32.859  -60.540  10.089 0.5000000000
20652  47.030  -61.223  9.120 0.1000000015
20672  37.290  -60.040  7.818 0.5000000000
20673  31.051  -60.323  7.730 0.6000000238
20685  38.910  -59.919  6.382 0.5000000000
20686  38.202  -59.583  5.968 0.5000000000
20704  38.757  -59.922  5.291 0.2000000030
20716  38.383  -60.243  4.207 0.3000000119
20717  37.544  -60.067  3.772 0.3000000119
20718  36.787  -59.864  3.384 0.2000000030
20720  30.168  -60.539  4.799 0.4000000060
20732  37.300  -60.378  2.838 0.2000000030
20733  36.907  -60.040  2.935 0.1000000015
20747  36.889  -59.961  2.454 0.2000000030
20748  36.304  -59.596  2.427 0.2000000030
20756  40.050  -60.715  0.747 0.1000000015
20757  38.096  -60.274  1.423 0.1000000015
20758  37.827  -60.461  1.695 0.2000000030
20769  40.461  -61.398  0.431 0.1000000015
20771  30.488  -60.424  0.485 0.4000000060
20798  31.552  -59.991  -2.452 0.2000000030
20804  31.447  -60.513  -3.848 0.2000000030
20837  33.584  -60.709  -7.636 0.2000000030
20893  37.603  -60.725  -11.078 0.2000000030
20915  38.850  -60.471  -12.977 0.1000000015
21557  35.002  -58.860  16.766 0.1000000015
21580  35.109  -59.021  14.082 0.1000000015
21592  35.746  -59.064  13.459 0.1000000015
21593  35.272  -59.739  13.551 0.1000000015
21607  43.636  -58.539  13.127 0.1000000015
21612  38.144  -59.380  12.602 0.2000000030
21622  44.905  -59.647  11.954 0.1000000015
21654  35.163  -59.608  8.778 0.5000000000
21655  34.496  -59.546  9.182 0.5000000000
21657  32.903  -59.834  9.663 0.5000000000
21678  33.005  -59.260  8.941 0.5000000000
21691  36.989  -59.618  7.177 0.5000000000
21694  31.314  -59.386  7.464 0.5000000000
21706  37.587  -59.545  6.598 0.4000000060
21709  31.061  -59.239  6.470 0.5000000000
21728  34.849  -58.791  4.580 0.3000000119
21729  31.694  -59.131  4.895 0.4000000060
21787  33.340  -58.849  3.109 0.3000000119
21807  36.881  -59.673  1.806 0.2000000030
21811  30.467  -59.676  1.810 0.4000000060
21885  31.634  -59.761  -4.157 0.2000000030
21893  40.678  -59.395  -5.742 0.1000000015
21895  39.430  -59.313  -5.953 0.1000000015
21898  31.901  -60.144  -4.948 0.2000000030
21907  33.624  -59.738  -6.469 0.2000000030
21920  34.337  -59.511  -7.647 0.2000000030
21958  35.490  -59.547  -9.822 0.3000000119
21992  38.334  -59.489  -12.597 0.1000000015
22607  34.788  -58.712  16.086 0.1000000015
22617  34.743  -58.780  15.408 0.1000000015
22727  40.742  -57.914  7.679 0.1000000015
22729  33.226  -58.659  7.738 0.5000000000
22745  34.472  -58.488  6.463 0.4000000060
22748  31.731  -58.770  5.829 0.4000000060
22769  34.210  -58.456  5.468 0.4000000060
22809  34.660  -58.621  2.378 0.2000000030
22833  30.895  -58.009  0.901 0.2000000030
22879  32.162  -58.279  -3.679 0.2000000030
22897  39.031  -58.958  -4.916 0.1000000015
22901  35.148  -58.167  -5.008 0.1000000015
22903  32.575  -58.621  -4.408 0.1000000015
22923  39.770  -59.263  -5.417 0.1000000015
22929  33.768  -58.745  -5.406 0.1000000015
22951  34.718  -58.897  -6.471 0.1000000015
22970  40.527  -58.462  -6.937 0.1000000015
22972  38.869  -58.916  -6.262 0.1000000015
22989  35.186  -58.727  -8.579 0.1000000015
23030  35.995  -58.967  -10.103 0.2000000030
23608  36.793  -57.068  16.583 0.1000000015
23671  43.297  -57.023  12.778 0.1000000015
23700  39.497  -57.410  9.485 0.1000000015
23821  31.909  -56.889  1.674 0.2000000030
23827  31.448  -57.060  0.784 0.2000000030
23834  31.396  -57.243  -0.770 0.1000000015
23860  31.685  -57.877  -2.470 0.2000000030
23881  32.018  -57.836  -3.090 0.2000000030
23935  36.523  -58.073  -6.892 0.1000000015
23960  37.058  -57.482  -7.420 0.1000000015
23983  38.665  -56.933  -8.281 0.1000000015
23985  36.377  -57.585  -8.614 0.2000000030
24006  37.111  -57.184  -9.136 0.2000000030
24024  36.948  -58.016  -10.498 0.2000000030
24048  38.317  -57.255  -13.741 0.1000000015
24059  38.081  -57.028  -13.911 0.1000000015
24671  41.596  -56.110  14.119 0.1000000015
24680  41.879  -55.943  13.270 0.1000000015
24716  38.058  -56.290  10.250 0.1000000015
24736  38.402  -56.658  9.670 0.1000000015
24759  39.001  -56.590  7.396 0.1000000015
24859  32.514  -55.860  0.538 0.1000000015
24999  39.281  -56.711  -9.355 0.1000000015
25685  38.721  -54.970  16.759 0.1000000015
25695  41.819  -55.876  13.759 0.1000000015
25696  41.323  -55.503  14.000 0.1000000015
25778  38.193  -55.601  7.120 0.1000000015
26069  38.581  -55.879  -13.775 0.1000000015
26687  39.584  -54.821  15.210 0.1000000015
129564  33.949  -64.982  -6.697 0.3000000119
130186  35.110  -64.564  -7.807 0.2000000030
130328  42.053  -56.929  12.272 0.1000000015
131483  32.726  -66.808  -1.589 0.3000000119
132284  37.382  -55.538  8.219 0.1000000015
132573  34.362  -60.237  -8.774 0.2000000030
132770  29.759  -71.784  1.420 0.1000000015
133153  40.174  -63.611  12.102 0.2000000030
133481  34.778  -70.348  0.484 0.4000000060
133599  40.834  -68.056  9.006 0.1000000015
133680  37.290  -60.110  1.871 0.2000000030
134088  33.679  -67.700  7.130 0.1000000015
134950  37.030  -59.307  1.551 0.1000000015
134975  31.772  -58.311  -3.085 0.2000000030
135117  37.526  -72.992  -0.245 0.3000000119
135984  37.937  -71.020  1.738 0.4000000060
136098  42.446  -59.055  8.065 0.1000000015
136108  37.700  -54.419  17.308 0.1000000015
136185  38.117  -57.014  -10.898 0.1000000015
136502  30.032  -60.958  2.071 0.4000000060
136986  39.929  -62.766  12.596 0.2000000030
137144  34.924  -68.190  7.258 0.1000000015
138239  30.441  -65.782  11.475 0.1000000015
139043  33.796  -58.510  7.181 0.5000000000
139049  30.382  -64.857  13.472 0.1000000015
139063  47.237  -63.251  7.059 0.1000000015
140017  34.941  -65.892  -6.501 0.2000000030
140425  37.537  -68.947  -2.566 0.1000000015
140554  41.603  -61.380  12.411 0.2000000030
140988  36.899  -72.608  -0.054 0.3000000119
141204  31.703  -66.918  8.377 0.3000000119
141215  31.504  -59.813  -1.553 0.3000000119
141294  31.438  -59.374  4.158 0.3000000119
141651  33.938  -79.654  5.567 0.1000000015
142487  42.153  -72.199  10.886 0.1000000015
142618  42.626  -71.621  2.189 0.2000000030
142738  32.574  -62.799  6.424 0.6000000238
142994  41.142  -67.109  -7.032 0.2000000030
143308  34.680  -67.560  -2.428 0.3000000119
143661  40.864  -56.266  14.271 0.1000000015
143802  34.229  -74.228  -4.005 0.1000000015
143886  33.605  -69.766  -1.093 0.3000000119
144852  29.404  -63.059  2.552 0.5000000000
144925  30.297  -78.573  8.684 0.1000000015
145032  36.856  -64.429  -8.169 0.2000000030
145066  34.578  -63.185  13.048 0.2000000030
145098  39.259  -63.593  12.258 0.3000000119
146994  31.434  -56.923  -0.063 0.1000000015
147149  30.907  -58.294  0.038 0.4000000060
147283  36.142  -65.267  4.956 0.4000000060
147620  31.194  -77.238  3.074 0.1000000015
148273  38.035  -76.245  12.280 0.1000000015
148311  28.581  -73.990  3.663 0.1000000015
148711  43.441  -62.965  11.444 0.1000000015
149110  29.939  -64.431  1.282 0.4000000060
149596  35.226  -58.594  -6.849 0.1000000015
149605  29.671  -71.703  2.260 0.1000000015
149746  36.677  -60.005  12.798 0.2000000030
149846  46.934  -63.461  6.447 0.1000000015
150126  44.344  -60.417  12.404 0.1000000015
150764  35.961  -70.927  5.131 0.1000000015
151364  37.477  -60.480  2.067 0.2000000030
151587  37.111  -62.955  12.719 0.2000000030
151678  38.348  -57.312  -7.540 0.1000000015
151762  38.323  -67.118  -5.245 0.1000000015
151969  34.744  -59.028  -7.946 0.2000000030
152322  32.568  -68.029  7.543 0.2000000030
152549  39.414  -70.057  2.277 0.3000000119
152971  30.655  -80.620  3.964 0.1000000015
153201  39.534  -63.079  10.972 0.4000000060
153291  39.193  -61.628  1.161 0.1000000015
153899  30.667  -67.161  13.979 0.1000000015
154028  35.402  -59.046  7.307 0.5000000000
154499  35.164  -64.979  4.654 0.4000000060
154812  44.802  -62.769  7.523 0.2000000030
154985  32.982  -64.063  8.146 0.5000000000
155013  33.614  -62.223  11.048 0.5000000000
155048  35.763  -70.634  1.115 0.4000000060
155307  36.388  -59.324  1.957 0.2000000030
155678  42.789  -61.895  7.582 0.2000000030
