#!ascii label  , from subject sub-v1s17x0050260_ses-1 vox2ras=TkReg
342
79840  28.118  -3.089  -24.882 0.0000000000
71816  25.673  -11.106  -19.124 0.0000000000
85395  27.852  3.314  -22.465 0.0000000000
95483  26.857  14.469  -22.436 0.0000000000
70018  23.067  -12.890  -18.608 0.0000000000
87331  27.846  5.772  -25.455 0.0000000000
90098  27.444  8.821  -24.983 0.0000000000
78865  26.649  -4.653  -23.018 0.0000000000
74809  27.023  -7.089  -22.920 0.0000000000
76859  28.683  -5.665  -24.699 0.0000000000
81593  28.626  -1.071  -28.396 0.0000000000
142532  30.484  -3.366  -27.033 0.0000000000
82540  27.887  0.521  -22.835 0.0000000000
84465  27.833  2.267  -26.747 0.0000000000
92660  26.390  11.824  -21.569 0.0000000000
92697  27.767  11.238  -25.202 0.0000000000
73672  27.470  -8.628  -19.136 0.0000000000
89194  27.622  7.191  -23.068 0.0000000000
90047  27.340  8.494  -22.167 0.0000000000
131036  27.707  -3.688  -24.096 0.0000000000
76851  27.882  -5.640  -24.343 0.0000000000
135551  28.412  -4.531  -25.582 0.0000000000
70916  24.769  -12.077  -18.379 0.0000000000
83483  28.016  1.612  -22.936 0.0000000000
84443  28.339  1.928  -24.909 0.0000000000
133007  28.322  2.734  -24.270 0.0000000000
130983  26.909  6.291  -27.156 0.0000000000
87350  26.491  5.190  -27.657 0.0000000000
94547  24.230  13.768  -23.239 0.0000000000
92670  24.121  11.195  -22.207 0.0000000000
94532  26.344  13.152  -21.874 0.0000000000
96443  27.083  15.486  -28.891 0.0000000000
94579  27.103  13.338  -27.959 0.0000000000
93630  27.943  12.492  -25.905 0.0000000000
93645  26.980  12.162  -27.534 0.0000000000
92711  27.225  11.096  -26.711 0.0000000000
75819  28.242  -7.068  -22.397 0.0000000000
152481  27.452  -8.186  -21.652 0.0000000000
68994  22.779  -13.597  -18.260 0.0000000000
86380  28.363  4.373  -23.897 0.0000000000
129777  28.089  5.998  -23.683 0.0000000000
129209  27.709  7.164  -24.731 0.0000000000
89230  27.083  7.762  -26.436 0.0000000000
75820  25.081  -6.684  -22.380 0.0000000000
148390  26.636  -5.892  -23.331 0.0000000000
144372  28.196  -6.428  -23.678 0.0000000000
76835  28.539  -6.424  -23.089 0.0000000000
130049  28.507  -1.712  -27.074 0.0000000000
78898  28.957  -3.591  -27.300 0.0000000000
79860  29.143  -2.400  -28.315 0.0000000000
80687  27.152  -2.185  -22.957 0.0000000000
81548  26.886  -0.582  -22.376 0.0000000000
81558  28.026  -0.911  -23.578 0.0000000000
82558  28.451  0.019  -25.470 0.0000000000
82568  28.164  0.698  -26.932 0.0000000000
84472  26.497  1.515  -28.995 0.0000000000
86403  27.803  4.237  -26.042 0.0000000000
133368  26.307  3.124  -28.096 0.0000000000
90866  25.836  9.827  -21.357 0.0000000000
95495  28.173  14.919  -24.009 0.0000000000
94546  27.924  13.350  -23.527 0.0000000000
92680  27.760  11.570  -23.182 0.0000000000
138985  27.382  9.963  -22.177 0.0000000000
135851  27.509  10.071  -25.243 0.0000000000
150345  26.959  9.705  -26.655 0.0000000000
72723  25.154  -10.176  -20.211 0.0000000000
73718  25.609  -8.135  -21.528 0.0000000000
77874  30.076  -4.402  -26.083 0.0000000000
77857  29.501  -4.937  -23.414 0.0000000000
89173  27.197  7.764  -21.940 0.0000000000
90048  26.925  8.478  -21.735 0.0000000000
139373  28.142  -3.961  -25.078 0.0000000000
148874  28.436  -3.653  -26.055 0.0000000000
140677  21.366  -14.497  -17.397 0.0000000000
67911  22.003  -14.454  -17.689 0.0000000000
150665  25.371  -11.547  -18.578 0.0000000000
84423  27.575  2.520  -22.410 0.0000000000
84434  28.167  2.635  -23.136 0.0000000000
85416  28.350  3.474  -23.477 0.0000000000
88295  26.378  7.012  -27.752 0.0000000000
133405  26.317  6.064  -27.919 0.0000000000
95484  25.804  14.652  -22.368 0.0000000000
94540  24.670  13.295  -22.479 0.0000000000
93594  25.383  12.925  -21.864 0.0000000000
154576  26.349  13.944  -22.172 0.0000000000
138580  27.183  12.781  -27.599 0.0000000000
93646  26.395  11.763  -28.116 0.0000000000
75806  28.401  -6.844  -21.339 0.0000000000
148769  28.219  -7.294  -20.683 0.0000000000
70941  23.538  -11.385  -19.251 0.0000000000
87295  27.651  5.003  -22.049 0.0000000000
129736  27.828  5.874  -22.734 0.0000000000
139838  27.552  7.864  -23.244 0.0000000000
88273  27.831  6.789  -23.888 0.0000000000
139657  27.490  8.089  -24.737 0.0000000000
147226  27.440  7.519  -25.602 0.0000000000
90099  27.283  8.461  -25.759 0.0000000000
95491  24.979  15.079  -22.905 0.0000000000
76837  25.711  -5.569  -23.038 0.0000000000
76836  26.606  -5.397  -23.242 0.0000000000
76860  28.340  -5.679  -24.542 0.0000000000
75844  27.939  -6.198  -23.996 0.0000000000
75843  28.376  -5.980  -24.176 0.0000000000
76850  28.690  -5.996  -24.091 0.0000000000
151862  23.055  -13.809  -18.080 0.0000000000
133624  28.641  -1.715  -27.928 0.0000000000
133069  28.724  -2.493  -27.652 0.0000000000
80730  28.967  -1.698  -28.578 0.0000000000
79815  26.696  -3.078  -22.748 0.0000000000
133136  27.841  -0.267  -22.915 0.0000000000
81547  27.412  -0.996  -22.773 0.0000000000
82539  28.221  -0.001  -23.563 0.0000000000
81568  28.376  -0.676  -24.750 0.0000000000
82548  28.403  0.445  -24.455 0.0000000000
83504  28.220  1.660  -26.136 0.0000000000
83512  27.760  1.297  -27.436 0.0000000000
84471  27.165  1.856  -27.859 0.0000000000
87320  28.184  5.315  -24.470 0.0000000000
86392  28.220  4.517  -24.957 0.0000000000
136026  28.000  5.027  -25.457 0.0000000000
86409  26.343  4.025  -27.800 0.0000000000
85455  25.907  2.188  -28.985 0.0000000000
92662  24.880  11.365  -21.700 0.0000000000
91770  23.852  10.394  -22.323 0.0000000000
144038  24.564  10.536  -21.697 0.0000000000
90867  25.029  9.820  -21.376 0.0000000000
91762  25.539  10.654  -21.427 0.0000000000
139425  28.007  14.809  -27.011 0.0000000000
96434  27.915  15.554  -27.358 0.0000000000
138322  28.286  14.154  -24.686 0.0000000000
94554  28.190  13.422  -24.393 0.0000000000
93625  28.033  11.989  -24.928 0.0000000000
141159  27.972  12.000  -23.987 0.0000000000
92691  27.833  11.214  -24.316 0.0000000000
91769  27.580  10.733  -22.578 0.0000000000
91778  27.709  10.620  -23.532 0.0000000000
130505  27.612  9.909  -23.807 0.0000000000
137774  27.687  10.710  -25.014 0.0000000000
91826  26.677  10.677  -27.395 0.0000000000
91819  27.071  10.324  -26.668 0.0000000000
91827  26.058  10.205  -28.080 0.0000000000
90929  26.238  9.377  -27.746 0.0000000000
72724  24.231  -10.077  -20.116 0.0000000000
74810  26.002  -6.884  -22.627 0.0000000000
144278  25.596  -7.361  -22.067 0.0000000000
74797  26.523  -7.766  -22.202 0.0000000000
73683  27.355  -8.808  -20.139 0.0000000000
73697  27.013  -8.910  -21.148 0.0000000000
72737  26.869  -9.347  -20.339 0.0000000000
72721  26.519  -9.862  -19.957 0.0000000000
78904  29.823  -3.520  -27.669 0.0000000000
77884  29.504  -4.168  -26.926 0.0000000000
78893  30.363  -3.875  -26.612 0.0000000000
88251  27.527  6.602  -22.446 0.0000000000
88240  27.041  6.920  -21.804 0.0000000000
89183  27.450  7.823  -22.539 0.0000000000
90066  27.536  8.314  -23.793 0.0000000000
78877  27.486  -4.567  -23.842 0.0000000000
77859  27.360  -5.256  -23.739 0.0000000000
77868  28.252  -5.243  -25.003 0.0000000000
76858  29.032  -5.255  -25.544 0.0000000000
70017  23.898  -12.566  -18.523 0.0000000000
70005  24.253  -12.744  -17.843 0.0000000000
70004  24.953  -12.212  -17.372 0.0000000000
70904  25.523  -11.656  -16.804 0.0000000000
82572  28.294  0.006  -28.725 0.0000000000
81599  28.766  -0.656  -28.679 0.0000000000
83473  27.300  0.969  -22.365 0.0000000000
83493  28.330  1.336  -24.158 0.0000000000
84444  28.276  2.068  -23.831 0.0000000000
84455  28.207  2.599  -25.527 0.0000000000
88288  27.457  6.069  -26.297 0.0000000000
87341  27.631  5.217  -26.237 0.0000000000
87342  27.175  5.492  -26.894 0.0000000000
87351  25.709  5.396  -28.400 0.0000000000
93587  25.165  12.156  -21.752 0.0000000000
93586  25.953  12.369  -21.599 0.0000000000
95515  27.193  14.910  -28.486 0.0000000000
95505  28.036  14.061  -26.671 0.0000000000
94563  28.247  13.371  -25.347 0.0000000000
93644  27.558  12.641  -26.913 0.0000000000
93631  27.376  11.896  -26.756 0.0000000000
92725  26.813  11.442  -27.453 0.0000000000
92726  26.223  11.057  -28.053 0.0000000000
74807  27.845  -7.387  -22.547 0.0000000000
73716  27.097  -8.201  -21.938 0.0000000000
74794  27.944  -7.635  -21.741 0.0000000000
74780  27.733  -8.142  -20.759 0.0000000000
68995  22.153  -13.892  -18.082 0.0000000000
70019  22.132  -13.005  -18.390 0.0000000000
70927  23.420  -12.114  -18.874 0.0000000000
70926  24.242  -11.901  -18.960 0.0000000000
70940  24.476  -11.268  -19.388 0.0000000000
150593  25.143  -11.130  -19.474 0.0000000000
86355  27.410  3.962  -21.840 0.0000000000
86365  28.171  4.193  -22.677 0.0000000000
87307  28.267  5.140  -23.186 0.0000000000
88261  27.798  6.493  -23.181 0.0000000000
130614  27.968  6.296  -24.635 0.0000000000
88284  27.652  6.638  -25.526 0.0000000000
88289  27.296  6.930  -26.362 0.0000000000
150814  26.885  7.188  -26.992 0.0000000000
89237  26.632  7.859  -27.211 0.0000000000
95492  24.171  14.548  -23.698 0.0000000000
96404  25.708  15.444  -22.635 0.0000000000
96403  26.590  15.351  -22.577 0.0000000000
75835  26.316  -6.306  -23.089 0.0000000000
76852  27.326  -5.837  -23.701 0.0000000000
75845  27.246  -6.358  -23.396 0.0000000000
75834  27.769  -6.805  -23.371 0.0000000000
145270  28.037  -7.045  -23.122 0.0000000000
76822  28.653  -6.222  -21.861 0.0000000000
79839  28.355  -2.676  -25.858 0.0000000000
134528  28.738  -3.553  -26.998 0.0000000000
79843  28.592  -3.079  -26.970 0.0000000000
79854  29.327  -2.870  -28.036 0.0000000000
134533  30.072  -2.764  -28.043 0.0000000000
81598  29.354  -1.417  -28.618 0.0000000000
80724  30.329  -2.154  -27.712 0.0000000000
80721  30.595  -2.024  -26.926 0.0000000000
78878  27.116  -3.855  -23.144 0.0000000000
79827  27.306  -3.096  -23.311 0.0000000000
80697  27.736  -2.608  -23.825 0.0000000000
80688  26.604  -1.427  -22.486 0.0000000000
130624  27.715  -1.704  -23.473 0.0000000000
80707  28.185  -1.901  -24.552 0.0000000000
129204  28.399  -1.702  -25.849 0.0000000000
81580  28.434  -0.810  -26.180 0.0000000000
130126  28.356  -0.020  -26.551 0.0000000000
131900  28.418  0.925  -25.517 0.0000000000
130857  28.226  -0.178  -27.838 0.0000000000
82573  27.870  0.480  -28.277 0.0000000000
83520  27.247  0.947  -28.946 0.0000000000
85427  28.273  3.597  -24.903 0.0000000000
85439  27.826  3.188  -26.310 0.0000000000
86404  27.147  4.617  -27.020 0.0000000000
85440  27.065  3.491  -27.237 0.0000000000
85446  27.301  2.691  -27.230 0.0000000000
85447  26.634  2.467  -27.996 0.0000000000
143297  25.566  9.111  -21.328 0.0000000000
96408  27.714  15.672  -23.323 0.0000000000
96416  28.221  15.706  -24.319 0.0000000000
95490  27.827  14.796  -23.316 0.0000000000
95482  27.608  14.097  -22.904 0.0000000000
94537  27.554  13.139  -22.748 0.0000000000
93584  27.243  12.141  -21.995 0.0000000000
93617  28.087  12.687  -24.184 0.0000000000
93604  27.825  12.526  -23.350 0.0000000000
92659  26.983  11.625  -21.739 0.0000000000
91760  27.155  10.735  -21.834 0.0000000000
133381  27.032  9.899  -21.776 0.0000000000
90864  27.193  9.227  -21.915 0.0000000000
90876  27.441  9.207  -22.566 0.0000000000
90888  27.548  9.155  -23.563 0.0000000000
90902  27.531  9.483  -24.553 0.0000000000
91818  27.480  10.699  -25.847 0.0000000000
91805  27.303  9.873  -26.061 0.0000000000
90916  27.102  9.182  -26.288 0.0000000000
90106  26.878  8.528  -26.694 0.0000000000
90112  26.423  8.627  -27.466 0.0000000000
71826  24.764  -10.710  -19.797 0.0000000000
71825  25.525  -10.698  -19.769 0.0000000000
73719  24.549  -8.058  -21.227 0.0000000000
73717  26.534  -8.492  -21.597 0.0000000000
73698  26.101  -9.041  -21.150 0.0000000000
73699  25.112  -8.851  -20.977 0.0000000000
72739  25.594  -9.582  -20.626 0.0000000000
71824  26.143  -10.497  -19.564 0.0000000000
78894  28.776  -4.158  -26.516 0.0000000000
77876  29.101  -4.573  -26.366 0.0000000000
77867  29.604  -4.986  -25.461 0.0000000000
78888  30.134  -4.278  -25.180 0.0000000000
137410  29.681  -4.850  -24.391 0.0000000000
145205  29.249  -5.594  -24.112 0.0000000000
76834  29.112  -5.696  -23.323 0.0000000000
66858  21.692  -14.926  -17.142 0.0000000000
68982  23.254  -13.842  -17.625 0.0000000000
68996  21.517  -13.492  -17.967 0.0000000000
70925  25.028  -11.614  -19.082 0.0000000000
72722  25.954  -10.173  -20.204 0.0000000000
74795  27.518  -7.722  -22.248 0.0000000000
74796  27.237  -7.635  -22.463 0.0000000000
74808  27.621  -7.293  -22.816 0.0000000000
75836  25.342  -6.135  -22.921 0.0000000000
76849  29.125  -5.569  -24.809 0.0000000000
76863  28.594  -5.412  -25.111 0.0000000000
77858  27.794  -5.136  -24.420 0.0000000000
77875  29.545  -4.613  -26.221 0.0000000000
77877  28.703  -4.959  -25.726 0.0000000000
77883  29.970  -4.179  -26.833 0.0000000000
77885  29.100  -4.035  -27.003 0.0000000000
77889  29.821  -3.891  -27.339 0.0000000000
77890  29.392  -3.656  -27.479 0.0000000000
78889  27.948  -4.594  -24.723 0.0000000000
78897  30.150  -3.757  -27.288 0.0000000000
78905  29.487  -3.236  -27.824 0.0000000000
78906  29.133  -3.174  -27.745 0.0000000000
79847  30.160  -3.293  -27.654 0.0000000000
79848  28.849  -3.134  -27.552 0.0000000000
79853  29.756  -3.075  -27.965 0.0000000000
79855  28.929  -2.791  -27.849 0.0000000000
79859  29.595  -2.590  -28.267 0.0000000000
80716  28.506  -2.404  -26.786 0.0000000000
80725  28.865  -2.083  -28.243 0.0000000000
80728  30.001  -1.930  -28.375 0.0000000000
80729  29.364  -2.096  -28.507 0.0000000000
81589  28.420  -0.928  -27.437 0.0000000000
82528  27.412  -0.027  -22.464 0.0000000000
83482  28.209  0.808  -23.498 0.0000000000
85396  27.059  3.143  -21.839 0.0000000000
87296  27.302  5.986  -21.904 0.0000000000
89174  26.624  7.699  -21.598 0.0000000000
89210  27.628  7.570  -23.922 0.0000000000
89238  26.110  7.955  -27.931 0.0000000000
90057  27.503  8.471  -22.937 0.0000000000
90084  27.518  8.770  -24.332 0.0000000000
90865  26.535  9.308  -21.545 0.0000000000
90915  27.372  9.312  -25.495 0.0000000000
90923  26.703  9.232  -27.016 0.0000000000
91761  26.481  10.252  -21.513 0.0000000000
91792  27.653  10.338  -24.413 0.0000000000
92661  25.717  11.594  -21.514 0.0000000000
92669  27.447  11.532  -22.220 0.0000000000
92710  27.657  11.569  -25.903 0.0000000000
93585  26.729  12.346  -21.749 0.0000000000
93592  27.536  12.305  -22.553 0.0000000000
93593  27.166  12.818  -22.113 0.0000000000
94538  27.032  13.615  -22.332 0.0000000000
95485  24.870  14.204  -22.715 0.0000000000
95511  27.572  14.810  -27.851 0.0000000000
96402  27.393  15.013  -22.816 0.0000000000
96442  27.529  15.529  -28.167 0.0000000000
132851  27.418  7.244  -22.276 0.0000000000
133776  27.578  9.935  -22.995 0.0000000000
142954  26.611  9.926  -27.258 0.0000000000
143117  30.435  -2.808  -27.401 0.0000000000
143603  30.426  -3.883  -25.862 0.0000000000
144305  26.427  11.117  -21.527 0.0000000000
144454  27.585  14.061  -27.541 0.0000000000
148938  28.200  12.788  -24.963 0.0000000000
152764  27.214  15.541  -22.835 0.0000000000
153446  24.744  12.604  -22.093 0.0000000000
