#!ascii label  , from subject sub-v1s17x0050251_ses-1 vox2ras=TkReg
1021
49443  15.370  -46.772  75.798 0.0000000000
50682  6.698  -46.008  56.225 0.0000000000
145309  7.988  -50.526  69.701 0.0000000000
52250  9.060  -43.416  69.847 0.0000000000
137701  15.895  -39.828  66.854 0.0000000000
154233  11.628  -48.784  75.264 0.0000000000
50516  10.109  -45.650  75.856 0.0000000000
49467  17.557  -46.338  72.162 0.0000000000
48336  13.008  -46.938  71.324 0.0000000000
43515  10.420  -50.675  68.044 0.0000000000
56814  11.060  -38.529  74.471 0.0000000000
53923  12.152  -41.586  69.206 0.0000000000
58754  14.201  -35.494  71.302 0.0000000000
130469  6.694  -52.385  63.497 0.0000000000
48437  7.457  -47.992  63.699 0.0000000000
49490  8.394  -46.296  70.367 0.0000000000
53883  9.598  -41.659  75.506 0.0000000000
51469  7.357  -44.017  62.519 0.0000000000
54922  9.229  -40.725  62.324 0.0000000000
54951  12.883  -40.466  59.813 0.0000000000
59756  16.119  -35.565  64.149 0.0000000000
132246  13.629  -47.943  76.287 0.0000000000
49428  13.316  -46.622  77.203 0.0000000000
49459  16.321  -46.527  74.178 0.0000000000
49477  15.475  -45.847  71.456 0.0000000000
48312  14.113  -47.214  74.254 0.0000000000
47279  11.933  -48.506  73.581 0.0000000000
57808  12.746  -36.800  73.076 0.0000000000
130830  7.234  -51.294  65.684 0.0000000000
46372  7.372  -49.656  66.244 0.0000000000
47312  8.130  -48.912  70.384 0.0000000000
53000  11.415  -42.070  78.152 0.0000000000
52212  9.423  -43.314  75.275 0.0000000000
43500  9.322  -51.226  69.309 0.0000000000
41668  8.505  -52.853  64.094 0.0000000000
42607  7.571  -52.317  65.239 0.0000000000
41687  6.923  -53.703  63.437 0.0000000000
50593  7.785  -45.571  66.355 0.0000000000
49580  7.458  -46.508  63.241 0.0000000000
52281  8.313  -43.561  66.479 0.0000000000
53947  14.325  -41.040  68.041 0.0000000000
129220  10.701  -41.454  65.302 0.0000000000
53996  13.309  -41.193  64.263 0.0000000000
54930  11.758  -40.748  61.249 0.0000000000
54916  15.120  -40.242  63.189 0.0000000000
45419  9.853  -49.681  73.677 0.0000000000
47272  8.871  -48.251  73.656 0.0000000000
48288  10.797  -47.649  76.218 0.0000000000
51366  12.515  -44.742  77.465 0.0000000000
48344  19.086  -46.655  70.465 0.0000000000
49528  17.647  -45.723  67.511 0.0000000000
49497  16.408  -45.616  69.564 0.0000000000
49499  14.256  -45.848  69.138 0.0000000000
46354  11.373  -49.181  69.528 0.0000000000
45430  10.460  -49.771  72.035 0.0000000000
53893  10.977  -41.846  73.442 0.0000000000
53925  10.525  -42.190  69.672 0.0000000000
54818  12.555  -41.086  72.485 0.0000000000
142580  14.777  -39.663  71.551 0.0000000000
56846  15.957  -38.171  69.540 0.0000000000
49431  17.504  -46.123  76.218 0.0000000000
46360  21.740  -48.525  68.478 0.0000000000
46342  22.215  -49.444  70.745 0.0000000000
48320  19.849  -47.462  72.879 0.0000000000
49449  18.768  -46.741  74.670 0.0000000000
43619  6.460  -53.419  60.284 0.0000000000
44634  7.128  -51.443  60.902 0.0000000000
46410  7.236  -49.947  63.911 0.0000000000
48401  7.496  -47.671  66.465 0.0000000000
51406  8.602  -44.596  69.964 0.0000000000
146415  8.862  -45.690  73.571 0.0000000000
51386  9.021  -44.473  73.055 0.0000000000
53034  9.799  -43.335  72.816 0.0000000000
139090  10.372  -40.111  75.013 0.0000000000
138783  8.029  -49.001  61.005 0.0000000000
49630  7.871  -46.336  60.391 0.0000000000
153835  6.814  -44.029  59.970 0.0000000000
53965  8.976  -42.322  66.404 0.0000000000
54009  7.543  -41.752  62.482 0.0000000000
151701  6.647  -42.238  59.018 0.0000000000
54976  7.942  -40.527  58.756 0.0000000000
55964  10.114  -40.370  57.829 0.0000000000
59691  14.011  -34.813  68.935 0.0000000000
58771  15.323  -36.084  68.033 0.0000000000
59729  13.853  -35.222  66.410 0.0000000000
57849  16.527  -37.449  65.529 0.0000000000
55879  16.068  -39.363  62.299 0.0000000000
48293  14.117  -47.530  76.077 0.0000000000
49426  14.348  -46.756  76.966 0.0000000000
50513  14.889  -46.266  77.012 0.0000000000
127940  16.135  -46.570  75.390 0.0000000000
137360  15.330  -46.622  74.239 0.0000000000
49453  14.686  -46.897  74.719 0.0000000000
48302  14.109  -47.485  75.250 0.0000000000
49712  6.892  -46.697  55.491 0.0000000000
50681  7.011  -45.206  56.338 0.0000000000
142416  7.606  -50.579  68.132 0.0000000000
152855  7.554  -49.759  68.690 0.0000000000
46346  8.113  -49.643  70.269 0.0000000000
48396  20.323  -46.885  66.891 0.0000000000
43483  8.569  -51.025  69.939 0.0000000000
42571  8.366  -51.456  67.815 0.0000000000
43519  7.718  -50.928  68.252 0.0000000000
43550  7.304  -51.429  65.875 0.0000000000
51421  8.496  -43.952  68.255 0.0000000000
51445  8.220  -44.176  66.722 0.0000000000
52270  8.718  -43.388  68.154 0.0000000000
54856  15.316  -40.376  67.283 0.0000000000
54869  14.011  -41.086  66.543 0.0000000000
153025  14.518  -40.696  65.286 0.0000000000
131477  14.134  -40.871  64.012 0.0000000000
54887  15.405  -40.118  64.706 0.0000000000
46309  10.645  -49.292  74.364 0.0000000000
46306  10.399  -49.154  74.804 0.0000000000
47261  11.270  -48.444  76.074 0.0000000000
50506  12.978  -45.713  77.344 0.0000000000
53004  12.493  -42.720  78.274 0.0000000000
48345  18.208  -46.361  70.889 0.0000000000
48357  18.261  -46.257  70.054 0.0000000000
49486  17.340  -45.983  70.626 0.0000000000
48335  13.939  -46.463  71.833 0.0000000000
49489  14.438  -45.805  70.128 0.0000000000
131552  13.715  -46.349  70.706 0.0000000000
153512  11.657  -48.385  70.709 0.0000000000
134887  12.002  -48.680  74.481 0.0000000000
46322  11.231  -48.902  73.024 0.0000000000
46315  10.901  -49.251  73.986 0.0000000000
45431  10.214  -49.973  72.355 0.0000000000
55788  11.738  -40.282  74.079 0.0000000000
53901  11.765  -41.727  72.189 0.0000000000
55787  12.450  -39.595  73.756 0.0000000000
58746  13.837  -36.864  72.486 0.0000000000
56829  14.399  -38.658  72.416 0.0000000000
57814  14.683  -37.251  71.841 0.0000000000
55804  15.495  -39.115  70.582 0.0000000000
58753  14.989  -36.616  70.884 0.0000000000
47298  20.379  -47.826  71.428 0.0000000000
136419  6.616  -52.839  62.068 0.0000000000
145044  6.831  -51.908  62.224 0.0000000000
44583  6.785  -51.516  63.521 0.0000000000
47332  7.609  -48.408  68.491 0.0000000000
131691  7.493  -48.214  67.088 0.0000000000
48376  7.745  -47.498  68.251 0.0000000000
50565  8.329  -45.591  68.638 0.0000000000
50549  8.530  -45.379  70.619 0.0000000000
146917  9.354  -46.812  74.684 0.0000000000
48314  8.748  -47.142  73.462 0.0000000000
49445  9.344  -45.736  74.655 0.0000000000
53016  9.499  -42.562  75.221 0.0000000000
52216  9.274  -43.965  74.090 0.0000000000
52221  9.462  -43.504  73.915 0.0000000000
52230  9.522  -43.639  73.139 0.0000000000
53894  9.836  -42.505  74.251 0.0000000000
53885  10.112  -41.873  74.452 0.0000000000
54799  9.906  -41.321  75.156 0.0000000000
145915  16.552  -45.635  67.559 0.0000000000
127986  17.288  -45.774  66.006 0.0000000000
44511  10.869  -50.302  67.288 0.0000000000
43562  10.250  -50.872  64.756 0.0000000000
142354  10.030  -51.146  65.274 0.0000000000
41684  8.103  -53.627  63.506 0.0000000000
41698  8.271  -53.730  63.095 0.0000000000
129516  6.755  -53.272  63.407 0.0000000000
42645  6.573  -53.583  62.355 0.0000000000
46423  7.365  -49.470  62.747 0.0000000000
45587  7.572  -50.507  60.670 0.0000000000
47409  7.502  -48.795  62.330 0.0000000000
138852  7.447  -44.867  63.032 0.0000000000
49614  7.530  -46.315  62.075 0.0000000000
50626  7.443  -45.424  61.818 0.0000000000
147369  7.493  -45.443  60.196 0.0000000000
51477  7.198  -43.988  61.668 0.0000000000
148809  11.363  -41.824  69.664 0.0000000000
53952  9.638  -42.250  67.773 0.0000000000
53950  10.631  -41.767  67.625 0.0000000000
54890  9.606  -41.268  64.015 0.0000000000
53999  8.932  -41.494  64.391 0.0000000000
54906  8.052  -41.116  62.607 0.0000000000
140307  7.015  -41.754  60.989 0.0000000000
54945  7.424  -40.774  60.396 0.0000000000
54029  7.321  -41.061  58.559 0.0000000000
54955  8.282  -40.372  59.860 0.0000000000
54940  12.305  -40.643  60.444 0.0000000000
54953  10.869  -40.318  59.557 0.0000000000
55912  11.413  -40.263  58.909 0.0000000000
60701  13.493  -34.429  68.104 0.0000000000
59698  14.199  -35.171  68.572 0.0000000000
59707  13.965  -35.172  67.811 0.0000000000
60736  13.843  -34.594  64.555 0.0000000000
128012  14.895  -35.197  65.340 0.0000000000
58796  15.669  -35.813  65.705 0.0000000000
58803  16.520  -36.595  64.238 0.0000000000
56898  16.505  -38.537  63.515 0.0000000000
57874  16.680  -37.124  63.386 0.0000000000
47259  13.140  -48.359  76.078 0.0000000000
48286  12.736  -47.856  76.748 0.0000000000
48285  13.318  -47.952  76.549 0.0000000000
49458  17.417  -46.445  73.125 0.0000000000
49468  16.633  -46.200  72.246 0.0000000000
49469  15.753  -46.242  72.659 0.0000000000
131867  15.067  -46.396  73.043 0.0000000000
48324  13.243  -47.130  72.506 0.0000000000
47299  12.374  -47.639  71.951 0.0000000000
48313  13.418  -47.517  73.669 0.0000000000
47278  12.755  -48.215  74.165 0.0000000000
57801  11.163  -37.144  73.886 0.0000000000
57800  12.157  -37.563  73.610 0.0000000000
58739  11.569  -36.476  73.427 0.0000000000
59669  11.997  -35.206  72.684 0.0000000000
59678  12.607  -34.769  72.180 0.0000000000
129668  6.889  -51.789  64.661 0.0000000000
148195  7.220  -50.335  65.020 0.0000000000
45495  7.338  -50.389  66.106 0.0000000000
130692  7.554  -49.189  68.614 0.0000000000
47324  8.116  -48.097  70.043 0.0000000000
52207  10.386  -43.520  76.868 0.0000000000
51374  9.521  -44.138  75.369 0.0000000000
52202  10.361  -42.821  77.174 0.0000000000
150100  9.566  -42.229  76.401 0.0000000000
54784  9.600  -40.675  76.764 0.0000000000
54790  9.557  -40.276  76.130 0.0000000000
43499  9.811  -51.071  68.919 0.0000000000
42581  9.880  -51.206  66.482 0.0000000000
42582  9.242  -51.505  66.792 0.0000000000
42606  8.024  -52.582  65.092 0.0000000000
41670  7.475  -53.201  64.193 0.0000000000
41701  6.956  -54.222  62.963 0.0000000000
42618  7.034  -53.274  64.009 0.0000000000
148243  6.899  -52.313  64.490 0.0000000000
135775  7.439  -46.654  64.857 0.0000000000
130384  7.462  -47.171  63.512 0.0000000000
50603  7.489  -45.730  64.649 0.0000000000
138837  7.495  -44.930  64.318 0.0000000000
142940  7.414  -44.042  64.049 0.0000000000
53934  14.016  -41.210  68.925 0.0000000000
53962  11.184  -41.605  66.819 0.0000000000
53960  13.014  -41.429  66.869 0.0000000000
133192  11.559  -41.434  65.165 0.0000000000
53997  11.317  -41.186  63.612 0.0000000000
128900  9.908  -40.527  61.590 0.0000000000
54919  12.045  -41.059  62.830 0.0000000000
143999  13.688  -40.863  62.481 0.0000000000
54927  14.164  -40.613  61.856 0.0000000000
59770  15.614  -34.752  63.247 0.0000000000
135983  16.581  -35.856  62.868 0.0000000000
60771  16.125  -34.971  62.753 0.0000000000
44443  8.746  -50.354  71.120 0.0000000000
46325  8.524  -49.142  71.925 0.0000000000
46311  9.419  -49.125  74.059 0.0000000000
48296  9.742  -47.823  75.228 0.0000000000
49437  10.370  -46.637  76.052 0.0000000000
49435  12.245  -47.097  76.896 0.0000000000
50514  11.653  -46.031  76.860 0.0000000000
50508  11.478  -45.098  76.966 0.0000000000
52200  11.939  -43.783  77.685 0.0000000000
48355  19.988  -47.308  69.497 0.0000000000
48384  19.510  -46.565  68.073 0.0000000000
48371  18.994  -46.341  68.618 0.0000000000
49488  15.516  -45.701  70.554 0.0000000000
49498  15.368  -45.632  69.544 0.0000000000
49514  14.130  -45.993  68.213 0.0000000000
45473  11.176  -49.772  68.178 0.0000000000
45463  10.782  -50.131  69.476 0.0000000000
47300  11.657  -48.319  71.432 0.0000000000
46345  10.762  -49.712  70.695 0.0000000000
44463  10.464  -50.403  69.903 0.0000000000
44450  10.036  -50.503  70.964 0.0000000000
44441  9.554  -50.445  71.811 0.0000000000
53040  10.067  -42.781  71.483 0.0000000000
53045  9.898  -42.571  69.809 0.0000000000
134188  10.456  -42.449  70.969 0.0000000000
53915  11.759  -41.807  70.578 0.0000000000
53914  12.745  -41.439  70.784 0.0000000000
55786  13.427  -39.356  73.147 0.0000000000
54816  14.247  -39.921  72.064 0.0000000000
54837  14.003  -41.055  69.935 0.0000000000
54836  14.881  -40.639  69.531 0.0000000000
147824  15.859  -39.536  69.297 0.0000000000
55819  16.367  -39.108  68.103 0.0000000000
49432  16.556  -46.142  76.489 0.0000000000
47340  21.252  -47.986  67.946 0.0000000000
44462  23.783  -50.739  70.502 0.0000000000
44448  23.328  -50.455  71.101 0.0000000000
45460  23.031  -50.053  69.606 0.0000000000
46352  22.183  -49.179  69.778 0.0000000000
46353  21.650  -48.621  69.361 0.0000000000
47321  20.535  -47.669  69.183 0.0000000000
135874  19.641  -47.192  71.088 0.0000000000
48321  19.203  -46.867  72.577 0.0000000000
48310  19.241  -46.924  73.367 0.0000000000
48311  18.539  -46.596  73.050 0.0000000000
129466  17.428  -46.557  74.168 0.0000000000
49451  17.081  -46.528  75.010 0.0000000000
139975  7.252  -50.349  62.377 0.0000000000
46409  7.350  -49.341  63.480 0.0000000000
46398  7.293  -49.783  64.627 0.0000000000
47378  7.360  -49.028  64.931 0.0000000000
48425  7.402  -47.618  65.035 0.0000000000
135604  7.781  -46.453  66.909 0.0000000000
137997  8.432  -44.645  68.400 0.0000000000
151797  8.896  -43.731  70.138 0.0000000000
47289  8.478  -48.347  72.046 0.0000000000
48326  8.490  -47.449  72.279 0.0000000000
49479  8.520  -46.315  72.161 0.0000000000
51378  9.331  -44.504  74.708 0.0000000000
50526  8.883  -45.026  73.321 0.0000000000
50541  8.560  -45.523  71.512 0.0000000000
51394  8.954  -44.384  72.326 0.0000000000
141624  9.182  -43.976  71.992 0.0000000000
142107  9.619  -43.116  71.207 0.0000000000
53903  10.529  -42.510  72.964 0.0000000000
54810  10.715  -41.439  74.250 0.0000000000
55779  10.689  -39.374  74.820 0.0000000000
55771  9.761  -39.677  75.699 0.0000000000
56815  10.261  -38.376  74.903 0.0000000000
57788  10.704  -37.670  74.363 0.0000000000
43584  9.556  -51.926  63.154 0.0000000000
42617  9.000  -52.491  63.823 0.0000000000
48463  7.606  -47.265  62.017 0.0000000000
47422  8.285  -48.092  60.448 0.0000000000
50662  6.598  -45.437  57.403 0.0000000000
53070  8.938  -42.896  67.693 0.0000000000
53071  8.374  -43.004  66.197 0.0000000000
152804  7.696  -42.640  64.311 0.0000000000
131203  9.620  -41.754  66.119 0.0000000000
53988  8.066  -41.870  64.234 0.0000000000
132231  7.471  -42.729  63.213 0.0000000000
52322  6.987  -43.263  61.182 0.0000000000
146479  6.665  -43.565  59.377 0.0000000000
51524  6.650  -44.500  57.607 0.0000000000
52343  7.087  -43.172  57.401 0.0000000000
55899  9.435  -40.291  59.826 0.0000000000
54974  9.419  -40.510  58.098 0.0000000000
61715  12.769  -33.566  71.267 0.0000000000
141398  13.441  -33.641  70.307 0.0000000000
59684  14.443  -35.264  70.389 0.0000000000
58759  15.313  -36.560  69.830 0.0000000000
57827  15.917  -36.953  68.498 0.0000000000
56860  16.491  -38.440  67.616 0.0000000000
58788  14.556  -35.531  66.796 0.0000000000
58779  16.161  -36.680  66.838 0.0000000000
55839  16.408  -39.067  65.719 0.0000000000
55851  16.339  -39.126  64.750 0.0000000000
141833  15.705  -39.729  62.907 0.0000000000
55898  14.898  -40.119  60.813 0.0000000000
55897  15.685  -39.614  60.663 0.0000000000
49433  14.777  -46.775  76.427 0.0000000000
138483  15.646  -46.234  76.736 0.0000000000
49452  15.369  -46.690  75.007 0.0000000000
48292  14.695  -47.022  75.603 0.0000000000
50703  6.706  -46.664  55.713 0.0000000000
50702  7.107  -46.021  55.837 0.0000000000
44467  7.722  -50.458  69.232 0.0000000000
45464  7.582  -49.985  68.917 0.0000000000
45457  7.810  -50.026  69.572 0.0000000000
47341  20.779  -47.470  67.417 0.0000000000
44477  8.172  -50.996  69.567 0.0000000000
43502  7.984  -51.145  68.914 0.0000000000
44478  7.716  -50.759  68.970 0.0000000000
137293  7.583  -50.844  67.559 0.0000000000
149248  8.713  -43.725  68.838 0.0000000000
52260  8.936  -43.406  69.047 0.0000000000
54867  15.316  -40.281  66.366 0.0000000000
54877  15.221  -40.282  65.432 0.0000000000
55840  15.879  -39.773  66.000 0.0000000000
46308  11.221  -48.988  74.709 0.0000000000
46305  11.057  -48.996  75.029 0.0000000000
47263  11.588  -48.715  75.647 0.0000000000
48334  18.252  -46.435  71.636 0.0000000000
49475  17.366  -46.176  71.473 0.0000000000
48347  12.862  -46.929  70.176 0.0000000000
47310  12.176  -47.707  70.730 0.0000000000
47270  11.879  -48.764  75.067 0.0000000000
46307  11.349  -48.953  73.886 0.0000000000
55778  11.501  -39.456  74.388 0.0000000000
55777  11.946  -38.545  74.027 0.0000000000
58755  13.738  -35.894  72.088 0.0000000000
134196  14.412  -36.292  71.618 0.0000000000
57813  15.110  -37.605  71.249 0.0000000000
152786  14.622  -35.848  70.853 0.0000000000
43594  6.734  -52.147  62.848 0.0000000000
141776  8.204  -47.225  69.762 0.0000000000
48375  8.000  -47.165  68.964 0.0000000000
49500  8.259  -46.409  69.304 0.0000000000
49444  9.713  -46.183  75.307 0.0000000000
50520  9.523  -45.102  75.099 0.0000000000
53018  9.594  -42.858  74.435 0.0000000000
53886  9.700  -42.131  74.853 0.0000000000
43514  10.637  -50.509  67.488 0.0000000000
43531  10.629  -50.602  66.736 0.0000000000
43532  10.378  -50.808  67.130 0.0000000000
130260  7.673  -54.102  63.049 0.0000000000
148752  6.671  -53.725  62.786 0.0000000000
141119  6.629  -53.060  62.850 0.0000000000
42659  6.493  -53.747  61.643 0.0000000000
132868  7.443  -48.584  63.099 0.0000000000
50615  7.451  -45.477  62.551 0.0000000000
139703  7.370  -44.738  62.152 0.0000000000
138088  7.268  -44.665  61.287 0.0000000000
53924  11.406  -41.729  68.964 0.0000000000
53937  11.042  -41.767  68.370 0.0000000000
128713  9.429  -40.974  63.144 0.0000000000
135888  8.768  -40.965  62.911 0.0000000000
54923  8.440  -40.822  62.229 0.0000000000
54014  7.669  -41.000  61.551 0.0000000000
54933  7.924  -40.662  61.054 0.0000000000
54944  7.871  -40.525  60.388 0.0000000000
54932  8.377  -40.578  61.216 0.0000000000
54939  13.288  -40.654  60.684 0.0000000000
54952  11.848  -40.435  59.628 0.0000000000
55911  12.416  -40.246  58.990 0.0000000000
61733  13.420  -33.735  68.368 0.0000000000
59699  13.683  -34.831  68.069 0.0000000000
60706  13.227  -34.664  67.438 0.0000000000
59758  14.635  -34.801  64.664 0.0000000000
59741  13.822  -34.842  65.260 0.0000000000
137052  15.442  -35.157  64.641 0.0000000000
59740  15.959  -35.698  64.923 0.0000000000
144086  16.542  -36.178  63.510 0.0000000000
136181  16.330  -46.380  73.111 0.0000000000
49460  15.603  -46.460  73.487 0.0000000000
49461  14.813  -46.673  73.813 0.0000000000
48323  14.196  -46.717  73.068 0.0000000000
48294  13.582  -48.077  75.736 0.0000000000
48303  13.501  -47.911  74.775 0.0000000000
144188  12.787  -48.467  75.234 0.0000000000
58740  10.764  -36.470  73.782 0.0000000000
134524  11.194  -34.922  72.805 0.0000000000
60674  11.623  -34.509  72.447 0.0000000000
59668  12.903  -35.541  72.414 0.0000000000
60684  12.180  -34.018  71.970 0.0000000000
44546  7.123  -51.294  65.261 0.0000000000
45507  7.220  -50.729  65.439 0.0000000000
44528  7.258  -50.917  65.904 0.0000000000
46355  7.661  -49.623  69.160 0.0000000000
131535  7.493  -49.561  68.075 0.0000000000
47325  7.796  -48.830  69.360 0.0000000000
52201  11.060  -43.195  77.540 0.0000000000
53006  10.779  -42.372  77.695 0.0000000000
53873  10.221  -41.771  77.433 0.0000000000
53874  9.622  -41.574  76.741 0.0000000000
149023  9.650  -39.963  76.730 0.0000000000
43516  9.415  -51.286  68.528 0.0000000000
42570  9.023  -51.454  67.810 0.0000000000
42572  7.925  -51.541  67.190 0.0000000000
42583  8.498  -51.679  67.008 0.0000000000
42593  7.959  -52.042  66.201 0.0000000000
41686  7.104  -53.832  63.381 0.0000000000
146453  7.257  -52.672  64.614 0.0000000000
43551  7.337  -51.006  66.320 0.0000000000
43565  7.079  -51.800  65.112 0.0000000000
50598  7.559  -45.916  65.510 0.0000000000
52282  7.987  -43.922  65.929 0.0000000000
51455  7.694  -44.383  65.478 0.0000000000
51459  7.527  -44.189  64.768 0.0000000000
52292  7.703  -43.630  65.205 0.0000000000
147655  13.563  -41.342  68.166 0.0000000000
54858  13.728  -41.260  67.440 0.0000000000
53982  13.203  -41.253  65.129 0.0000000000
53970  13.147  -41.339  65.998 0.0000000000
53983  12.305  -41.359  64.612 0.0000000000
151224  11.835  -41.314  64.095 0.0000000000
54920  11.091  -40.889  62.724 0.0000000000
54904  12.488  -41.234  63.662 0.0000000000
145466  14.727  -40.521  63.804 0.0000000000
54903  13.504  -41.047  63.412 0.0000000000
54902  14.316  -40.695  63.226 0.0000000000
54928  13.469  -40.776  61.552 0.0000000000
54917  14.592  -40.482  62.463 0.0000000000
152095  13.727  -34.372  63.944 0.0000000000
60756  14.888  -34.423  63.325 0.0000000000
60772  15.343  -34.408  62.674 0.0000000000
45433  9.328  -50.126  72.427 0.0000000000
132531  8.867  -49.585  72.588 0.0000000000
45420  9.635  -49.540  73.735 0.0000000000
48295  10.376  -48.226  75.691 0.0000000000
47265  9.925  -48.637  75.092 0.0000000000
48289  9.964  -47.264  75.607 0.0000000000
49436  11.287  -46.919  76.556 0.0000000000
152082  12.951  -47.125  77.020 0.0000000000
50507  12.226  -45.414  77.191 0.0000000000
51367  11.747  -44.536  77.285 0.0000000000
48356  19.241  -46.649  69.513 0.0000000000
49496  17.344  -45.811  69.777 0.0000000000
127730  17.209  -45.681  69.011 0.0000000000
140356  15.856  -45.978  71.985 0.0000000000
49476  16.384  -45.875  71.250 0.0000000000
49513  15.077  -45.694  68.613 0.0000000000
48358  13.431  -46.455  68.649 0.0000000000
48374  12.764  -47.284  68.059 0.0000000000
45462  11.153  -49.741  68.955 0.0000000000
45474  11.048  -49.893  68.542 0.0000000000
45454  10.948  -49.729  69.941 0.0000000000
47286  12.583  -47.857  73.094 0.0000000000
47287  11.761  -48.326  72.538 0.0000000000
46323  10.767  -49.339  72.519 0.0000000000
46333  10.754  -49.496  71.503 0.0000000000
45442  10.497  -49.947  71.091 0.0000000000
45455  10.627  -50.096  70.288 0.0000000000
44449  10.314  -50.334  70.651 0.0000000000
44464  10.154  -50.610  70.264 0.0000000000
45443  10.236  -50.172  71.471 0.0000000000
45424  10.180  -49.804  73.112 0.0000000000
45432  9.916  -50.171  72.460 0.0000000000
147122  9.844  -49.988  73.034 0.0000000000
44442  9.070  -50.401  71.729 0.0000000000
53909  10.586  -42.545  71.894 0.0000000000
137084  11.126  -42.116  72.490 0.0000000000
53907  12.204  -41.594  71.512 0.0000000000
54823  13.162  -41.057  71.640 0.0000000000
56822  12.899  -38.542  73.499 0.0000000000
57807  13.344  -37.698  73.098 0.0000000000
55793  14.645  -39.175  71.999 0.0000000000
55794  14.114  -39.273  72.588 0.0000000000
54829  13.807  -40.919  70.889 0.0000000000
54822  14.523  -40.261  71.317 0.0000000000
54828  14.735  -40.476  70.475 0.0000000000
55805  15.139  -39.805  70.935 0.0000000000
56840  15.639  -38.310  70.247 0.0000000000
55810  15.866  -39.025  69.807 0.0000000000
55820  15.989  -39.662  68.580 0.0000000000
55809  16.209  -38.859  68.965 0.0000000000
50511  17.241  -45.654  76.587 0.0000000000
46377  22.374  -48.952  67.137 0.0000000000
46378  21.977  -48.403  66.467 0.0000000000
46368  21.831  -48.474  67.512 0.0000000000
152964  22.743  -50.042  71.629 0.0000000000
45429  23.011  -50.181  72.630 0.0000000000
45452  23.173  -50.281  70.246 0.0000000000
152319  22.809  -50.014  70.748 0.0000000000
45453  22.664  -49.767  70.050 0.0000000000
47320  21.011  -48.232  69.723 0.0000000000
47309  20.414  -47.785  69.986 0.0000000000
48332  19.800  -47.358  72.013 0.0000000000
48333  19.108  -46.732  71.805 0.0000000000
48301  19.323  -46.967  74.203 0.0000000000
49457  18.393  -46.644  73.874 0.0000000000
49450  18.006  -46.604  74.786 0.0000000000
49441  17.763  -46.433  75.637 0.0000000000
49442  16.843  -46.440  75.938 0.0000000000
150960  6.587  -52.920  60.447 0.0000000000
143548  6.926  -51.120  62.820 0.0000000000
44605  7.083  -51.254  61.900 0.0000000000
45533  7.176  -50.143  63.168 0.0000000000
152222  7.316  -50.172  65.626 0.0000000000
46388  7.334  -49.645  65.368 0.0000000000
47354  7.438  -48.331  66.381 0.0000000000
47355  7.368  -48.848  65.798 0.0000000000
47366  7.427  -47.985  65.760 0.0000000000
139241  7.393  -48.364  65.183 0.0000000000
48413  7.472  -47.032  65.756 0.0000000000
138866  7.567  -46.993  66.515 0.0000000000
134555  8.477  -44.849  69.156 0.0000000000
51413  8.597  -44.212  69.048 0.0000000000
51405  8.811  -44.088  70.468 0.0000000000
46324  8.609  -48.823  72.586 0.0000000000
47280  8.639  -48.425  73.020 0.0000000000
49462  8.736  -46.328  73.342 0.0000000000
136115  8.593  -46.752  72.877 0.0000000000
140934  8.447  -47.074  71.648 0.0000000000
133868  8.679  -45.742  72.929 0.0000000000
139839  9.671  -43.404  76.021 0.0000000000
52213  9.336  -43.936  74.684 0.0000000000
51382  9.111  -44.492  73.670 0.0000000000
50534  8.773  -44.935  72.687 0.0000000000
141142  8.712  -44.813  71.918 0.0000000000
52237  9.509  -43.583  72.179 0.0000000000
52238  9.267  -43.639  71.303 0.0000000000
53041  9.899  -43.135  72.124 0.0000000000
53033  10.107  -42.979  72.940 0.0000000000
54798  10.346  -40.960  74.873 0.0000000000
149162  10.463  -42.094  73.815 0.0000000000
54797  10.983  -40.427  74.570 0.0000000000
49527  18.769  -46.110  67.846 0.0000000000
48397  19.542  -46.428  67.340 0.0000000000
49538  18.635  -45.924  66.950 0.0000000000
43563  9.907  -51.249  64.675 0.0000000000
43576  9.726  -51.488  63.915 0.0000000000
42591  9.259  -51.696  65.636 0.0000000000
42590  9.754  -51.378  65.410 0.0000000000
42604  9.155  -52.056  64.603 0.0000000000
42674  6.409  -53.852  60.850 0.0000000000
146097  6.288  -54.306  60.113 0.0000000000
46451  8.009  -49.694  60.494 0.0000000000
45603  7.974  -50.329  59.680 0.0000000000
46470  8.444  -49.368  59.504 0.0000000000
48451  7.508  -47.041  62.766 0.0000000000
49631  7.700  -46.616  61.445 0.0000000000
48477  7.893  -47.417  61.165 0.0000000000
48476  8.224  -47.125  60.125 0.0000000000
48491  8.361  -47.454  59.265 0.0000000000
49645  7.989  -46.587  59.190 0.0000000000
130197  7.137  -44.683  60.227 0.0000000000
50635  7.520  -45.801  59.147 0.0000000000
50649  7.132  -45.094  59.185 0.0000000000
139387  6.879  -45.590  58.166 0.0000000000
136318  6.695  -44.838  58.307 0.0000000000
53051  9.538  -42.700  68.993 0.0000000000
53926  10.103  -42.296  69.027 0.0000000000
53069  9.211  -42.509  67.279 0.0000000000
53080  8.521  -42.508  65.876 0.0000000000
135522  8.098  -42.709  65.367 0.0000000000
53090  7.899  -42.384  64.604 0.0000000000
128506  10.422  -41.584  66.082 0.0000000000
53973  9.841  -41.532  65.401 0.0000000000
54001  7.977  -41.518  63.308 0.0000000000
54000  8.400  -41.512  63.886 0.0000000000
54002  7.715  -41.738  63.054 0.0000000000
53101  7.727  -42.076  63.806 0.0000000000
53113  7.356  -42.438  62.468 0.0000000000
52316  7.220  -43.228  62.052 0.0000000000
138823  7.105  -42.463  61.538 0.0000000000
53122  6.792  -41.857  60.287 0.0000000000
138851  6.840  -42.521  60.685 0.0000000000
53129  6.660  -42.579  59.712 0.0000000000
51511  6.642  -43.936  58.490 0.0000000000
52344  6.748  -43.380  57.879 0.0000000000
144997  6.868  -44.068  57.142 0.0000000000
53134  6.773  -42.460  58.358 0.0000000000
54036  8.165  -41.226  57.778 0.0000000000
129230  10.639  -40.471  60.911 0.0000000000
128512  9.692  -40.324  60.542 0.0000000000
134408  10.358  -40.289  60.089 0.0000000000
55930  10.202  -40.318  58.697 0.0000000000
55931  9.427  -40.374  58.910 0.0000000000
55945  9.842  -40.376  58.453 0.0000000000
54984  9.939  -40.774  57.323 0.0000000000
137822  13.459  -33.155  69.183 0.0000000000
60695  13.837  -34.333  69.528 0.0000000000
60689  13.676  -34.207  70.607 0.0000000000
60688  14.183  -34.724  69.911 0.0000000000
58760  14.822  -35.772  70.061 0.0000000000
59690  14.414  -35.203  69.434 0.0000000000
58772  14.640  -35.579  68.318 0.0000000000
58765  15.302  -36.263  68.866 0.0000000000
57834  16.382  -37.674  68.060 0.0000000000
57835  16.057  -36.757  67.673 0.0000000000
59730  13.237  -34.980  65.948 0.0000000000
59719  12.713  -34.799  66.323 0.0000000000
59718  13.239  -35.017  66.674 0.0000000000
59717  13.833  -35.231  67.096 0.0000000000
58786  16.229  -36.626  66.015 0.0000000000
57841  16.501  -37.521  66.364 0.0000000000
149413  16.555  -38.215  65.871 0.0000000000
56876  16.534  -38.332  65.125 0.0000000000
56913  16.503  -38.577  62.786 0.0000000000
55869  16.208  -39.235  63.157 0.0000000000
55880  15.338  -40.034  62.340 0.0000000000
55889  15.529  -39.798  61.534 0.0000000000
138064  16.723  -36.701  62.950 0.0000000000
48284  13.916  -47.360  76.673 0.0000000000
50701  8.110  -45.990  55.879 0.0000000000
50680  7.750  -45.208  56.235 0.0000000000
43536  7.492  -50.723  67.147 0.0000000000
44512  7.406  -50.603  66.623 0.0000000000
45475  7.547  -50.109  68.307 0.0000000000
46347  7.873  -49.450  69.729 0.0000000000
43501  8.559  -51.181  69.463 0.0000000000
43517  8.619  -51.359  68.636 0.0000000000
43518  7.981  -51.276  68.106 0.0000000000
42594  7.549  -51.614  66.261 0.0000000000
43535  7.460  -51.085  66.756 0.0000000000
51432  8.346  -44.395  67.568 0.0000000000
51433  8.123  -44.925  66.922 0.0000000000
52271  8.463  -43.760  67.389 0.0000000000
136259  14.955  -40.657  67.875 0.0000000000
54857  14.541  -40.862  67.298 0.0000000000
54868  14.779  -40.667  66.684 0.0000000000
54878  13.956  -41.022  65.618 0.0000000000
54889  14.004  -40.960  64.813 0.0000000000
54888  14.761  -40.538  64.581 0.0000000000
54901  15.289  -40.199  64.027 0.0000000000
148315  10.354  -49.500  74.018 0.0000000000
46310  10.076  -49.464  74.231 0.0000000000
47264  10.796  -48.796  75.412 0.0000000000
51365  13.228  -44.967  77.474 0.0000000000
140474  12.747  -44.065  77.763 0.0000000000
144330  12.380  -43.354  78.046 0.0000000000
52199  12.934  -43.395  78.063 0.0000000000
49487  16.482  -45.709  70.289 0.0000000000
49478  14.639  -45.936  71.155 0.0000000000
48346  13.526  -46.326  69.647 0.0000000000
47311  11.710  -48.432  70.022 0.0000000000
141545  11.027  -49.110  73.307 0.0000000000
45423  10.500  -49.554  73.081 0.0000000000
46316  10.439  -49.505  73.750 0.0000000000
54809  11.420  -41.092  73.866 0.0000000000
53902  11.699  -41.486  73.025 0.0000000000
54808  12.213  -40.681  73.444 0.0000000000
54807  13.062  -40.204  73.029 0.0000000000
58747  13.133  -36.241  72.612 0.0000000000
57806  14.252  -37.890  72.522 0.0000000000
56835  14.869  -38.302  71.816 0.0000000000
55798  15.111  -39.102  71.348 0.0000000000
56834  15.310  -38.339  70.983 0.0000000000
57820  15.389  -37.492  70.546 0.0000000000
46367  22.317  -48.996  68.075 0.0000000000
149540  22.080  -49.478  71.657 0.0000000000
47285  20.455  -47.949  72.361 0.0000000000
47277  20.526  -47.977  73.271 0.0000000000
131028  6.558  -53.072  61.042 0.0000000000
45534  7.002  -50.707  63.649 0.0000000000
47343  7.464  -48.835  67.746 0.0000000000
47344  7.427  -48.896  66.758 0.0000000000
132490  7.541  -48.089  67.788 0.0000000000
48387  7.620  -47.400  67.250 0.0000000000
49516  7.856  -46.737  67.664 0.0000000000
49515  8.067  -46.606  68.429 0.0000000000
50556  8.429  -45.490  69.687 0.0000000000
48305  9.073  -47.498  74.115 0.0000000000
129826  8.941  -46.501  73.855 0.0000000000
49454  9.088  -45.759  74.128 0.0000000000
132995  9.469  -42.675  75.877 0.0000000000
52215  9.430  -43.360  74.610 0.0000000000
52222  9.244  -44.029  73.449 0.0000000000
53026  9.760  -43.061  73.629 0.0000000000
53025  10.115  -42.531  73.712 0.0000000000
54793  10.019  -40.380  75.323 0.0000000000
49539  17.720  -45.744  66.610 0.0000000000
49540  16.704  -45.705  66.657 0.0000000000
44527  10.889  -50.375  66.433 0.0000000000
43548  10.422  -50.781  65.678 0.0000000000
42616  9.466  -51.864  64.026 0.0000000000
41702  6.827  -54.055  62.953 0.0000000000
45567  7.399  -50.500  61.551 0.0000000000
46437  7.468  -49.628  62.005 0.0000000000
46452  7.704  -49.734  61.288 0.0000000000
148706  7.670  -48.949  61.660 0.0000000000
50608  7.459  -45.790  63.213 0.0000000000
49596  7.471  -46.174  62.709 0.0000000000
145368  7.477  -45.846  62.311 0.0000000000
50636  7.590  -45.846  61.196 0.0000000000
145189  7.402  -45.187  60.969 0.0000000000
130905  10.753  -41.978  68.997 0.0000000000
53939  9.750  -42.357  68.448 0.0000000000
53938  10.207  -42.013  68.278 0.0000000000
53951  9.951  -41.956  67.516 0.0000000000
53964  9.501  -42.101  66.871 0.0000000000
53985  10.147  -41.385  64.696 0.0000000000
53986  9.471  -41.473  64.777 0.0000000000
135412  8.837  -41.229  63.591 0.0000000000
54905  8.343  -41.185  63.101 0.0000000000
54008  7.786  -41.317  62.408 0.0000000000
54015  7.312  -41.763  61.766 0.0000000000
152088  7.556  -41.372  61.872 0.0000000000
136102  7.344  -41.176  61.130 0.0000000000
54025  6.787  -41.539  59.579 0.0000000000
138629  6.857  -41.638  58.764 0.0000000000
54957  7.174  -40.808  59.762 0.0000000000
54965  7.530  -40.603  59.219 0.0000000000
54964  8.224  -40.366  59.346 0.0000000000
54941  11.285  -40.471  60.279 0.0000000000
55913  10.506  -40.295  59.037 0.0000000000
148631  11.102  -40.112  58.269 0.0000000000
143042  13.740  -34.552  68.668 0.0000000000
58781  14.551  -35.547  67.540 0.0000000000
148573  14.029  -35.144  65.817 0.0000000000
59728  14.690  -35.461  66.092 0.0000000000
58795  16.376  -36.559  65.187 0.0000000000
57856  16.575  -37.496  64.683 0.0000000000
56888  16.525  -38.433  64.290 0.0000000000
57863  16.623  -37.682  63.868 0.0000000000
140540  16.650  -37.917  63.215 0.0000000000
47262  12.332  -48.623  75.772 0.0000000000
148915  12.802  -48.325  76.330 0.0000000000
49434  13.404  -47.351  76.913 0.0000000000
50505  13.643  -45.957  77.340 0.0000000000
140955  14.980  -46.114  72.194 0.0000000000
56823  11.398  -37.861  74.061 0.0000000000
59670  11.341  -35.558  73.100 0.0000000000
58748  12.279  -35.984  72.901 0.0000000000
59677  13.485  -35.129  71.764 0.0000000000
44565  6.771  -51.720  64.123 0.0000000000
147512  6.904  -51.097  64.085 0.0000000000
137813  7.014  -51.082  64.721 0.0000000000
130014  7.482  -49.934  67.614 0.0000000000
46371  7.443  -49.494  67.229 0.0000000000
48360  7.875  -47.901  69.132 0.0000000000
51368  10.920  -44.393  76.903 0.0000000000
143050  9.938  -44.814  75.771 0.0000000000
51373  10.129  -44.209  76.228 0.0000000000
52208  9.810  -42.796  76.566 0.0000000000
53007  9.972  -42.263  77.034 0.0000000000
53012  9.427  -41.950  75.940 0.0000000000
53879  9.478  -41.142  76.076 0.0000000000
54794  9.724  -40.755  75.664 0.0000000000
43533  9.866  -51.141  67.708 0.0000000000
42592  8.595  -51.958  65.940 0.0000000000
42605  8.606  -52.372  64.807 0.0000000000
41669  8.043  -53.240  64.110 0.0000000000
41685  7.535  -53.800  63.426 0.0000000000
41700  7.183  -54.230  62.969 0.0000000000
43564  7.242  -52.031  65.259 0.0000000000
42608  7.052  -52.512  64.554 0.0000000000
42619  6.860  -52.987  64.020 0.0000000000
43577  6.759  -52.441  64.068 0.0000000000
134737  7.434  -47.346  64.251 0.0000000000
49565  7.445  -46.277  63.959 0.0000000000
146748  7.662  -45.080  65.717 0.0000000000
138152  7.561  -45.022  65.078 0.0000000000
151732  7.471  -45.579  64.171 0.0000000000
51464  7.452  -44.639  63.702 0.0000000000
138594  7.409  -44.017  63.316 0.0000000000
53935  12.902  -41.506  68.679 0.0000000000
53936  11.939  -41.587  68.476 0.0000000000
53948  12.686  -41.482  67.788 0.0000000000
153636  12.131  -41.520  67.122 0.0000000000
53972  11.380  -41.502  65.879 0.0000000000
53971  12.333  -41.425  65.518 0.0000000000
53984  11.165  -41.360  64.509 0.0000000000
53998  10.311  -41.043  63.358 0.0000000000
54921  10.121  -40.763  62.527 0.0000000000
54931  9.034  -40.504  61.380 0.0000000000
128928  10.899  -40.679  61.865 0.0000000000
129309  11.710  -40.863  62.137 0.0000000000
54918  12.904  -41.099  62.873 0.0000000000
54929  12.633  -40.938  62.030 0.0000000000
133189  12.720  -40.834  61.177 0.0000000000
54938  14.137  -40.513  61.104 0.0000000000
148793  14.416  -34.511  63.986 0.0000000000
59757  15.376  -34.850  63.960 0.0000000000
59769  16.150  -35.326  63.438 0.0000000000
60789  15.910  -34.474  62.021 0.0000000000
50671  6.512  -46.052  56.694 0.0000000000
44466  8.382  -50.382  70.379 0.0000000000
45444  8.393  -49.958  70.805 0.0000000000
45434  8.686  -49.935  71.752 0.0000000000
46317  8.957  -49.187  73.331 0.0000000000
47271  9.373  -48.479  74.414 0.0000000000
151993  9.835  -49.117  74.588 0.0000000000
48304  9.424  -47.881  74.738 0.0000000000
47260  12.150  -48.427  76.281 0.0000000000
48287  11.773  -47.878  76.618 0.0000000000
49429  12.633  -46.375  77.141 0.0000000000
141146  10.789  -46.081  76.407 0.0000000000
50515  10.681  -45.172  76.470 0.0000000000
143561  11.212  -43.875  77.309 0.0000000000
53005  11.728  -42.812  78.088 0.0000000000
48370  19.894  -47.005  68.705 0.0000000000
48383  20.147  -46.969  67.806 0.0000000000
49511  18.013  -45.855  68.425 0.0000000000
48372  18.224  -46.052  69.210 0.0000000000
129249  16.933  -45.597  68.279 0.0000000000
49529  15.861  -45.621  68.063 0.0000000000
150149  15.924  -45.632  69.978 0.0000000000
49512  16.138  -45.571  68.862 0.0000000000
49530  14.885  -45.841  67.706 0.0000000000
45482  11.342  -49.660  67.539 0.0000000000
44492  11.012  -50.028  67.780 0.0000000000
44493  10.709  -50.337  68.157 0.0000000000
44475  10.621  -50.383  69.100 0.0000000000
46344  11.212  -49.071  70.718 0.0000000000
46332  11.134  -48.931  71.967 0.0000000000
44494  10.471  -50.584  68.780 0.0000000000
44476  10.308  -50.639  69.529 0.0000000000
43481  9.875  -50.909  69.836 0.0000000000
44465  9.786  -50.758  70.536 0.0000000000
44451  9.684  -50.595  71.165 0.0000000000
43482  9.233  -51.086  70.099 0.0000000000
43472  9.097  -50.966  70.488 0.0000000000
129285  8.733  -50.648  70.644 0.0000000000
53046  9.612  -42.903  70.374 0.0000000000
53052  9.414  -42.977  69.784 0.0000000000
144269  9.944  -42.674  70.658 0.0000000000
150543  10.315  -42.397  70.266 0.0000000000
53916  10.896  -42.114  70.383 0.0000000000
53908  11.226  -42.104  71.397 0.0000000000
128006  12.357  -41.579  69.962 0.0000000000
56830  13.826  -38.577  72.967 0.0000000000
144717  13.706  -39.835  72.632 0.0000000000
54817  13.501  -40.450  72.287 0.0000000000
152975  13.913  -40.543  71.685 0.0000000000
136062  13.195  -41.337  70.206 0.0000000000
53922  13.097  -41.447  69.485 0.0000000000
54846  14.941  -40.690  68.618 0.0000000000
54827  15.481  -39.888  69.998 0.0000000000
54835  15.559  -40.184  69.065 0.0000000000
54845  15.515  -40.260  68.202 0.0000000000
55830  15.983  -39.795  67.719 0.0000000000
55829  16.333  -39.214  67.247 0.0000000000
134536  15.881  -46.514  76.246 0.0000000000
50512  16.340  -45.706  76.857 0.0000000000
47330  20.628  -47.536  68.325 0.0000000000
46359  22.235  -49.067  68.959 0.0000000000
46343  21.587  -48.754  70.248 0.0000000000
47329  21.140  -48.089  68.857 0.0000000000
144155  20.258  -47.687  70.667 0.0000000000
144150  18.924  -46.604  71.165 0.0000000000
48322  18.357  -46.496  72.383 0.0000000000
48309  19.919  -47.480  73.726 0.0000000000
44619  6.792  -52.153  61.457 0.0000000000
47388  7.423  -48.693  63.778 0.0000000000
45521  7.116  -50.498  64.341 0.0000000000
46397  7.365  -49.190  64.193 0.0000000000
47377  7.416  -48.323  64.437 0.0000000000
49542  7.609  -46.386  66.199 0.0000000000
50581  8.054  -45.740  67.145 0.0000000000
138858  7.962  -46.260  67.358 0.0000000000
50580  8.277  -45.198  67.727 0.0000000000
51412  8.773  -43.833  69.631 0.0000000000
46334  8.362  -49.379  71.100 0.0000000000
47301  8.367  -48.651  71.323 0.0000000000
48325  8.585  -47.680  72.977 0.0000000000
48337  8.398  -47.858  71.521 0.0000000000
48348  8.350  -47.327  70.800 0.0000000000
49480  8.466  -46.392  71.284 0.0000000000
50521  9.208  -45.059  74.402 0.0000000000
50524  9.031  -45.046  73.869 0.0000000000
50540  8.619  -45.423  72.294 0.0000000000
152709  8.498  -45.874  70.982 0.0000000000
50548  8.694  -44.723  71.008 0.0000000000
52231  9.221  -44.029  72.710 0.0000000000
51399  8.955  -44.176  71.391 0.0000000000
52245  9.043  -43.709  70.605 0.0000000000
53047  9.320  -43.282  70.505 0.0000000000
131932  10.233  -42.840  72.261 0.0000000000
55770  10.113  -39.415  75.243 0.0000000000
56804  9.795  -38.662  75.487 0.0000000000
48410  19.572  -46.245  66.257 0.0000000000
49550  19.195  -45.918  65.259 0.0000000000
127747  18.273  -45.794  65.884 0.0000000000
42603  9.566  -51.643  64.554 0.0000000000
42629  9.168  -52.425  63.401 0.0000000000
148034  7.383  -51.222  59.907 0.0000000000
147520  7.476  -47.768  63.127 0.0000000000
147178  7.663  -48.139  61.872 0.0000000000
153239  7.889  -48.338  61.299 0.0000000000
47436  8.551  -48.411  59.413 0.0000000000
46469  8.563  -48.803  58.557 0.0000000000
147780  9.204  -43.102  69.240 0.0000000000
53061  9.089  -42.999  68.558 0.0000000000
145037  8.641  -43.247  67.108 0.0000000000
53060  9.342  -42.605  68.139 0.0000000000
133575  8.798  -42.765  66.754 0.0000000000
53091  7.760  -42.950  64.935 0.0000000000
52299  7.565  -43.310  64.401 0.0000000000
52304  7.461  -43.310  63.631 0.0000000000
53963  10.150  -41.788  66.864 0.0000000000
137908  9.142  -41.971  66.067 0.0000000000
53974  9.116  -41.695  65.309 0.0000000000
53987  8.534  -41.792  64.735 0.0000000000
53089  8.266  -42.205  65.047 0.0000000000
53102  7.580  -42.661  63.779 0.0000000000
52309  7.380  -43.271  62.882 0.0000000000
51484  6.979  -44.015  60.773 0.0000000000
52327  6.786  -43.348  60.279 0.0000000000
51496  6.828  -44.370  59.240 0.0000000000
51540  6.712  -45.155  56.796 0.0000000000
150638  6.998  -44.522  56.669 0.0000000000
52354  7.296  -43.767  56.933 0.0000000000
54942  8.908  -40.369  60.468 0.0000000000
55900  8.797  -40.339  59.864 0.0000000000
55932  8.859  -40.361  59.224 0.0000000000
54954  10.063  -40.273  59.595 0.0000000000
54975  8.542  -40.621  58.342 0.0000000000
54985  9.002  -41.001  57.651 0.0000000000
60683  13.183  -34.384  71.511 0.0000000000
59685  14.010  -34.792  70.953 0.0000000000
58766  14.775  -35.683  69.155 0.0000000000
57824  15.765  -37.243  69.274 0.0000000000
56845  16.222  -37.894  68.821 0.0000000000
56852  16.388  -38.411  68.332 0.0000000000
58780  15.344  -36.010  67.220 0.0000000000
58787  15.467  -35.935  66.456 0.0000000000
143927  16.474  -37.594  67.219 0.0000000000
56868  16.514  -38.518  66.649 0.0000000000
148754  16.269  -39.320  66.495 0.0000000000
55852  15.887  -39.710  65.156 0.0000000000
55862  15.853  -39.705  64.350 0.0000000000
55861  16.271  -39.177  63.926 0.0000000000
55870  15.761  -39.744  63.581 0.0000000000
55890  14.801  -40.292  61.684 0.0000000000
54950  14.017  -40.374  60.055 0.0000000000
135438  16.748  -37.661  62.622 0.0000000000
55888  16.191  -39.256  61.397 0.0000000000
43471  9.397  -50.819  70.709 0.0000000000
43534  7.673  -51.169  67.391 0.0000000000
43549  10.264  -50.950  66.136 0.0000000000
44440  9.963  -50.341  71.720 0.0000000000
44452  9.170  -50.661  71.148 0.0000000000
45425  9.456  -49.766  73.181 0.0000000000
45456  8.008  -49.932  70.005 0.0000000000
45461  22.665  -49.616  69.322 0.0000000000
45483  7.510  -50.352  67.466 0.0000000000
45484  7.415  -50.092  66.874 0.0000000000
47288  8.533  -48.137  72.573 0.0000000000
50566  8.139  -46.040  67.807 0.0000000000
51379  9.216  -44.479  74.210 0.0000000000
51446  7.885  -44.642  66.175 0.0000000000
51539  7.486  -44.413  56.568 0.0000000000
52291  8.012  -43.276  65.666 0.0000000000
53109  7.552  -42.178  63.166 0.0000000000
53949  11.563  -41.618  67.718 0.0000000000
53961  12.208  -41.483  66.371 0.0000000000
53975  8.717  -42.061  65.574 0.0000000000
54020  7.007  -41.213  60.379 0.0000000000
54924  7.975  -40.874  61.871 0.0000000000
54934  7.618  -40.800  60.900 0.0000000000
54943  8.349  -40.439  60.419 0.0000000000
54956  7.738  -40.480  59.822 0.0000000000
54966  7.026  -40.996  59.147 0.0000000000
55914  9.762  -40.323  59.287 0.0000000000
55915  9.156  -40.350  59.463 0.0000000000
55916  8.680  -40.364  59.544 0.0000000000
55946  9.109  -40.403  58.755 0.0000000000
129431  7.617  -50.422  68.807 0.0000000000
131412  8.523  -40.379  58.935 0.0000000000
131797  7.536  -47.955  62.551 0.0000000000
134017  8.285  -48.195  70.836 0.0000000000
135464  15.643  -37.561  69.913 0.0000000000
138801  6.604  -43.036  58.768 0.0000000000
142064  14.637  -40.670  65.980 0.0000000000
147428  7.472  -45.355  63.739 0.0000000000
147682  8.402  -50.778  70.067 0.0000000000
148248  10.465  -41.265  64.050 0.0000000000
149717  7.846  -40.919  58.251 0.0000000000
152007  8.308  -48.953  60.282 0.0000000000
153097  9.881  -40.272  60.063 0.0000000000
153277  7.825  -50.700  69.345 0.0000000000
153877  11.408  -48.918  74.479 0.0000000000
154006  13.413  -34.652  64.901 0.0000000000
