#!ascii label  , from subject sub-v1s17x0050270_ses-1 vox2ras=TkReg
623
153406  -50.016  -76.712  1.918 0.0000000000
19577  -50.807  -70.689  -5.247 0.0000000000
20444  -48.954  -70.270  4.589 0.0000000000
17564  -53.684  -73.138  -1.303 0.0000000000
20469  -49.515  -69.957  1.943 0.0000000000
17485  -44.394  -74.638  6.181 0.0000000000
24262  -42.695  -66.220  6.005 0.0000000000
28106  -38.223  -61.976  7.165 0.0000000000
24267  -47.670  -66.100  5.278 0.0000000000
21461  -51.260  -68.907  3.463 0.0000000000
25195  -50.072  -65.367  3.938 0.0000000000
143346  -43.820  -70.360  6.973 0.0000000000
22396  -41.382  -68.900  7.382 0.0000000000
154275  -40.242  -57.858  8.612 0.0000000000
132249  -39.128  -58.685  5.798 0.0000000000
13917  -48.689  -78.316  -3.640 0.0000000000
135938  -53.054  -71.559  -3.114 0.0000000000
16611  -50.495  -74.372  -5.398 0.0000000000
18607  -50.565  -72.163  -6.540 0.0000000000
136769  -50.313  -74.930  4.955 0.0000000000
15620  -51.596  -75.527  0.655 0.0000000000
17535  -51.372  -72.737  1.119 0.0000000000
19506  -49.516  -72.018  -0.939 0.0000000000
135113  -47.140  -73.413  6.061 0.0000000000
143805  -45.390  -68.036  5.601 0.0000000000
27159  -43.629  -63.631  5.497 0.0000000000
23314  -38.148  -67.667  6.547 0.0000000000
26146  -39.476  -64.717  4.760 0.0000000000
29160  -40.815  -61.566  4.416 0.0000000000
157554  -43.247  -59.497  4.056 0.0000000000
14781  -50.033  -76.510  -5.549 0.0000000000
19535  -43.697  -71.288  -4.210 0.0000000000
20577  -48.067  -70.286  -6.386 0.0000000000
20653  -50.169  -69.915  -10.977 0.0000000000
27162  -46.567  -63.662  5.604 0.0000000000
24285  -49.578  -65.810  4.723 0.0000000000
14738  -49.489  -77.241  -0.170 0.0000000000
19540  -51.915  -71.254  -3.737 0.0000000000
18593  -52.895  -72.024  -5.855 0.0000000000
19597  -53.113  -70.786  -6.903 0.0000000000
145222  -51.889  -70.668  -8.027 0.0000000000
20580  -52.433  -69.887  -7.362 0.0000000000
143322  -49.300  -72.671  4.904 0.0000000000
19439  -51.193  -71.834  4.277 0.0000000000
21473  -51.286  -68.770  2.681 0.0000000000
136516  -52.043  -70.792  3.045 0.0000000000
152918  -50.261  -71.558  1.992 0.0000000000
149473  -50.933  -72.530  -0.116 0.0000000000
18523  -48.510  -72.475  0.938 0.0000000000
16488  -46.877  -75.180  6.136 0.0000000000
17478  -45.644  -74.428  6.467 0.0000000000
23319  -42.960  -68.206  6.682 0.0000000000
21429  -44.765  -69.426  6.151 0.0000000000
23335  -43.844  -67.247  6.197 0.0000000000
24265  -45.317  -66.278  5.611 0.0000000000
25159  -43.192  -64.814  5.631 0.0000000000
26094  -37.453  -64.406  6.972 0.0000000000
25140  -38.221  -65.385  5.627 0.0000000000
27144  -37.932  -63.508  5.933 0.0000000000
32051  -39.884  -57.958  4.870 0.0000000000
30160  -39.571  -60.325  4.754 0.0000000000
132561  -40.853  -59.130  4.180 0.0000000000
131688  -42.062  -60.204  4.323 0.0000000000
16559  -53.512  -74.185  0.194 0.0000000000
15640  -50.174  -75.130  -2.247 0.0000000000
16579  -51.809  -74.006  -2.440 0.0000000000
144398  -47.372  -75.093  -5.222 0.0000000000
20543  -42.054  -70.292  -4.363 0.0000000000
19573  -45.979  -71.384  -5.124 0.0000000000
21629  -48.318  -69.335  -9.231 0.0000000000
23357  -47.940  -67.635  4.832 0.0000000000
134112  -50.846  -69.247  4.116 0.0000000000
23358  -49.125  -67.204  4.691 0.0000000000
23374  -51.004  -67.386  3.431 0.0000000000
23387  -50.283  -66.996  2.679 0.0000000000
18433  -44.257  -73.577  7.028 0.0000000000
21411  -42.464  -69.962  7.447 0.0000000000
23318  -41.876  -67.583  6.641 0.0000000000
30110  -38.999  -60.065  8.195 0.0000000000
30122  -38.527  -60.523  6.660 0.0000000000
33076  -39.568  -57.635  7.373 0.0000000000
34270  -40.012  -56.420  6.013 0.0000000000
35413  -40.654  -55.848  4.791 0.0000000000
18557  -53.672  -72.047  -2.357 0.0000000000
17579  -52.454  -73.373  -3.751 0.0000000000
17590  -52.779  -72.381  -4.918 0.0000000000
148403  -50.385  -73.051  -5.640 0.0000000000
18588  -47.123  -72.945  -5.989 0.0000000000
147627  -47.663  -72.238  -7.178 0.0000000000
18627  -47.871  -72.299  -8.576 0.0000000000
18641  -49.350  -72.414  -10.095 0.0000000000
15578  -50.689  -75.841  3.961 0.0000000000
147838  -51.076  -76.128  1.501 0.0000000000
16540  -53.273  -74.728  2.201 0.0000000000
16550  -54.192  -73.692  0.879 0.0000000000
19451  -51.971  -71.281  3.489 0.0000000000
18484  -52.853  -72.534  2.615 0.0000000000
18528  -54.213  -72.389  0.594 0.0000000000
150610  -52.825  -71.454  -0.802 0.0000000000
19517  -51.065  -71.399  -1.717 0.0000000000
19527  -49.929  -71.363  -2.593 0.0000000000
15565  -49.134  -75.595  4.840 0.0000000000
18444  -48.149  -73.393  5.640 0.0000000000
19422  -47.602  -71.561  5.186 0.0000000000
19409  -45.064  -72.202  6.635 0.0000000000
20419  -45.744  -70.196  5.752 0.0000000000
21447  -46.985  -69.483  4.977 0.0000000000
136093  -46.136  -66.796  5.399 0.0000000000
140612  -45.495  -64.850  5.604 0.0000000000
28134  -44.663  -62.158  5.413 0.0000000000
23316  -39.979  -67.942  6.709 0.0000000000
24259  -39.918  -66.361  5.527 0.0000000000
26120  -40.899  -65.102  5.112 0.0000000000
157800  -38.982  -61.583  4.872 0.0000000000
27179  -39.895  -63.021  4.369 0.0000000000
27181  -41.867  -63.739  5.078 0.0000000000
29162  -42.201  -62.201  4.890 0.0000000000
29163  -43.206  -61.077  4.885 0.0000000000
15630  -49.499  -75.909  -1.245 0.0000000000
14770  -49.697  -76.916  -3.937 0.0000000000
15653  -50.852  -75.455  -5.082 0.0000000000
14790  -47.266  -77.073  -6.480 0.0000000000
19498  -46.721  -71.719  0.665 0.0000000000
19514  -47.807  -71.416  -1.480 0.0000000000
19554  -48.900  -71.356  -4.066 0.0000000000
153522  -47.607  -71.361  -4.571 0.0000000000
20561  -50.042  -70.421  -5.888 0.0000000000
21587  -50.621  -69.160  -8.194 0.0000000000
20636  -51.612  -69.992  -10.315 0.0000000000
145008  -46.553  -62.846  5.572 0.0000000000
26127  -47.584  -63.939  5.514 0.0000000000
13882  -49.120  -78.161  -0.527 0.0000000000
14727  -49.563  -77.273  0.598 0.0000000000
19556  -51.445  -70.972  -4.516 0.0000000000
19579  -53.182  -70.955  -5.903 0.0000000000
19578  -52.389  -70.603  -5.612 0.0000000000
20581  -52.930  -70.327  -7.247 0.0000000000
20562  -51.705  -70.170  -6.290 0.0000000000
19437  -49.267  -71.333  4.646 0.0000000000
19438  -50.376  -71.589  4.439 0.0000000000
20445  -50.425  -70.332  4.346 0.0000000000
137508  -50.613  -69.229  2.137 0.0000000000
20470  -50.489  -70.289  2.116 0.0000000000
19462  -49.237  -71.000  1.902 0.0000000000
18504  -49.616  -72.319  1.449 0.0000000000
154420  -44.765  -74.520  4.504 0.0000000000
16486  -45.126  -75.026  5.787 0.0000000000
16487  -45.924  -75.153  5.947 0.0000000000
17486  -45.265  -74.862  6.216 0.0000000000
150710  -43.233  -67.540  6.438 0.0000000000
23320  -43.718  -68.034  6.366 0.0000000000
24241  -43.131  -66.852  6.262 0.0000000000
24263  -43.474  -66.092  5.899 0.0000000000
157327  -42.656  -65.107  5.638 0.0000000000
135597  -38.502  -61.680  8.150 0.0000000000
151059  -38.332  -62.436  8.391 0.0000000000
27125  -38.014  -62.815  7.598 0.0000000000
27124  -37.640  -63.674  7.810 0.0000000000
145350  -37.738  -63.523  6.850 0.0000000000
27143  -37.715  -64.082  6.262 0.0000000000
28118  -38.012  -62.764  6.538 0.0000000000
34292  -40.609  -56.606  4.309 0.0000000000
32071  -40.636  -58.142  4.183 0.0000000000
32072  -41.502  -58.675  3.819 0.0000000000
32091  -41.361  -57.795  3.603 0.0000000000
16570  -52.963  -73.876  -0.860 0.0000000000
16569  -51.908  -74.185  -1.367 0.0000000000
17563  -52.686  -73.530  -1.878 0.0000000000
148746  -45.618  -70.133  -6.765 0.0000000000
21607  -47.655  -69.266  -8.380 0.0000000000
21606  -46.555  -69.422  -8.246 0.0000000000
24284  -48.265  -66.705  4.966 0.0000000000
25180  -49.847  -65.482  4.415 0.0000000000
151857  -50.085  -66.028  4.386 0.0000000000
24286  -50.366  -65.989  4.070 0.0000000000
24313  -50.640  -66.813  3.177 0.0000000000
24300  -50.355  -66.122  3.544 0.0000000000
22410  -42.111  -68.395  6.944 0.0000000000
22409  -41.456  -68.179  6.942 0.0000000000
151841  -39.788  -59.075  8.910 0.0000000000
32003  -39.485  -58.819  8.285 0.0000000000
31056  -38.997  -59.388  7.662 0.0000000000
154099  -40.158  -57.278  8.100 0.0000000000
35397  -40.451  -55.786  5.663 0.0000000000
13056  -48.642  -78.436  -5.451 0.0000000000
18564  -53.368  -71.711  -2.780 0.0000000000
17580  -52.843  -72.556  -4.056 0.0000000000
18575  -53.003  -71.853  -4.463 0.0000000000
18608  -52.217  -71.852  -6.748 0.0000000000
18592  -52.347  -72.390  -5.995 0.0000000000
18606  -48.984  -72.130  -6.576 0.0000000000
18604  -47.000  -72.668  -6.824 0.0000000000
19614  -50.838  -70.802  -8.281 0.0000000000
19613  -48.292  -71.796  -7.889 0.0000000000
19629  -49.721  -71.174  -8.567 0.0000000000
18640  -48.202  -72.725  -9.390 0.0000000000
19643  -50.187  -71.341  -9.690 0.0000000000
16503  -50.802  -75.291  4.510 0.0000000000
15579  -51.410  -75.732  3.463 0.0000000000
16541  -53.995  -73.981  1.775 0.0000000000
17524  -53.858  -73.452  2.084 0.0000000000
21451  -51.378  -69.900  3.822 0.0000000000
21462  -51.596  -69.823  3.300 0.0000000000
19464  -52.304  -71.641  2.929 0.0000000000
18506  -52.128  -72.544  1.742 0.0000000000
18508  -53.979  -72.669  1.372 0.0000000000
18527  -53.399  -72.399  0.819 0.0000000000
18543  -53.080  -71.820  -0.087 0.0000000000
18541  -49.946  -72.637  -0.119 0.0000000000
151021  -50.732  -71.868  -0.892 0.0000000000
19516  -50.161  -71.588  -1.505 0.0000000000
157886  -50.308  -71.371  -2.022 0.0000000000
138315  -49.345  -71.477  -1.755 0.0000000000
17488  -47.498  -74.524  6.215 0.0000000000
17489  -48.269  -74.521  5.962 0.0000000000
18453  -48.330  -72.083  5.046 0.0000000000
136557  -47.586  -72.480  5.540 0.0000000000
19408  -44.081  -72.437  7.225 0.0000000000
145318  -44.491  -71.300  6.792 0.0000000000
22424  -45.040  -68.673  5.835 0.0000000000
21431  -46.155  -69.452  5.341 0.0000000000
20420  -46.493  -70.264  5.349 0.0000000000
22439  -46.601  -68.673  5.067 0.0000000000
23356  -47.054  -67.965  4.966 0.0000000000
23338  -46.182  -67.780  5.271 0.0000000000
26124  -43.862  -64.379  5.588 0.0000000000
25161  -44.916  -65.424  5.650 0.0000000000
27160  -44.610  -63.720  5.557 0.0000000000
139811  -45.568  -64.141  5.601 0.0000000000
143459  -44.109  -62.940  5.461 0.0000000000
23315  -38.898  -67.835  6.554 0.0000000000
147511  -38.727  -64.897  5.107 0.0000000000
25155  -39.167  -65.569  5.150 0.0000000000
25156  -40.071  -65.445  4.985 0.0000000000
25157  -40.821  -65.864  5.466 0.0000000000
26147  -40.265  -64.739  4.733 0.0000000000
31088  -38.667  -60.107  6.080 0.0000000000
30141  -38.644  -60.721  5.810 0.0000000000
30142  -38.973  -60.134  5.377 0.0000000000
30161  -40.454  -60.609  4.427 0.0000000000
29159  -39.704  -61.314  4.550 0.0000000000
28155  -40.782  -62.504  4.443 0.0000000000
27180  -40.866  -63.410  4.550 0.0000000000
28156  -41.629  -62.812  4.757 0.0000000000
29161  -41.835  -61.528  4.635 0.0000000000
31103  -42.684  -59.660  4.144 0.0000000000
30163  -42.377  -60.930  4.635 0.0000000000
134426  -42.979  -60.387  4.545 0.0000000000
30164  -43.962  -60.576  4.763 0.0000000000
15618  -50.039  -76.091  -0.160 0.0000000000
15619  -50.946  -75.370  -0.143 0.0000000000
15645  -50.539  -75.592  -3.567 0.0000000000
15644  -49.871  -76.325  -3.516 0.0000000000
14773  -50.052  -76.776  -4.868 0.0000000000
13923  -49.093  -77.648  -5.960 0.0000000000
13924  -49.541  -76.880  -6.083 0.0000000000
156330  -51.763  -74.060  -4.678 0.0000000000
151250  -51.341  -74.858  -4.609 0.0000000000
150688  -50.683  -75.246  -5.419 0.0000000000
14777  -45.461  -76.236  -5.910 0.0000000000
14779  -47.637  -76.187  -5.890 0.0000000000
19484  -47.226  -71.512  1.350 0.0000000000
19483  -46.276  -71.187  1.134 0.0000000000
19525  -47.815  -71.237  -2.280 0.0000000000
19539  -47.436  -71.274  -3.163 0.0000000000
20558  -46.543  -71.019  -5.729 0.0000000000
19574  -46.951  -71.356  -4.959 0.0000000000
20559  -47.458  -70.877  -5.709 0.0000000000
20560  -48.566  -70.771  -5.625 0.0000000000
20578  -49.322  -70.055  -6.501 0.0000000000
21570  -50.048  -69.422  -7.389 0.0000000000
21643  -50.221  -69.396  -10.159 0.0000000000
21631  -50.834  -69.224  -9.765 0.0000000000
21644  -51.034  -69.537  -10.567 0.0000000000
146808  -47.592  -64.684  5.513 0.0000000000
25164  -48.205  -65.194  5.387 0.0000000000
26128  -48.486  -64.302  5.279 0.0000000000
145589  -49.032  -63.999  4.834 0.0000000000
34235  -40.437  -56.537  7.719 0.0000000000
34236  -41.144  -56.132  8.017 0.0000000000
14751  -48.794  -77.958  -1.743 0.0000000000
19541  -52.753  -71.514  -3.922 0.0000000000
19558  -52.961  -71.438  -4.829 0.0000000000
18609  -52.940  -71.492  -6.587 0.0000000000
19595  -52.003  -71.271  -7.467 0.0000000000
19594  -50.507  -71.402  -7.415 0.0000000000
20597  -52.019  -69.989  -8.661 0.0000000000
18454  -49.815  -73.557  5.041 0.0000000000
132735  -50.474  -72.678  4.613 0.0000000000
18455  -51.431  -72.638  4.331 0.0000000000
18456  -52.136  -72.596  4.001 0.0000000000
22458  -51.585  -69.070  3.086 0.0000000000
21475  -51.847  -69.916  3.068 0.0000000000
20471  -51.477  -70.541  2.538 0.0000000000
19463  -51.586  -71.532  2.439 0.0000000000
18482  -50.719  -72.195  1.821 0.0000000000
18525  -50.598  -72.745  0.600 0.0000000000
138134  -50.294  -72.621  1.276 0.0000000000
18524  -49.543  -72.728  0.721 0.0000000000
18540  -48.861  -72.642  -0.044 0.0000000000
17487  -46.553  -74.469  6.362 0.0000000000
18443  -46.222  -73.445  6.351 0.0000000000
22411  -43.487  -68.845  6.670 0.0000000000
20401  -44.549  -70.294  6.506 0.0000000000
22423  -44.279  -68.705  6.257 0.0000000000
23336  -44.592  -67.816  5.942 0.0000000000
23337  -45.355  -67.259  5.602 0.0000000000
135764  -44.543  -66.864  5.857 0.0000000000
25160  -43.913  -65.273  5.695 0.0000000000
26123  -43.194  -64.183  5.525 0.0000000000
25128  -37.154  -65.225  7.354 0.0000000000
25139  -37.552  -65.359  6.446 0.0000000000
134056  -37.915  -66.270  6.068 0.0000000000
157345  -37.725  -64.712  6.125 0.0000000000
26108  -38.184  -64.362  5.554 0.0000000000
27156  -38.529  -63.637  5.167 0.0000000000
32069  -39.557  -58.537  5.165 0.0000000000
31100  -39.417  -59.364  5.075 0.0000000000
32070  -40.055  -58.802  4.602 0.0000000000
31101  -40.211  -59.697  4.480 0.0000000000
31102  -41.114  -59.984  4.258 0.0000000000
30162  -41.437  -60.793  4.437 0.0000000000
150040  -41.730  -59.462  4.044 0.0000000000
153611  -42.235  -59.065  3.819 0.0000000000
32092  -42.338  -58.394  3.412 0.0000000000
16549  -52.593  -74.960  0.663 0.0000000000
16568  -51.183  -74.694  -0.926 0.0000000000
16587  -51.119  -74.645  -3.003 0.0000000000
143927  -50.872  -75.613  -4.505 0.0000000000
143046  -48.292  -74.917  -5.335 0.0000000000
20555  -43.531  -70.663  -5.618 0.0000000000
19571  -44.018  -71.282  -5.162 0.0000000000
19550  -44.588  -71.409  -4.551 0.0000000000
19572  -45.022  -71.314  -5.368 0.0000000000
20575  -46.128  -70.612  -6.298 0.0000000000
21568  -47.560  -69.765  -6.993 0.0000000000
21569  -48.718  -69.574  -7.125 0.0000000000
20634  -49.100  -69.601  -10.040 0.0000000000
146110  -48.469  -68.888  4.611 0.0000000000
135965  -49.936  -69.550  4.407 0.0000000000
141197  -49.188  -68.603  4.515 0.0000000000
21450  -50.126  -68.689  4.318 0.0000000000
22443  -50.653  -67.846  4.104 0.0000000000
153195  -49.156  -66.381  4.834 0.0000000000
23359  -50.200  -67.161  4.333 0.0000000000
22457  -51.018  -67.958  3.596 0.0000000000
22471  -51.343  -68.187  3.106 0.0000000000
141218  -50.599  -68.301  2.331 0.0000000000
21472  -49.552  -69.074  1.937 0.0000000000
17476  -43.856  -74.219  6.740 0.0000000000
20400  -43.689  -71.405  7.315 0.0000000000
20394  -43.031  -70.677  7.474 0.0000000000
21415  -43.254  -69.707  7.020 0.0000000000
22398  -42.684  -69.038  7.053 0.0000000000
140736  -42.594  -67.559  6.549 0.0000000000
24240  -42.313  -66.903  6.328 0.0000000000
29091  -38.767  -60.777  8.210 0.0000000000
29105  -38.454  -61.072  7.379 0.0000000000
30109  -38.679  -60.248  7.498 0.0000000000
31073  -38.687  -59.757  6.752 0.0000000000
32032  -39.222  -58.095  6.584 0.0000000000
33077  -39.910  -56.972  7.339 0.0000000000
34253  -39.633  -57.187  6.472 0.0000000000
32050  -39.457  -57.907  5.686 0.0000000000
33110  -39.820  -57.164  5.434 0.0000000000
34291  -40.232  -56.483  5.121 0.0000000000
133516  -40.928  -56.020  4.054 0.0000000000
17565  -54.064  -72.317  -1.505 0.0000000000
17571  -52.570  -73.377  -2.856 0.0000000000
137168  -53.075  -72.600  -3.171 0.0000000000
17589  -52.315  -73.323  -4.456 0.0000000000
17607  -52.097  -73.116  -5.129 0.0000000000
17605  -49.446  -73.704  -5.393 0.0000000000
147778  -46.482  -73.572  -5.589 0.0000000000
19593  -49.331  -71.534  -7.564 0.0000000000
18616  -47.206  -72.496  -7.844 0.0000000000
17646  -47.277  -72.826  -8.860 0.0000000000
17663  -47.583  -73.346  -9.679 0.0000000000
14706  -50.376  -76.413  2.482 0.0000000000
14717  -50.357  -76.573  1.790 0.0000000000
15599  -51.036  -76.248  2.330 0.0000000000
15600  -51.839  -75.763  2.120 0.0000000000
15594  -52.463  -75.344  2.570 0.0000000000
15601  -52.678  -75.253  1.935 0.0000000000
137315  -53.350  -74.669  1.315 0.0000000000
16560  -54.253  -73.351  0.081 0.0000000000
138823  -51.895  -71.637  3.923 0.0000000000
20460  -52.033  -71.154  3.252 0.0000000000
19465  -52.267  -71.891  3.284 0.0000000000
18485  -53.704  -72.960  2.012 0.0000000000
17545  -54.424  -72.789  0.354 0.0000000000
17555  -54.343  -72.643  -0.586 0.0000000000
18552  -54.409  -71.979  -1.016 0.0000000000
19519  -53.697  -71.524  -1.428 0.0000000000
19530  -53.228  -71.442  -2.206 0.0000000000
18542  -51.881  -71.970  -0.478 0.0000000000
19507  -51.981  -71.439  -1.245 0.0000000000
19518  -52.240  -71.305  -2.024 0.0000000000
19528  -51.205  -71.320  -2.634 0.0000000000
132120  -50.624  -71.277  -3.493 0.0000000000
15590  -49.429  -76.091  3.357 0.0000000000
15577  -49.757  -75.925  4.132 0.0000000000
16502  -49.378  -75.211  5.229 0.0000000000
16501  -48.481  -75.353  5.490 0.0000000000
16490  -48.764  -74.905  5.710 0.0000000000
17494  -49.645  -74.495  5.271 0.0000000000
19436  -48.354  -71.162  4.813 0.0000000000
17477  -44.733  -74.382  6.607 0.0000000000
18434  -45.286  -73.549  6.651 0.0000000000
18442  -45.888  -72.499  6.282 0.0000000000
20402  -45.186  -70.848  6.235 0.0000000000
19420  -46.017  -71.275  5.879 0.0000000000
19421  -46.772  -72.187  5.792 0.0000000000
20421  -46.958  -71.003  5.306 0.0000000000
20442  -47.219  -70.204  5.000 0.0000000000
21448  -47.983  -69.641  4.702 0.0000000000
22440  -47.634  -68.649  4.783 0.0000000000
23339  -47.107  -67.044  5.095 0.0000000000
24266  -46.790  -66.304  5.349 0.0000000000
142379  -46.193  -66.062  5.474 0.0000000000
25163  -46.966  -65.483  5.469 0.0000000000
26126  -46.510  -64.600  5.583 0.0000000000
27161  -45.619  -63.318  5.572 0.0000000000
24237  -39.353  -67.153  6.024 0.0000000000
24238  -40.286  -67.144  6.147 0.0000000000
23317  -41.047  -67.560  6.579 0.0000000000
24260  -41.037  -66.642  5.950 0.0000000000
156441  -41.375  -66.094  5.751 0.0000000000
136224  -41.618  -65.529  5.576 0.0000000000
146138  -38.308  -62.063  6.061 0.0000000000
141316  -38.310  -62.834  5.547 0.0000000000
27157  -38.947  -62.953  4.746 0.0000000000
29136  -38.957  -60.888  5.010 0.0000000000
28131  -39.366  -62.195  4.602 0.0000000000
136118  -40.103  -64.031  4.491 0.0000000000
26148  -40.943  -64.299  4.786 0.0000000000
148363  -42.172  -65.073  5.563 0.0000000000
26122  -42.504  -64.451  5.475 0.0000000000
27158  -42.817  -63.635  5.382 0.0000000000
142282  -43.270  -62.933  5.362 0.0000000000
28132  -42.959  -62.262  5.175 0.0000000000
28133  -43.718  -62.268  5.328 0.0000000000
137968  -44.035  -61.698  5.266 0.0000000000
30143  -44.687  -61.216  5.137 0.0000000000
14739  -49.898  -76.823  0.510 0.0000000000
14752  -49.043  -76.953  -1.453 0.0000000000
14761  -49.141  -76.859  -2.751 0.0000000000
15631  -50.323  -75.116  -1.062 0.0000000000
15639  -49.504  -75.970  -2.464 0.0000000000
13918  -49.423  -77.460  -4.426 0.0000000000
13920  -49.094  -77.971  -4.946 0.0000000000
147919  -51.867  -74.086  -3.442 0.0000000000
15646  -51.361  -74.919  -3.962 0.0000000000
14782  -50.431  -75.906  -5.572 0.0000000000
15665  -49.262  -75.421  -5.750 0.0000000000
146643  -49.820  -76.156  -5.937 0.0000000000
23386  -49.421  -66.952  2.470 0.0000000000
23385  -48.753  -67.654  2.186 0.0000000000
21471  -48.424  -69.117  1.907 0.0000000000
20486  -48.478  -70.499  1.863 0.0000000000
137343  -48.169  -71.357  1.670 0.0000000000
18522  -47.510  -72.147  0.773 0.0000000000
18539  -47.847  -72.438  0.066 0.0000000000
19503  -46.377  -71.615  0.000 0.0000000000
142789  -47.437  -71.799  -0.713 0.0000000000
19505  -48.402  -71.875  -0.969 0.0000000000
19526  -48.873  -71.329  -2.459 0.0000000000
132121  -49.432  -71.345  -3.310 0.0000000000
19555  -50.057  -71.156  -4.262 0.0000000000
19551  -45.377  -71.440  -4.521 0.0000000000
19552  -46.237  -71.440  -4.263 0.0000000000
19538  -46.499  -71.258  -3.360 0.0000000000
135570  -47.955  -71.400  -3.935 0.0000000000
19576  -49.390  -70.998  -4.985 0.0000000000
20579  -50.874  -69.794  -6.864 0.0000000000
21571  -51.449  -69.459  -7.882 0.0000000000
133780  -51.741  -69.681  -8.963 0.0000000000
21610  -51.382  -69.377  -9.371 0.0000000000
20635  -51.345  -70.419  -9.474 0.0000000000
19644  -51.191  -70.712  -10.497 0.0000000000
13853  -49.264  -77.990  0.156 0.0000000000
13900  -48.870  -77.648  -3.130 0.0000000000
13921  -49.653  -77.209  -5.393 0.0000000000
14716  -49.811  -76.961  1.259 0.0000000000
14728  -50.157  -76.774  1.105 0.0000000000
14771  -50.369  -76.291  -4.345 0.0000000000
14774  -50.541  -76.171  -5.063 0.0000000000
14780  -48.960  -76.433  -6.192 0.0000000000
14792  -48.949  -77.154  -6.343 0.0000000000
15566  -50.018  -75.553  4.676 0.0000000000
15591  -50.172  -76.193  3.283 0.0000000000
15592  -50.881  -76.105  3.077 0.0000000000
15609  -52.216  -75.444  1.387 0.0000000000
15664  -48.332  -75.622  -5.687 0.0000000000
15666  -50.151  -75.406  -5.693 0.0000000000
16489  -47.917  -75.149  6.035 0.0000000000
16558  -52.092  -74.692  -0.246 0.0000000000
16578  -50.979  -74.485  -1.870 0.0000000000
16594  -51.860  -74.164  -4.187 0.0000000000
16609  -48.790  -74.352  -5.301 0.0000000000
16610  -49.673  -74.649  -5.523 0.0000000000
16612  -51.276  -74.457  -5.121 0.0000000000
17523  -53.311  -73.289  2.753 0.0000000000
17536  -54.277  -73.085  1.353 0.0000000000
17544  -52.346  -72.645  1.202 0.0000000000
17554  -53.879  -73.483  -0.513 0.0000000000
17572  -53.383  -72.752  -2.221 0.0000000000
17603  -47.382  -73.495  -5.401 0.0000000000
18445  -48.982  -74.002  5.498 0.0000000000
18503  -47.991  -71.977  1.313 0.0000000000
18505  -51.096  -72.548  1.562 0.0000000000
18507  -53.208  -72.653  1.727 0.0000000000
18544  -53.992  -71.797  0.113 0.0000000000
18545  -54.428  -71.910  -0.296 0.0000000000
18563  -53.236  -72.015  -3.462 0.0000000000
18591  -51.435  -72.594  -6.110 0.0000000000
18594  -53.037  -71.550  -5.478 0.0000000000
18605  -47.821  -72.444  -6.491 0.0000000000
18610  -53.124  -71.290  -6.258 0.0000000000
18628  -48.814  -71.860  -9.005 0.0000000000
19485  -48.873  -71.891  1.588 0.0000000000
19504  -47.038  -72.071  0.096 0.0000000000
19508  -53.759  -71.501  -0.714 0.0000000000
19515  -48.432  -71.370  -1.811 0.0000000000
19529  -52.515  -71.373  -2.941 0.0000000000
19531  -53.769  -71.658  -1.846 0.0000000000
19542  -53.044  -71.683  -3.778 0.0000000000
19553  -47.115  -71.419  -4.022 0.0000000000
19557  -52.650  -71.115  -4.842 0.0000000000
19575  -48.339  -71.260  -4.742 0.0000000000
19596  -52.931  -71.005  -7.293 0.0000000000
19615  -52.553  -70.389  -7.768 0.0000000000
19616  -52.915  -70.512  -7.387 0.0000000000
19645  -51.403  -70.234  -11.002 0.0000000000
20418  -45.165  -70.015  6.077 0.0000000000
20443  -47.806  -70.636  4.863 0.0000000000
20446  -51.350  -70.892  4.082 0.0000000000
20447  -51.708  -70.653  3.564 0.0000000000
20459  -51.838  -70.588  3.256 0.0000000000
20554  -42.645  -70.337  -5.178 0.0000000000
20563  -52.881  -70.420  -6.724 0.0000000000
20576  -47.029  -70.429  -6.344 0.0000000000
20598  -52.207  -69.880  -8.205 0.0000000000
20616  -51.606  -69.769  -9.559 0.0000000000
20654  -51.160  -69.969  -11.223 0.0000000000
21416  -44.047  -69.526  6.604 0.0000000000
21430  -45.438  -69.406  5.738 0.0000000000
21449  -49.083  -69.288  4.522 0.0000000000
21474  -51.393  -69.507  2.619 0.0000000000
21588  -51.461  -69.332  -8.685 0.0000000000
21628  -47.101  -69.553  -9.059 0.0000000000
21630  -49.669  -69.138  -9.433 0.0000000000
21632  -51.418  -69.604  -10.088 0.0000000000
21645  -51.432  -69.823  -10.683 0.0000000000
22425  -45.784  -68.668  5.425 0.0000000000
22441  -48.653  -68.161  4.647 0.0000000000
22442  -49.686  -67.935  4.444 0.0000000000
22470  -49.918  -67.587  2.339 0.0000000000
23360  -50.773  -67.222  3.882 0.0000000000
23388  -50.820  -67.493  2.826 0.0000000000
24235  -37.685  -67.026  6.538 0.0000000000
24236  -38.427  -67.085  6.124 0.0000000000
24239  -41.665  -66.996  6.322 0.0000000000
24258  -38.773  -66.353  5.618 0.0000000000
24261  -41.888  -66.282  5.991 0.0000000000
24264  -44.325  -66.073  5.797 0.0000000000
24268  -48.738  -65.840  5.099 0.0000000000
24287  -50.712  -66.662  3.756 0.0000000000
24312  -50.046  -66.376  2.878 0.0000000000
25158  -42.352  -65.624  5.776 0.0000000000
25162  -45.876  -65.445  5.563 0.0000000000
25165  -49.235  -64.986  4.970 0.0000000000
26119  -38.805  -64.312  4.951 0.0000000000
26121  -41.685  -64.693  5.288 0.0000000000
26125  -44.710  -64.634  5.604 0.0000000000
26145  -39.285  -63.804  4.635 0.0000000000
27103  -38.025  -63.135  8.523 0.0000000000
27163  -47.568  -63.097  5.527 0.0000000000
28130  -38.679  -62.171  5.135 0.0000000000
28157  -42.477  -62.922  5.133 0.0000000000
29118  -38.415  -61.295  6.436 0.0000000000
29135  -38.622  -61.445  5.506 0.0000000000
29137  -42.683  -61.618  4.906 0.0000000000
29138  -43.398  -61.690  5.127 0.0000000000
29164  -43.842  -61.244  5.079 0.0000000000
31038  -39.387  -59.563  8.567 0.0000000000
31074  -38.938  -58.949  6.698 0.0000000000
31089  -38.858  -59.469  5.914 0.0000000000
31120  -42.957  -59.096  3.802 0.0000000000
32017  -39.267  -58.470  7.478 0.0000000000
33056  -39.723  -58.054  8.139 0.0000000000
33125  -40.261  -57.273  4.594 0.0000000000
35350  -41.444  -55.557  7.572 0.0000000000
132778  -48.396  -71.327  -3.166 0.0000000000
132936  -49.840  -66.474  4.542 0.0000000000
134283  -41.117  -55.165  4.343 0.0000000000
134390  -50.578  -76.165  0.656 0.0000000000
136368  -52.692  -70.255  -7.498 0.0000000000
136515  -41.459  -62.115  4.588 0.0000000000
137311  -48.736  -69.717  1.891 0.0000000000
139502  -46.677  -73.342  -9.218 0.0000000000
141769  -44.901  -62.939  5.507 0.0000000000
142538  -50.949  -68.454  3.930 0.0000000000
143273  -44.534  -74.694  5.332 0.0000000000
144221  -49.232  -68.334  2.034 0.0000000000
144576  -53.075  -71.344  -1.404 0.0000000000
147748  -50.422  -66.552  4.160 0.0000000000
148608  -46.658  -75.587  -5.421 0.0000000000
149714  -40.103  -62.124  4.390 0.0000000000
150005  -50.767  -72.722  1.134 0.0000000000
150693  -54.144  -71.637  -1.121 0.0000000000
151074  -54.075  -71.854  -1.529 0.0000000000
151409  -45.777  -71.106  -5.769 0.0000000000
151911  -47.762  -71.207  -5.150 0.0000000000
152004  -43.035  -65.524  5.780 0.0000000000
152095  -46.018  -74.926  6.249 0.0000000000
152424  -45.010  -71.421  -4.093 0.0000000000
152496  -43.261  -71.037  -4.940 0.0000000000
153223  -46.463  -62.173  5.466 0.0000000000
153652  -43.854  -66.603  6.022 0.0000000000
154181  -44.174  -70.799  6.884 0.0000000000
155979  -45.075  -74.941  5.085 0.0000000000
156575  -38.253  -62.227  7.839 0.0000000000
