#!ascii label  , from subject sub-v1s17x0050264_ses-1 vox2ras=TkReg
1743
144909  -42.593  5.251  37.403 0.0000000000
90183  -56.328  -6.107  25.358 0.0000000000
104351  -51.251  12.067  36.115 0.0000000000
132664  -50.955  -4.594  35.085 0.0000000000
95207  -51.584  0.284  46.247 0.0000000000
99916  -51.079  5.209  30.767 0.0000000000
109048  -53.218  17.318  23.997 0.0000000000
109722  -45.860  19.565  30.401 0.0000000000
90882  -44.539  -5.077  47.013 0.0000000000
95287  -46.970  -0.163  37.014 0.0000000000
94465  -48.950  -0.828  32.106 0.0000000000
99893  -47.583  5.321  34.363 0.0000000000
104367  -56.947  11.012  34.535 0.0000000000
107501  -53.261  15.360  29.926 0.0000000000
109716  -55.007  18.117  31.476 0.0000000000
150016  -49.435  19.550  27.883 0.0000000000
108955  -50.916  17.612  34.167 0.0000000000
150219  -51.386  -3.397  23.194 0.0000000000
102790  -41.120  10.084  40.258 0.0000000000
104337  -45.422  11.708  36.296 0.0000000000
96147  -57.402  1.359  36.823 0.0000000000
93548  -51.573  -2.184  40.595 0.0000000000
94399  -44.154  -1.565  40.566 0.0000000000
95201  -44.518  -0.554  44.980 0.0000000000
94500  -50.419  -1.372  26.988 0.0000000000
99228  -52.576  4.544  26.180 0.0000000000
105131  -48.009  12.779  31.510 0.0000000000
141275  -50.279  11.840  26.996 0.0000000000
102217  -50.426  9.148  23.368 0.0000000000
105180  -47.935  12.342  25.345 0.0000000000
106732  -45.217  14.447  29.095 0.0000000000
97655  -45.056  2.593  36.834 0.0000000000
97669  -47.515  2.551  36.115 0.0000000000
99876  -44.901  5.165  35.920 0.0000000000
105847  -56.865  14.040  36.301 0.0000000000
106687  -56.561  14.382  32.638 0.0000000000
107473  -55.975  16.406  34.723 0.0000000000
108988  -53.323  17.784  33.242 0.0000000000
91041  -53.981  -4.730  24.396 0.0000000000
103519  -42.175  10.227  42.070 0.0000000000
104293  -44.169  11.441  40.054 0.0000000000
145673  -51.457  -1.439  43.488 0.0000000000
133235  -48.049  -4.032  41.074 0.0000000000
93521  -47.629  -1.489  43.303 0.0000000000
93495  -44.182  -2.939  46.723 0.0000000000
97631  -39.487  2.398  43.229 0.0000000000
99117  -38.337  5.010  41.759 0.0000000000
97628  -37.113  2.735  43.536 0.0000000000
91823  -53.033  -4.224  32.284 0.0000000000
96969  -50.210  2.087  32.084 0.0000000000
95356  -49.630  -0.815  29.647 0.0000000000
96994  -51.410  2.303  29.156 0.0000000000
97009  -51.803  2.143  26.765 0.0000000000
99205  -52.203  5.122  28.807 0.0000000000
105076  -48.787  12.649  36.367 0.0000000000
104374  -46.957  12.089  33.802 0.0000000000
105860  -50.078  13.338  34.326 0.0000000000
108267  -53.775  16.351  26.605 0.0000000000
107522  -51.054  15.297  28.400 0.0000000000
154525  -52.109  14.270  24.845 0.0000000000
137929  -51.460  10.936  24.617 0.0000000000
105965  -51.425  13.199  22.268 0.0000000000
104453  -48.495  11.076  23.419 0.0000000000
107559  -50.308  14.959  24.156 0.0000000000
110466  -47.479  19.784  28.830 0.0000000000
108265  -47.015  17.652  27.818 0.0000000000
142873  -45.015  18.747  28.610 0.0000000000
107508  -44.075  15.386  29.675 0.0000000000
109734  -43.595  19.370  29.311 0.0000000000
92697  -47.766  -3.637  35.915 0.0000000000
92730  -48.662  -3.492  33.296 0.0000000000
95309  -48.056  -0.246  35.122 0.0000000000
97684  -49.149  2.844  34.360 0.0000000000
100628  -49.127  5.623  32.819 0.0000000000
104354  -54.259  10.903  35.149 0.0000000000
105870  -52.773  13.322  33.460 0.0000000000
105132  -55.864  12.477  31.675 0.0000000000
107515  -56.239  15.258  29.373 0.0000000000
109761  -54.578  18.641  27.402 0.0000000000
109770  -51.625  18.843  25.912 0.0000000000
109740  -52.419  18.987  28.974 0.0000000000
109713  -50.906  17.943  30.909 0.0000000000
108969  -48.869  17.476  32.869 0.0000000000
95393  -49.844  -0.013  22.760 0.0000000000
101347  -41.755  8.049  37.957 0.0000000000
102111  -43.351  8.636  36.701 0.0000000000
103552  -43.201  10.931  38.372 0.0000000000
104313  -46.418  12.216  38.582 0.0000000000
104316  -49.583  11.008  38.365 0.0000000000
102805  -49.745  9.164  39.743 0.0000000000
102836  -52.441  9.769  38.014 0.0000000000
153368  -54.768  -1.009  36.189 0.0000000000
95271  -54.098  0.130  39.072 0.0000000000
151796  -51.531  -3.802  37.472 0.0000000000
91756  -47.701  -4.422  38.519 0.0000000000
95276  -45.305  -0.823  38.146 0.0000000000
93488  -52.534  -1.763  47.932 0.0000000000
149263  -48.654  -4.504  45.601 0.0000000000
93484  -48.022  -2.430  47.363 0.0000000000
96057  -47.880  0.104  44.936 0.0000000000
95244  -44.671  -0.026  42.393 0.0000000000
99126  -41.513  4.548  38.467 0.0000000000
92803  -56.809  -3.764  26.507 0.0000000000
136706  -50.317  -3.847  30.155 0.0000000000
138612  -51.665  -3.556  27.786 0.0000000000
138389  -54.747  -2.692  24.500 0.0000000000
94520  -52.883  -1.273  23.252 0.0000000000
142447  -51.476  1.205  22.958 0.0000000000
98504  -51.156  3.265  23.621 0.0000000000
102131  -45.489  8.792  34.380 0.0000000000
102146  -46.743  8.796  32.797 0.0000000000
102882  -48.232  9.263  30.875 0.0000000000
106703  -50.713  14.590  31.553 0.0000000000
105149  -48.867  12.822  29.131 0.0000000000
102894  -50.477  8.667  28.547 0.0000000000
102191  -51.428  8.050  26.749 0.0000000000
101459  -51.389  7.265  24.884 0.0000000000
99967  -50.328  5.380  25.171 0.0000000000
107543  -48.753  15.635  26.406 0.0000000000
105923  -46.679  13.306  27.700 0.0000000000
147717  -45.022  10.745  28.711 0.0000000000
104395  -43.664  11.159  30.497 0.0000000000
105129  -42.350  12.376  31.858 0.0000000000
98394  -43.563  3.785  37.048 0.0000000000
156953  -44.858  3.810  36.454 0.0000000000
99874  -43.780  5.398  36.532 0.0000000000
107467  -56.293  15.664  35.277 0.0000000000
108201  -55.198  16.622  35.069 0.0000000000
91042  -55.085  -4.676  24.385 0.0000000000
94370  -51.289  -0.856  44.501 0.0000000000
93523  -49.301  -1.880  43.437 0.0000000000
95237  -49.423  -0.524  44.479 0.0000000000
96082  -39.212  0.972  43.560 0.0000000000
97630  -38.639  2.578  43.283 0.0000000000
92721  -53.331  -3.568  34.647 0.0000000000
132123  -52.156  -4.380  33.870 0.0000000000
99182  -50.647  4.400  31.733 0.0000000000
97713  -50.854  2.383  30.811 0.0000000000
98460  -51.482  3.668  30.384 0.0000000000
98467  -51.925  4.050  29.637 0.0000000000
100649  -51.328  5.918  29.872 0.0000000000
105078  -50.274  12.364  36.251 0.0000000000
139219  -49.167  12.985  35.337 0.0000000000
105099  -50.457  12.972  35.064 0.0000000000
108285  -54.111  16.756  24.910 0.0000000000
137987  -52.647  15.571  25.516 0.0000000000
107562  -53.489  15.621  23.911 0.0000000000
105950  -52.639  13.678  22.820 0.0000000000
107568  -52.529  15.044  22.551 0.0000000000
155457  -50.936  14.002  22.707 0.0000000000
108295  -51.597  16.210  23.739 0.0000000000
109723  -46.661  19.513  30.044 0.0000000000
134120  -46.703  19.886  28.815 0.0000000000
149186  -45.582  20.208  29.170 0.0000000000
109735  -44.385  19.174  28.919 0.0000000000
110455  -45.194  20.254  29.794 0.0000000000
147576  -47.035  -1.993  36.831 0.0000000000
93591  -47.697  -2.123  35.024 0.0000000000
95308  -47.626  -0.374  35.985 0.0000000000
99148  -47.434  4.225  35.216 0.0000000000
98414  -48.330  2.952  35.292 0.0000000000
99154  -48.443  4.261  34.413 0.0000000000
99163  -49.421  4.233  33.452 0.0000000000
99902  -48.713  5.273  33.480 0.0000000000
153877  -55.709  10.522  34.455 0.0000000000
105114  -55.665  11.540  33.034 0.0000000000
104384  -56.707  11.653  32.794 0.0000000000
108226  -55.743  16.855  32.045 0.0000000000
107494  -56.455  14.823  30.700 0.0000000000
109009  -55.626  17.369  30.383 0.0000000000
109021  -55.528  17.654  28.731 0.0000000000
109751  -55.053  18.531  28.925 0.0000000000
110488  -53.277  19.302  28.011 0.0000000000
109729  -54.214  18.579  30.519 0.0000000000
108973  -52.588  17.640  33.710 0.0000000000
109699  -52.136  17.838  32.014 0.0000000000
108987  -51.428  17.677  32.738 0.0000000000
108985  -49.499  17.547  32.159 0.0000000000
108970  -49.818  17.554  33.150 0.0000000000
93702  -50.307  -1.396  22.558 0.0000000000
102818  -41.636  9.483  38.814 0.0000000000
102819  -42.201  9.624  38.338 0.0000000000
103551  -42.559  10.557  38.726 0.0000000000
103533  -46.153  10.508  40.560 0.0000000000
104299  -44.978  11.748  39.562 0.0000000000
104300  -46.615  11.659  39.329 0.0000000000
104314  -47.909  12.035  38.257 0.0000000000
103542  -48.349  10.429  39.557 0.0000000000
102086  -50.559  8.224  40.740 0.0000000000
102806  -51.100  9.205  39.180 0.0000000000
102823  -52.637  9.326  38.696 0.0000000000
102837  -53.439  9.678  37.811 0.0000000000
102809  -53.483  9.220  39.405 0.0000000000
94440  -55.675  -0.437  34.919 0.0000000000
95290  -55.516  0.468  36.858 0.0000000000
96115  -53.985  0.462  40.332 0.0000000000
138981  -52.971  -1.177  39.449 0.0000000000
94410  -52.874  -1.744  38.747 0.0000000000
92675  -51.182  -3.320  39.034 0.0000000000
91758  -49.189  -4.581  38.256 0.0000000000
91751  -49.644  -3.987  39.753 0.0000000000
92651  -45.722  -3.288  41.232 0.0000000000
92670  -45.908  -3.555  40.112 0.0000000000
94403  -44.291  -1.768  39.713 0.0000000000
90884  -46.132  -4.602  46.012 0.0000000000
93482  -46.487  -2.680  47.317 0.0000000000
94354  -46.082  -1.030  45.931 0.0000000000
94343  -48.095  -1.062  46.878 0.0000000000
135400  -46.105  -0.230  45.033 0.0000000000
96089  -46.327  0.235  43.802 0.0000000000
96087  -44.738  0.523  43.762 0.0000000000
99860  -40.533  5.098  39.316 0.0000000000
99121  -39.968  4.534  40.358 0.0000000000
135117  -57.335  -4.453  27.509 0.0000000000
148721  -48.587  -2.246  32.527 0.0000000000
92749  -49.526  -3.923  31.795 0.0000000000
93632  -49.199  -2.850  31.020 0.0000000000
95362  -49.886  -0.828  28.601 0.0000000000
93658  -50.271  -2.685  28.126 0.0000000000
93664  -51.037  -2.674  26.795 0.0000000000
92799  -52.799  -3.183  26.082 0.0000000000
93672  -52.682  -2.538  25.254 0.0000000000
93689  -53.580  -1.803  23.562 0.0000000000
94513  -51.478  -1.272  25.065 0.0000000000
97741  -52.509  3.522  26.674 0.0000000000
97024  -51.855  1.748  24.483 0.0000000000
97025  -52.157  2.676  24.317 0.0000000000
97757  -51.444  2.403  23.167 0.0000000000
132844  -52.278  4.083  24.572 0.0000000000
103578  -44.240  10.482  36.542 0.0000000000
102124  -44.506  8.268  35.493 0.0000000000
144127  -45.285  10.518  35.091 0.0000000000
105109  -47.560  12.507  33.206 0.0000000000
103610  -46.312  10.482  33.164 0.0000000000
103618  -47.116  10.456  31.722 0.0000000000
102155  -47.765  8.894  31.557 0.0000000000
104396  -47.778  11.278  30.662 0.0000000000
106696  -53.603  14.043  31.892 0.0000000000
106695  -52.321  14.388  32.166 0.0000000000
107493  -52.494  15.120  30.824 0.0000000000
135497  -50.487  13.952  26.997 0.0000000000
106735  -49.955  14.210  28.378 0.0000000000
105166  -49.798  12.625  27.693 0.0000000000
103634  -49.340  10.453  28.866 0.0000000000
102901  -50.378  9.686  27.848 0.0000000000
102187  -51.022  8.689  27.525 0.0000000000
103654  -50.887  10.103  26.534 0.0000000000
102939  -51.195  10.148  23.715 0.0000000000
137046  -51.318  8.909  24.558 0.0000000000
102209  -50.853  8.636  24.006 0.0000000000
99974  -51.189  5.781  24.596 0.0000000000
101457  -50.412  7.431  24.336 0.0000000000
100694  -49.996  6.313  25.048 0.0000000000
101456  -49.464  7.805  24.252 0.0000000000
104446  -48.106  11.368  24.181 0.0000000000
102205  -47.493  9.334  24.290 0.0000000000
110517  -50.180  19.270  27.073 0.0000000000
152883  -50.195  17.697  25.969 0.0000000000
109767  -49.268  18.748  26.979 0.0000000000
108253  -46.049  16.071  28.475 0.0000000000
106743  -47.074  14.527  27.693 0.0000000000
105915  -46.310  13.765  28.268 0.0000000000
105163  -46.141  12.162  27.854 0.0000000000
105153  -45.300  12.923  29.013 0.0000000000
104400  -44.324  11.300  29.807 0.0000000000
105907  -44.598  13.420  29.602 0.0000000000
108241  -42.885  16.136  30.263 0.0000000000
106713  -43.038  14.688  30.558 0.0000000000
143436  -42.435  14.808  31.030 0.0000000000
105128  -41.783  12.660  32.416 0.0000000000
158878  -46.102  1.366  37.096 0.0000000000
96929  -47.343  1.314  36.587 0.0000000000
97668  -46.683  2.654  36.449 0.0000000000
99139  -46.143  4.134  35.891 0.0000000000
99885  -46.290  5.388  35.184 0.0000000000
105862  -57.030  12.274  33.671 0.0000000000
149903  -56.788  13.478  34.885 0.0000000000
108218  -56.033  16.330  33.733 0.0000000000
108991  -55.265  17.540  32.594 0.0000000000
109701  -54.078  18.151  32.056 0.0000000000
108959  -54.731  17.459  33.939 0.0000000000
108958  -53.616  17.373  34.340 0.0000000000
91913  -52.857  -3.777  23.418 0.0000000000
103523  -41.916  10.429  41.379 0.0000000000
103530  -42.531  10.817  40.692 0.0000000000
155164  -43.301  10.614  41.344 0.0000000000
94384  -51.767  -1.586  41.925 0.0000000000
92666  -49.547  -3.614  40.610 0.0000000000
93538  -49.839  -2.807  42.017 0.0000000000
92645  -47.279  -2.990  42.561 0.0000000000
93527  -45.753  -2.552  41.995 0.0000000000
142486  -44.615  -4.285  47.360 0.0000000000
94351  -42.656  -1.810  44.996 0.0000000000
98379  -40.062  3.195  42.069 0.0000000000
98381  -39.548  3.811  41.675 0.0000000000
98378  -39.341  3.423  42.386 0.0000000000
99110  -37.766  3.971  42.894 0.0000000000
96199  -49.619  0.617  31.854 0.0000000000
147283  -49.264  -1.037  30.952 0.0000000000
96200  -50.090  1.014  31.153 0.0000000000
96211  -50.362  0.739  29.747 0.0000000000
95363  -50.408  0.053  28.139 0.0000000000
96230  -51.007  0.336  26.434 0.0000000000
144288  -51.689  2.440  28.351 0.0000000000
98474  -52.503  4.051  28.064 0.0000000000
151089  -52.504  4.966  27.654 0.0000000000
152569  -46.631  12.479  36.465 0.0000000000
138402  -46.143  11.672  35.110 0.0000000000
105086  -47.638  12.644  35.170 0.0000000000
105110  -48.304  13.033  33.753 0.0000000000
105866  -48.860  13.398  33.230 0.0000000000
107525  -54.225  16.015  28.044 0.0000000000
107511  -52.523  15.725  29.277 0.0000000000
107537  -52.965  16.205  27.075 0.0000000000
106747  -51.737  15.348  26.480 0.0000000000
105940  -51.420  12.926  25.239 0.0000000000
104439  -51.084  11.373  25.585 0.0000000000
105183  -51.879  12.628  24.170 0.0000000000
104455  -51.530  11.715  23.164 0.0000000000
103683  -50.492  11.004  22.764 0.0000000000
102937  -49.236  9.915  22.846 0.0000000000
104459  -49.850  11.555  22.614 0.0000000000
105956  -49.346  12.553  23.362 0.0000000000
105939  -48.717  13.420  25.056 0.0000000000
110467  -48.259  19.656  28.652 0.0000000000
139485  -48.086  19.131  27.664 0.0000000000
109758  -47.455  19.300  27.960 0.0000000000
109020  -46.362  18.463  28.148 0.0000000000
156648  -45.456  16.208  28.739 0.0000000000
154934  -44.752  15.055  29.299 0.0000000000
109014  -44.327  17.389  29.087 0.0000000000
108247  -43.624  17.276  29.483 0.0000000000
109012  -43.157  18.253  29.498 0.0000000000
91788  -49.478  -4.603  35.501 0.0000000000
134751  -49.744  -4.538  33.887 0.0000000000
91798  -48.500  -4.006  34.656 0.0000000000
141229  -48.028  -2.070  34.244 0.0000000000
95327  -48.616  -0.250  33.648 0.0000000000
96167  -48.271  1.372  35.593 0.0000000000
96954  -48.662  1.467  34.834 0.0000000000
96961  -49.380  1.519  33.382 0.0000000000
97691  -49.976  3.108  33.158 0.0000000000
98440  -50.260  3.808  32.573 0.0000000000
100635  -50.129  5.606  31.704 0.0000000000
104353  -53.191  11.301  35.572 0.0000000000
105100  -52.034  12.731  34.560 0.0000000000
105102  -53.994  12.006  34.158 0.0000000000
150386  -54.654  12.702  32.544 0.0000000000
106707  -55.272  13.762  30.576 0.0000000000
105886  -56.953  12.914  31.910 0.0000000000
106719  -56.264  14.075  30.045 0.0000000000
107503  -55.339  14.752  29.276 0.0000000000
108257  -55.306  16.132  27.873 0.0000000000
108278  -54.727  16.939  26.437 0.0000000000
109782  -53.532  18.402  25.392 0.0000000000
109780  -52.066  18.423  25.201 0.0000000000
110520  -53.047  19.248  26.601 0.0000000000
110486  -51.861  19.457  27.502 0.0000000000
110469  -50.667  19.212  28.514 0.0000000000
109715  -52.771  18.218  31.202 0.0000000000
109727  -51.206  18.313  30.123 0.0000000000
110468  -49.715  19.276  28.756 0.0000000000
133476  -48.778  18.803  29.828 0.0000000000
109712  -48.211  18.139  30.936 0.0000000000
108998  -47.563  17.924  31.454 0.0000000000
100596  -41.902  7.052  37.695 0.0000000000
100598  -43.215  6.887  36.724 0.0000000000
102110  -42.763  8.687  37.274 0.0000000000
102835  -43.218  9.587  37.223 0.0000000000
103566  -44.053  11.008  37.272 0.0000000000
104297  -43.647  11.553  39.486 0.0000000000
131833  -44.832  12.112  38.757 0.0000000000
105065  -45.959  12.406  37.427 0.0000000000
105067  -47.621  12.441  37.492 0.0000000000
105068  -49.116  12.299  37.081 0.0000000000
104329  -51.045  11.161  37.294 0.0000000000
102804  -48.875  9.449  39.967 0.0000000000
143105  -49.696  10.363  38.833 0.0000000000
103568  -51.053  10.463  37.944 0.0000000000
104340  -51.844  11.237  36.680 0.0000000000
103581  -53.405  10.310  36.686 0.0000000000
102849  -54.857  9.933  36.559 0.0000000000
142710  -56.054  10.166  35.670 0.0000000000
93593  -54.550  -1.950  35.205 0.0000000000
92700  -53.448  -3.147  35.550 0.0000000000
96123  -55.467  1.392  39.524 0.0000000000
154751  -55.086  0.674  38.097 0.0000000000
94421  -54.369  -0.634  37.472 0.0000000000
93582  -53.277  -2.669  36.910 0.0000000000
91767  -51.359  -4.171  36.799 0.0000000000
158979  -49.260  -4.612  36.695 0.0000000000
136470  -48.193  -4.373  37.062 0.0000000000
93569  -46.670  -2.507  37.516 0.0000000000
148040  -47.467  -4.331  39.896 0.0000000000
93561  -46.112  -2.384  38.313 0.0000000000
95277  -46.041  -0.962  37.915 0.0000000000
96141  -44.632  0.550  37.723 0.0000000000
90893  -50.667  -5.209  45.631 0.0000000000
91700  -46.289  -3.662  47.189 0.0000000000
92618  -48.671  -3.381  46.752 0.0000000000
148684  -50.404  -3.545  46.469 0.0000000000
93486  -50.406  -1.827  47.516 0.0000000000
95183  -50.117  -0.643  47.253 0.0000000000
95205  -49.501  0.066  45.595 0.0000000000
95224  -47.653  -0.095  43.991 0.0000000000
95246  -46.397  -0.631  43.075 0.0000000000
95254  -44.641  -0.948  41.841 0.0000000000
99865  -41.884  5.122  37.944 0.0000000000
100593  -41.217  6.450  38.364 0.0000000000
101345  -40.720  7.172  38.801 0.0000000000
102093  -40.564  8.723  39.415 0.0000000000
102789  -40.439  9.665  40.640 0.0000000000
149356  -57.595  -6.655  27.624 0.0000000000
91020  -57.484  -5.035  26.175 0.0000000000
91891  -56.996  -4.100  25.020 0.0000000000
91820  -50.394  -4.545  32.626 0.0000000000
91840  -51.651  -4.496  31.077 0.0000000000
94487  -49.404  -1.795  29.879 0.0000000000
92768  -51.307  -3.909  29.116 0.0000000000
91861  -52.577  -3.966  28.172 0.0000000000
92790  -54.258  -3.607  26.663 0.0000000000
92801  -55.616  -3.246  25.456 0.0000000000
92819  -55.902  -3.453  24.585 0.0000000000
92818  -55.169  -3.121  23.943 0.0000000000
93698  -53.941  -2.168  23.039 0.0000000000
94536  -52.504  -1.348  22.644 0.0000000000
95374  -51.466  0.827  25.243 0.0000000000
148600  -51.695  0.110  23.519 0.0000000000
94535  -51.302  -0.623  22.409 0.0000000000
96251  -50.722  0.545  22.491 0.0000000000
97036  -50.766  1.754  22.914 0.0000000000
97751  -50.188  2.198  24.046 0.0000000000
100606  -44.348  6.789  35.863 0.0000000000
100612  -45.395  6.702  35.143 0.0000000000
101377  -45.949  7.399  34.346 0.0000000000
103599  -45.980  10.652  33.943 0.0000000000
137222  -46.101  9.003  33.535 0.0000000000
101384  -47.244  7.329  33.212 0.0000000000
101392  -47.711  7.646  32.502 0.0000000000
101402  -48.829  7.542  31.454 0.0000000000
101403  -49.580  7.080  31.085 0.0000000000
105869  -51.718  13.381  33.841 0.0000000000
105881  -50.321  13.925  32.983 0.0000000000
105892  -49.223  13.942  31.729 0.0000000000
107499  -51.157  15.207  30.137 0.0000000000
135024  -49.234  13.946  29.972 0.0000000000
105142  -48.152  12.661  30.584 0.0000000000
103633  -48.670  10.627  29.620 0.0000000000
132688  -49.389  9.096  29.608 0.0000000000
101410  -50.631  6.967  29.926 0.0000000000
101418  -51.404  6.847  28.718 0.0000000000
100674  -52.093  6.162  27.256 0.0000000000
102926  -51.385  9.575  25.441 0.0000000000
137368  -51.563  7.945  26.070 0.0000000000
100696  -52.134  6.025  25.843 0.0000000000
99975  -51.696  5.568  24.752 0.0000000000
99239  -51.075  4.106  24.211 0.0000000000
158117  -48.400  8.813  23.749 0.0000000000
108283  -50.817  16.595  24.732 0.0000000000
107550  -49.233  15.142  25.642 0.0000000000
105930  -48.403  13.850  25.898 0.0000000000
108266  -48.217  17.401  27.221 0.0000000000
106744  -47.637  14.412  27.079 0.0000000000
105173  -47.565  12.683  26.234 0.0000000000
104417  -46.419  11.806  27.217 0.0000000000
103638  -45.110  10.078  28.100 0.0000000000
141195  -43.849  8.395  28.651 0.0000000000
157352  -44.049  13.835  29.981 0.0000000000
105139  -42.959  12.230  31.225 0.0000000000
109698  -46.125  17.962  32.148 0.0000000000
109697  -45.379  18.335  32.082 0.0000000000
136500  -44.445  20.321  30.234 0.0000000000
110462  -42.972  19.938  29.648 0.0000000000
109006  -41.713  18.550  30.295 0.0000000000
143782  -43.282  5.083  36.913 0.0000000000
99136  -43.823  4.540  36.666 0.0000000000
91032  -55.564  -5.526  24.933 0.0000000000
95208  -52.320  0.382  46.147 0.0000000000
95228  -52.563  -0.076  45.205 0.0000000000
95227  -51.634  -0.097  45.458 0.0000000000
94369  -50.319  -0.737  44.571 0.0000000000
95226  -50.716  -0.192  45.320 0.0000000000
95234  -38.772  0.097  43.588 0.0000000000
91791  -52.426  -4.177  34.639 0.0000000000
92720  -52.865  -4.082  34.025 0.0000000000
91800  -51.573  -4.486  34.462 0.0000000000
142207  -50.771  4.950  31.336 0.0000000000
98450  -51.150  4.048  31.074 0.0000000000
99183  -51.124  4.729  30.927 0.0000000000
99193  -51.490  5.056  30.237 0.0000000000
99923  -51.344  5.459  30.201 0.0000000000
151505  -50.677  12.571  35.668 0.0000000000
131729  -51.453  12.503  35.302 0.0000000000
109049  -53.815  17.095  24.259 0.0000000000
107554  -53.739  16.310  24.121 0.0000000000
108298  -53.422  15.861  23.425 0.0000000000
107569  -53.121  15.458  22.861 0.0000000000
108297  -53.212  16.151  23.181 0.0000000000
107567  -51.910  15.335  22.839 0.0000000000
108290  -52.360  16.918  23.850 0.0000000000
110465  -46.180  20.166  29.038 0.0000000000
110456  -46.004  20.085  29.485 0.0000000000
147799  -46.934  -1.123  37.062 0.0000000000
94430  -47.312  -1.246  36.334 0.0000000000
95299  -47.264  -0.484  36.586 0.0000000000
99153  -47.866  4.582  34.671 0.0000000000
99149  -48.076  3.948  34.954 0.0000000000
99894  -48.293  4.926  34.102 0.0000000000
99901  -47.999  5.663  33.757 0.0000000000
103600  -56.133  10.382  34.741 0.0000000000
104365  -56.388  10.830  33.897 0.0000000000
104378  -56.734  11.127  33.776 0.0000000000
109002  -55.410  17.589  31.506 0.0000000000
108235  -55.859  16.649  30.907 0.0000000000
109742  -55.326  18.095  29.818 0.0000000000
109730  -54.863  18.371  30.648 0.0000000000
134604  -54.679  18.644  29.747 0.0000000000
108972  -51.652  17.638  33.574 0.0000000000
108971  -50.733  17.623  33.409 0.0000000000
91912  -51.812  -3.951  23.530 0.0000000000
158158  -50.850  -3.463  23.389 0.0000000000
92817  -50.429  -3.565  23.629 0.0000000000
92826  -50.841  -2.864  23.023 0.0000000000
102801  -41.288  9.738  39.447 0.0000000000
102802  -41.919  10.197  39.107 0.0000000000
103537  -41.753  10.480  39.937 0.0000000000
103540  -45.914  11.412  39.850 0.0000000000
103541  -46.842  10.927  39.991 0.0000000000
104301  -47.476  11.142  39.449 0.0000000000
143106  -47.576  10.472  39.951 0.0000000000
102808  -52.386  8.992  39.364 0.0000000000
155819  -52.920  9.133  39.149 0.0000000000
96158  -57.356  1.182  35.901 0.0000000000
96157  -56.682  0.893  35.588 0.0000000000
96146  -56.453  1.061  36.539 0.0000000000
93557  -52.365  -2.062  39.209 0.0000000000
93556  -51.622  -2.548  39.676 0.0000000000
140385  -50.412  -3.743  39.287 0.0000000000
133006  -50.409  -3.297  40.247 0.0000000000
93552  -44.662  -2.364  40.412 0.0000000000
95268  -44.048  -1.126  39.209 0.0000000000
94398  -43.729  -1.147  39.972 0.0000000000
90883  -45.358  -4.865  46.433 0.0000000000
144312  -45.373  -1.638  46.143 0.0000000000
95202  -45.315  -0.781  45.395 0.0000000000
94355  -46.806  -0.525  45.647 0.0000000000
95223  -45.218  -0.068  44.663 0.0000000000
96071  -45.814  0.209  44.252 0.0000000000
139448  -44.399  0.239  44.341 0.0000000000
98384  -40.300  3.893  40.483 0.0000000000
99123  -40.396  4.436  39.830 0.0000000000
91863  -54.769  -3.898  28.198 0.0000000000
94464  -48.718  -1.548  32.301 0.0000000000
93631  -48.831  -2.320  31.754 0.0000000000
94474  -49.006  -1.333  31.557 0.0000000000
146705  -50.173  -0.855  27.782 0.0000000000
93663  -50.488  -2.311  27.281 0.0000000000
93670  -50.829  -2.087  26.406 0.0000000000
93671  -51.664  -2.561  25.970 0.0000000000
94507  -51.300  -1.876  25.685 0.0000000000
93678  -52.084  -1.910  24.907 0.0000000000
94506  -50.897  -1.346  25.971 0.0000000000
98487  -52.626  4.072  26.449 0.0000000000
134539  -52.511  3.517  25.860 0.0000000000
98492  -52.545  4.065  25.587 0.0000000000
142363  -52.416  3.469  24.949 0.0000000000
103579  -44.865  10.776  35.892 0.0000000000
104349  -45.587  11.334  35.469 0.0000000000
105122  -47.837  12.684  32.345 0.0000000000
105121  -47.281  12.002  32.322 0.0000000000
105130  -47.575  12.216  31.716 0.0000000000
104390  -47.349  11.410  31.492 0.0000000000
105141  -47.710  12.069  30.992 0.0000000000
106706  -54.121  14.271  31.033 0.0000000000
106705  -52.989  14.656  31.400 0.0000000000
106716  -53.461  14.872  30.695 0.0000000000
143373  -50.326  12.919  26.899 0.0000000000
105925  -49.993  13.568  27.687 0.0000000000
104418  -50.053  11.056  27.544 0.0000000000
103648  -50.462  10.226  27.330 0.0000000000
104419  -50.552  10.870  26.767 0.0000000000
102938  -50.622  9.890  23.226 0.0000000000
102932  -51.068  9.389  23.838 0.0000000000
153136  -50.760  7.978  24.221 0.0000000000
102208  -50.159  8.353  23.761 0.0000000000
102216  -49.697  9.081  23.188 0.0000000000
105187  -48.298  12.021  24.434 0.0000000000
103659  -47.525  10.948  24.731 0.0000000000
104438  -47.715  11.640  25.036 0.0000000000
104428  -47.377  11.905  25.936 0.0000000000
110501  -49.485  19.388  27.590 0.0000000000
154682  -49.524  19.102  27.173 0.0000000000
107520  -46.118  15.144  28.504 0.0000000000
106734  -46.509  14.493  28.203 0.0000000000
106733  -45.882  14.474  28.652 0.0000000000
105914  -45.675  13.682  28.767 0.0000000000
105147  -44.624  12.583  29.597 0.0000000000
105913  -45.078  13.756  29.251 0.0000000000
108234  -42.256  16.402  30.674 0.0000000000
107498  -42.651  15.491  30.624 0.0000000000
97657  -46.390  1.953  36.803 0.0000000000
154246  -45.925  2.418  36.743 0.0000000000
99138  -45.396  4.479  36.005 0.0000000000
99146  -45.786  4.928  35.634 0.0000000000
99147  -46.645  4.560  35.440 0.0000000000
99884  -45.402  5.852  35.448 0.0000000000
107474  -56.280  15.617  34.266 0.0000000000
108217  -55.723  16.950  33.173 0.0000000000
108210  -55.740  16.918  34.031 0.0000000000
108976  -55.293  17.302  33.619 0.0000000000
108209  -55.369  16.942  34.451 0.0000000000
108200  -54.341  16.634  35.133 0.0000000000
108208  -54.496  17.141  34.529 0.0000000000
108942  -52.964  17.131  34.744 0.0000000000
134483  -54.386  -5.361  24.949 0.0000000000
91031  -53.448  -5.210  25.003 0.0000000000
91901  -53.446  -4.244  23.852 0.0000000000
103524  -42.721  10.435  41.677 0.0000000000
94385  -52.149  -1.150  42.632 0.0000000000
155010  -51.496  -1.650  42.677 0.0000000000
93539  -50.647  -2.511  41.731 0.0000000000
93531  -50.370  -2.320  42.581 0.0000000000
93522  -48.448  -1.686  43.439 0.0000000000
93529  -48.753  -2.517  42.958 0.0000000000
146287  -47.916  -2.412  43.033 0.0000000000
93528  -46.558  -2.383  42.550 0.0000000000
96884  -40.714  1.612  43.414 0.0000000000
97632  -40.314  2.234  43.150 0.0000000000
97636  -40.652  2.540  42.425 0.0000000000
97635  -39.852  2.816  42.765 0.0000000000
98374  -39.065  3.027  42.967 0.0000000000
98373  -38.238  3.239  43.080 0.0000000000
96975  -50.036  1.397  31.780 0.0000000000
96976  -50.417  1.823  31.321 0.0000000000
96985  -51.116  2.263  29.995 0.0000000000
96984  -50.546  1.460  30.432 0.0000000000
96993  -50.868  1.533  29.462 0.0000000000
96216  -50.627  0.837  28.849 0.0000000000
97001  -51.184  1.640  28.599 0.0000000000
96217  -50.951  0.999  27.982 0.0000000000
98468  -52.287  4.453  28.861 0.0000000000
98473  -52.169  3.649  28.885 0.0000000000
142112  -52.555  4.522  27.627 0.0000000000
99213  -52.457  4.767  28.187 0.0000000000
135778  -47.337  12.594  36.676 0.0000000000
105075  -47.050  12.550  35.892 0.0000000000
132932  -47.908  12.724  36.095 0.0000000000
105098  -49.532  13.141  34.858 0.0000000000
105097  -48.544  13.004  34.720 0.0000000000
105859  -49.144  13.294  34.079 0.0000000000
105867  -49.716  13.583  33.521 0.0000000000
108255  -53.856  16.229  27.318 0.0000000000
107524  -52.928  16.086  28.160 0.0000000000
106765  -52.620  14.881  24.675 0.0000000000
106756  -51.880  14.789  25.522 0.0000000000
105932  -51.516  13.888  25.437 0.0000000000
105941  -52.006  13.551  24.542 0.0000000000
105205  -52.344  13.722  22.359 0.0000000000
105190  -52.257  12.927  23.149 0.0000000000
104461  -51.320  12.173  22.630 0.0000000000
103684  -51.028  11.322  22.884 0.0000000000
105203  -51.062  12.524  22.368 0.0000000000
104460  -50.554  11.692  22.604 0.0000000000
105964  -50.762  12.776  22.381 0.0000000000
106773  -50.610  14.427  23.337 0.0000000000
106781  -50.309  13.635  23.123 0.0000000000
106772  -49.904  14.106  23.925 0.0000000000
105947  -49.026  12.981  24.170 0.0000000000
106771  -49.276  13.758  24.493 0.0000000000
110483  -48.133  19.645  28.354 0.0000000000
109747  -45.781  19.204  28.452 0.0000000000
109019  -45.611  18.052  28.406 0.0000000000
150432  -45.524  16.927  28.588 0.0000000000
108252  -44.921  16.518  28.975 0.0000000000
109018  -44.947  17.637  28.709 0.0000000000
109013  -43.905  18.297  29.157 0.0000000000
91787  -48.689  -4.338  35.388 0.0000000000
92710  -48.095  -3.809  35.327 0.0000000000
94447  -47.986  -1.242  34.648 0.0000000000
92718  -47.883  -2.731  34.612 0.0000000000
94457  -48.332  -1.247  33.763 0.0000000000
95318  -48.318  -0.519  34.316 0.0000000000
96938  -47.729  1.939  36.207 0.0000000000
96156  -47.870  1.277  36.150 0.0000000000
96939  -48.121  1.887  35.870 0.0000000000
97678  -48.613  2.748  35.005 0.0000000000
96947  -48.798  2.278  34.782 0.0000000000
96179  -48.932  1.199  34.074 0.0000000000
96955  -49.134  1.976  34.224 0.0000000000
136590  -49.556  2.495  33.654 0.0000000000
99903  -49.340  4.931  33.148 0.0000000000
99164  -49.918  4.210  32.923 0.0000000000
99172  -49.843  4.675  32.729 0.0000000000
99173  -50.208  4.444  32.402 0.0000000000
99908  -49.751  5.273  32.432 0.0000000000
104362  -53.546  11.672  34.851 0.0000000000
104363  -54.351  11.372  34.498 0.0000000000
105123  -55.495  12.194  32.377 0.0000000000
105113  -54.578  12.227  33.258 0.0000000000
105885  -55.202  12.840  31.839 0.0000000000
105893  -54.730  13.524  31.418 0.0000000000
105894  -55.756  13.056  31.037 0.0000000000
135962  -56.797  13.489  32.601 0.0000000000
105872  -56.990  12.449  32.657 0.0000000000
106697  -56.738  13.733  31.795 0.0000000000
106720  -56.372  14.590  29.965 0.0000000000
106709  -56.497  13.952  30.471 0.0000000000
107504  -56.217  14.590  29.548 0.0000000000
106718  -55.735  14.119  29.902 0.0000000000
150512  -56.095  14.865  29.107 0.0000000000
107526  -55.523  15.586  28.382 0.0000000000
107527  -55.981  15.389  28.732 0.0000000000
109762  -55.227  18.165  27.980 0.0000000000
109031  -55.031  17.592  27.020 0.0000000000
109773  -54.432  18.366  26.547 0.0000000000
109783  -54.275  18.069  25.750 0.0000000000
109772  -53.709  18.824  26.139 0.0000000000
109771  -52.902  18.963  25.891 0.0000000000
109760  -53.840  19.055  26.948 0.0000000000
151578  -53.233  19.117  28.777 0.0000000000
110471  -52.553  19.299  28.159 0.0000000000
110485  -50.872  19.443  27.771 0.0000000000
110470  -51.651  19.251  28.304 0.0000000000
108989  -54.056  17.951  32.814 0.0000000000
141791  -53.721  18.342  31.332 0.0000000000
109700  -53.228  18.013  32.268 0.0000000000
109001  -51.148  17.755  31.772 0.0000000000
109714  -51.768  18.017  31.022 0.0000000000
109738  -50.466  18.755  29.375 0.0000000000
109726  -50.268  18.235  30.278 0.0000000000
109737  -49.569  18.763  29.597 0.0000000000
109725  -49.402  18.230  30.442 0.0000000000
108999  -49.074  17.822  31.191 0.0000000000
108984  -48.522  17.578  31.837 0.0000000000
108983  -47.885  17.442  32.489 0.0000000000
93696  -49.818  -1.867  23.000 0.0000000000
96245  -49.492  0.175  23.321 0.0000000000
101353  -42.353  7.922  37.457 0.0000000000
102102  -42.207  8.753  37.811 0.0000000000
102820  -42.835  10.121  37.948 0.0000000000
142097  -43.451  10.546  37.617 0.0000000000
104324  -43.805  11.362  38.044 0.0000000000
104292  -43.190  11.336  40.014 0.0000000000
133893  -45.707  12.063  39.086 0.0000000000
104312  -45.548  12.364  38.111 0.0000000000
105056  -46.320  12.437  37.895 0.0000000000
105066  -46.686  12.525  37.253 0.0000000000
105057  -47.040  12.355  38.077 0.0000000000
104315  -48.761  11.542  38.327 0.0000000000
104327  -48.519  12.161  37.661 0.0000000000
135051  -49.403  11.704  37.740 0.0000000000
104328  -50.105  11.881  37.092 0.0000000000
103567  -50.274  11.135  37.839 0.0000000000
102095  -50.167  8.561  40.190 0.0000000000
102794  -48.444  8.856  40.526 0.0000000000
103543  -49.328  9.977  39.362 0.0000000000
134830  -51.810  9.457  38.636 0.0000000000
102822  -51.036  9.811  38.548 0.0000000000
103556  -51.678  9.954  38.117 0.0000000000
151664  -51.960  10.437  37.467 0.0000000000
103580  -52.616  10.573  36.901 0.0000000000
103569  -52.965  10.084  37.339 0.0000000000
102824  -54.294  9.622  37.859 0.0000000000
102838  -54.288  9.801  37.115 0.0000000000
103583  -55.496  10.008  36.307 0.0000000000
102840  -55.664  9.945  37.211 0.0000000000
95320  -57.180  0.149  33.851 0.0000000000
94439  -54.992  -1.164  35.481 0.0000000000
94431  -54.305  -1.827  36.054 0.0000000000
93592  -53.991  -2.467  35.598 0.0000000000
93583  -53.628  -2.630  36.205 0.0000000000
95270  -53.607  -0.067  39.874 0.0000000000
138426  -54.625  0.954  39.919 0.0000000000
96122  -54.844  0.848  38.931 0.0000000000
95278  -54.562  0.287  38.412 0.0000000000
95289  -54.859  0.137  37.609 0.0000000000
95288  -54.081  -0.420  38.320 0.0000000000
92681  -52.173  -3.183  37.799 0.0000000000
93571  -52.919  -2.570  37.617 0.0000000000
131741  -52.106  -3.635  36.951 0.0000000000
91777  -50.556  -4.503  36.591 0.0000000000
91766  -50.669  -4.251  37.633 0.0000000000
91764  -48.338  -4.536  37.930 0.0000000000
91763  -47.553  -4.160  37.641 0.0000000000
92686  -46.999  -3.483  37.506 0.0000000000
92665  -48.757  -3.850  40.874 0.0000000000
91746  -48.193  -4.236  40.247 0.0000000000
92664  -47.388  -4.174  40.695 0.0000000000
93560  -45.413  -2.356  38.937 0.0000000000
93554  -45.881  -3.088  39.027 0.0000000000
94409  -45.701  -1.628  38.335 0.0000000000
96142  -45.374  0.106  37.670 0.0000000000
94337  -51.772  -0.696  47.872 0.0000000000
90892  -48.304  -5.065  45.105 0.0000000000
154212  -49.723  -5.590  45.209 0.0000000000
144607  -49.531  -4.708  45.546 0.0000000000
92615  -44.306  -3.711  47.353 0.0000000000
91699  -45.521  -3.892  47.280 0.0000000000
92599  -45.212  -3.521  47.333 0.0000000000
93483  -47.252  -2.559  47.346 0.0000000000
92602  -47.525  -3.008  47.325 0.0000000000
92603  -48.295  -2.904  47.246 0.0000000000
92619  -49.563  -3.407  46.588 0.0000000000
92604  -49.118  -2.796  47.165 0.0000000000
93498  -50.152  -2.725  47.053 0.0000000000
93485  -49.468  -1.996  47.521 0.0000000000
95203  -48.004  -0.112  45.579 0.0000000000
94344  -48.882  -0.688  46.933 0.0000000000
95192  -49.312  -0.070  46.223 0.0000000000
95193  -50.162  -0.039  46.596 0.0000000000
95204  -48.653  0.018  45.385 0.0000000000
137130  -49.036  0.006  44.884 0.0000000000
95225  -48.228  0.038  44.608 0.0000000000
96098  -45.280  0.159  42.923 0.0000000000
96099  -45.984  -0.021  43.229 0.0000000000
95245  -45.454  -0.611  42.565 0.0000000000
98389  -41.345  3.665  39.006 0.0000000000
97646  -41.828  2.938  38.779 0.0000000000
98390  -42.000  3.750  38.268 0.0000000000
99864  -41.375  5.447  38.357 0.0000000000
134807  -40.183  5.964  39.443 0.0000000000
158595  -40.613  6.427  38.931 0.0000000000
99118  -39.111  4.551  41.355 0.0000000000
99856  -39.418  5.064  40.630 0.0000000000
158567  -38.797  5.293  41.154 0.0000000000
101330  -38.844  7.857  40.857 0.0000000000
102788  -39.792  8.953  40.522 0.0000000000
102070  -39.237  8.671  41.085 0.0000000000
102777  -40.612  9.901  41.482 0.0000000000
90159  -57.560  -6.449  28.605 0.0000000000
90998  -57.498  -5.268  27.766 0.0000000000
91872  -57.125  -4.012  26.988 0.0000000000
91873  -57.367  -4.438  26.586 0.0000000000
145636  -57.182  -3.960  26.257 0.0000000000
157081  -57.393  -4.976  25.702 0.0000000000
92812  -56.846  -3.715  25.585 0.0000000000
91809  -49.264  -4.168  33.178 0.0000000000
140116  -50.553  -4.608  33.375 0.0000000000
91819  -49.669  -4.264  32.494 0.0000000000
92750  -50.090  -4.078  31.056 0.0000000000
91830  -50.847  -4.488  31.431 0.0000000000
95349  -49.561  -0.410  30.571 0.0000000000
143216  -49.373  -1.185  30.365 0.0000000000
92788  -50.910  -3.057  27.515 0.0000000000
92778  -50.834  -3.452  28.447 0.0000000000
92779  -51.677  -3.813  28.516 0.0000000000
91870  -53.499  -3.832  27.422 0.0000000000
92789  -52.576  -3.607  27.163 0.0000000000
92809  -53.875  -2.670  25.044 0.0000000000
92800  -54.012  -3.303  25.906 0.0000000000
132974  -54.854  -2.976  25.185 0.0000000000
92810  -55.425  -3.039  24.576 0.0000000000
93681  -54.762  -2.655  23.977 0.0000000000
93690  -54.085  -2.236  23.476 0.0000000000
94529  -53.390  -1.641  22.984 0.0000000000
93705  -53.286  -1.882  22.715 0.0000000000
94528  -52.631  -1.057  22.885 0.0000000000
96224  -51.248  1.176  27.113 0.0000000000
94512  -51.165  -0.402  25.389 0.0000000000
143672  -51.459  1.275  26.264 0.0000000000
96236  -51.608  0.858  23.967 0.0000000000
96242  -51.600  0.725  23.122 0.0000000000
95394  -51.698  0.021  22.881 0.0000000000
96247  -51.403  0.649  22.763 0.0000000000
95400  -50.961  -0.012  22.365 0.0000000000
96252  -51.127  0.614  22.536 0.0000000000
150017  -51.363  2.971  23.386 0.0000000000
97764  -51.159  1.881  22.836 0.0000000000
97756  -51.047  2.454  23.126 0.0000000000
97755  -50.454  1.902  23.350 0.0000000000
97752  -50.718  2.645  23.510 0.0000000000
101363  -43.557  7.729  36.416 0.0000000000
137466  -43.830  7.038  36.251 0.0000000000
102118  -43.930  8.476  36.086 0.0000000000
102855  -44.878  8.972  35.075 0.0000000000
101370  -44.814  7.341  35.378 0.0000000000
102125  -45.092  8.118  34.933 0.0000000000
100618  -45.821  6.861  34.686 0.0000000000
144661  -45.561  7.961  34.476 0.0000000000
104360  -46.414  11.637  34.390 0.0000000000
104359  -45.793  11.052  34.726 0.0000000000
102874  -46.439  9.652  32.885 0.0000000000
102867  -46.027  9.889  33.465 0.0000000000
102137  -46.572  8.117  33.337 0.0000000000
102138  -47.100  8.068  32.797 0.0000000000
102147  -47.385  8.480  32.250 0.0000000000
102148  -48.081  8.013  31.825 0.0000000000
102156  -48.495  8.398  31.141 0.0000000000
102157  -49.214  7.894  30.720 0.0000000000
105111  -52.569  12.916  34.047 0.0000000000
106694  -51.487  14.651  31.746 0.0000000000
106693  -51.113  14.287  32.449 0.0000000000
106692  -50.068  14.235  32.132 0.0000000000
106702  -49.882  14.384  31.227 0.0000000000
107523  -51.827  15.728  28.751 0.0000000000
154730  -51.704  15.499  29.564 0.0000000000
107510  -51.057  15.280  29.308 0.0000000000
105916  -49.446  13.375  28.536 0.0000000000
106726  -49.658  14.236  29.312 0.0000000000
105909  -49.124  13.570  29.388 0.0000000000
105908  -48.665  13.315  30.067 0.0000000000
105148  -48.431  12.360  29.734 0.0000000000
142694  -48.840  11.910  29.009 0.0000000000
102893  -49.933  9.458  28.681 0.0000000000
102892  -49.181  9.871  29.368 0.0000000000
102171  -50.106  8.530  29.192 0.0000000000
102166  -50.353  7.730  29.560 0.0000000000
100654  -51.176  6.557  29.510 0.0000000000
102172  -50.702  8.002  28.808 0.0000000000
102180  -51.278  7.994  27.543 0.0000000000
101426  -51.498  7.156  27.942 0.0000000000
101433  -51.521  7.453  27.301 0.0000000000
101441  -51.639  7.345  26.781 0.0000000000
158909  -51.415  11.310  24.994 0.0000000000
103655  -51.231  10.123  25.750 0.0000000000
103660  -51.430  10.249  24.981 0.0000000000
101450  -51.555  7.642  25.406 0.0000000000
102201  -51.467  8.448  25.295 0.0000000000
148305  -51.964  6.537  26.232 0.0000000000
100695  -51.759  6.756  25.468 0.0000000000
150079  -51.897  6.057  25.136 0.0000000000
99973  -50.690  6.036  24.684 0.0000000000
99968  -50.960  5.138  24.552 0.0000000000
99234  -50.699  4.600  24.707 0.0000000000
98491  -50.628  3.842  24.610 0.0000000000
99233  -50.295  4.416  25.436 0.0000000000
103674  -48.947  10.627  22.883 0.0000000000
102215  -48.918  9.281  23.204 0.0000000000
102214  -48.555  9.941  23.251 0.0000000000
102199  -46.866  8.920  24.934 0.0000000000
102200  -47.388  8.194  24.971 0.0000000000
133623  -51.638  17.948  25.043 0.0000000000
109779  -51.293  18.446  25.678 0.0000000000
108276  -49.591  17.261  26.247 0.0000000000
108282  -50.161  16.859  25.568 0.0000000000
107544  -49.436  16.199  25.954 0.0000000000
106754  -48.601  14.669  26.116 0.0000000000
109029  -47.665  18.382  27.579 0.0000000000
145117  -47.577  16.726  27.545 0.0000000000
105924  -47.196  13.761  27.333 0.0000000000
105929  -47.744  13.570  26.544 0.0000000000
105165  -47.151  12.995  27.040 0.0000000000
105172  -46.975  12.231  26.741 0.0000000000
105164  -46.576  12.561  27.475 0.0000000000
104407  -45.357  11.448  28.567 0.0000000000
102900  -44.616  9.498  28.401 0.0000000000
102891  -44.631  10.053  28.853 0.0000000000
144545  -44.258  10.044  29.438 0.0000000000
105146  -44.063  12.110  30.181 0.0000000000
103631  -44.043  10.531  29.924 0.0000000000
103623  -43.135  10.588  31.008 0.0000000000
106724  -43.712  14.562  30.070 0.0000000000
105891  -42.757  13.243  31.232 0.0000000000
104388  -42.228  11.496  32.097 0.0000000000
109708  -44.892  18.994  31.633 0.0000000000
110445  -44.349  19.828  31.089 0.0000000000
110453  -43.119  20.473  30.041 0.0000000000
109721  -42.204  19.511  29.844 0.0000000000
98395  -44.224  3.147  36.927 0.0000000000
97666  -44.952  3.343  36.587 0.0000000000
98402  -44.326  3.814  36.635 0.0000000000
138262  -44.292  5.026  36.332 0.0000000000
99875  -44.289  5.576  36.201 0.0000000000
106671  -56.562  14.881  35.744 0.0000000000
107458  -56.266  15.432  36.046 0.0000000000
107465  -55.701  16.079  35.579 0.0000000000
107464  -55.059  16.139  35.652 0.0000000000
108191  -53.930  15.885  35.778 0.0000000000
91902  -54.647  -3.822  23.841 0.0000000000
102767  -42.113  9.763  42.754 0.0000000000
102779  -42.893  9.975  42.399 0.0000000000
95238  -52.064  -0.595  44.679 0.0000000000
94378  -52.109  -0.968  43.803 0.0000000000
93524  -50.116  -1.941  43.340 0.0000000000
94377  -50.661  -1.420  43.860 0.0000000000
94376  -49.829  -1.295  43.958 0.0000000000
94375  -48.953  -1.022  43.877 0.0000000000
96883  -39.858  1.741  43.454 0.0000000000
96882  -38.951  1.879  43.440 0.0000000000
93610  -54.182  -2.965  34.115 0.0000000000
92731  -53.528  -3.647  33.693 0.0000000000
91810  -52.768  -4.233  33.212 0.0000000000
91822  -52.148  -4.485  32.518 0.0000000000
98449  -50.712  3.552  31.766 0.0000000000
97705  -50.626  2.667  31.590 0.0000000000
97706  -51.082  3.217  31.051 0.0000000000
150066  -51.294  2.909  30.410 0.0000000000
97718  -51.639  3.104  29.633 0.0000000000
99204  -51.913  4.807  29.568 0.0000000000
99931  -51.725  5.468  29.485 0.0000000000
105077  -49.544  12.414  36.555 0.0000000000
105087  -48.550  12.856  35.602 0.0000000000
133944  -49.376  12.731  35.947 0.0000000000
105088  -49.919  12.844  35.537 0.0000000000
108277  -54.112  16.612  25.890 0.0000000000
107545  -53.255  16.174  26.083 0.0000000000
108284  -53.658  16.084  24.893 0.0000000000
107553  -53.214  15.433  24.463 0.0000000000
107561  -53.161  14.917  23.820 0.0000000000
105949  -52.455  13.535  23.576 0.0000000000
106775  -52.939  14.316  23.256 0.0000000000
106790  -52.794  14.512  22.674 0.0000000000
106789  -52.261  14.236  22.331 0.0000000000
106788  -51.610  13.941  22.296 0.0000000000
106783  -51.997  14.649  22.397 0.0000000000
107560  -51.071  15.258  23.452 0.0000000000
107552  -50.752  15.764  24.230 0.0000000000
110457  -47.404  19.485  29.645 0.0000000000
139427  -46.693  19.978  29.193 0.0000000000
110481  -46.026  19.976  28.787 0.0000000000
155192  -45.139  19.833  28.845 0.0000000000
110464  -44.954  20.241  29.307 0.0000000000
110463  -44.389  19.983  29.252 0.0000000000
138124  -47.449  -3.193  36.117 0.0000000000
92709  -47.670  -3.074  35.337 0.0000000000
93581  -47.379  -2.278  35.976 0.0000000000
94438  -47.635  -1.244  35.501 0.0000000000
142943  -47.701  3.566  35.448 0.0000000000
97670  -48.076  2.477  35.721 0.0000000000
98413  -48.234  3.408  35.136 0.0000000000
98421  -48.480  3.751  34.682 0.0000000000
98422  -48.707  3.325  34.686 0.0000000000
98431  -49.243  3.562  33.974 0.0000000000
99155  -48.876  3.939  34.185 0.0000000000
99162  -48.870  4.561  33.794 0.0000000000
100627  -48.431  6.044  33.167 0.0000000000
157036  -55.059  10.465  34.938 0.0000000000
104364  -55.037  10.885  34.430 0.0000000000
104376  -55.772  10.971  33.753 0.0000000000
104377  -56.345  11.318  33.138 0.0000000000
105124  -56.404  11.881  32.344 0.0000000000
107487  -56.445  14.808  32.124 0.0000000000
108236  -56.104  15.862  31.326 0.0000000000
108244  -56.271  15.572  30.291 0.0000000000
108243  -56.041  16.332  29.822 0.0000000000
108249  -56.048  16.068  28.906 0.0000000000
109015  -55.755  17.056  29.349 0.0000000000
109750  -54.548  18.855  28.284 0.0000000000
110506  -53.912  19.166  27.759 0.0000000000
136076  -54.440  18.865  29.007 0.0000000000
109741  -53.882  18.875  29.506 0.0000000000
156609  -53.095  18.851  29.536 0.0000000000
141734  -52.402  17.747  32.962 0.0000000000
109000  -50.121  17.759  31.315 0.0000000000
108986  -50.471  17.604  32.463 0.0000000000
92825  -50.123  -2.781  23.279 0.0000000000
158031  -49.999  -1.399  22.681 0.0000000000
102101  -41.708  8.843  38.364 0.0000000000
104294  -45.174  11.151  40.323 0.0000000000
135255  -47.278  11.859  38.807 0.0000000000
103553  -48.141  11.346  38.920 0.0000000000
103554  -48.980  10.783  38.902 0.0000000000
102096  -51.069  8.687  39.938 0.0000000000
137288  -50.490  8.995  39.622 0.0000000000
131923  -53.525  9.379  38.592 0.0000000000
95319  -56.556  0.205  34.376 0.0000000000
96168  -56.819  0.725  34.928 0.0000000000
95301  -55.796  0.445  36.078 0.0000000000
95300  -54.977  -0.339  36.704 0.0000000000
95269  -53.007  -0.688  40.311 0.0000000000
140446  -53.290  -0.583  39.751 0.0000000000
94411  -53.409  -1.157  38.613 0.0000000000
93562  -51.890  -2.869  38.733 0.0000000000
92680  -51.368  -3.575  38.202 0.0000000000
154697  -50.721  -3.852  38.527 0.0000000000
151558  -49.364  -4.383  39.036 0.0000000000
91757  -48.550  -4.532  38.790 0.0000000000
92663  -46.538  -3.888  41.025 0.0000000000
93547  -45.255  -3.000  40.579 0.0000000000
94404  -44.815  -2.281  39.497 0.0000000000
94408  -44.805  -1.633  38.860 0.0000000000
96130  -44.554  -0.244  38.149 0.0000000000
95274  -43.865  -0.440  38.734 0.0000000000
93496  -44.737  -2.268  46.361 0.0000000000
93481  -45.708  -2.838  47.276 0.0000000000
154442  -45.389  -2.363  46.776 0.0000000000
93497  -46.119  -1.974  46.782 0.0000000000
94333  -46.976  -1.964  47.121 0.0000000000
94335  -48.609  -1.650  47.394 0.0000000000
94342  -46.828  -1.244  46.446 0.0000000000
96056  -47.263  0.083  44.599 0.0000000000
96090  -47.091  0.210  44.033 0.0000000000
96072  -46.599  0.146  44.408 0.0000000000
96088  -45.442  0.368  43.564 0.0000000000
96097  -44.604  0.564  43.067 0.0000000000
97643  -41.357  2.816  39.757 0.0000000000
98387  -40.800  3.682  39.806 0.0000000000
99124  -40.904  4.393  39.181 0.0000000000
99861  -40.989  5.020  38.791 0.0000000000
99857  -40.008  5.148  39.937 0.0000000000
99859  -39.544  5.874  40.116 0.0000000000
91864  -57.079  -3.971  27.741 0.0000000000
92793  -56.798  -3.820  27.434 0.0000000000
92792  -56.240  -3.649  26.997 0.0000000000
93609  -48.434  -2.592  33.128 0.0000000000
92741  -49.086  -3.711  32.483 0.0000000000
93620  -48.671  -2.982  32.463 0.0000000000
144935  -49.462  -3.520  31.212 0.0000000000
92758  -49.657  -3.407  30.524 0.0000000000
94493  -49.636  -1.685  29.007 0.0000000000
94494  -49.967  -1.744  28.028 0.0000000000
92798  -51.698  -3.194  26.858 0.0000000000
93680  -54.193  -2.292  24.159 0.0000000000
93679  -53.246  -2.116  24.399 0.0000000000
93688  -52.820  -1.596  23.978 0.0000000000
94519  -52.179  -1.152  24.104 0.0000000000
158851  -52.298  2.961  26.911 0.0000000000
97015  -51.844  1.914  25.667 0.0000000000
97740  -52.296  2.828  26.060 0.0000000000
97746  -52.167  2.465  25.159 0.0000000000
97032  -51.860  1.959  23.759 0.0000000000
97037  -51.535  1.806  23.129 0.0000000000
97758  -51.807  2.361  23.531 0.0000000000
98505  -51.867  2.903  23.610 0.0000000000
98499  -51.816  3.589  23.761 0.0000000000
102847  -43.849  9.507  36.434 0.0000000000
102854  -44.365  9.164  35.722 0.0000000000
103590  -44.779  9.855  35.362 0.0000000000
102861  -45.242  9.696  34.711 0.0000000000
104373  -46.468  11.296  33.509 0.0000000000
104383  -46.903  11.722  32.980 0.0000000000
103611  -46.658  10.385  32.459 0.0000000000
102875  -47.054  9.481  32.108 0.0000000000
102881  -47.599  9.760  31.302 0.0000000000
102887  -48.004  9.962  30.700 0.0000000000
105883  -53.124  13.729  32.706 0.0000000000
133660  -52.093  14.838  31.472 0.0000000000
106704  -51.447  15.004  30.975 0.0000000000
106746  -50.905  14.936  27.370 0.0000000000
106736  -50.475  14.726  28.180 0.0000000000
106745  -50.309  14.298  27.740 0.0000000000
105156  -49.306  12.304  28.394 0.0000000000
104408  -49.422  11.284  28.379 0.0000000000
103640  -49.907  10.337  28.087 0.0000000000
102179  -50.937  8.325  28.125 0.0000000000
102902  -50.643  9.045  27.988 0.0000000000
152333  -50.864  9.401  27.176 0.0000000000
102912  -51.235  8.725  26.858 0.0000000000
103668  -51.440  10.525  24.224 0.0000000000
102933  -51.386  9.707  24.565 0.0000000000
102210  -51.260  8.049  24.624 0.0000000000
100703  -51.380  6.462  24.786 0.0000000000
101458  -51.033  7.326  24.522 0.0000000000
100702  -50.916  6.634  24.538 0.0000000000
100701  -50.405  6.707  24.625 0.0000000000
100700  -49.730  7.067  24.756 0.0000000000
104447  -48.636  11.730  23.593 0.0000000000
103673  -48.351  10.466  23.437 0.0000000000
103667  -47.927  10.696  23.992 0.0000000000
102930  -47.127  9.721  24.696 0.0000000000
109769  -50.901  19.022  26.398 0.0000000000
109037  -50.539  18.411  26.117 0.0000000000
109768  -50.034  18.897  26.724 0.0000000000
109036  -49.775  18.195  26.465 0.0000000000
108275  -48.866  16.732  26.633 0.0000000000
146232  -46.858  16.393  27.983 0.0000000000
107521  -46.709  15.324  28.101 0.0000000000
105155  -46.091  12.910  28.248 0.0000000000
105154  -45.658  12.159  28.432 0.0000000000
103632  -44.555  10.678  29.337 0.0000000000
158357  -44.607  11.893  29.581 0.0000000000
143335  -43.300  15.413  30.180 0.0000000000
155686  -42.760  14.117  30.934 0.0000000000
106701  -42.268  14.103  31.479 0.0000000000
105890  -42.041  13.325  31.955 0.0000000000
135636  -41.638  14.176  32.112 0.0000000000
145576  -46.542  0.060  37.282 0.0000000000
96144  -46.918  0.648  36.980 0.0000000000
96928  -46.722  1.349  36.889 0.0000000000
96937  -47.116  1.997  36.540 0.0000000000
97667  -45.790  3.028  36.534 0.0000000000
98404  -46.430  3.409  36.172 0.0000000000
98405  -47.267  3.155  35.954 0.0000000000
98412  -46.964  3.807  35.689 0.0000000000
99886  -47.128  4.962  34.932 0.0000000000
99892  -46.786  5.753  34.607 0.0000000000
105103  -57.002  11.453  33.840 0.0000000000
105090  -57.049  12.026  34.574 0.0000000000
134059  -56.759  13.458  33.645 0.0000000000
137933  -56.506  14.529  33.518 0.0000000000
106679  -56.532  14.709  34.626 0.0000000000
107480  -56.288  15.332  33.172 0.0000000000
108227  -56.064  15.971  32.486 0.0000000000
156303  -55.113  17.887  32.005 0.0000000000
108990  -54.726  17.997  32.257 0.0000000000
108975  -54.733  17.706  33.179 0.0000000000
108974  -54.094  17.722  33.564 0.0000000000
155008  -54.118  17.531  34.067 0.0000000000
108957  -52.759  17.467  34.253 0.0000000000
108956  -51.825  17.531  34.217 0.0000000000
92827  -52.351  -3.270  22.995 0.0000000000
103529  -41.663  10.484  40.679 0.0000000000
103531  -43.615  10.988  40.751 0.0000000000
102780  -43.560  10.107  41.970 0.0000000000
103525  -44.093  10.412  41.434 0.0000000000
103532  -44.557  10.820  40.838 0.0000000000
94393  -52.377  -1.053  41.590 0.0000000000
93540  -51.377  -2.097  41.421 0.0000000000
92667  -50.902  -2.642  40.908 0.0000000000
92655  -49.304  -3.367  41.446 0.0000000000
92654  -48.458  -3.615  41.683 0.0000000000
93530  -49.571  -2.468  42.803 0.0000000000
92646  -48.155  -3.179  42.466 0.0000000000
92653  -47.455  -3.758  41.726 0.0000000000
92652  -46.473  -3.291  41.944 0.0000000000
93537  -45.092  -2.548  41.292 0.0000000000
94390  -44.568  -1.793  41.263 0.0000000000
91711  -45.164  -4.454  47.104 0.0000000000
92598  -43.491  -4.072  47.445 0.0000000000
159180  -43.706  -3.477  46.999 0.0000000000
93494  -43.436  -2.994  46.274 0.0000000000
93510  -43.046  -2.432  45.546 0.0000000000
93511  -43.907  -2.188  45.777 0.0000000000
148165  -43.310  -1.733  45.246 0.0000000000
99119  -39.747  4.206  40.953 0.0000000000
99114  -38.822  4.096  42.016 0.0000000000
98377  -38.568  3.660  42.641 0.0000000000
99113  -38.087  4.429  42.395 0.0000000000
95337  -49.125  -0.107  32.348 0.0000000000
95344  -49.315  -0.395  31.484 0.0000000000
96205  -49.730  0.271  31.009 0.0000000000
142711  -49.796  0.145  30.521 0.0000000000
96206  -50.083  0.608  30.485 0.0000000000
95350  -49.879  0.071  30.015 0.0000000000
95357  -50.089  0.025  29.167 0.0000000000
95369  -50.531  -0.325  27.188 0.0000000000
95373  -50.725  -0.641  26.384 0.0000000000
96223  -50.792  0.457  27.382 0.0000000000
97002  -51.489  1.847  27.739 0.0000000000
97725  -51.856  2.957  28.841 0.0000000000
97734  -52.198  3.220  28.197 0.0000000000
97733  -52.029  2.700  27.566 0.0000000000
155120  -52.435  3.464  27.437 0.0000000000
98481  -52.624  4.071  27.220 0.0000000000
99221  -52.586  4.698  26.985 0.0000000000
104338  -45.996  12.325  36.721 0.0000000000
104350  -46.184  12.123  35.843 0.0000000000
105085  -46.733  12.201  35.149 0.0000000000
104361  -47.057  12.305  34.544 0.0000000000
105096  -47.663  12.636  34.205 0.0000000000
145267  -48.208  13.023  32.978 0.0000000000
105879  -48.545  13.369  32.262 0.0000000000
107512  -53.673  15.746  28.885 0.0000000000
107536  -51.921  15.809  27.585 0.0000000000
134024  -52.471  15.878  26.586 0.0000000000
106755  -51.162  14.406  26.311 0.0000000000
105931  -50.861  13.387  26.119 0.0000000000
105174  -50.797  12.249  25.984 0.0000000000
136198  -50.709  11.394  26.253 0.0000000000
105182  -51.409  12.001  25.066 0.0000000000
104440  -51.587  11.689  24.360 0.0000000000
105189  -51.781  12.126  23.540 0.0000000000
104448  -51.567  11.297  23.896 0.0000000000
103677  -51.310  10.918  23.496 0.0000000000
103676  -50.820  10.602  23.116 0.0000000000
102943  -50.257  10.420  22.762 0.0000000000
134354  -49.928  9.725  22.831 0.0000000000
103682  -50.028  11.008  22.608 0.0000000000
150821  -49.512  11.018  22.672 0.0000000000
104454  -49.129  11.451  22.910 0.0000000000
105958  -50.852  13.373  22.453 0.0000000000
105195  -49.600  12.075  22.798 0.0000000000
105194  -49.067  12.027  23.213 0.0000000000
105188  -48.802  12.325  23.858 0.0000000000
105181  -48.499  12.685  24.730 0.0000000000
137761  -48.962  19.636  28.297 0.0000000000
109759  -48.822  19.277  27.543 0.0000000000
110500  -48.075  19.540  27.993 0.0000000000
109028  -46.993  18.754  27.882 0.0000000000
109748  -46.680  19.462  28.355 0.0000000000
108254  -46.239  17.252  28.264 0.0000000000
107519  -45.370  15.437  28.879 0.0000000000
107509  -44.663  15.745  29.275 0.0000000000
108248  -44.181  16.412  29.414 0.0000000000
149961  -44.480  18.261  28.842 0.0000000000
108242  -43.468  16.279  29.840 0.0000000000
140137  -42.835  17.161  30.037 0.0000000000
91789  -50.340  -4.634  35.715 0.0000000000
152044  -50.700  -4.634  34.213 0.0000000000
155350  -50.048  -4.675  34.841 0.0000000000
91808  -48.868  -4.154  33.931 0.0000000000
145592  -48.434  -3.612  34.080 0.0000000000
93600  -48.197  -2.886  33.920 0.0000000000
147992  -48.447  -1.751  33.019 0.0000000000
95336  -48.688  -0.805  32.876 0.0000000000
96155  -47.455  0.414  36.480 0.0000000000
143678  -47.968  0.533  35.795 0.0000000000
154028  -48.339  0.705  35.188 0.0000000000
96946  -48.438  2.174  35.365 0.0000000000
96178  -48.558  0.416  34.395 0.0000000000
96188  -48.939  0.604  33.539 0.0000000000
95328  -48.920  0.035  33.027 0.0000000000
96194  -49.304  0.683  32.769 0.0000000000
96968  -49.755  1.439  32.458 0.0000000000
97698  -49.921  2.270  32.886 0.0000000000
98432  -49.737  3.716  33.322 0.0000000000
97699  -50.350  2.927  32.388 0.0000000000
99909  -50.322  4.969  31.965 0.0000000000
99915  -50.643  5.366  31.229 0.0000000000
104352  -52.186  11.691  35.871 0.0000000000
105089  -52.562  12.077  35.139 0.0000000000
105101  -53.014  12.379  34.460 0.0000000000
105112  -53.449  12.672  33.766 0.0000000000
104375  -54.913  11.460  33.840 0.0000000000
105871  -53.799  13.022  33.030 0.0000000000
105884  -54.194  13.322  32.259 0.0000000000
106717  -54.538  14.607  30.074 0.0000000000
105115  -56.888  11.629  33.057 0.0000000000
105125  -56.812  12.155  32.197 0.0000000000
105133  -56.609  12.461  31.766 0.0000000000
147334  -56.608  14.192  31.153 0.0000000000
105896  -56.663  13.302  31.091 0.0000000000
105895  -56.466  12.999  31.131 0.0000000000
105901  -56.145  13.532  30.471 0.0000000000
107502  -54.366  15.226  29.325 0.0000000000
107513  -54.953  15.375  28.565 0.0000000000
148172  -55.061  15.790  27.989 0.0000000000
108256  -54.779  16.173  27.468 0.0000000000
108270  -55.501  16.951  27.856 0.0000000000
108269  -55.073  16.618  27.187 0.0000000000
108268  -54.493  16.488  26.809 0.0000000000
108286  -54.419  17.192  25.671 0.0000000000
109043  -54.066  17.587  25.022 0.0000000000
109792  -53.375  17.854  24.675 0.0000000000
109791  -52.722  17.924  24.549 0.0000000000
109781  -52.783  18.516  25.194 0.0000000000
110530  -52.188  18.909  25.824 0.0000000000
110519  -52.287  19.249  26.415 0.0000000000
110505  -53.202  19.336  27.308 0.0000000000
110504  -52.459  19.460  27.006 0.0000000000
110503  -51.692  19.442  26.865 0.0000000000
134018  -51.099  19.473  27.246 0.0000000000
110502  -50.238  19.417  27.489 0.0000000000
110484  -49.940  19.486  28.125 0.0000000000
137537  -54.477  18.294  31.402 0.0000000000
109728  -53.368  18.586  30.373 0.0000000000
139894  -52.327  18.508  30.053 0.0000000000
109739  -51.467  18.811  29.178 0.0000000000
141260  -48.901  19.330  29.056 0.0000000000
109736  -48.133  19.425  29.315 0.0000000000
109008  -48.695  18.331  30.516 0.0000000000
109724  -48.090  18.824  30.136 0.0000000000
109711  -47.402  18.739  30.545 0.0000000000
109710  -46.579  18.576  31.120 0.0000000000
100597  -42.566  6.370  37.265 0.0000000000
99867  -43.207  5.875  36.842 0.0000000000
137257  -42.595  7.200  37.201 0.0000000000
101354  -42.949  7.831  36.926 0.0000000000
102834  -42.625  9.362  37.692 0.0000000000
103577  -43.727  10.232  36.988 0.0000000000
104336  -44.713  11.366  36.805 0.0000000000
103538  -42.433  10.890  39.599 0.0000000000
103539  -43.062  11.252  39.180 0.0000000000
104310  -43.644  11.562  38.816 0.0000000000
104298  -44.223  11.813  39.235 0.0000000000
104311  -44.188  11.831  38.537 0.0000000000
104325  -44.576  11.858  37.787 0.0000000000
104326  -45.328  12.094  37.169 0.0000000000
131903  -48.213  12.547  36.903 0.0000000000
104339  -50.919  11.754  36.694 0.0000000000
102821  -50.253  9.665  39.091 0.0000000000
103555  -50.326  10.412  38.450 0.0000000000
104341  -52.842  10.920  36.295 0.0000000000
103591  -53.788  10.563  35.961 0.0000000000
151065  -53.725  9.929  37.078 0.0000000000
102848  -54.328  10.080  36.441 0.0000000000
103592  -54.718  10.314  35.606 0.0000000000
150545  -55.483  10.251  35.169 0.0000000000
103593  -55.771  10.156  35.440 0.0000000000
103594  -56.448  10.460  35.057 0.0000000000
138136  -55.213  -1.301  34.666 0.0000000000
93602  -54.724  -2.138  34.410 0.0000000000
93601  -54.025  -2.727  34.929 0.0000000000
135389  -52.680  -3.808  35.455 0.0000000000
94432  -54.227  -1.319  36.904 0.0000000000
93564  -53.205  -1.892  38.105 0.0000000000
93572  -53.565  -2.008  37.363 0.0000000000
155468  -53.824  -2.108  36.697 0.0000000000
92699  -52.873  -3.349  36.356 0.0000000000
92698  -52.030  -4.022  36.152 0.0000000000
131958  -51.198  -4.427  35.954 0.0000000000
132159  -49.746  -4.643  36.282 0.0000000000
91776  -48.225  -4.208  36.147 0.0000000000
91759  -49.774  -4.548  37.786 0.0000000000
91775  -47.561  -3.758  36.709 0.0000000000
93570  -47.117  -2.921  36.745 0.0000000000
157854  -46.753  -1.802  37.282 0.0000000000
91750  -48.783  -4.333  39.577 0.0000000000
92672  -47.152  -4.324  39.187 0.0000000000
133555  -46.774  -4.137  40.017 0.0000000000
92671  -46.474  -3.808  39.136 0.0000000000
92679  -46.961  -4.011  38.331 0.0000000000
92678  -46.481  -3.234  38.285 0.0000000000
94419  -46.399  -1.569  37.716 0.0000000000
95286  -46.504  -0.655  37.454 0.0000000000
96143  -46.206  0.617  37.290 0.0000000000
96927  -45.448  0.963  37.377 0.0000000000
145637  -44.734  2.020  37.186 0.0000000000
141882  -44.181  2.463  37.223 0.0000000000
155638  -42.653  4.517  37.507 0.0000000000
96051  -52.064  0.463  46.834 0.0000000000
90030  -51.324  -6.962  45.335 0.0000000000
90894  -51.716  -6.290  45.687 0.0000000000
91727  -51.854  -5.346  46.093 0.0000000000
140489  -46.605  -4.056  46.649 0.0000000000
91713  -47.406  -3.924  46.398 0.0000000000
92601  -46.764  -3.132  47.342 0.0000000000
92616  -47.052  -3.512  47.059 0.0000000000
91714  -48.229  -3.883  46.209 0.0000000000
149476  -49.101  -3.968  46.085 0.0000000000
91715  -50.046  -4.124  45.982 0.0000000000
91716  -51.069  -4.293  46.152 0.0000000000
92620  -51.319  -3.330  46.737 0.0000000000
93499  -50.999  -2.403  47.316 0.0000000000
93487  -51.350  -1.686  47.705 0.0000000000
144887  -49.420  -1.075  47.390 0.0000000000
144003  -50.009  -1.301  47.497 0.0000000000
94336  -50.707  -0.996  47.670 0.0000000000
95184  -50.934  -0.250  47.262 0.0000000000
132305  -51.134  0.172  46.586 0.0000000000
153951  -51.035  0.172  45.954 0.0000000000
131874  -49.858  -0.085  45.144 0.0000000000
95236  -48.536  -0.327  44.283 0.0000000000
94374  -48.088  -0.775  43.715 0.0000000000
95235  -46.787  -0.084  43.625 0.0000000000
94382  -47.242  -0.652  43.459 0.0000000000
94381  -46.834  -1.456  43.018 0.0000000000
94380  -46.005  -1.560  42.536 0.0000000000
94391  -45.178  -1.726  41.959 0.0000000000
145179  -44.202  -1.126  41.203 0.0000000000
132310  -44.011  0.695  43.684 0.0000000000
96096  -43.705  0.942  43.014 0.0000000000
96107  -43.976  0.514  42.375 0.0000000000
153958  -43.382  0.925  42.416 0.0000000000
95253  -44.002  -0.289  41.597 0.0000000000
95252  -43.500  -0.163  41.014 0.0000000000
95261  -43.393  -0.418  40.292 0.0000000000
99127  -42.212  4.501  37.846 0.0000000000
100594  -41.893  5.949  37.790 0.0000000000
101346  -41.285  7.488  38.325 0.0000000000
99863  -40.795  5.706  38.834 0.0000000000
157605  -40.917  9.227  39.383 0.0000000000
102800  -40.713  9.464  39.829 0.0000000000
102092  -39.958  8.399  39.845 0.0000000000
102082  -40.238  9.082  40.012 0.0000000000
102778  -41.144  10.219  41.096 0.0000000000
102766  -41.338  10.090  42.004 0.0000000000
102764  -39.731  9.368  42.384 0.0000000000
102765  -40.460  9.741  42.221 0.0000000000
138159  -41.134  9.704  42.848 0.0000000000
89329  -57.523  -7.428  27.141 0.0000000000
90164  -57.584  -5.940  27.249 0.0000000000
142634  -57.538  -6.690  26.771 0.0000000000
90185  -57.380  -5.590  25.765 0.0000000000
91034  -57.169  -4.978  25.227 0.0000000000
91044  -56.717  -4.586  24.766 0.0000000000
133139  -51.361  -4.573  33.651 0.0000000000
91821  -51.255  -4.604  32.779 0.0000000000
91831  -51.518  -4.555  31.933 0.0000000000
91829  -50.194  -4.383  31.902 0.0000000000
146489  -50.842  -4.566  32.130 0.0000000000
91832  -52.377  -4.444  31.655 0.0000000000
94482  -49.149  -1.891  30.797 0.0000000000
92766  -49.842  -3.240  29.707 0.0000000000
93650  -49.624  -2.504  29.366 0.0000000000
146253  -52.879  -4.281  28.900 0.0000000000
91871  -54.502  -3.798  27.477 0.0000000000
92791  -55.345  -3.533  26.582 0.0000000000
131965  -53.410  -3.561  26.652 0.0000000000
138606  -54.848  -3.366  25.928 0.0000000000
92802  -56.266  -3.481  25.990 0.0000000000
92811  -56.211  -3.313  25.100 0.0000000000
92820  -56.524  -3.640  24.939 0.0000000000
91043  -56.064  -4.666  24.509 0.0000000000
91903  -55.661  -3.868  24.218 0.0000000000
93691  -54.423  -2.637  23.539 0.0000000000
91914  -53.880  -3.429  23.375 0.0000000000
92828  -53.361  -3.039  22.935 0.0000000000
92835  -52.901  -2.502  22.677 0.0000000000
92834  -51.830  -2.558  22.685 0.0000000000
137643  -51.684  -0.526  24.270 0.0000000000
146064  -51.491  0.152  24.450 0.0000000000
148729  -52.169  -0.610  23.197 0.0000000000
95395  -51.932  -0.676  22.688 0.0000000000
154109  -51.735  -1.085  22.446 0.0000000000
92833  -51.166  -2.106  22.504 0.0000000000
93703  -51.062  -1.370  22.358 0.0000000000
94534  -50.643  -0.727  22.386 0.0000000000
96250  -50.283  0.465  22.614 0.0000000000
154984  -50.937  1.032  22.534 0.0000000000
97040  -50.548  1.058  22.683 0.0000000000
96246  -49.972  0.671  22.867 0.0000000000
96241  -49.713  0.803  23.353 0.0000000000
100605  -43.893  6.232  36.331 0.0000000000
99883  -44.598  6.018  35.853 0.0000000000
100611  -44.890  6.537  35.518 0.0000000000
100613  -46.015  6.203  34.905 0.0000000000
100619  -46.479  6.654  34.323 0.0000000000
156497  -45.559  10.346  34.482 0.0000000000
102866  -45.664  9.724  34.040 0.0000000000
102132  -45.997  8.112  33.966 0.0000000000
101378  -46.522  7.398  33.817 0.0000000000
100620  -47.269  6.096  34.041 0.0000000000
100626  -47.681  6.456  33.457 0.0000000000
100633  -48.825  6.376  32.486 0.0000000000
101393  -48.464  7.190  32.161 0.0000000000
101394  -49.198  6.719  31.791 0.0000000000
100642  -49.891  6.307  31.416 0.0000000000
100643  -50.496  5.949  31.000 0.0000000000
105861  -51.060  13.140  34.517 0.0000000000
105868  -50.649  13.572  33.758 0.0000000000
105882  -52.023  13.916  33.053 0.0000000000
153130  -51.130  13.860  33.247 0.0000000000
105880  -49.412  13.808  32.667 0.0000000000
105899  -48.556  13.420  31.166 0.0000000000
107500  -52.055  15.411  30.165 0.0000000000
106715  -50.529  14.785  30.705 0.0000000000
106727  -50.371  14.816  28.915 0.0000000000
135779  -50.380  14.840  29.814 0.0000000000
105900  -49.167  13.975  30.763 0.0000000000
104397  -48.034  11.860  30.234 0.0000000000
159106  -48.195  11.165  30.083 0.0000000000
102888  -48.614  9.725  30.109 0.0000000000
104402  -48.942  11.160  29.087 0.0000000000
102164  -48.905  8.756  30.383 0.0000000000
102165  -49.654  8.226  29.955 0.0000000000
101409  -49.965  7.421  30.335 0.0000000000
100648  -50.851  6.265  30.277 0.0000000000
100655  -51.608  6.151  29.082 0.0000000000
101425  -51.182  7.593  28.375 0.0000000000
99952  -52.372  5.485  27.288 0.0000000000
100686  -52.194  6.021  26.665 0.0000000000
104429  -50.946  10.740  26.014 0.0000000000
102920  -51.230  9.448  26.278 0.0000000000
102921  -51.448  8.785  25.973 0.0000000000
151834  -51.438  9.115  25.164 0.0000000000
100685  -51.905  6.659  26.805 0.0000000000
99960  -52.442  5.274  26.266 0.0000000000
99235  -52.397  4.712  25.409 0.0000000000
99241  -52.024  4.834  24.656 0.0000000000
151627  -51.472  3.960  24.021 0.0000000000
132140  -51.471  4.771  24.430 0.0000000000
98498  -50.826  3.376  23.918 0.0000000000
102207  -49.165  8.550  23.653 0.0000000000
102206  -48.106  9.349  23.704 0.0000000000
145328  -47.687  8.787  24.261 0.0000000000
109042  -52.209  17.698  24.490 0.0000000000
109047  -51.593  17.211  24.512 0.0000000000
107551  -50.059  15.725  25.047 0.0000000000
106764  -49.589  14.633  24.786 0.0000000000
105938  -48.158  13.084  25.651 0.0000000000
109030  -48.491  18.542  27.274 0.0000000000
107535  -48.231  16.126  27.101 0.0000000000
107534  -47.497  15.467  27.517 0.0000000000
146515  -48.157  15.056  26.819 0.0000000000
106753  -48.114  14.281  26.507 0.0000000000
104427  -46.763  11.459  26.422 0.0000000000
104426  -46.207  10.985  26.939 0.0000000000
104416  -45.841  11.424  27.798 0.0000000000
103647  -45.637  10.500  27.452 0.0000000000
102911  -45.366  9.524  27.216 0.0000000000
102910  -44.873  9.322  27.851 0.0000000000
102886  -43.753  9.725  29.890 0.0000000000
106725  -44.492  14.346  29.578 0.0000000000
105906  -44.046  13.078  30.112 0.0000000000
138555  -43.400  13.752  30.505 0.0000000000
135637  -43.452  12.737  30.669 0.0000000000
105140  -43.454  11.942  30.742 0.0000000000
108940  -51.054  17.408  34.827 0.0000000000
132377  -49.197  17.571  33.787 0.0000000000
138769  -46.976  17.695  32.105 0.0000000000
108982  -45.489  17.814  32.812 0.0000000000
109709  -45.641  18.833  31.346 0.0000000000
110446  -45.071  19.685  30.743 0.0000000000
110454  -44.433  20.343  29.686 0.0000000000
156024  -43.853  20.378  30.558 0.0000000000
111159  -43.794  20.475  30.048 0.0000000000
111165  -43.739  20.229  29.640 0.0000000000
109733  -42.820  19.108  29.561 0.0000000000
109007  -42.427  18.351  29.899 0.0000000000
90175  -57.306  -6.631  26.004 0.0000000000
90903  -48.894  -5.718  44.829 0.0000000000
91008  -57.529  -5.141  26.947 0.0000000000
91033  -56.547  -5.339  24.921 0.0000000000
91712  -45.832  -4.237  46.898 0.0000000000
91726  -47.818  -4.435  45.654 0.0000000000
91749  -47.953  -4.459  39.369 0.0000000000
91765  -49.032  -4.631  37.355 0.0000000000
91790  -51.828  -4.312  35.303 0.0000000000
91799  -49.171  -4.461  34.684 0.0000000000
91860  -52.110  -4.155  28.994 0.0000000000
91880  -57.285  -4.392  25.746 0.0000000000
91904  -56.425  -3.967  24.551 0.0000000000
91911  -50.998  -3.901  23.644 0.0000000000
91915  -54.533  -3.070  23.486 0.0000000000
92600  -46.007  -3.301  47.365 0.0000000000
92617  -47.836  -3.401  46.918 0.0000000000
92647  -49.018  -3.049  42.276 0.0000000000
92656  -50.128  -3.072  41.166 0.0000000000
92673  -48.990  -4.049  40.216 0.0000000000
92674  -50.972  -3.154  39.711 0.0000000000
92687  -52.684  -3.105  37.130 0.0000000000
92719  -48.082  -3.376  34.640 0.0000000000
92829  -54.012  -2.758  23.106 0.0000000000
92836  -53.632  -2.385  22.836 0.0000000000
93480  -44.938  -2.962  47.118 0.0000000000
93532  -51.127  -2.051  42.256 0.0000000000
93553  -45.245  -2.862  39.745 0.0000000000
93555  -51.114  -2.763  40.229 0.0000000000
93563  -52.565  -2.414  38.373 0.0000000000
93621  -49.031  -3.257  31.759 0.0000000000
93641  -49.419  -2.642  30.193 0.0000000000
93651  -50.043  -3.048  28.900 0.0000000000
93657  -49.831  -2.350  28.668 0.0000000000
93697  -50.512  -2.081  22.671 0.0000000000
93704  -52.518  -1.931  22.517 0.0000000000
94334  -47.732  -1.860  47.279 0.0000000000
94383  -50.874  -1.870  43.089 0.0000000000
94405  -53.557  -0.517  39.191 0.0000000000
94420  -53.790  -1.229  37.797 0.0000000000
94527  -49.891  -0.934  22.680 0.0000000000
95190  -47.567  -0.635  46.155 0.0000000000
95191  -48.422  -0.340  46.208 0.0000000000
95206  -50.289  0.149  45.909 0.0000000000
95262  -43.777  -0.839  40.757 0.0000000000
95267  -43.515  -0.504  39.466 0.0000000000
95275  -44.471  -0.901  38.608 0.0000000000
95285  -46.029  -0.270  37.630 0.0000000000
95310  -55.385  -0.359  35.773 0.0000000000
95311  -56.153  0.333  35.243 0.0000000000
95392  -49.385  -0.591  23.282 0.0000000000
95399  -50.371  -0.086  22.466 0.0000000000
95401  -51.391  -0.006  22.600 0.0000000000
96070  -45.127  0.356  44.136 0.0000000000
96073  -47.622  0.084  44.384 0.0000000000
96121  -54.184  0.476  39.638 0.0000000000
96131  -55.693  1.146  38.135 0.0000000000
97031  -51.638  1.415  23.471 0.0000000000
97035  -50.191  1.281  23.071 0.0000000000
97041  -50.941  1.434  22.655 0.0000000000
97042  -51.229  1.257  22.729 0.0000000000
97677  -47.911  3.015  35.642 0.0000000000
97747  -52.392  3.015  25.278 0.0000000000
98403  -45.481  3.779  36.289 0.0000000000
98500  -52.189  3.356  24.177 0.0000000000
99129  -43.102  4.492  37.194 0.0000000000
99137  -44.709  4.385  36.319 0.0000000000
99240  -51.856  4.271  24.169 0.0000000000
99922  -50.981  5.668  30.569 0.0000000000
99942  -52.336  5.346  28.083 0.0000000000
99969  -52.181  5.441  25.280 0.0000000000
100625  -47.032  6.779  33.751 0.0000000000
100634  -49.514  5.959  32.119 0.0000000000
101364  -44.138  7.593  35.891 0.0000000000
101371  -45.428  7.399  34.833 0.0000000000
101385  -48.075  6.837  32.838 0.0000000000
101404  -50.262  6.651  30.694 0.0000000000
101417  -50.962  7.278  29.153 0.0000000000
102094  -41.167  8.914  38.926 0.0000000000
102839  -54.945  9.818  37.104 0.0000000000
102931  -47.800  9.967  23.903 0.0000000000
103582  -55.150  10.078  35.913 0.0000000000
103589  -44.380  9.959  35.961 0.0000000000
103625  -47.610  10.554  30.998 0.0000000000
103626  -48.128  10.548  30.350 0.0000000000
103675  -49.644  10.449  22.678 0.0000000000
104366  -56.536  10.739  34.329 0.0000000000
104401  -48.481  11.514  29.606 0.0000000000
104406  -44.859  11.360  29.199 0.0000000000
104430  -51.301  10.751  25.317 0.0000000000
104437  -47.143  11.164  25.576 0.0000000000
105134  -56.729  12.707  31.591 0.0000000000
105196  -51.907  12.533  22.785 0.0000000000
105197  -52.265  13.202  22.579 0.0000000000
105202  -50.318  12.201  22.529 0.0000000000
105204  -51.819  13.040  22.322 0.0000000000
105948  -49.597  13.297  23.611 0.0000000000
105957  -50.079  12.803  22.783 0.0000000000
105966  -51.965  13.619  22.200 0.0000000000
106708  -56.429  13.607  30.645 0.0000000000
106714  -49.773  14.414  30.321 0.0000000000
106728  -55.997  14.520  29.421 0.0000000000
106763  -48.958  14.223  25.347 0.0000000000
106774  -52.635  14.219  24.068 0.0000000000
106776  -53.224  15.113  23.238 0.0000000000
106782  -51.378  14.615  22.758 0.0000000000
107514  -55.735  15.021  28.860 0.0000000000
108258  -55.767  16.045  28.307 0.0000000000
108296  -52.634  15.986  23.128 0.0000000000
108941  -52.019  17.276  34.793 0.0000000000
109035  -49.019  17.855  26.766 0.0000000000
109038  -54.632  17.592  26.250 0.0000000000
109041  -50.890  17.623  25.381 0.0000000000
109057  -52.994  16.755  23.525 0.0000000000
109058  -53.466  16.586  23.644 0.0000000000
109731  -55.250  18.002  30.803 0.0000000000
109749  -53.907  19.103  28.559 0.0000000000
110482  -47.407  19.621  28.460 0.0000000000
110487  -52.687  19.408  27.561 0.0000000000
110518  -51.598  19.175  26.385 0.0000000000
131949  -48.983  -4.558  36.104 0.0000000000
132857  -49.853  -4.603  37.065 0.0000000000
133609  -53.444  17.626  33.876 0.0000000000
133881  -50.942  19.380  26.892 0.0000000000
134002  -48.798  19.616  27.959 0.0000000000
135494  -57.541  -5.857  26.444 0.0000000000
135692  -47.224  -2.180  42.963 0.0000000000
138440  -47.440  -1.363  46.822 0.0000000000
139900  -51.533  4.456  30.319 0.0000000000
140057  -48.700  -2.374  47.393 0.0000000000
140629  -47.406  -0.128  45.302 0.0000000000
140640  -46.901  11.187  32.268 0.0000000000
143576  -51.735  7.172  26.158 0.0000000000
145575  -41.337  8.258  38.453 0.0000000000
145754  -51.796  -1.676  22.443 0.0000000000
146918  -52.724  17.360  24.032 0.0000000000
147729  -43.860  -4.408  47.558 0.0000000000
147909  -55.742  16.697  28.565 0.0000000000
148502  -48.259  -2.114  33.605 0.0000000000
150556  -46.659  17.585  32.623 0.0000000000
150851  -51.938  -4.509  33.209 0.0000000000
151269  -50.030  -4.304  38.546 0.0000000000
151444  -47.447  10.336  24.483 0.0000000000
151719  -48.716  -4.514  36.668 0.0000000000
151983  -46.842  -0.080  44.983 0.0000000000
152479  -49.891  -4.498  33.099 0.0000000000
153283  -56.362  15.145  31.538 0.0000000000
153563  -46.576  11.033  32.847 0.0000000000
154690  -56.655  11.332  33.345 0.0000000000
154854  -49.464  9.505  22.940 0.0000000000
154902  -55.722  1.373  38.774 0.0000000000
155951  -49.877  -4.159  39.171 0.0000000000
156067  -49.732  11.813  27.785 0.0000000000
156069  -48.347  2.630  35.367 0.0000000000
156161  -49.020  -5.106  45.210 0.0000000000
156517  -47.604  17.525  27.534 0.0000000000
156849  -56.113  10.251  35.153 0.0000000000
157240  -49.578  -0.448  46.904 0.0000000000
157249  -49.819  0.140  46.061 0.0000000000
157436  -49.553  3.190  33.728 0.0000000000
157519  -46.768  13.940  27.846 0.0000000000
158022  -57.589  -5.966  27.982 0.0000000000
158237  -50.772  2.198  23.145 0.0000000000
