#!ascii label  , from subject sub-v1s17x0050265_ses-1 vox2ras=TkReg
1836
2315  -18.814  -73.376  -9.285 0.5000000000
2279  -15.677  -72.202  -5.393 0.5000000000
2640  -15.882  -71.837  -4.845 0.5000000000
2256  -15.252  -72.469  -3.712 0.5000000000
1954  -20.179  -73.670  -9.952 0.5000000000
2316  -19.558  -73.467  -9.347 0.5000000000
112946  -20.181  -73.336  -8.978 0.5000000000
2307  -19.327  -72.988  -8.500 0.5000000000
2297  -20.514  -72.451  -7.775 0.6000000238
2295  -18.780  -72.296  -7.831 0.5000000000
1901  -14.585  -73.175  -3.586 0.5000000000
2677  -16.907  -71.954  -6.705 0.5000000000
113614  -14.835  -72.915  -2.293 0.5000000000
2648  -16.291  -71.704  -5.343 0.6000000238
2245  -15.374  -72.374  -2.775 0.6000000238
108480  -16.977  -71.287  -5.120 0.6000000238
107991  -15.897  -71.863  -3.315 0.6000000238
2231  -15.478  -72.368  -1.846 0.6999999881
2631  -17.175  -70.961  -3.482 0.6999999881
2617  -15.972  -71.881  -2.459 0.6999999881
2619  -17.252  -70.981  -2.586 0.6999999881
2606  -16.594  -71.521  -1.979 0.6999999881
2232  -16.084  -71.992  -1.186 0.6999999881
2317  -21.030  -73.378  -9.509 0.5000000000
2308  -20.865  -72.999  -8.521 0.6000000238
2309  -21.888  -72.866  -8.969 0.6000000238
2299  -22.461  -72.423  -8.120 0.6000000238
122278  -18.114  -71.575  -6.751 0.5000000000
2211  -14.788  -72.986  -1.410 0.5000000000
1852  -14.215  -73.478  -0.838 0.5000000000
1827  -14.412  -74.032  1.429 0.6999999881
125874  -14.761  -73.039  -0.620 0.6999999881
1841  -14.902  -73.375  1.004 0.6999999881
2662  -17.563  -71.569  -6.395 0.6000000238
2650  -18.221  -71.295  -6.193 0.6999999881
2194  -15.589  -72.656  0.671 0.6999999881
3031  -17.704  -70.880  -4.856 0.6999999881
107941  -17.872  -70.489  -3.128 0.6999999881
2195  -16.197  -72.106  0.469 0.6999999881
3002  -17.925  -70.548  -2.230 0.6999999881
2607  -17.363  -71.012  -1.706 0.6999999881
106427  -16.862  -71.442  -1.092 0.6999999881
2577  -17.162  -71.466  1.269 0.6999999881
2990  -18.044  -70.538  -1.309 0.6999999881
2973  -18.269  -70.395  0.453 0.6999999881
2972  -17.502  -71.041  0.441 0.6999999881
123360  -18.521  -70.441  1.588 0.6999999881
109914  -22.448  -72.780  -10.595 0.5000000000
2320  -23.598  -72.234  -9.920 0.6000000238
2694  -24.224  -72.041  -9.289 0.6000000238
2300  -23.427  -72.300  -8.582 0.6000000238
2684  -24.259  -71.896  -8.156 0.6000000238
111026  -21.026  -72.040  -7.232 0.6000000238
111278  -23.291  -72.154  -7.861 0.6000000238
2681  -20.096  -71.780  -7.208 0.6000000238
1507  -14.918  -74.495  1.666 0.6999999881
2663  -18.727  -71.457  -6.698 0.6999999881
1828  -15.356  -73.840  1.893 0.6999999881
1270  -15.309  -75.023  1.829 0.6999999881
1263  -15.995  -75.149  2.100 0.6999999881
2664  -19.578  -71.320  -6.478 0.6999999881
1815  -15.594  -74.518  2.224 0.6999999881
1284  -16.389  -75.773  1.167 0.6999999881
3047  -19.310  -70.932  -5.646 0.6999999881
113352  -19.757  -70.590  -5.071 0.6999999881
116582  -16.033  -72.445  1.142 0.6999999881
1829  -16.071  -73.330  2.378 0.6999999881
120515  -16.134  -74.510  2.656 0.6999999881
1271  -16.875  -75.212  1.820 0.6999999881
3032  -18.457  -70.531  -4.556 0.6999999881
3016  -19.703  -69.962  -3.712 0.6999999881
2560  -16.831  -71.992  2.114 0.6999999881
1498  -17.150  -74.201  3.224 0.6999999881
3364  -18.827  -70.084  -1.319 0.6999999881
2561  -17.544  -71.468  2.217 0.6999999881
2165  -16.674  -72.780  2.735 0.6999999881
3354  -19.096  -69.849  -0.712 0.6999999881
2963  -17.829  -70.912  1.337 0.6999999881
2166  -17.921  -72.470  3.640 0.6999999881
3332  -18.948  -69.863  0.922 0.6999999881
2544  -18.181  -71.605  3.220 0.6999999881
115638  -19.564  -69.548  1.241 0.6999999881
2709  -22.920  -71.905  -11.377 0.5000000000
2711  -24.352  -71.085  -10.579 0.6000000238
3099  -24.882  -70.591  -10.528 0.6000000238
121877  -24.747  -70.113  -11.057 0.5000000000
105129  -25.160  -69.676  -9.609 0.6000000238
3474  -22.728  -69.930  -10.647 0.5000000000
3098  -23.845  -70.926  -10.920 0.5000000000
3089  -25.229  -70.482  -9.757 0.6000000238
3863  -24.891  -69.060  -9.440 0.6000000238
2685  -25.042  -71.208  -7.946 0.6000000238
3459  -25.274  -70.194  -8.751 0.6000000238
2682  -21.831  -72.186  -7.445 0.6000000238
2652  -20.706  -71.448  -6.443 0.6999999881
2666  -22.737  -71.564  -6.481 0.6999999881
121496  -20.915  -71.015  -5.701 0.6999999881
2653  -21.631  -71.331  -6.008 0.6999999881
1285  -17.373  -75.548  0.682 0.6999999881
3034  -20.167  -70.237  -4.438 0.6999999881
3049  -21.616  -70.757  -5.252 0.6999999881
115489  -17.672  -75.072  1.390 0.6999999881
1291  -17.421  -75.679  -0.403 0.6999999881
3035  -21.110  -70.263  -4.498 0.6999999881
1499  -17.779  -74.064  3.004 0.6999999881
116065  -18.315  -74.661  1.413 0.6999999881
1298  -17.358  -75.629  -1.269 0.6999999881
3382  -19.906  -69.551  -2.232 0.6000000238
1495  -17.728  -73.614  3.456 0.6999999881
1510  -18.403  -74.216  2.243 0.6999999881
1520  -18.874  -74.485  0.513 0.6999999881
1548  -17.761  -75.251  -1.075 0.6999999881
109697  -17.713  -75.061  -1.883 0.6999999881
3365  -19.611  -69.610  -1.304 0.6999999881
2154  -18.366  -72.628  3.760 0.6999999881
2155  -19.037  -72.425  3.879 0.6000000238
1818  -19.648  -73.299  2.539 0.6999999881
1511  -19.032  -74.218  1.368 0.6999999881
124454  -19.973  -69.214  0.826 0.6000000238
2947  -18.860  -70.704  2.827 0.6999999881
2933  -19.688  -70.866  3.615 0.6999999881
119107  -18.947  -71.399  3.680 0.6999999881
2530  -19.392  -71.732  3.890 0.6000000238
2167  -19.776  -72.575  3.431 0.6000000238
3334  -20.144  -69.271  1.545 0.6000000238
2948  -19.666  -70.135  2.714 0.6000000238
2532  -20.854  -71.082  3.687 0.5000000000
120868  -20.462  -71.598  3.666 0.5000000000
2157  -21.232  -71.616  3.234 0.5000000000
3320  -20.940  -69.468  3.029 0.6000000238
3304  -21.664  -69.461  3.437 0.5000000000
2935  -21.695  -70.044  3.684 0.5000000000
105215  -25.184  -68.660  -11.048 0.6000000238
106767  -24.693  -68.445  -11.370 0.6000000238
4818  -25.515  -67.172  -10.268 0.5000000000
116743  -25.585  -66.301  -9.722 0.6999999881
3475  -23.978  -69.798  -11.194 0.5000000000
4340  -24.440  -67.415  -11.580 0.6000000238
4347  -25.444  -66.987  -11.882 0.6000000238
123960  -22.627  -67.597  -10.622 0.6000000238
3466  -22.959  -69.031  -10.732 0.6000000238
4817  -24.514  -66.830  -9.199 0.4000000060
111259  -23.523  -68.130  -11.086 0.6000000238
3862  -24.212  -68.364  -8.689 0.5000000000
3448  -25.271  -69.912  -7.753 0.6000000238
2668  -24.962  -70.956  -6.964 0.6000000238
2654  -22.385  -71.171  -5.715 0.6999999881
2667  -24.013  -71.365  -6.667 0.6000000238
3036  -22.170  -70.399  -4.507 0.6999999881
3405  -21.158  -69.466  -3.127 0.6000000238
3406  -22.208  -69.536  -3.159 0.6000000238
111059  -20.257  -69.131  -0.762 0.6000000238
1831  -19.715  -73.778  1.404 0.6000000238
1521  -19.534  -74.060  0.521 0.6000000238
1534  -19.331  -74.161  -0.349 0.6999999881
1549  -18.289  -74.732  -1.368 0.6999999881
113003  -18.162  -74.589  -2.341 0.6999999881
107282  -20.797  -68.637  -0.208 0.6000000238
1819  -20.518  -72.760  2.560 0.6000000238
1566  -17.632  -74.735  -3.049 0.6999999881
3720  -21.584  -68.746  2.676 0.6000000238
2533  -21.668  -70.726  3.509 0.4000000060
2168  -21.811  -72.141  2.378 0.4000000060
2180  -21.365  -72.800  1.810 0.5000000000
1832  -20.558  -73.359  1.446 0.6000000238
1854  -19.876  -73.826  -0.211 0.6000000238
1869  -18.773  -74.165  -2.261 0.6000000238
3703  -22.209  -68.908  3.371 0.5000000000
3704  -22.897  -68.718  3.493 0.5000000000
3305  -22.429  -69.521  3.620 0.5000000000
113881  -22.241  -70.149  3.621 0.5000000000
2181  -22.211  -72.532  1.511 0.4000000060
2196  -21.851  -72.967  0.992 0.6000000238
120915  -26.810  -65.767  -11.077 0.6000000238
113784  -26.308  -66.328  -10.800 0.6000000238
5384  -25.121  -65.289  -9.355 0.6000000238
4824  -24.769  -66.451  -12.063 0.6000000238
5401  -26.101  -65.810  -12.670 0.5000000000
6407  -26.550  -64.145  -12.951 0.6000000238
6406  -25.401  -64.134  -12.602 0.6000000238
106388  -22.972  -67.131  -10.933 0.6999999881
115050  -24.138  -64.171  -11.781 0.6000000238
6396  -24.490  -63.425  -11.639 0.6000000238
4316  -23.663  -67.253  -8.384 0.5000000000
4808  -23.679  -66.426  -8.517 0.6000000238
4822  -22.118  -66.075  -10.489 0.6000000238
6395  -22.996  -63.702  -11.034 0.6999999881
3854  -23.948  -68.701  -7.640 0.5000000000
5892  -22.355  -64.471  -10.670 0.6999999881
109778  -25.342  -70.299  -7.034 0.6000000238
117412  -21.115  -63.765  -9.780 0.6000000238
3051  -24.024  -70.848  -5.250 0.6000000238
2656  -24.553  -70.976  -6.034 0.6000000238
112006  -24.624  -70.487  -4.649 0.6000000238
3037  -23.393  -70.537  -4.523 0.6000000238
3384  -21.706  -69.066  -2.377 0.6000000238
3776  -21.729  -68.613  -1.540 0.6000000238
109113  -22.833  -67.210  1.303 0.6000000238
3749  -21.345  -68.183  0.436 0.6000000238
4660  -24.516  -66.731  2.281 0.6000000238
3721  -22.464  -68.191  2.761 0.6000000238
1855  -20.440  -73.520  -0.460 0.6000000238
1870  -19.852  -73.663  -1.181 0.6000000238
109827  -19.487  -73.682  -2.251 0.6000000238
3722  -23.291  -67.927  3.130 0.5000000000
3307  -24.034  -68.930  3.448 0.5000000000
2937  -23.704  -69.697  3.205 0.5000000000
1888  -19.987  -73.480  -3.370 0.6000000238
2197  -22.518  -72.757  0.462 0.4000000060
120631  -21.711  -72.942  -0.871 0.6000000238
111657  -20.672  -73.220  -1.462 0.6000000238
5888  -27.306  -64.241  -10.496 0.6000000238
6904  -27.504  -62.566  -10.771 0.5000000000
6385  -26.943  -63.499  -10.010 0.6000000238
110702  -26.085  -62.248  -9.373 0.5000000000
5386  -27.253  -65.040  -11.462 0.6000000238
7417  -27.759  -61.738  -11.305 0.6000000238
5887  -26.029  -64.434  -9.561 0.5000000000
6373  -25.976  -62.908  -9.451 0.5000000000
6384  -24.867  -63.658  -9.085 0.5000000000
6397  -26.223  -63.245  -12.331 0.5000000000
6398  -27.180  -63.495  -12.211 0.6000000238
115479  -25.005  -62.713  -11.556 0.5000000000
5881  -23.811  -65.057  -8.764 0.6000000238
120250  -22.103  -62.854  -10.420 0.6999999881
6907  -23.550  -62.784  -10.941 0.6000000238
119285  -22.540  -62.018  -10.333 0.6000000238
3841  -24.442  -68.997  -6.735 0.5000000000
6382  -20.525  -63.492  -9.348 0.5000000000
6383  -21.180  -63.017  -9.853 0.6999999881
3053  -25.439  -70.109  -5.630 0.5000000000
3020  -24.030  -70.251  -3.877 0.5000000000
3407  -23.379  -69.720  -3.211 0.6000000238
3761  -23.557  -67.895  -0.499 0.6000000238
3777  -22.684  -68.295  -1.230 0.5000000000
120308  -23.833  -67.185  0.601 0.6000000238
4198  -22.700  -67.460  0.328 0.6000000238
4157  -24.774  -67.522  3.251 0.5000000000
2199  -24.306  -72.257  0.424 0.5000000000
2214  -23.093  -72.666  -0.482 0.5000000000
106595  -22.080  -72.774  -1.634 0.6000000238
118134  -21.061  -73.036  -2.590 0.6000000238
7411  -28.046  -61.256  -10.834 0.6000000238
7402  -27.063  -61.609  -9.669 0.6000000238
106589  -27.565  -61.190  -11.430 0.6000000238
6897  -24.451  -62.818  -8.583 0.5000000000
7416  -26.708  -61.565  -11.747 0.6000000238
7409  -25.083  -61.024  -11.316 0.6999999881
5880  -23.444  -64.154  -8.547 0.6000000238
106118  -23.427  -61.369  -10.324 0.6000000238
7415  -24.676  -61.966  -11.154 0.6000000238
120611  -22.928  -64.971  -8.032 0.6000000238
7406  -20.809  -61.759  -9.368 0.6000000238
7407  -21.353  -61.633  -9.698 0.6000000238
4307  -23.404  -67.821  -7.603 0.5000000000
3038  -25.504  -70.079  -4.894 0.5000000000
6369  -19.681  -63.233  -8.214 0.5000000000
6895  -20.693  -62.467  -9.375 0.6000000238
3386  -24.035  -69.424  -2.572 0.5000000000
3762  -24.855  -68.468  -1.063 0.6000000238
3778  -23.821  -68.500  -1.335 0.5000000000
4199  -25.162  -67.289  0.526 0.5000000000
4186  -24.568  -66.805  1.372 0.5000000000
121626  -24.252  -72.684  -1.147 0.6000000238
1858  -23.602  -72.675  -1.367 0.6000000238
7905  -27.810  -60.172  -10.450 0.6000000238
7888  -27.580  -60.907  -9.679 0.5000000000
7887  -25.887  -61.119  -8.675 0.5000000000
8436  -27.250  -59.938  -10.779 0.6999999881
7389  -24.682  -61.342  -7.965 0.5000000000
7896  -25.193  -60.193  -10.814 0.6999999881
7903  -26.863  -60.427  -11.274 0.6000000238
7388  -23.685  -61.587  -7.573 0.5000000000
7895  -23.810  -60.596  -10.100 0.6000000238
6888  -23.485  -62.326  -7.889 0.5000000000
5871  -22.590  -64.233  -7.691 0.6000000238
7886  -21.984  -60.377  -8.982 0.6999999881
5360  -22.735  -65.710  -7.458 0.6000000238
7399  -20.886  -61.353  -9.230 0.6000000238
4296  -22.951  -67.302  -6.765 0.6000000238
6893  -19.316  -61.850  -8.224 0.6999999881
104891  -20.214  -61.990  -8.802 0.6999999881
3828  -25.330  -69.306  -5.869 0.5000000000
4297  -23.517  -68.189  -6.733 0.5000000000
6894  -19.611  -62.465  -8.317 0.6000000238
3829  -25.807  -69.314  -4.938 0.5000000000
117020  -18.786  -62.522  -7.273 0.5000000000
3410  -25.998  -69.298  -3.709 0.6000000238
3409  -25.600  -69.684  -3.492 0.5000000000
6338  -18.717  -63.342  -6.093 0.6000000238
3387  -25.218  -69.500  -2.750 0.5000000000
4213  -24.917  -67.879  -0.239 0.6000000238
4201  -26.688  -66.781  0.358 0.5000000000
8430  -27.741  -59.578  -9.960 0.6999999881
8424  -27.656  -59.555  -9.339 0.5000000000
7877  -26.403  -60.446  -8.498 0.5000000000
9595  -25.577  -57.744  -9.388 0.8000000119
9000  -26.848  -58.520  -9.928 0.6999999881
7876  -25.069  -60.656  -7.745 0.5000000000
7875  -24.007  -60.853  -7.273 0.5000000000
8423  -23.151  -59.202  -8.761 0.6999999881
110117  -24.805  -59.348  -10.071 0.6999999881
8428  -25.995  -59.558  -10.680 0.8000000119
8427  -23.934  -59.727  -9.631 0.6999999881
7869  -23.499  -60.361  -6.546 0.5000000000
8421  -21.513  -59.810  -8.393 0.6999999881
8422  -22.955  -60.113  -9.177 0.6999999881
6887  -22.667  -62.718  -7.542 0.6000000238
7387  -22.739  -61.902  -7.239 0.5000000000
7882  -18.610  -60.898  -8.138 0.6000000238
7884  -20.346  -60.894  -8.541 0.6000000238
5353  -22.410  -65.681  -6.548 0.6000000238
7395  -17.854  -61.348  -8.214 0.6999999881
7397  -19.791  -61.447  -8.467 0.6999999881
3827  -24.207  -68.483  -5.775 0.6000000238
4280  -23.205  -67.576  -5.887 0.6000000238
6885  -17.846  -62.106  -7.538 0.6000000238
3816  -25.667  -68.650  -4.554 0.6000000238
113317  -25.699  -69.064  -2.428 0.6000000238
6327  -18.435  -63.496  -5.211 0.6000000238
3780  -26.308  -68.193  -1.372 0.6000000238
4214  -25.986  -67.795  -0.252 0.5000000000
9589  -26.559  -57.279  -8.954 0.6000000238
9590  -27.106  -57.799  -8.815 0.5000000000
8414  -27.544  -58.923  -8.771 0.5000000000
8399  -24.931  -59.627  -6.608 0.5000000000
8993  -24.718  -57.986  -9.085 0.8000000119
8398  -24.080  -59.662  -6.119 0.5000000000
8992  -22.443  -58.576  -8.080 0.6999999881
6363  -22.216  -63.327  -7.147 0.6000000238
8335  -19.620  -59.185  -0.802 0.6000000238
8409  -20.310  -59.302  -7.674 0.8000000119
8349  -18.985  -59.657  -1.456 0.6000000238
7873  -17.998  -60.515  -8.021 0.6999999881
8408  -19.467  -59.469  -7.540 0.8000000119
105277  -22.432  -64.929  -7.122 0.6000000238
7839  -18.405  -61.004  -2.245 0.6000000238
7385  -16.572  -61.642  -7.648 0.6000000238
4281  -23.755  -67.762  -5.189 0.6000000238
4247  -24.286  -67.174  -3.710 0.6000000238
7357  -17.056  -62.014  -3.495 0.6000000238
123526  -17.029  -62.616  -4.746 0.6000000238
115977  -16.721  -62.075  -6.048 0.6000000238
4249  -25.943  -68.052  -3.328 0.6000000238
119459  -25.210  -67.441  -3.411 0.6000000238
6870  -17.954  -62.878  -5.794 0.5000000000
125083  -26.458  -67.896  -1.411 0.5000000000
4706  -26.707  -66.667  -0.362 0.5000000000
4716  -26.376  -66.592  -1.182 0.5000000000
10174  -26.900  -56.896  -8.192 0.5000000000
115659  -27.383  -57.756  -8.071 0.5000000000
9587  -24.885  -57.224  -8.735 0.6000000238
10173  -26.085  -56.511  -8.480 0.5000000000
113058  -23.297  -58.384  -8.399 0.8000000119
10171  -24.319  -56.762  -8.045 0.6999999881
8984  -22.145  -57.775  -7.430 0.8000000119
8410  -21.119  -59.164  -7.869 0.8000000119
7381  -22.167  -61.483  -6.453 0.6000000238
7863  -23.114  -59.956  -5.834 0.5000000000
8903  -19.225  -58.453  -0.429 0.6000000238
8981  -19.833  -58.704  -7.237 0.8000000119
7376  -21.807  -61.115  -5.703 0.5000000000
8348  -17.934  -59.411  -1.693 0.6999999881
8915  -18.631  -58.912  -1.134 0.6000000238
8406  -17.427  -59.941  -7.642 0.8000000119
5341  -22.305  -65.530  -5.603 0.6000000238
109864  -21.912  -64.129  -6.006 0.6000000238
6880  -21.645  -61.921  -5.788 0.6000000238
8359  -17.267  -59.893  -2.267 0.6000000238
4742  -23.381  -66.742  -4.015 0.6000000238
115100  -22.534  -66.114  -5.094 0.6000000238
5846  -22.028  -64.560  -5.206 0.6000000238
7344  -17.653  -61.562  -2.770 0.6000000238
7374  -16.303  -61.601  -5.941 0.6000000238
7871  -16.323  -61.015  -7.389 0.5000000000
4743  -23.711  -66.516  -3.336 0.6000000238
6868  -16.585  -62.193  -5.218 0.6000000238
4731  -26.035  -66.926  -2.035 0.6000000238
4730  -24.898  -66.342  -2.223 0.6000000238
4715  -25.379  -65.803  -1.515 0.5000000000
5285  -25.825  -65.237  -0.992 0.5000000000
5272  -27.038  -65.543  -0.123 0.5000000000
5779  -26.909  -64.825  -0.520 0.5000000000
10160  -24.716  -56.130  -7.646 0.6000000238
118925  -22.833  -57.314  -7.370 0.6999999881
9470  -17.807  -57.187  1.498 0.6000000238
112910  -18.762  -57.490  0.928 0.6000000238
120333  -21.369  -57.946  -7.241 0.8000000119
7862  -22.408  -60.184  -5.325 0.5000000000
9498  -17.594  -57.948  -0.270 0.6000000238
9577  -20.103  -58.114  -6.844 0.8000000119
7856  -21.997  -60.245  -4.484 0.5000000000
8902  -18.110  -58.371  -0.670 0.6999999881
8971  -17.893  -59.049  -7.071 0.8000000119
6329  -21.692  -63.031  -5.008 0.6000000238
7375  -21.575  -61.469  -5.047 0.6000000238
8358  -16.417  -59.626  -2.540 0.8000000119
126500  -16.176  -60.442  -7.085 0.6999999881
5326  -22.365  -65.390  -4.673 0.6000000238
6330  -21.993  -63.656  -4.503 0.6000000238
8366  -15.828  -59.999  -3.260 0.6999999881
7845  -15.980  -60.861  -3.608 0.6999999881
7379  -15.981  -61.057  -6.088 0.6000000238
5310  -22.611  -65.348  -3.790 0.6000000238
6316  -22.527  -63.849  -3.637 0.6000000238
7356  -16.276  -61.626  -3.957 0.6000000238
5819  -22.641  -64.677  -3.442 0.5000000000
5298  -24.335  -65.301  -1.886 0.5000000000
10159  -23.965  -56.473  -7.357 0.6000000238
10744  -24.846  -55.720  -6.549 0.5000000000
10028  -17.417  -56.269  4.080 0.6000000238
10158  -23.192  -56.820  -7.070 0.6999999881
9454  -18.326  -56.893  2.477 0.6000000238
9579  -22.412  -57.219  -6.907 0.6999999881
10147  -21.898  -57.252  -6.222 0.6000000238
9486  -17.522  -57.599  0.510 0.6000000238
124118  -17.027  -57.388  1.047 0.6000000238
9569  -21.071  -57.546  -6.332 0.6000000238
9567  -19.622  -57.908  -6.346 0.6999999881
8901  -17.071  -58.224  -0.885 0.8000000119
122448  -18.313  -58.369  -6.584 0.6999999881
108075  -18.808  -57.793  -6.036 0.6000000238
8913  -16.470  -58.552  -1.652 0.8000000119
8970  -16.468  -58.753  -6.478 0.8000000119
9565  -16.873  -57.994  -6.121 0.6999999881
8365  -15.101  -59.491  -3.571 0.6999999881
7844  -15.326  -60.264  -4.238 0.6999999881
8385  -15.141  -59.689  -5.474 0.6000000238
8969  -15.633  -58.948  -6.164 0.8000000119
10016  -17.083  -55.969  4.872 0.6000000238
9453  -17.247  -56.766  2.350 0.6000000238
9485  -16.240  -57.464  0.681 0.6999999881
9537  -18.586  -57.385  -4.381 0.6000000238
9497  -16.658  -57.786  -0.233 0.6999999881
9512  -15.121  -57.814  -1.206 0.6999999881
9552  -18.191  -57.508  -5.342 0.6999999881
9550  -16.369  -57.502  -5.637 0.6000000238
8912  -15.629  -58.243  -1.642 0.8000000119
112348  -13.989  -58.509  -3.011 0.6000000238
8935  -14.351  -58.912  -3.764 0.5000000000
8961  -14.997  -58.328  -5.840 0.6999999881
9549  -15.365  -57.614  -5.631 0.6999999881
9535  -16.910  -56.981  -4.977 0.6000000238
8925  -15.641  -58.674  -2.241 0.8000000119
8946  -14.058  -58.628  -4.691 0.6000000238
8384  -14.611  -59.239  -5.193 0.6000000238
10615  -16.505  -55.376  5.089 0.6000000238
10027  -16.336  -55.743  4.015 0.6000000238
10062  -16.074  -56.701  2.267 0.6999999881
10044  -16.746  -56.344  3.167 0.6000000238
9468  -15.515  -57.096  1.479 0.6999999881
9484  -14.988  -57.324  0.719 0.6999999881
9496  -15.448  -57.613  -0.238 0.6999999881
9511  -14.089  -57.750  -1.406 0.6000000238
9536  -17.797  -57.103  -4.753 0.6000000238
119207  -14.728  -58.260  -2.094 0.6000000238
108125  -13.513  -58.352  -3.883 0.6000000238
10127  -18.278  -56.952  -3.986 0.5000000000
10124  -15.643  -56.407  -4.534 0.6000000238
114314  -17.102  -56.142  -4.210 0.5000000000
10724  -18.086  -55.309  -4.011 0.5000000000
10123  -14.676  -56.446  -4.529 0.6000000238
10723  -16.290  -55.734  -4.156 0.5000000000
11220  -15.685  -53.926  5.644 0.6000000238
10614  -16.042  -54.636  5.301 0.6000000238
10043  -15.509  -56.191  2.977 0.6999999881
10622  -14.645  -54.939  3.628 0.6999999881
106745  -13.916  -56.493  2.132 0.6999999881
10061  -14.369  -56.921  1.478 0.6999999881
9483  -13.941  -57.055  0.745 0.6000000238
9495  -14.437  -57.514  -0.616 0.5000000000
9510  -12.900  -57.347  -1.519 0.6999999881
10098  -12.220  -56.461  -1.211 0.6000000238
8924  -13.515  -57.988  -2.314 0.6000000238
9524  -11.595  -57.260  -3.552 0.6000000238
10109  -10.689  -56.251  -3.525 0.6000000238
9532  -13.344  -57.486  -4.806 0.6000000238
10721  -14.221  -55.824  -4.036 0.5000000000
10706  -14.655  -54.979  -3.648 0.5000000000
11335  -15.819  -54.134  -3.732 0.5000000000
13626  -15.142  -49.751  3.885 0.6999999881
12924  -15.265  -50.558  4.002 0.6999999881
14282  -15.342  -49.244  3.855 0.6999999881
11807  -15.389  -53.249  4.852 0.6000000238
108688  -15.037  -51.508  4.516 0.6999999881
13627  -15.748  -50.135  3.850 0.6999999881
13606  -16.496  -50.258  4.130 0.6999999881
13607  -17.024  -50.683  4.368 0.6000000238
11219  -15.587  -54.014  4.815 0.6999999881
106910  -15.156  -52.515  4.239 0.6999999881
12376  -15.263  -52.136  3.623 0.6999999881
12926  -16.644  -51.235  3.420 0.6999999881
11234  -13.767  -54.792  3.139 0.6999999881
11831  -14.585  -53.448  3.613 0.6999999881
12377  -15.676  -51.959  3.083 0.6999999881
118927  -13.222  -56.354  1.455 0.6999999881
10072  -13.275  -56.664  0.591 0.6000000238
10085  -12.957  -56.839  -0.598 0.6000000238
10686  -11.312  -55.452  -1.859 0.6000000238
121840  -13.133  -54.747  -1.558 0.6000000238
9518  -11.168  -56.807  -2.716 0.6000000238
10096  -10.489  -55.963  -2.654 0.6000000238
11323  -12.974  -54.705  -2.304 0.6000000238
110295  -12.571  -55.361  -3.487 0.5000000000
11324  -13.740  -54.366  -2.546 0.6000000238
12442  -14.752  -53.100  -2.335 0.6000000238
10720  -13.118  -55.951  -4.081 0.5000000000
11333  -14.159  -54.267  -3.042 0.5000000000
11917  -14.786  -53.462  -2.869 0.5000000000
14283  -15.964  -49.818  3.948 0.6999999881
14273  -16.193  -49.657  4.388 0.6000000238
114397  -16.705  -50.167  4.813 0.6000000238
12905  -17.525  -51.295  4.744 0.6000000238
12906  -17.819  -51.930  4.327 0.4000000060
12944  -16.410  -51.927  2.800 0.6000000238
113402  -17.255  -51.313  3.807 0.5000000000
11808  -18.785  -53.474  4.431 0.4000000060
11809  -19.753  -54.228  4.655 0.5000000000
10638  -13.931  -55.467  3.018 0.6999999881
11830  -13.760  -54.113  3.134 0.8000000119
12395  -14.976  -52.733  2.888 0.6999999881
12397  -17.101  -52.488  2.420 0.5000000000
12398  -17.793  -52.780  2.726 0.4000000060
12399  -18.639  -53.901  2.711 0.4000000060
116365  -19.149  -54.136  3.655 0.4000000060
11250  -20.494  -54.631  2.721 0.4000000060
10637  -13.330  -55.254  2.637 0.8000000119
11869  -13.580  -54.172  2.480 0.8000000119
11851  -14.148  -53.481  2.804 0.8000000119
119723  -15.420  -53.363  1.872 0.8000000119
12411  -16.205  -53.250  1.812 0.6000000238
12413  -17.705  -53.282  2.095 0.5000000000
111030  -18.553  -54.104  1.843 0.4000000060
11853  -19.288  -54.458  2.124 0.4000000060
10041  -13.430  -55.899  2.405 0.6999999881
10060  -12.730  -55.748  1.134 0.8000000119
11282  -13.139  -54.962  0.656 0.6999999881
11298  -13.010  -55.030  -0.417 0.5000000000
11873  -17.844  -54.082  1.351 0.5000000000
11874  -19.523  -54.424  1.380 0.4000000060
11875  -20.278  -54.096  1.259 0.4000000060
10662  -12.640  -55.665  0.443 0.6000000238
11310  -12.251  -55.253  -1.213 0.5000000000
11299  -14.271  -54.804  -0.921 0.5000000000
108484  -14.000  -54.315  -1.774 0.6000000238
11904  -13.794  -54.231  -2.124 0.6000000238
12433  -14.851  -52.923  -2.047 0.6000000238
14272  -15.644  -49.150  4.066 0.6000000238
14986  -15.367  -48.609  4.266 0.5000000000
14262  -16.343  -49.646  5.255 0.5000000000
13586  -16.799  -50.279  5.809 0.4000000060
13587  -17.239  -50.754  5.283 0.5000000000
12888  -17.844  -51.569  5.877 0.5000000000
12345  -18.369  -52.646  4.893 0.5000000000
12346  -19.197  -53.387  5.493 0.5000000000
115783  -20.519  -54.277  5.066 0.5000000000
11798  -20.798  -53.958  5.695 0.5000000000
11221  -20.090  -54.653  3.610 0.5000000000
111589  -21.665  -53.463  4.404 0.5000000000
117511  -14.852  -53.739  1.652 0.6999999881
11871  -15.762  -54.058  1.247 0.6000000238
11889  -16.584  -54.575  0.551 0.5000000000
11872  -16.839  -53.990  1.263 0.5000000000
113230  -21.400  -53.911  2.913 0.5000000000
12379  -21.736  -53.221  3.666 0.5000000000
10650  -12.889  -55.366  1.927 0.8000000119
11266  -13.804  -54.570  0.983 0.6999999881
11283  -14.629  -54.755  0.177 0.6000000238
11890  -17.529  -54.540  0.612 0.5000000000
11287  -18.931  -54.524  0.003 0.4000000060
114020  -19.665  -54.205  0.426 0.5000000000
11855  -20.903  -54.159  2.105 0.4000000060
115770  -21.316  -53.367  2.200 0.5000000000
108027  -15.425  -54.841  -0.555 0.5000000000
11300  -16.045  -54.677  -1.077 0.5000000000
11285  -17.273  -54.811  -0.200 0.6000000238
11303  -18.582  -54.431  -0.696 0.5000000000
11897  -19.255  -54.129  -0.464 0.5000000000
119414  -20.007  -52.699  0.137 0.5000000000
114038  -15.260  -54.617  -1.143 0.5000000000
11313  -16.395  -54.170  -1.342 0.5000000000
126521  -18.145  -54.257  -1.122 0.5000000000
11896  -18.651  -53.817  -1.080 0.5000000000
11907  -15.608  -53.054  -1.588 0.6000000238
12436  -17.024  -52.666  -1.313 0.6000000238
14981  -15.353  -48.644  5.264 0.5000000000
14969  -14.989  -48.950  6.647 0.5000000000
14261  -15.780  -49.263  5.837 0.5000000000
14249  -16.241  -49.907  6.384 0.4000000060
13570  -17.310  -50.970  6.444 0.4000000060
14980  -14.627  -48.293  5.787 0.5000000000
14248  -15.603  -49.608  7.098 0.4000000060
120484  -18.501  -52.437  5.784 0.6000000238
108288  -19.175  -52.866  6.482 0.5000000000
108977  -19.746  -53.424  6.253 0.5000000000
11791  -21.121  -53.463  6.324 0.4000000060
12360  -21.746  -53.202  5.155 0.4000000060
12890  -22.161  -52.365  5.551 0.4000000060
14953  -15.014  -49.393  7.897 0.4000000060
14233  -16.177  -50.117  7.683 0.4000000060
13553  -17.375  -51.102  7.752 0.5000000000
12873  -18.521  -52.178  6.759 0.5000000000
12864  -18.702  -51.992  7.919 0.5000000000
13552  -16.864  -50.547  8.343 0.4000000060
13545  -17.726  -50.853  8.874 0.4000000060
12854  -18.600  -51.357  8.700 0.5000000000
12322  -19.569  -52.440  8.040 0.4000000060
12323  -20.361  -52.549  7.907 0.4000000060
12338  -21.501  -52.755  6.805 0.4000000060
12874  -21.909  -52.148  7.099 0.4000000060
14936  -14.115  -48.519  8.947 0.4000000060
14232  -15.620  -49.661  8.390 0.4000000060
14220  -16.329  -49.990  8.895 0.4000000060
15595  -15.196  -47.989  9.710 0.4000000060
14925  -15.510  -48.699  9.666 0.4000000060
13535  -17.070  -50.179  9.315 0.4000000060
13536  -17.762  -50.124  9.499 0.4000000060
13546  -18.490  -50.577  9.118 0.5000000000
13547  -19.403  -51.058  8.758 0.5000000000
12318  -20.687  -52.004  8.313 0.4000000060
12324  -21.260  -52.258  7.659 0.4000000060
14222  -18.304  -49.884  9.329 0.4000000060
14234  -19.864  -49.667  8.209 0.4000000060
13554  -21.042  -50.622  8.320 0.4000000060
12857  -21.272  -51.432  8.187 0.4000000060
12865  -22.120  -51.504  7.571 0.4000000060
15594  -14.417  -47.728  9.620 0.4000000060
16244  -14.979  -47.181  9.419 0.3000000119
15597  -16.818  -48.472  9.607 0.3000000119
14927  -17.156  -49.060  9.727 0.4000000060
124061  -15.494  -45.618  7.674 0.4000000060
16265  -15.983  -46.915  8.758 0.3000000119
15621  -16.457  -47.720  9.311 0.3000000119
15622  -17.288  -47.924  8.990 0.4000000060
15633  -18.467  -47.704  7.558 0.5000000000
14940  -19.318  -49.091  8.163 0.4000000060
14956  -20.040  -48.995  7.662 0.4000000060
14235  -20.739  -49.687  8.022 0.4000000060
14237  -23.377  -49.746  7.456 0.3000000119
16284  -17.777  -46.435  6.529 0.5000000000
123009  -18.848  -47.389  6.824 0.5000000000
110031  -19.496  -48.376  7.464 0.4000000060
14957  -20.805  -48.817  7.436 0.4000000060
14958  -21.654  -49.332  7.728 0.3000000119
16276  -15.218  -46.301  8.597 0.4000000060
17694  -15.139  -44.430  6.347 0.4000000060
16952  -16.250  -45.825  7.161 0.4000000060
16277  -16.599  -46.457  7.724 0.5000000000
16278  -17.383  -46.750  7.381 0.5000000000
16956  -15.814  -45.107  6.627 0.4000000060
16283  -17.018  -46.105  6.838 0.5000000000
16958  -17.396  -45.772  6.031 0.5000000000
15642  -18.554  -46.742  6.320 0.4000000060
15655  -19.453  -47.045  6.250 0.4000000060
14971  -20.882  -48.147  6.897 0.3000000119
16965  -16.927  -45.107  5.441 0.3000000119
107726  -17.776  -45.405  5.288 0.3000000119
16294  -18.973  -46.331  5.699 0.3000000119
117776  -15.026  -44.899  7.312 0.4000000060
17704  -15.109  -44.071  5.429 0.3000000119
108701  -15.747  -44.317  4.799 0.4000000060
15656  -20.369  -46.954  6.074 0.3000000119
107893  -14.466  -43.533  5.024 0.3000000119
18514  -14.465  -43.191  3.225 0.3000000119
4825  -25.812  -67.000  -11.388 0.6000000238
5402  -26.509  -65.962  -11.827 0.5000000000
10138  -14.977  -57.037  -5.113 0.6000000238
8959  -13.816  -58.118  -4.986 0.6000000238
2278  -15.031  -72.865  -5.330 0.5000000000
2641  -16.408  -71.486  -4.607 0.6000000238
2680  -19.195  -71.747  -7.246 0.5000000000
2618  -16.574  -71.436  -2.944 0.6999999881
114515  -15.325  -72.577  -0.898 0.6999999881
2213  -16.459  -71.749  -0.325 0.6999999881
3003  -18.576  -70.190  -2.658 0.6999999881
2576  -16.810  -71.566  0.442 0.6999999881
2981  -17.793  -70.708  -0.384 0.6999999881
117865  -24.440  -71.442  -7.418 0.5000000000
1816  -16.622  -73.572  3.073 0.6999999881
3404  -20.230  -69.602  -3.049 0.6999999881
3403  -19.368  -69.872  -2.908 0.6999999881
1806  -17.225  -73.012  3.414 0.6999999881
3355  -19.598  -69.504  -0.375 0.6999999881
4329  -25.300  -67.920  -10.800 0.6000000238
1817  -18.558  -73.598  3.043 0.6999999881
3367  -21.091  -68.948  -1.818 0.6000000238
3345  -20.581  -68.754  0.874 0.6000000238
3319  -20.357  -70.120  3.293 0.5000000000
5393  -24.027  -65.561  -11.917 0.6999999881
1842  -20.196  -73.712  0.485 0.6000000238
1550  -19.065  -74.183  -1.286 0.6000000238
3737  -21.868  -68.037  2.029 0.5000000000
3706  -24.412  -68.227  3.408 0.5000000000
5904  -25.851  -64.983  -13.063 0.6000000238
5392  -22.808  -65.356  -11.088 0.6999999881
4798  -23.104  -66.439  -7.835 0.6000000238
3794  -22.428  -68.765  -1.942 0.5000000000
3750  -21.980  -67.797  0.158 0.5000000000
4169  -22.995  -67.401  2.289 0.6000000238
4197  -21.962  -67.665  1.099 0.5000000000
4170  -23.781  -67.236  2.655 0.5000000000
1871  -20.280  -73.310  -2.396 0.6000000238
116383  -22.816  -72.681  -1.515 0.6000000238
2216  -24.658  -72.531  -0.485 0.5000000000
7894  -22.601  -60.885  -9.584 0.6000000238
7868  -22.516  -60.639  -6.091 0.5000000000
7828  -19.157  -60.517  -1.685 0.6000000238
6843  -17.510  -62.693  -3.972 0.6000000238
4237  -26.183  -67.769  -2.456 0.6000000238
7838  -17.465  -60.710  -2.516 0.6000000238
8980  -19.149  -58.970  -7.185 0.8000000119
7846  -16.774  -61.243  -3.146 0.6000000238
5834  -22.307  -64.593  -4.164 0.6000000238
7368  -16.128  -61.722  -4.870 0.6000000238
4729  -23.739  -65.890  -2.642 0.6000000238
116747  -17.409  -58.518  -6.570 0.8000000119
7369  -21.655  -61.824  -4.330 0.6000000238
8395  -15.558  -59.749  -6.020 0.6000000238
7853  -15.422  -60.641  -4.962 0.6999999881
8374  -14.667  -59.449  -4.493 0.6000000238
8923  -13.104  -58.157  -3.182 0.6000000238
9548  -14.322  -57.770  -5.377 0.6999999881
8934  -12.620  -57.842  -3.724 0.6000000238
10722  -15.223  -55.739  -4.094 0.5000000000
10084  -12.543  -56.097  -0.244 0.5000000000
10122  -12.579  -56.749  -4.383 0.6000000238
11334  -15.029  -54.067  -3.443 0.5000000000
12904  -14.484  -50.811  4.986 0.6999999881
12925  -15.997  -51.089  3.446 0.6999999881
122500  -14.774  -52.909  3.363 0.8000000119
114808  -16.503  -52.620  2.248 0.6000000238
14982  -15.850  -49.108  4.744 0.6000000238
119630  -17.733  -52.176  3.519 0.5000000000
12945  -17.162  -51.864  3.029 0.5000000000
12414  -20.878  -53.148  1.369 0.5000000000
11834  -21.389  -54.058  3.891 0.5000000000
11887  -14.766  -54.329  1.061 0.6000000238
11888  -15.621  -54.667  0.386 0.6000000238
12437  -18.000  -53.099  -1.254 0.5000000000
14968  -14.127  -48.460  6.898 0.5000000000
12336  -19.856  -53.037  7.149 0.5000000000
12863  -18.033  -51.460  8.186 0.6000000238
14924  -14.013  -48.067  9.500 0.4000000060
14214  -15.896  -49.369  9.368 0.4000000060
15620  -15.708  -47.631  9.508 0.3000000119
14926  -16.459  -49.012  9.757 0.4000000060
14223  -19.090  -50.022  8.731 0.5000000000
12856  -20.361  -51.355  8.562 0.4000000060
14939  -18.425  -49.133  8.923 0.4000000060
13555  -21.879  -50.721  7.983 0.4000000060
13556  -22.601  -50.782  7.659 0.4000000060
112657  -15.928  -46.191  7.969 0.3000000119
15631  -16.912  -47.180  8.347 0.5000000000
15632  -17.728  -47.448  7.941 0.4000000060
126267  -19.051  -47.889  7.299 0.5000000000
14955  -18.837  -48.376  7.967 0.4000000060
112431  -22.466  -49.988  7.773 0.4000000060
15634  -19.525  -47.754  6.873 0.4000000060
14970  -20.134  -48.280  7.089 0.4000000060
16957  -16.624  -45.484  6.322 0.5000000000
16964  -16.297  -44.974  5.891 0.5000000000
17706  -16.277  -44.701  5.276 0.4000000060
17717  -15.087  -43.865  4.554 0.3000000119
18515  -15.167  -43.804  3.667 0.3000000119
107778  -15.872  -44.261  3.886 0.3000000119
930  -17.627  -77.084  -7.924 0.5000000000
931  -18.377  -77.115  -7.530 0.5000000000
690  -18.499  -77.511  -6.644 0.5000000000
115513  -18.572  -77.199  -6.767 0.5000000000
683  -18.830  -78.061  -4.476 0.5000000000
918  -18.371  -77.066  -4.828 0.5000000000
677  -18.882  -77.782  -3.431 0.6000000238
1145  -17.197  -76.715  -7.853 0.5000000000
1146  -18.208  -76.917  -7.564 0.5000000000
107990  -18.397  -76.824  -6.854 0.5000000000
122148  -18.339  -76.285  -5.246 0.5000000000
906  -19.559  -77.685  -1.628 0.6000000238
1126  -18.941  -76.383  -3.495 0.6000000238
671  -18.905  -77.213  -2.893 0.6000000238
1144  -16.035  -76.584  -8.051 0.4000000060
669  -14.764  -77.798  -3.155 0.4000000060
912  -15.541  -77.601  -4.075 0.4000000060
915  -14.782  -77.542  -5.372 0.5000000000
924  -13.846  -77.123  -7.471 0.5000000000
921  -15.316  -76.912  -6.196 0.5000000000
119688  -15.895  -76.728  -5.552 0.5000000000
925  -14.900  -76.733  -7.649 0.5000000000
1140  -15.866  -76.443  -7.247 0.5000000000
901  -20.341  -77.682  -0.377 0.6000000238
1102  -21.185  -76.732  0.256 0.6000000238
1141  -16.787  -76.306  -7.222 0.5000000000
1361  -17.322  -76.011  -6.651 0.5000000000
1353  -17.518  -75.401  -6.027 0.5000000000
1121  -20.500  -76.607  -0.943 0.6000000238
1363  -17.979  -76.380  -6.587 0.5000000000
1324  -19.080  -75.491  -4.579 0.6000000238
116178  -19.284  -76.721  -2.566 0.6000000238
1115  -21.063  -76.342  -0.524 0.6000000238
1309  -20.373  -75.726  -2.741 0.6000000238
1292  -21.706  -75.752  -0.999 0.6000000238
109443  -23.186  -75.332  -1.050 0.6999999881
114784  -21.697  -75.469  -2.068 0.6000000238
1300  -23.558  -75.478  -1.934 0.6999999881
1112  -15.476  -76.647  -0.329 0.6000000238
1119  -15.778  -77.044  -1.158 0.6000000238
1113  -16.390  -76.625  -0.575 0.6000000238
118239  -15.390  -77.593  -2.514 0.5000000000
910  -16.100  -77.363  -2.750 0.5000000000
1125  -16.375  -76.967  -2.271 0.6000000238
916  -15.426  -77.369  -4.986 0.5000000000
913  -16.130  -77.220  -3.616 0.5000000000
117811  -16.383  -76.486  -4.021 0.5000000000
110046  -16.422  -76.061  -5.624 0.5000000000
1135  -16.505  -75.820  -4.836 0.5000000000
1352  -16.911  -75.752  -6.351 0.5000000000
1272  -22.702  -76.075  1.170 0.6999999881
121215  -22.397  -75.881  0.501 0.6000000238
1512  -23.926  -74.996  1.087 0.8000000119
1354  -17.955  -75.548  -5.989 0.5000000000
110992  -18.467  -75.030  -5.520 0.5000000000
1286  -21.742  -76.129  0.094 0.6999999881
1522  -23.861  -74.972  0.165 0.6999999881
1127  -19.631  -76.076  -2.949 0.6000000238
1551  -24.380  -75.446  -1.552 0.6999999881
1310  -21.301  -75.351  -2.943 0.6000000238
1311  -22.266  -75.346  -3.191 0.6000000238
1312  -23.166  -75.655  -3.469 0.6999999881
1302  -25.009  -75.838  -2.667 0.6999999881
123154  -25.748  -75.558  -1.785 0.6000000238
1098  -14.094  -75.959  0.410 0.5000000000
1100  -15.947  -76.333  0.460 0.6000000238
1290  -17.030  -76.143  -0.662 0.6000000238
1131  -16.484  -76.510  -3.111 0.6000000238
111811  -16.905  -75.449  -3.128 0.6000000238
111191  -16.867  -75.097  -4.907 0.5000000000
1323  -17.294  -74.783  -4.313 0.6000000238
1273  -23.480  -75.678  1.474 0.6999999881
1340  -17.412  -74.828  -5.388 0.5000000000
1577  -18.345  -74.252  -4.384 0.5000000000
1835  -25.671  -73.811  1.757 0.6000000238
1593  -17.988  -74.519  -5.143 0.6000000238
1596  -20.074  -74.429  -4.551 0.5000000000
1523  -24.606  -74.469  0.612 0.6000000238
1342  -20.315  -74.954  -4.361 0.5000000000
1535  -23.822  -75.225  -0.798 0.6999999881
1536  -24.537  -74.921  -0.387 0.6000000238
1327  -21.880  -75.065  -3.927 0.5000000000
1552  -25.199  -75.256  -1.072 0.6000000238
1554  -27.247  -75.272  -1.700 0.6000000238
1329  -23.376  -75.563  -4.760 0.5000000000
1330  -24.124  -75.827  -5.111 0.6000000238
115346  -25.901  -76.021  -3.077 0.5000000000
1331  -26.767  -76.026  -5.067 0.5000000000
113635  -29.060  -75.578  -3.010 0.5000000000
109866  -14.695  -75.114  1.540 0.6000000238
1283  -15.425  -75.626  1.276 0.6000000238
1506  -14.110  -74.631  1.490 0.4000000060
1887  -19.256  -73.738  -3.247 0.5000000000
1845  -25.731  -73.755  0.795 0.6000000238
1919  -19.147  -74.125  -4.833 0.5000000000
119489  -25.191  -74.131  0.666 0.5000000000
123103  -20.815  -74.470  -4.367 0.5000000000
1859  -26.422  -74.012  -0.022 0.5000000000
1860  -27.403  -73.966  -0.378 0.5000000000
1846  -27.171  -73.384  0.369 0.5000000000
1906  -22.467  -73.975  -4.503 0.5000000000
1537  -26.891  -74.717  -0.890 0.5000000000
1538  -27.652  -74.626  -1.104 0.5000000000
1580  -23.666  -75.255  -5.148 0.6000000238
1582  -25.527  -75.423  -5.370 0.6000000238
1568  -27.733  -75.525  -2.282 0.5000000000
1555  -28.313  -74.816  -1.618 0.6000000238
1343  -26.324  -75.741  -5.275 0.6000000238
1344  -27.382  -75.673  -5.112 0.5000000000
111339  -14.428  -73.385  0.113 0.4000000060
1889  -20.794  -73.389  -3.584 0.5000000000
1847  -28.067  -73.257  0.035 0.5000000000
118413  -21.931  -73.795  -4.198 0.5000000000
1891  -22.909  -73.277  -3.671 0.5000000000
1878  -29.060  -74.128  -1.137 0.5000000000
1862  -29.702  -73.518  -0.710 0.5000000000
2221  -30.243  -72.837  -0.374 0.5000000000
120788  -31.535  -72.280  -0.333 0.5000000000
2224  -34.146  -72.241  -0.670 0.5000000000
1893  -24.599  -73.548  -3.652 0.6000000238
1910  -25.899  -74.320  -4.346 0.6000000238
1556  -29.239  -74.834  -2.113 0.5000000000
1583  -26.454  -75.134  -5.150 0.6000000238
1898  -31.430  -73.688  -2.878 0.5000000000
1921  -27.837  -74.881  -5.288 0.5000000000
1931  -29.128  -74.734  -5.783 0.5000000000
2233  -24.884  -72.784  -1.341 0.5000000000
1863  -30.497  -73.474  -0.942 0.5000000000
1864  -31.243  -73.326  -1.176 0.5000000000
2222  -31.869  -72.821  -0.799 0.5000000000
2223  -32.892  -72.483  -0.944 0.5000000000
1875  -24.221  -72.903  -2.270 0.5000000000
1877  -25.914  -73.128  -2.356 0.6000000238
1880  -30.657  -73.871  -1.636 0.5000000000
2239  -33.569  -72.287  -1.195 0.5000000000
2611  -34.582  -72.190  -0.952 0.5000000000
126192  -35.757  -71.899  -1.117 0.5000000000
1911  -27.370  -74.463  -4.619 0.5000000000
1897  -30.828  -74.162  -2.541 0.5000000000
1914  -31.987  -73.179  -3.211 0.5000000000
120720  -25.293  -72.525  -0.704 0.5000000000
109655  -33.660  -71.683  -2.963 0.5000000000
113833  -33.384  -72.314  -1.726 0.5000000000
2623  -33.976  -71.815  -1.774 0.5000000000
117416  -37.249  -69.775  -2.158 0.4000000060
2624  -34.475  -71.375  -2.136 0.4000000060
3109  -22.194  -71.453  -11.457 0.4000000060
8904  -20.041  -58.787  0.034 0.5000000000
9455  -19.137  -57.192  2.781 0.5000000000
9472  -19.680  -57.701  2.317 0.5000000000
10017  -17.673  -56.518  4.711 0.5000000000
10018  -18.302  -56.790  4.035 0.5000000000
8887  -19.654  -58.117  0.397 0.5000000000
13605  -14.371  -50.000  4.448 0.5000000000
14281  -14.505  -49.295  3.856 0.5000000000
15664  -14.925  -48.075  3.774 0.5000000000
1873  -22.511  -72.829  -2.604 0.5000000000
1890  -22.179  -73.258  -3.622 0.5000000000
911  -19.288  -77.272  -2.188 0.6000000238
1136  -18.583  -75.488  -5.219 0.6000000238
1299  -20.842  -75.918  -1.614 0.6000000238
119427  -20.139  -75.454  -3.629 0.6000000238
1301  -24.060  -75.791  -3.014 0.6999999881
1120  -16.374  -76.815  -1.561 0.6000000238
1595  -19.379  -74.450  -4.827 0.5000000000
1328  -22.649  -75.303  -4.295 0.6000000238
126088  -25.249  -76.175  -4.310 0.6000000238
1513  -24.607  -74.630  1.554 0.6999999881
1904  -20.395  -73.891  -4.288 0.5000000000
1578  -22.128  -74.570  -4.412 0.5000000000
1581  -24.620  -75.540  -5.342 0.6000000238
114349  -25.412  -75.764  -5.292 0.6000000238
110442  -26.951  -76.150  -4.342 0.5000000000
1557  -30.135  -74.531  -2.227 0.5000000000
1539  -28.241  -74.048  -0.724 0.5000000000
1861  -28.869  -73.416  -0.445 0.5000000000
1908  -24.011  -74.523  -5.003 0.5000000000
1597  -27.212  -75.424  -5.180 0.5000000000
1892  -23.726  -73.379  -3.719 0.5000000000
1895  -26.136  -73.510  -3.207 0.5000000000
1894  -25.452  -73.600  -3.444 0.5000000000
2237  -31.999  -73.064  -1.388 0.5000000000
1881  -31.358  -73.588  -1.896 0.5000000000
2249  -32.610  -72.748  -2.452 0.5000000000
2625  -35.314  -71.289  -1.591 0.5000000000
2250  -33.169  -72.240  -2.673 0.4000000060
3008  -35.668  -70.572  -2.000 0.4000000060
2159  -28.599  -72.473  3.760 0.5000000000
2548  -28.807  -72.040  3.011 0.6000000238
2567  -28.658  -72.052  2.132 0.6000000238
2171  -27.545  -72.792  2.617 0.6000000238
105307  -26.526  -73.905  3.394 0.4000000060
115756  -30.008  -71.386  1.407 0.4000000060
2203  -29.154  -72.335  0.440 0.4000000060
2187  -28.872  -72.078  1.169 0.5000000000
2185  -27.538  -72.717  1.667 0.6000000238
2201  -27.694  -72.820  0.817 0.5000000000
1821  -26.268  -73.661  2.527 0.5000000000
2184  -26.988  -73.053  1.140 0.5000000000
1820  -25.698  -74.108  2.471 0.6000000238
1264  -23.889  -76.012  2.154 0.6000000238
1090  -23.204  -76.454  1.752 0.6000000238
882  -21.919  -77.526  1.218 0.6000000238
1088  -21.530  -77.038  0.904 0.6000000238
118234  -21.623  -78.411  0.487 0.6000000238
655  -20.855  -78.119  0.213 0.5000000000
662  -19.909  -78.112  -1.027 0.5000000000
665  -19.706  -78.321  -1.758 0.4000000060
678  -19.524  -78.473  -3.859 0.5000000000
110752  -36.733  -70.573  -1.581 0.3000000119
696  -18.480  -77.570  -7.145 0.4000000060
7359  -21.807  -61.283  -3.527 0.4000000060
6830  -22.279  -61.686  -3.044 0.4000000060
121711  -22.053  -62.261  -3.710 0.5000000000
12452  -15.821  -52.549  -2.823 0.5000000000
12444  -15.843  -52.195  -2.065 0.5000000000
12987  -16.906  -51.111  -2.423 0.5000000000
12986  -16.298  -51.363  -1.786 0.4000000060
12426  -17.387  -52.100  -1.062 0.4000000060
14349  -19.083  -48.917  -2.714 0.4000000060
12427  -18.543  -52.642  -0.899 0.4000000060
13675  -18.189  -50.854  -0.317 0.4000000060
13673  -16.632  -50.248  -0.840 0.4000000060
12978  -19.402  -52.442  -0.367 0.4000000060
12966  -19.135  -51.276  -0.157 0.4000000060
15055  -17.730  -48.137  -1.603 0.4000000060
12967  -19.834  -51.753  0.211 0.4000000060
14315  -19.219  -49.663  0.457 0.4000000060
15720  -17.805  -47.443  -0.537 0.4000000060
12968  -20.435  -52.322  0.660 0.4000000060
13655  -19.955  -50.184  0.911 0.4000000060
12959  -20.790  -51.735  1.352 0.4000000060
13656  -20.539  -50.615  1.415 0.4000000060
12907  -22.012  -52.486  4.519 0.3000000119
12927  -21.869  -52.085  3.554 0.4000000060
13571  -23.048  -51.170  6.980 0.3000000119
12891  -22.661  -51.757  6.176 0.3000000119
13608  -22.272  -51.440  4.096 0.3000000119
12908  -22.634  -51.537  5.139 0.3000000119
14348  -18.278  -49.426  -2.657 0.4000000060
14347  -17.291  -49.545  -1.974 0.4000000060
13684  -16.645  -50.188  -1.420 0.4000000060
13695  -17.128  -50.398  -2.234 0.4000000060
14335  -16.682  -49.449  -0.930 0.4000000060
14324  -16.890  -49.579  -0.367 0.4000000060
15736  -18.886  -47.286  -2.189 0.4000000060
15719  -17.320  -47.943  -0.802 0.4000000060
15032  -17.450  -48.169  0.061 0.4000000060
14314  -18.355  -49.519  0.131 0.4000000060
2527  -36.675  -72.474  5.181 0.3000000119
107081  -36.950  -72.527  6.367 0.4000000060
2139  -36.793  -73.425  5.565 0.3000000119
1805  -36.528  -74.029  4.637 0.4000000060
1795  -35.292  -73.963  6.204 0.3000000119
1797  -36.555  -73.909  5.746 0.3000000119
1804  -36.201  -74.303  4.813 0.4000000060
1794  -34.155  -73.378  6.563 0.3000000119
1803  -35.519  -74.256  4.897 0.3000000119
2138  -34.368  -73.476  5.523 0.3000000119
2150  -34.439  -73.399  4.423 0.3000000119
2137  -33.287  -72.929  5.917 0.3000000119
2148  -32.641  -72.461  5.348 0.3000000119
2524  -32.630  -71.982  4.666 0.3000000119
2135  -31.480  -72.602  5.504 0.3000000119
2517  -31.936  -72.145  5.099 0.3000000119
2147  -31.195  -71.899  4.834 0.3000000119
1792  -30.832  -73.916  6.030 0.3000000119
1793  -31.071  -73.240  5.766 0.3000000119
2133  -30.302  -73.218  5.215 0.3000000119
2134  -30.697  -72.480  5.096 0.3000000119
2146  -30.514  -71.907  4.607 0.3000000119
103431  -30.129  -74.017  5.239 0.4000000060
1814  -36.465  -74.121  3.514 0.3000000119
1772  -36.474  -73.261  7.374 0.4000000060
1813  -35.920  -74.552  4.004 0.4000000060
1783  -35.991  -73.829  6.903 0.3000000119
2162  -35.369  -74.276  3.526 0.4000000060
114330  -33.196  -73.216  6.930 0.3000000119
2525  -33.521  -72.318  3.950 0.4000000060
116930  -32.629  -71.540  3.946 0.4000000060
2124  -31.808  -73.320  6.540 0.3000000119
2522  -30.890  -71.390  4.250 0.4000000060
124802  -30.963  -74.593  6.186 0.3000000119
1780  -31.536  -73.945  6.941 0.4000000060
2521  -30.049  -71.643  4.040 0.4000000060
2144  -28.978  -72.904  4.427 0.3000000119
104188  -31.548  -75.632  7.250 0.3000000119
2526  -36.210  -72.262  3.947 0.3000000119
2163  -36.453  -73.665  2.858 0.3000000119
2942  -35.644  -71.047  3.435 0.3000000119
115448  -36.233  -74.180  2.108 0.3000000119
2503  -35.800  -71.905  8.427 0.4000000060
1812  -35.754  -74.396  2.477 0.3000000119
1823  -35.992  -74.402  1.954 0.3000000119
1782  -34.923  -73.385  7.383 0.3000000119
1771  -35.690  -73.162  7.864 0.4000000060
119923  -34.457  -73.244  3.490 0.4000000060
2161  -34.082  -72.612  2.846 0.3000000119
2536  -33.055  -71.535  3.043 0.4000000060
1759  -33.434  -73.232  9.164 0.3000000119
2535  -32.143  -71.058  3.495 0.4000000060
2941  -32.334  -70.965  2.754 0.4000000060
1781  -32.181  -73.929  7.941 0.3000000119
107155  -32.690  -73.844  9.720 0.3000000119
2939  -30.897  -70.783  2.994 0.4000000060
2954  -31.308  -70.683  2.091 0.5000000000
1769  -32.906  -73.812  8.901 0.3000000119
2160  -29.344  -71.816  3.499 0.4000000060
2549  -29.353  -71.639  2.627 0.4000000060
2550  -29.976  -71.264  2.161 0.5000000000
118879  -32.014  -76.971  8.599 0.3000000119
2537  -35.910  -72.470  2.606 0.3000000119
107053  -35.352  -70.352  2.733 0.3000000119
2105  -34.542  -72.310  8.768 0.4000000060
2173  -34.740  -73.134  1.895 0.4000000060
2572  -33.627  -71.777  1.277 0.4000000060
1760  -34.318  -72.714  8.704 0.4000000060
2955  -32.039  -70.743  2.237 0.4000000060
2967  -32.059  -70.755  1.464 0.5000000000
2583  -30.542  -71.399  0.709 0.4000000060
2570  -31.391  -70.818  1.077 0.4000000060
2582  -29.611  -71.758  0.898 0.4000000060
2204  -29.950  -72.179  0.225 0.4000000060
1768  -32.436  -74.355  9.413 0.3000000119
118452  -32.028  -75.944  8.924 0.3000000119
118823  -31.907  -76.929  9.239 0.3000000119
2175  -36.209  -73.629  1.779 0.3000000119
2174  -35.615  -74.081  1.797 0.3000000119
2188  -34.436  -72.491  1.395 0.3000000119
2104  -33.677  -72.601  9.113 0.4000000060
2586  -33.600  -71.840  0.506 0.5000000000
2585  -32.664  -71.466  0.320 0.4000000060
2103  -32.895  -73.097  9.601 0.4000000060
2584  -31.623  -71.454  0.264 0.4000000060
1757  -31.027  -74.377  9.705 0.3000000119
2102  -32.087  -73.606  9.859 0.3000000119
1472  -31.640  -74.808  9.760 0.3000000119
1478  -31.598  -75.971  9.152 0.3000000119
104543  -31.156  -77.938  8.514 0.3000000119
103430  -31.692  -76.964  9.298 0.3000000119
2189  -35.338  -73.289  1.100 0.3000000119
2205  -34.555  -72.502  0.701 0.4000000060
1756  -29.928  -74.326  9.138 0.3000000119
1471  -31.000  -75.129  9.542 0.3000000119
104601  -31.142  -76.144  9.210 0.3000000119
1755  -28.634  -74.181  8.709 0.3000000119
112628  -28.948  -75.202  7.822 0.3000000119
1470  -29.806  -74.972  8.744 0.3000000119
104264  -29.477  -76.185  7.642 0.3000000119
119675  -30.184  -75.884  8.512 0.3000000119
2600  -35.692  -72.098  -0.937 0.3000000119
2225  -35.203  -72.603  -0.414 0.4000000060
1477  -27.827  -74.643  7.507 0.3000000119
119528  -28.226  -75.295  6.776 0.3000000119
2986  -36.716  -70.818  -0.797 0.3000000119
2588  -36.010  -71.609  -0.666 0.3000000119
2601  -35.885  -71.489  -1.213 0.3000000119
117737  -36.557  -71.022  -1.198 0.3000000119
121134  -37.557  -70.618  -1.627 0.3000000119
12435  -16.026  -52.120  -1.561 0.5000000000
12947  -21.446  -51.559  2.770 0.5000000000
12946  -21.029  -51.076  2.042 0.4000000060
12983  -16.407  -51.389  -1.387 0.4000000060
1500  -24.879  -74.977  2.335 0.6000000238
2170  -26.916  -73.109  2.099 0.5000000000
2220  -29.424  -72.810  -0.170 0.4000000060
2598  -32.351  -72.102  -0.365 0.4000000060
2599  -33.429  -72.050  -0.229 0.4000000060
2240  -35.449  -72.372  -0.655 0.4000000060
2995  -36.070  -71.365  -1.278 0.3000000119
12995  -17.560  -51.690  -3.295 0.5000000000
13707  -17.740  -50.847  -3.005 0.4000000060
15066  -18.482  -48.063  -2.184 0.4000000060
1784  -36.465  -73.740  6.540 0.3000000119
2136  -32.334  -72.854  6.073 0.3000000119
2116  -36.118  -72.522  8.182 0.4000000060
2534  -31.322  -70.984  3.650 0.4000000060
2106  -35.191  -72.566  8.432 0.4000000060
1770  -34.198  -73.048  8.343 0.3000000119
2126  -33.346  -73.293  8.139 0.3000000119
2552  -33.766  -72.044  2.073 0.4000000060
121561  -31.989  -75.030  9.497 0.3000000119
2976  -32.098  -70.927  0.777 0.4000000060
126152  -34.916  -72.761  0.068 0.4000000060
2115  -31.342  -72.805  9.154 0.3000000119
103426  -31.138  -77.167  8.996 0.3000000119
2207  -35.327  -72.700  -0.118 0.3000000119
663  -20.471  -78.467  -0.571 0.5000000000
664  -21.311  -78.721  -0.293 0.5000000000
656  -22.572  -78.643  0.448 0.5000000000
871  -23.121  -77.256  1.898 0.5000000000
1076  -25.009  -75.980  2.794 0.4000000060
2235  -26.383  -72.690  -1.794 0.4000000060
2158  -27.763  -72.932  3.551 0.5000000000
1810  -27.415  -73.460  3.987 0.3000000119
1801  -28.819  -73.878  4.590 0.3000000119
121643  -29.330  -72.206  4.125 0.4000000060
1802  -29.574  -73.320  4.782 0.3000000119
2489  -32.282  -72.658  9.386 0.3000000119
2501  -32.175  -71.746  8.635 0.3000000119
2490  -33.054  -72.315  9.247 0.3000000119
2512  -36.897  -72.331  7.307 0.3000000119
2502  -32.998  -71.472  8.521 0.3000000119
2491  -33.890  -71.992  9.035 0.3000000119
2897  -35.064  -71.208  8.050 0.3000000119
2898  -36.038  -71.316  7.816 0.3000000119
2908  -35.299  -70.505  7.285 0.3000000119
2895  -32.894  -70.714  7.720 0.3000000119
2907  -33.362  -70.092  7.089 0.3000000119
2896  -33.920  -71.148  8.189 0.3000000119
111202  -34.389  -70.503  7.450 0.3000000119
2504  -36.586  -72.052  8.006 0.3000000119
2910  -36.545  -70.949  6.648 0.3000000119
2909  -36.157  -70.635  7.100 0.3000000119
3279  -35.553  -69.894  6.575 0.3000000119
684  -18.925  -78.563  -4.972 0.3000000119
1502  -26.045  -74.249  3.125 0.5000000000
1085  -24.467  -76.363  2.525 0.4000000060
883  -22.562  -77.733  1.529 0.5000000000
1811  -28.105  -73.251  4.201 0.3000000119
110936  -19.292  -46.028  -1.914 0.3000000119
15728  -18.132  -47.407  -1.392 0.3000000119
14305  -20.358  -49.705  1.371 0.3000000119
457  -20.119  -78.700  -2.549 0.4000000060
459  -22.193  -79.296  -2.449 0.4000000060
277  -26.571  -79.898  0.349 0.4000000060
112032  -25.566  -79.403  -0.471 0.4000000060
658  -25.048  -78.850  -0.052 0.4000000060
636  -25.014  -78.451  1.184 0.4000000060
872  -23.855  -77.623  2.144 0.4000000060
444  -24.345  -79.134  -1.247 0.4000000060
884  -23.383  -78.041  1.715 0.4000000060
177  -26.493  -80.956  1.570 0.3000000119
447  -26.857  -79.492  0.508 0.4000000060
644  -26.184  -78.561  0.992 0.4000000060
110343  -23.229  -78.943  -0.653 0.4000000060
446  -26.093  -79.643  0.054 0.4000000060
445  -25.026  -79.419  -1.057 0.4000000060
267  -26.780  -80.234  0.845 0.3000000119
659  -26.757  -79.246  0.462 0.4000000060
109168  -25.877  -79.062  0.155 0.4000000060
657  -23.956  -78.742  -0.093 0.4000000060
637  -25.381  -77.916  1.898 0.4000000060
112658  -27.700  -80.407  1.849 0.3000000119
121017  -27.329  -79.570  0.771 0.3000000119
645  -27.339  -78.791  0.830 0.3000000119
111899  -28.066  -78.910  0.922 0.3000000119
104712  -26.529  -77.110  2.220 0.3000000119
104696  -26.054  -76.561  2.693 0.3000000119
104615  -26.815  -74.923  3.958 0.3000000119
1809  -26.947  -73.872  3.983 0.3000000119
103421  -26.200  -75.426  3.384 0.3000000119
103422  -25.658  -77.213  2.366 0.3000000119
104689  -25.672  -75.952  2.956 0.3000000119
863  -25.175  -76.543  2.715 0.3000000119
2480  -22.122  -71.106  8.994 0.3000000119
2876  -23.031  -70.031  9.061 0.3000000119
124989  -27.973  -73.210  8.983 0.3000000119
3259  -24.593  -69.323  9.406 0.3000000119
3267  -25.166  -69.846  9.134 0.3000000119
2878  -26.101  -71.504  10.923 0.3000000119
2476  -26.722  -72.023  11.726 0.3000000119
2477  -27.103  -72.232  11.632 0.3000000119
2483  -27.024  -72.920  10.916 0.3000000119
2884  -27.685  -72.448  10.027 0.3000000119
2488  -27.933  -72.399  8.991 0.3000000119
3261  -26.088  -70.122  10.685 0.3000000119
2872  -26.743  -71.157  11.791 0.3000000119
2468  -27.370  -71.654  12.139 0.3000000119
2873  -27.814  -71.744  12.000 0.3000000119
885  -26.629  -77.857  1.595 0.3000000119
2883  -23.681  -70.038  8.418 0.3000000119
2481  -25.825  -72.121  10.271 0.3000000119
3266  -24.445  -69.706  8.818 0.3000000119
2877  -25.620  -70.888  9.517 0.3000000119
116690  -25.627  -70.249  9.906 0.3000000119
3252  -26.847  -69.816  11.382 0.3000000119
268  -27.233  -80.339  1.370 0.3000000119
436  -28.045  -79.636  1.232 0.3000000119
443  -22.128  -78.843  -0.119 0.5000000000
448  -27.492  -79.211  0.722 0.3000000119
485  -18.546  -78.292  -5.619 0.3000000119
635  -24.092  -78.177  1.761 0.4000000060
641  -22.073  -78.166  1.103 0.6000000238
642  -23.012  -78.391  1.119 0.5000000000
643  -24.021  -78.532  1.105 0.4000000060
666  -20.267  -78.675  -1.493 0.4000000060
670  -14.999  -77.908  -3.734 0.4000000060
672  -19.284  -78.085  -2.600 0.6000000238
682  -14.655  -77.829  -4.516 0.5000000000
873  -24.614  -77.247  2.458 0.3000000119
894  -20.942  -77.410  0.310 0.5000000000
900  -19.947  -77.459  -1.058 0.6000000238
904  -15.165  -77.317  -1.756 0.5000000000
905  -15.983  -77.353  -1.946 0.6000000238
909  -15.554  -77.688  -3.280 0.5000000000
914  -18.604  -77.122  -3.783 0.6000000238
917  -16.111  -76.889  -4.640 0.5000000000
922  -18.355  -76.844  -5.953 0.5000000000
926  -18.559  -77.083  -7.245 0.5000000000
1084  -23.781  -76.812  2.273 0.5000000000
1089  -22.338  -76.907  1.437 0.6999999881
1099  -15.037  -76.145  0.461 0.6000000238
1101  -20.605  -76.960  -0.255 0.6000000238
1103  -22.011  -76.417  0.843 0.6000000238
1114  -20.208  -77.063  -0.808 0.6000000238
1128  -19.872  -76.660  -1.731 0.6000000238
1132  -18.578  -76.343  -4.448 0.5000000000
1138  -16.216  -76.296  -6.428 0.5000000000
1139  -18.063  -75.971  -5.929 0.6000000238
1142  -17.712  -76.475  -7.222 0.5000000000
1143  -18.280  -76.730  -7.147 0.5000000000
1265  -24.624  -75.672  2.451 0.6000000238
1266  -25.440  -75.373  2.843 0.4000000060
1274  -24.202  -75.303  1.885 0.6999999881
1282  -14.494  -75.542  1.073 0.6000000238
1287  -23.147  -75.451  0.571 0.6999999881
1293  -22.555  -75.532  -0.403 0.6999999881
1294  -23.309  -75.278  -0.269 0.6999999881
1297  -16.894  -76.202  -1.390 0.6000000238
1303  -26.864  -76.001  -3.059 0.5000000000
1307  -16.719  -76.249  -2.236 0.6000000238
1308  -17.185  -75.505  -2.149 0.6999999881
1313  -23.790  -75.918  -4.371 0.6999999881
1314  -24.482  -76.102  -4.339 0.6000000238
1322  -16.674  -75.595  -4.040 0.5000000000
1325  -19.606  -75.498  -3.991 0.6000000238
1326  -20.917  -75.056  -3.848 0.5000000000
1339  -16.907  -75.263  -5.645 0.5000000000
1341  -19.050  -74.837  -5.082 0.5000000000
1362  -17.810  -76.155  -6.574 0.5000000000
1493  -36.214  -74.394  3.845 0.4000000060
1494  -17.168  -73.663  3.400 0.6999999881
1496  -36.222  -74.349  3.098 0.3000000119
1497  -16.580  -74.148  3.079 0.6999999881
1501  -25.546  -74.661  2.735 0.6000000238
1508  -16.612  -74.641  2.672 0.6999999881
1509  -17.495  -74.620  2.340 0.6999999881
1514  -25.205  -74.338  2.048 0.6000000238
1519  -18.189  -74.994  0.553 0.6999999881
1524  -25.369  -74.418  0.000 0.6000000238
1532  -17.980  -75.179  -0.341 0.6999999881
1533  -18.638  -74.635  -0.385 0.6999999881
1553  -26.471  -75.490  -1.788 0.6000000238
1567  -18.526  -74.175  -3.259 0.5000000000
1569  -28.432  -75.551  -2.673 0.5000000000
1579  -22.867  -74.922  -4.859 0.6000000238
1594  -18.760  -74.591  -5.168 0.5000000000
1598  -28.035  -75.298  -5.370 0.5000000000
1608  -18.127  -74.872  -5.628 0.5000000000
1758  -32.108  -74.361  9.911 0.3000000119
1796  -36.170  -74.206  5.874 0.3000000119
1807  -17.787  -73.097  3.653 0.6999999881
1808  -18.381  -73.056  3.717 0.6999999881
1822  -27.032  -73.386  3.199 0.4000000060
1824  -36.082  -74.398  2.473 0.3000000119
1825  -36.324  -74.207  2.747 0.3000000119
1830  -19.115  -73.874  2.129 0.6999999881
1833  -21.306  -73.220  0.951 0.6000000238
1834  -25.121  -74.101  1.230 0.6000000238
1836  -26.319  -73.405  1.486 0.5000000000
1837  -36.055  -73.982  1.364 0.3000000119
1843  -20.905  -73.425  0.306 0.6000000238
1844  -21.690  -73.106  0.096 0.5000000000
1853  -15.104  -72.847  0.010 0.6999999881
1856  -21.126  -73.182  -0.661 0.6000000238
1857  -22.312  -72.814  -0.626 0.6000000238
1872  -21.785  -72.896  -2.644 0.6000000238
1874  -23.305  -72.837  -2.508 0.5000000000
1876  -25.131  -73.072  -2.355 0.5000000000
1879  -29.917  -74.101  -1.395 0.5000000000
1882  -32.024  -73.222  -2.177 0.5000000000
1886  -14.362  -73.358  -2.803 0.5000000000
1896  -26.819  -73.792  -3.692 0.5000000000
1902  -19.153  -73.849  -4.234 0.5000000000
1903  -19.729  -73.720  -4.048 0.5000000000
1905  -21.323  -73.959  -4.299 0.5000000000
1907  -23.201  -74.228  -4.733 0.5000000000
1909  -24.948  -74.580  -4.923 0.6000000238
1920  -19.661  -74.039  -4.601 0.5000000000
1922  -28.551  -74.612  -5.483 0.5000000000
1953  -19.279  -73.746  -10.021 0.5000000000
2101  -31.139  -73.672  9.578 0.3000000119
2117  -36.677  -72.653  7.607 0.4000000060
2125  -32.567  -73.407  7.427 0.3000000119
2127  -36.819  -73.220  6.743 0.4000000060
2145  -29.890  -72.501  4.619 0.3000000119
2149  -33.454  -72.683  4.996 0.3000000119
2151  -36.624  -73.493  4.289 0.4000000060
2156  -20.516  -72.134  3.374 0.5000000000
2172  -28.198  -72.413  2.902 0.6000000238
2178  -15.667  -73.035  1.549 0.6999999881
2179  -16.275  -72.575  1.861 0.6999999881
2186  -28.199  -72.437  1.392 0.5000000000
2198  -23.423  -72.500  0.407 0.5000000000
2202  -28.440  -72.586  0.620 0.4000000060
2206  -35.263  -72.931  0.268 0.3000000119
2212  -15.788  -72.310  -0.228 0.6999999881
2215  -23.892  -72.579  -0.417 0.5000000000
2219  -28.763  -72.822  0.052 0.4000000060
2226  -35.465  -72.426  -0.531 0.3000000119
2234  -25.733  -72.731  -1.394 0.5000000000
2236  -27.106  -72.367  -1.784 0.4000000060
2238  -32.708  -72.694  -1.629 0.5000000000
2244  -14.886  -72.861  -3.033 0.6000000238
2267  -15.405  -72.331  -4.654 0.5000000000
2288  -16.135  -72.136  -6.161 0.5000000000
2294  -17.908  -72.269  -7.834 0.5000000000
2296  -19.649  -72.342  -7.770 0.5000000000
2298  -21.431  -72.558  -7.965 0.6000000238
2306  -18.352  -72.801  -8.531 0.5000000000
2310  -23.378  -72.356  -9.306 0.6000000238
2318  -21.865  -73.157  -10.066 0.5000000000
2319  -22.770  -72.662  -9.805 0.6000000238
2328  -23.213  -72.246  -10.696 0.5000000000
2492  -34.807  -71.881  8.684 0.4000000060
2493  -35.328  -72.235  8.576 0.4000000060
2523  -31.782  -71.459  4.347 0.4000000060
2531  -20.129  -71.364  3.814 0.6000000238
2543  -17.352  -72.209  3.007 0.6999999881
2551  -32.778  -71.208  1.981 0.4000000060
2562  -18.154  -70.976  2.244 0.6999999881
2568  -29.386  -71.663  1.727 0.5000000000
2569  -30.603  -70.970  1.613 0.4000000060
2571  -32.778  -71.188  1.027 0.5000000000
2587  -35.554  -72.454  -0.181 0.3000000119
2593  -17.149  -71.259  -0.331 0.6999999881
2612  -35.194  -71.984  -1.145 0.5000000000
2613  -35.688  -72.093  -0.960 0.4000000060
2629  -15.857  -71.841  -4.170 0.5000000000
2630  -16.494  -71.419  -3.811 0.6000000238
2642  -17.084  -71.069  -4.322 0.6999999881
2649  -17.628  -71.252  -5.650 0.6999999881
2651  -20.143  -70.976  -5.746 0.6999999881
2655  -23.431  -71.212  -5.852 0.6000000238
2661  -16.891  -71.610  -5.903 0.6000000238
2665  -21.718  -71.760  -6.787 0.6000000238
2679  -18.393  -71.824  -7.258 0.5000000000
2683  -22.580  -71.995  -7.305 0.6000000238
2695  -24.860  -71.519  -8.811 0.6000000238
2704  -24.093  -71.770  -10.264 0.6000000238
2710  -23.638  -71.505  -10.868 0.5000000000
2717  -23.173  -71.182  -11.179 0.4000000060
2899  -36.631  -71.496  7.395 0.3000000119
2932  -18.636  -72.059  3.871 0.6999999881
2934  -20.547  -70.680  3.660 0.6000000238
2936  -22.920  -69.967  3.564 0.5000000000
2940  -31.668  -70.758  2.898 0.4000000060
2953  -30.553  -70.905  2.405 0.5000000000
2982  -18.492  -70.224  -0.552 0.6999999881
2991  -18.508  -70.263  -1.923 0.6999999881
2996  -36.825  -70.724  -1.400 0.3000000119
3007  -34.863  -70.791  -2.631 0.4000000060
3014  -17.776  -70.551  -4.018 0.6999999881
3015  -18.689  -70.212  -3.634 0.6999999881
3017  -20.636  -69.855  -3.792 0.6999999881
3018  -21.637  -69.919  -3.822 0.6000000238
3019  -22.771  -70.092  -3.827 0.6000000238
3021  -25.202  -70.174  -4.014 0.5000000000
3033  -19.288  -70.326  -4.406 0.6999999881
3046  -18.452  -70.932  -5.437 0.6999999881
3048  -20.605  -70.609  -5.125 0.6999999881
3050  -22.795  -70.844  -5.162 0.6999999881
3052  -25.010  -70.558  -5.429 0.6000000238
3060  -18.863  -71.184  -6.096 0.6999999881
3061  -25.201  -70.434  -6.207 0.6000000238
3081  -25.324  -70.981  -8.849 0.6000000238
3097  -22.529  -70.691  -11.023 0.5000000000
3260  -25.340  -69.446  9.809 0.3000000119
3303  -21.049  -70.015  3.604 0.5000000000
3306  -23.258  -69.207  3.587 0.5000000000
3308  -24.705  -68.679  3.252 0.5000000000
3333  -19.184  -70.002  1.871 0.6999999881
3343  -18.938  -69.811  0.025 0.6999999881
3344  -19.521  -69.494  0.443 0.6999999881
3356  -20.122  -69.119  0.114 0.6000000238
3366  -20.423  -69.202  -1.610 0.6000000238
3381  -19.134  -69.921  -2.067 0.6999999881
3383  -20.733  -69.268  -2.382 0.6000000238
3385  -22.824  -69.215  -2.533 0.5000000000
3388  -25.932  -69.217  -3.102 0.6000000238
3408  -24.624  -69.873  -3.285 0.5000000000
3421  -25.784  -69.613  -4.188 0.5000000000
3428  -25.639  -69.742  -5.503 0.5000000000
3436  -25.240  -69.685  -6.817 0.6000000238
3437  -25.505  -69.906  -6.172 0.5000000000
3447  -24.712  -69.371  -7.512 0.5000000000
3458  -24.687  -69.270  -8.494 0.5000000000
3467  -25.165  -70.015  -10.638 0.6000000238
3705  -23.673  -68.478  3.462 0.5000000000
3707  -25.265  -68.029  3.289 0.5000000000
3735  -20.771  -68.986  2.049 0.6000000238
3736  -21.305  -68.358  1.524 0.6000000238
3758  -20.972  -68.729  -1.119 0.6000000238
3759  -21.670  -68.195  -0.614 0.5000000000
3760  -22.478  -67.868  -0.399 0.5000000000
3763  -25.884  -68.300  -0.885 0.6000000238
3764  -26.422  -67.946  -0.934 0.5000000000
3779  -25.876  -68.617  -1.733 0.6000000238
3795  -23.397  -68.864  -1.925 0.5000000000
3796  -24.777  -69.041  -1.919 0.5000000000
3797  -26.075  -68.530  -2.688 0.6000000238
3798  -26.329  -68.086  -1.915 0.6000000238
3807  -26.094  -68.818  -3.537 0.6000000238
3817  -26.102  -69.060  -4.173 0.6000000238
3872  -22.262  -68.057  -10.333 0.6000000238
3873  -25.122  -68.653  -10.093 0.6000000238
3874  -25.170  -69.361  -10.532 0.6000000238
3884  -24.100  -69.001  -11.268 0.5000000000
3885  -24.841  -69.440  -11.214 0.6000000238
4156  -24.047  -67.730  3.310 0.5000000000
4158  -25.494  -67.201  3.166 0.5000000000
4184  -22.348  -67.587  1.917 0.6000000238
4185  -23.667  -66.895  1.721 0.6000000238
4200  -26.165  -67.235  0.410 0.5000000000
4215  -26.485  -67.430  -0.395 0.5000000000
4225  -26.541  -67.472  -1.063 0.5000000000
4236  -25.627  -67.285  -2.771 0.6000000238
4238  -26.393  -67.524  -1.701 0.5000000000
4248  -24.550  -66.768  -3.002 0.6000000238
4261  -23.992  -67.510  -4.450 0.6000000238
4262  -25.261  -67.908  -4.093 0.6000000238
4263  -25.970  -68.527  -3.962 0.6000000238
4282  -24.719  -68.185  -4.900 0.6000000238
4306  -23.046  -67.066  -7.498 0.6000000238
4328  -24.709  -67.781  -9.490 0.6000000238
4341  -25.286  -67.781  -11.425 0.6000000238
4692  -25.474  -66.867  1.122 0.5000000000
4752  -22.744  -66.104  -4.307 0.6000000238
4766  -22.594  -66.553  -5.968 0.6000000238
4767  -23.075  -66.930  -4.977 0.6000000238
4784  -22.696  -66.475  -6.997 0.6000000238
4823  -23.461  -66.361  -11.407 0.6999999881
4829  -25.609  -66.300  -12.300 0.6000000238
4830  -25.937  -66.426  -12.067 0.6000000238
5271  -26.386  -64.964  -0.731 0.5000000000
5286  -26.551  -65.760  -0.586 0.5000000000
5311  -22.994  -65.200  -3.016 0.5000000000
5372  -23.329  -65.749  -8.274 0.6000000238
5373  -24.274  -65.938  -8.967 0.6000000238
5385  -26.607  -65.450  -10.195 0.6000000238
5391  -21.922  -65.103  -10.417 0.6999999881
5400  -25.257  -65.674  -12.579 0.6000000238
5794  -26.444  -64.550  -1.109 0.5000000000
5795  -27.210  -64.598  -0.821 0.5000000000
5886  -21.468  -64.426  -10.077 0.6000000238
5889  -27.509  -63.974  -11.529 0.6000000238
5893  -23.419  -64.681  -11.521 0.6999999881
5894  -24.676  -64.888  -12.465 0.6000000238
5895  -27.170  -64.267  -12.355 0.6000000238
5905  -26.683  -65.072  -12.716 0.6000000238
6340  -21.634  -62.798  -5.724 0.6000000238
6341  -21.774  -63.620  -5.450 0.6000000238
6361  -19.302  -62.835  -7.652 0.6000000238
6370  -20.143  -62.858  -8.845 0.6000000238
6371  -22.791  -63.485  -7.924 0.6000000238
6372  -23.643  -63.410  -8.472 0.6000000238
6381  -19.952  -63.780  -8.719 0.5000000000
6386  -27.585  -63.318  -11.196 0.6000000238
6394  -21.801  -63.676  -10.281 0.6999999881
6854  -16.679  -62.211  -4.356 0.6000000238
6855  -17.646  -63.033  -4.853 0.6000000238
6856  -21.573  -62.291  -5.048 0.6000000238
6857  -21.822  -62.703  -4.416 0.6000000238
6869  -17.142  -62.553  -5.508 0.6000000238
6877  -16.556  -61.836  -6.977 0.6000000238
6878  -17.274  -62.269  -6.611 0.6000000238
6879  -18.343  -62.658  -6.660 0.5000000000
6881  -21.984  -62.486  -6.660 0.6000000238
6884  -16.884  -61.947  -7.551 0.6000000238
6886  -18.941  -62.139  -7.803 0.6999999881
6896  -23.314  -62.948  -8.112 0.5000000000
6898  -27.801  -61.873  -10.681 0.6000000238
6903  -21.338  -62.198  -9.835 0.6000000238
6908  -26.207  -62.319  -11.963 0.5000000000
6909  -27.150  -62.576  -11.693 0.6000000238
7345  -18.582  -61.849  -2.445 0.6000000238
7373  -15.800  -61.142  -5.321 0.6000000238
7380  -16.302  -61.367  -6.889 0.6000000238
7382  -23.046  -61.102  -6.892 0.5000000000
7386  -17.203  -61.756  -8.029 0.6000000238
7396  -18.853  -61.403  -8.195 0.6999999881
7398  -20.526  -61.517  -8.936 0.6000000238
7400  -24.557  -62.034  -8.259 0.5000000000
7401  -25.514  -61.701  -8.699 0.5000000000
7408  -22.165  -61.457  -9.831 0.6000000238
7410  -26.369  -60.883  -11.576 0.6000000238
7827  -18.227  -60.164  -2.005 0.6000000238
7837  -16.577  -60.412  -2.834 0.6999999881
7854  -15.741  -61.115  -4.498 0.6999999881
7855  -21.605  -61.007  -4.333 0.4000000060
7860  -15.555  -60.431  -5.612 0.6999999881
7861  -21.773  -60.754  -5.091 0.5000000000
7867  -15.991  -60.608  -6.576 0.6000000238
7870  -24.475  -60.162  -6.949 0.5000000000
7872  -16.922  -61.037  -8.111 0.6999999881
7874  -19.001  -60.237  -7.861 0.6000000238
7883  -19.420  -60.856  -8.198 0.6000000238
7885  -21.157  -60.637  -8.791 0.6999999881
7889  -27.745  -60.120  -9.400 0.5000000000
7893  -21.544  -61.089  -9.437 0.6000000238
7897  -27.974  -60.561  -10.406 0.6000000238
7898  -27.992  -60.043  -10.038 0.6000000238
7904  -27.850  -60.698  -10.980 0.6000000238
8347  -16.977  -59.182  -1.968 0.6999999881
8350  -19.831  -60.066  -1.065 0.6000000238
8357  -15.682  -59.293  -2.782 0.8000000119
8375  -15.027  -59.989  -5.048 0.6000000238
8394  -15.006  -59.063  -5.670 0.6000000238
8396  -16.105  -59.727  -6.738 0.6999999881
8397  -16.987  -59.355  -6.983 0.8000000119
8405  -16.566  -60.275  -7.411 0.6999999881
8407  -18.519  -59.548  -7.485 0.8000000119
8419  -19.888  -60.127  -7.993 0.8000000119
8420  -20.737  -60.010  -8.185 0.8000000119
8429  -26.571  -59.014  -10.341 0.6999999881
8431  -27.527  -58.992  -9.370 0.6999999881
8886  -18.651  -57.869  0.091 0.6000000238
8900  -16.086  -57.996  -1.008 0.6999999881
8914  -17.535  -58.756  -1.352 0.6999999881
8926  -16.262  -59.008  -2.278 0.8000000119
8936  -14.919  -58.872  -2.897 0.8000000119
8945  -13.250  -58.007  -4.443 0.6000000238
8960  -14.354  -58.539  -5.381 0.6999999881
8972  -19.227  -58.377  -6.723 0.6999999881
8982  -20.729  -58.420  -7.354 0.8000000119
8983  -21.593  -58.460  -7.654 0.8000000119
8991  -21.791  -59.092  -8.086 0.8000000119
8994  -27.407  -58.412  -8.738 0.5000000000
8998  -24.092  -58.698  -9.159 0.6999999881
8999  -25.367  -58.616  -9.870 0.8000000119
9001  -27.341  -58.855  -9.754 0.6999999881
9006  -27.367  -59.398  -10.263 0.6999999881
9469  -16.628  -57.137  1.539 0.6000000238
9471  -19.058  -57.255  1.854 0.6000000238
9482  -13.660  -57.109  -0.059 0.6000000238
9487  -19.721  -57.783  1.269 0.5000000000
9509  -11.814  -56.915  -1.951 0.6000000238
9517  -10.754  -56.722  -3.407 0.6000000238
9531  -12.419  -57.375  -4.148 0.6000000238
9533  -14.145  -57.086  -4.964 0.6000000238
9534  -15.971  -56.970  -5.075 0.6999999881
9538  -19.401  -57.596  -4.310 0.6000000238
9551  -17.317  -57.462  -5.528 0.6999999881
9564  -15.898  -58.141  -6.096 0.6999999881
9566  -17.819  -57.871  -6.090 0.8000000119
9568  -20.309  -57.761  -6.345 0.6999999881
9578  -20.851  -57.825  -6.889 0.6000000238
9580  -23.513  -57.099  -7.665 0.6999999881
9581  -27.520  -57.881  -7.381 0.5000000000
9585  -23.002  -57.777  -7.845 0.8000000119
9586  -23.936  -57.684  -8.387 0.8000000119
9588  -25.797  -57.020  -9.024 0.6000000238
9596  -26.354  -57.763  -9.466 0.6000000238
9597  -26.933  -58.093  -9.402 0.5000000000
9598  -27.284  -58.439  -9.262 0.5000000000
10026  -14.993  -55.562  3.412 0.6999999881
10042  -14.329  -56.104  2.731 0.6999999881
10045  -17.833  -56.589  3.251 0.6000000238
10046  -18.588  -56.863  3.238 0.5000000000
10071  -12.783  -56.192  0.632 0.6000000238
10097  -11.279  -56.170  -1.875 0.6000000238
10110  -12.081  -56.040  -4.067 0.6000000238
10111  -17.940  -56.245  -3.975 0.5000000000
10121  -11.397  -56.661  -4.006 0.6000000238
10125  -16.570  -56.460  -4.527 0.6000000238
10126  -17.460  -56.589  -4.420 0.6000000238
10148  -22.880  -56.775  -6.237 0.6999999881
10150  -24.438  -55.995  -6.973 0.5000000000
10161  -25.519  -56.035  -7.823 0.5000000000
10172  -25.189  -56.497  -8.357 0.6000000238
10613  -15.437  -54.500  4.305 0.6999999881
10623  -15.725  -55.055  4.282 0.6000000238
10677  -12.520  -55.519  -0.353 0.6000000238
10695  -11.161  -55.216  -2.439 0.6000000238
10705  -11.282  -55.691  -3.364 0.6000000238
11235  -14.696  -54.127  3.811 0.6999999881
11249  -13.312  -54.723  2.549 0.8000000119
11264  -12.867  -55.275  1.038 0.6999999881
11265  -13.240  -54.682  1.721 0.8000000119
11281  -12.844  -55.295  0.269 0.6000000238
11284  -16.352  -54.860  -0.342 0.6000000238
11286  -18.177  -54.705  -0.167 0.5000000000
11301  -16.938  -54.730  -1.005 0.5000000000
11302  -17.835  -54.666  -0.870 0.5000000000
11311  -14.718  -54.206  -1.579 0.6000000238
11312  -15.484  -54.114  -1.470 0.5000000000
11314  -17.380  -54.241  -1.245 0.5000000000
11315  -17.764  -53.708  -1.309 0.5000000000
11322  -11.899  -54.863  -1.939 0.6000000238
11331  -12.050  -54.978  -2.706 0.6000000238
11332  -13.166  -54.744  -2.923 0.6000000238
11343  -15.610  -54.919  -3.836 0.5000000000
11790  -20.379  -53.560  6.378 0.5000000000
11797  -20.042  -53.950  5.634 0.5000000000
11799  -21.334  -53.601  5.619 0.4000000060
11810  -20.720  -54.505  4.271 0.5000000000
11811  -21.259  -54.019  4.886 0.5000000000
11832  -19.599  -54.556  2.801 0.4000000060
11833  -20.964  -54.514  3.330 0.5000000000
11852  -14.776  -53.334  2.300 0.8000000119
11854  -20.117  -54.576  1.988 0.4000000060
11870  -13.968  -53.938  1.904 0.6999999881
11891  -18.869  -54.472  0.916 0.4000000060
11905  -14.394  -53.486  -2.021 0.6000000238
11906  -14.917  -53.192  -1.806 0.6000000238
11908  -16.682  -53.378  -1.402 0.5000000000
11912  -14.313  -53.736  -2.452 0.6000000238
11918  -15.547  -53.314  -3.325 0.5000000000
11919  -16.399  -53.740  -3.777 0.5000000000
12317  -20.037  -52.093  8.560 0.4000000060
12335  -19.153  -52.537  7.301 0.5000000000
12337  -20.757  -53.049  7.105 0.4000000060
12339  -22.080  -52.308  6.419 0.4000000060
12347  -21.688  -52.992  5.991 0.4000000060
12378  -18.351  -53.164  3.497 0.5000000000
12396  -15.688  -52.680  2.404 0.6000000238
12400  -21.257  -52.282  2.059 0.5000000000
12401  -21.610  -52.808  2.831 0.5000000000
12412  -17.043  -53.190  1.870 0.6000000238
12419  -19.724  -53.492  -0.131 0.5000000000
12420  -20.232  -53.408  0.567 0.5000000000
12425  -16.545  -51.742  -1.220 0.4000000060
12428  -19.230  -53.426  -0.670 0.5000000000
12434  -15.326  -52.654  -1.913 0.6000000238
12443  -15.198  -52.707  -2.260 0.6000000238
12451  -15.166  -52.949  -2.688 0.5000000000
12855  -19.359  -51.828  8.584 0.4000000060
12872  -17.942  -51.576  7.169 0.5000000000
12875  -22.408  -51.796  6.875 0.4000000060
12889  -17.974  -51.951  5.118 0.5000000000
12976  -16.677  -51.109  -0.894 0.4000000060
12977  -17.720  -51.463  -0.707 0.4000000060
12994  -16.500  -51.832  -2.596 0.5000000000
13557  -23.113  -50.452  7.465 0.3000000119
13569  -16.746  -50.538  7.035 0.4000000060
13628  -16.271  -50.578  3.758 0.6999999881
13629  -16.738  -50.777  3.849 0.6999999881
13663  -18.754  -50.309  0.032 0.4000000060
13664  -19.541  -50.717  0.367 0.4000000060
13665  -20.247  -51.183  0.767 0.4000000060
13674  -17.089  -50.488  -0.452 0.4000000060
13683  -16.486  -50.814  -1.332 0.4000000060
13694  -16.587  -50.747  -1.765 0.4000000060
13696  -18.041  -50.114  -2.801 0.4000000060
14215  -16.583  -49.632  9.492 0.4000000060
14216  -17.154  -49.563  9.620 0.4000000060
14221  -17.730  -49.437  9.553 0.4000000060
14224  -20.096  -50.432  8.445 0.4000000060
14236  -21.595  -50.073  8.043 0.4000000060
14304  -19.828  -49.445  0.919 0.3000000119
14313  -17.415  -49.014  0.003 0.4000000060
14325  -17.692  -49.927  -0.144 0.4000000060
14937  -14.966  -49.075  8.965 0.4000000060
14938  -17.584  -48.717  9.367 0.4000000060
14954  -18.084  -48.199  8.501 0.4000000060
14994  -15.169  -48.582  3.742 0.5000000000
15020  -20.139  -49.003  1.100 0.3000000119
15044  -16.972  -48.587  -0.389 0.4000000060
15054  -17.164  -48.703  -1.305 0.4000000060
15065  -17.908  -48.744  -2.198 0.4000000060
15596  -16.012  -48.270  9.706 0.4000000060
15640  -13.959  -47.991  6.126 0.5000000000
15641  -18.130  -47.077  7.042 0.5000000000
15643  -20.205  -47.618  6.557 0.4000000060
15708  -17.730  -47.534  -0.053 0.4000000060
16295  -19.807  -46.415  5.663 0.3000000119
16367  -18.439  -46.742  -0.944 0.4000000060
16375  -18.775  -46.611  -1.610 0.3000000119
16966  -18.175  -46.082  5.811 0.4000000060
17047  -19.971  -45.572  -2.284 0.3000000119
17705  -15.749  -44.572  5.734 0.5000000000
18503  -14.499  -43.393  4.126 0.3000000119
103428  -26.571  -74.363  3.760 0.3000000119
104205  -31.694  -77.311  8.992 0.3000000119
104259  -31.561  -74.745  7.314 0.3000000119
104633  -26.528  -76.002  3.065 0.3000000119
104816  -30.805  -72.108  -0.064 0.4000000060
105041  -13.627  -57.337  -0.831 0.6999999881
105223  -14.909  -56.629  2.183 0.6999999881
105977  -14.664  -48.372  9.538 0.4000000060
106222  -23.503  -70.486  -10.981 0.5000000000
106527  -13.663  -55.153  -3.528 0.5000000000
106956  -21.112  -72.303  2.690 0.6000000238
107194  -18.540  -77.725  -5.719 0.5000000000
107387  -22.203  -63.098  -3.973 0.5000000000
107403  -22.155  -64.104  -6.847 0.6000000238
107770  -20.094  -72.877  -8.252 0.6000000238
107970  -12.023  -55.789  -1.161 0.5000000000
108437  -22.151  -64.837  -6.212 0.6000000238
108443  -19.886  -71.983  3.913 0.5000000000
108513  -34.615  -72.522  -0.060 0.4000000060
108619  -23.089  -65.988  -3.464 0.6000000238
108634  -14.177  -47.149  9.540 0.4000000060
109053  -26.178  -58.266  -9.872 0.6999999881
109530  -21.833  -63.423  -6.326 0.6000000238
109592  -12.275  -57.591  -2.741 0.6000000238
109605  -31.050  -72.865  -0.606 0.5000000000
110211  -24.943  -76.050  -5.180 0.6000000238
110401  -21.605  -57.554  -6.888 0.6999999881
111010  -31.672  -74.236  9.965 0.3000000119
111964  -19.043  -70.637  -5.024 0.6999999881
112124  -28.016  -72.455  2.132 0.6000000238
112144  -15.475  -51.367  3.650 0.6999999881
112324  -13.707  -54.836  0.112 0.6000000238
112565  -17.246  -55.515  -4.114 0.5000000000
113257  -21.940  -60.645  -3.071 0.4000000060
113470  -26.041  -74.945  -0.817 0.5000000000
113561  -34.910  -72.922  8.205 0.3000000119
113847  -14.763  -48.575  3.537 0.5000000000
114078  -18.911  -57.604  -5.048 0.6000000238
114202  -21.522  -73.308  -3.606 0.5000000000
114321  -13.658  -56.620  -4.520 0.6000000238
114577  -23.569  -71.772  -7.297 0.5000000000
114843  -34.999  -73.849  2.575 0.4000000060
115058  -30.069  -71.199  3.096 0.4000000060
115123  -26.258  -56.232  -7.840 0.5000000000
115437  -24.280  -70.495  -10.966 0.5000000000
115686  -18.219  -61.720  -8.005 0.6999999881
115946  -30.627  -71.128  3.638 0.4000000060
116458  -20.244  -69.574  2.467 0.6000000238
116482  -22.294  -59.536  -8.547 0.6999999881
117332  -16.789  -76.158  0.188 0.6000000238
117731  -21.394  -72.941  -1.630 0.6000000238
118955  -22.596  -75.387  -1.882 0.6999999881
119254  -16.516  -71.977  1.210 0.6999999881
119354  -14.500  -57.368  0.108 0.5000000000
119513  -22.391  -63.784  -7.405 0.6000000238
119791  -26.499  -73.440  0.717 0.5000000000
119870  -16.010  -74.026  2.709 0.6999999881
119904  -25.319  -70.595  -7.947 0.6000000238
119953  -25.318  -68.790  -5.229 0.6000000238
120277  -26.061  -74.846  3.411 0.3000000119
120413  -19.706  -74.859  -4.714 0.6000000238
120425  -21.145  -70.486  3.660 0.5000000000
120440  -17.219  -47.823  -0.231 0.4000000060
120695  -19.060  -73.002  3.537 0.6000000238
120792  -24.523  -77.949  2.039 0.4000000060
120948  -19.247  -46.671  -2.200 0.4000000060
121118  -18.359  -62.891  -3.421 0.6000000238
121587  -35.960  -74.534  3.183 0.4000000060
121729  -17.451  -71.011  -0.974 0.6999999881
121875  -15.487  -44.076  4.224 0.4000000060
121927  -18.638  -58.847  -6.997 0.8000000119
122053  -21.417  -77.786  0.796 0.6000000238
122101  -24.408  -67.172  2.918 0.5000000000
122147  -18.670  -51.738  -0.534 0.4000000060
122433  -24.906  -71.296  -9.806 0.6000000238
122536  -21.591  -76.574  0.570 0.6000000238
122820  -26.016  -76.164  -4.835 0.6000000238
122837  -13.016  -56.580  0.079 0.6000000238
122991  -21.453  -74.646  -4.249 0.5000000000
123213  -22.399  -79.136  -1.221 0.4000000060
123246  -22.056  -60.650  -5.572 0.5000000000
123669  -22.769  -72.530  -8.937 0.6000000238
123807  -16.014  -71.911  -1.868 0.6999999881
123959  -21.014  -54.373  2.731 0.5000000000
124111  -18.116  -53.453  2.296 0.4000000060
124453  -22.560  -62.274  -3.303 0.5000000000
124505  -19.295  -57.756  0.636 0.6000000238
124617  -27.581  -59.623  -8.899 0.5000000000
124832  -19.723  -69.652  1.960 0.6999999881
124894  -19.799  -51.623  8.658 0.5000000000
125314  -24.495  -64.492  -9.096 0.6000000238
125574  -25.200  -70.749  -7.470 0.6000000238
125634  -22.937  -59.767  -5.323 0.5000000000
125752  -27.746  -75.041  -1.627 0.6000000238
125834  -21.551  -48.625  7.305 0.3000000119
125956  -18.185  -52.628  4.112 0.4000000060
126080  -33.969  -73.236  7.489 0.3000000119
126547  -18.319  -54.570  0.556 0.5000000000
