#!ascii label  , from subject sub-v1s17x0050265_ses-1 vox2ras=TkReg
1678
6282  -38.246  -63.156  0.716 0.1000000015
6291  -38.937  -63.647  0.054 0.1000000015
5277  -37.247  -65.513  -0.423 0.1000000015
5278  -38.430  -65.268  -0.578 0.1000000015
4711  -39.159  -65.926  -0.941 0.1000000015
5279  -39.480  -65.151  -0.818 0.1000000015
114513  -40.030  -66.610  -1.073 0.1000000015
4721  -41.252  -66.463  -1.016 0.1000000015
5291  -41.405  -65.826  -1.305 0.1000000015
4230  -41.611  -67.253  -1.332 0.1000000015
4231  -42.362  -66.950  -1.605 0.1000000015
5302  -41.605  -65.570  -1.858 0.1000000015
4734  -42.834  -66.290  -1.917 0.1000000015
4241  -42.532  -67.333  -2.447 0.1000000015
5304  -43.048  -65.998  -3.194 0.1000000015
5347  -42.445  -65.513  -5.621 0.1000000015
4242  -43.140  -66.720  -2.960 0.1000000015
4758  -43.163  -66.361  -4.465 0.1000000015
4254  -43.115  -66.936  -4.058 0.1000000015
7321  -40.323  -60.967  -0.003 0.1000000015
6283  -39.324  -63.060  0.102 0.1000000015
6800  -39.711  -62.337  0.098 0.1000000015
5784  -38.919  -64.376  -0.349 0.1000000015
111590  -39.848  -61.977  -0.613 0.1000000015
6810  -39.737  -62.952  -0.561 0.1000000015
6292  -39.474  -63.709  -0.462 0.1000000015
6299  -39.734  -63.768  -0.964 0.1000000015
5290  -40.117  -65.386  -1.308 0.1000000015
5799  -39.789  -64.546  -1.321 0.1000000015
5301  -40.395  -65.300  -1.630 0.1000000015
5303  -42.610  -65.825  -2.382 0.1000000015
119494  -38.905  -57.438  -5.368 0.1000000015
110432  -37.703  -60.743  -5.851 0.1000000015
6876  -37.666  -62.457  -5.706 0.1000000015
6351  -37.849  -63.100  -5.814 0.1000000015
5855  -40.626  -64.736  -5.756 0.1000000015
5840  -40.271  -64.998  -4.791 0.1000000015
5332  -41.220  -65.435  -4.259 0.1000000015
122265  -42.170  -65.588  -4.781 0.1000000015
5319  -43.096  -66.070  -3.933 0.1000000015
8894  -41.663  -58.356  0.434 0.1000000015
8344  -41.090  -59.142  -0.417 0.2000000030
8911  -41.413  -58.612  -0.112 0.2000000030
8325  -40.680  -59.672  0.627 0.1000000015
8922  -41.142  -58.451  -0.782 0.1000000015
8343  -40.694  -59.781  -0.703 0.1000000015
120017  -40.941  -59.609  -0.038 0.1000000015
8356  -40.855  -59.271  -1.232 0.1000000015
121744  -40.096  -61.327  -0.467 0.1000000015
13005  -43.297  -51.237  -4.202 0.1000000015
11946  -41.821  -53.318  -5.369 0.1000000015
7834  -39.839  -61.002  -1.693 0.1000000015
6823  -39.670  -62.417  -1.171 0.1000000015
12477  -41.890  -52.377  -5.245 0.1000000015
11356  -42.415  -54.378  -5.850 0.1000000015
11357  -43.463  -55.418  -6.205 0.1000000015
10146  -45.079  -58.264  -5.956 0.1000000015
10145  -44.617  -58.066  -5.383 0.1000000015
9562  -43.319  -59.603  -5.310 0.1000000015
6840  -39.222  -62.310  -1.896 0.1000000015
115575  -39.388  -63.784  -1.780 0.1000000015
10742  -45.120  -57.251  -6.030 0.1000000015
9575  -44.503  -58.812  -6.334 0.1000000015
9563  -44.549  -59.063  -5.790 0.1000000015
9561  -41.523  -58.887  -5.318 0.1000000015
9544  -40.774  -59.017  -4.756 0.1000000015
8381  -39.784  -59.819  -4.018 0.1000000015
7859  -38.403  -60.695  -4.406 0.1000000015
5814  -39.443  -64.459  -2.328 0.1000000015
5316  -40.232  -65.228  -2.571 0.1000000015
9574  -43.518  -58.809  -6.345 0.1000000015
9560  -39.919  -57.614  -5.168 0.1000000015
9543  -39.419  -58.218  -4.757 0.1000000015
117013  -38.684  -59.839  -4.423 0.1000000015
6867  -37.925  -62.988  -4.183 0.1000000015
5839  -39.293  -64.691  -4.336 0.1000000015
7866  -38.103  -60.237  -5.135 0.1000000015
7858  -37.890  -61.166  -5.037 0.1000000015
6866  -37.799  -62.201  -4.841 0.1000000015
5853  -38.625  -64.178  -4.884 0.1000000015
5317  -41.358  -65.549  -3.056 0.1000000015
9503  -41.563  -57.970  -0.216 0.1000000015
9490  -42.055  -57.771  0.195 0.1000000015
9491  -43.489  -57.386  0.569 0.2000000030
13720  -44.763  -50.741  -3.746 0.1000000015
13725  -44.195  -51.167  -4.434 0.1000000015
8355  -40.553  -59.944  -1.559 0.1000000015
7835  -40.217  -60.441  -1.850 0.1000000015
7843  -39.907  -60.614  -2.505 0.1000000015
10741  -44.245  -56.453  -5.778 0.1000000015
10734  -43.373  -56.734  -4.978 0.1000000015
9547  -44.010  -59.224  -5.109 0.1000000015
9545  -42.387  -60.016  -4.628 0.1000000015
8382  -41.224  -60.102  -4.121 0.1000000015
7850  -38.712  -61.130  -3.731 0.1000000015
6853  -38.284  -62.884  -3.280 0.1000000015
6839  -38.882  -63.033  -2.316 0.1000000015
5838  -38.555  -64.207  -3.938 0.1000000015
5331  -40.133  -65.224  -3.743 0.1000000015
10669  -41.473  -55.258  0.111 0.1000000015
10092  -41.902  -56.012  -0.397 0.1000000015
10091  -41.238  -56.443  -0.751 0.1000000015
112198  -42.663  -56.076  -0.120 0.2000000030
10077  -42.518  -56.943  -0.034 0.2000000030
9504  -41.720  -57.120  -0.380 0.2000000030
10078  -43.278  -56.526  0.171 0.2000000030
10079  -44.286  -57.115  0.113 0.2000000030
107014  -41.292  -57.436  -0.762 0.1000000015
9516  -41.121  -57.909  -1.466 0.1000000015
8933  -41.093  -58.955  -2.049 0.1000000015
13004  -42.411  -51.403  -3.939 0.1000000015
13003  -41.480  -51.590  -3.642 0.1000000015
12471  -40.897  -52.857  -4.214 0.1000000015
8363  -40.598  -60.036  -2.643 0.1000000015
13721  -45.762  -50.803  -3.948 0.1000000015
14366  -46.386  -50.321  -3.206 0.1000000015
13011  -42.001  -51.952  -4.567 0.1000000015
12472  -41.568  -52.648  -4.719 0.1000000015
10733  -42.063  -55.655  -4.777 0.1000000015
121458  -42.424  -56.735  -4.407 0.1000000015
10137  -43.483  -58.376  -4.422 0.1000000015
115432  -42.613  -58.582  -3.674 0.1000000015
8944  -42.154  -60.121  -3.927 0.1000000015
8373  -41.371  -59.988  -3.826 0.1000000015
13722  -46.793  -50.882  -4.175 0.1000000015
8958  -42.418  -60.223  -4.172 0.1000000015
112327  -40.581  -60.060  -3.786 0.1000000015
7367  -38.911  -61.494  -3.131 0.1000000015
14370  -47.658  -50.809  -4.459 0.1000000015
15089  -48.448  -49.681  -4.579 0.1000000015
14379  -47.892  -50.320  -5.380 0.1000000015
15101  -48.219  -49.100  -5.519 0.1000000015
10668  -40.616  -55.024  -0.071 0.1000000015
10685  -41.003  -55.623  -0.440 0.1000000015
11309  -39.933  -54.743  -0.393 0.1000000015
10684  -40.354  -55.333  -0.752 0.1000000015
10670  -42.313  -55.334  0.313 0.1000000015
10683  -39.828  -54.961  -1.176 0.1000000015
10090  -40.723  -55.984  -1.052 0.1000000015
10693  -39.752  -55.138  -1.968 0.1000000015
10694  -40.211  -55.600  -1.491 0.1000000015
15744  -47.662  -48.405  -2.167 0.1000000015
14359  -46.980  -49.714  -2.509 0.1000000015
14358  -45.915  -49.747  -2.419 0.1000000015
13705  -44.387  -50.331  -2.884 0.1000000015
13718  -42.880  -50.834  -3.325 0.1000000015
13704  -43.477  -50.404  -2.685 0.1000000015
11321  -39.483  -54.437  -1.645 0.1000000015
10704  -40.278  -55.744  -2.270 0.1000000015
10103  -40.612  -56.336  -1.768 0.1000000015
13706  -45.350  -50.294  -3.059 0.1000000015
11939  -40.413  -53.429  -4.065 0.1000000015
11351  -40.049  -54.035  -3.937 0.1000000015
10732  -40.937  -55.057  -4.432 0.1000000015
10120  -41.634  -57.864  -2.905 0.1000000015
9523  -41.397  -58.530  -2.600 0.1000000015
15745  -47.826  -47.373  -2.522 0.1000000015
11352  -40.686  -54.158  -4.433 0.1000000015
10135  -41.450  -56.040  -4.108 0.1000000015
10119  -41.388  -56.648  -3.373 0.1000000015
113737  -41.606  -59.376  -3.242 0.1000000015
15076  -47.997  -49.402  -2.739 0.1000000015
14368  -48.186  -50.079  -3.869 0.1000000015
105972  -48.435  -48.357  -2.888 0.1000000015
15085  -48.638  -49.071  -3.606 0.1000000015
15090  -48.826  -48.377  -4.512 0.1000000015
15117  -48.468  -47.908  -5.745 0.1000000015
15116  -47.674  -48.471  -6.571 0.1000000015
11308  -39.479  -54.297  -0.862 0.1000000015
11293  -39.474  -54.142  -0.051 0.1000000015
11294  -40.030  -54.514  0.503 0.1000000015
11903  -39.186  -53.521  -0.630 0.1000000015
114833  -41.692  -54.995  0.661 0.1000000015
10671  -43.118  -55.641  0.288 0.1000000015
114061  -39.261  -53.181  -2.125 0.1000000015
11911  -39.246  -53.688  -1.432 0.1000000015
10672  -43.870  -55.986  0.051 0.2000000030
15075  -47.270  -49.079  -2.061 0.1000000015
14357  -44.920  -49.791  -2.306 0.1000000015
14356  -44.021  -49.933  -2.139 0.1000000015
114347  -39.399  -53.720  -2.769 0.1000000015
10703  -39.965  -55.195  -2.791 0.1000000015
10656  -43.688  -55.197  0.904 0.1000000015
10657  -44.581  -55.569  0.393 0.2000000030
15074  -46.422  -49.158  -1.870 0.1000000015
13717  -41.890  -50.921  -3.150 0.1000000015
12461  -40.210  -52.658  -3.577 0.1000000015
11927  -39.761  -53.509  -3.485 0.1000000015
11341  -39.792  -54.442  -3.350 0.1000000015
111886  -40.562  -55.815  -2.936 0.1000000015
15757  -48.614  -47.375  -3.329 0.1000000015
120226  -48.894  -48.149  -3.619 0.1000000015
15758  -49.074  -47.367  -4.154 0.1000000015
16423  -49.254  -46.439  -4.777 0.1000000015
15771  -49.110  -47.208  -5.095 0.1000000015
15786  -49.050  -47.098  -6.141 0.1000000015
115417  -39.079  -52.224  -0.692 0.1000000015
12432  -39.054  -52.815  -0.442 0.1000000015
11895  -39.180  -53.315  0.233 0.1000000015
13690  -39.627  -51.003  -0.940 0.1000000015
117459  -39.484  -53.963  0.653 0.1000000015
11295  -40.919  -54.834  0.619 0.1000000015
12441  -39.101  -52.755  -1.285 0.1000000015
10654  -42.127  -54.931  1.041 0.1000000015
12992  -39.710  -51.532  -2.213 0.1000000015
119261  -39.298  -51.741  -1.378 0.1000000015
11274  -41.334  -54.797  1.276 0.1000000015
15734  -47.064  -47.560  -1.782 0.1000000015
15064  -46.785  -48.397  -1.668 0.1000000015
15063  -45.827  -48.506  -1.395 0.1000000015
14346  -45.426  -49.228  -1.751 0.1000000015
14355  -43.270  -50.103  -1.972 0.1000000015
13703  -42.496  -50.429  -2.377 0.1000000015
13702  -41.424  -50.606  -2.375 0.1000000015
125792  -40.240  -51.468  -2.725 0.1000000015
12450  -39.355  -52.314  -2.170 0.1000000015
10655  -42.822  -55.056  0.894 0.1000000015
125313  -47.586  -46.646  -2.535 0.1000000015
13002  -40.559  -51.817  -3.333 0.1000000015
12460  -39.480  -52.867  -2.899 0.1000000015
16409  -48.121  -46.411  -3.065 0.1000000015
16410  -48.874  -46.500  -3.885 0.1000000015
17078  -48.983  -45.657  -4.453 0.1000000015
17816  -48.907  -44.812  -4.978 0.1000000015
17084  -49.403  -45.587  -5.431 0.1000000015
17832  -49.029  -44.797  -7.095 0.1000000015
13680  -39.511  -50.928  -0.134 0.1000000015
119521  -39.193  -51.493  0.201 0.1000000015
110987  -39.037  -52.312  0.178 0.1000000015
13681  -40.128  -50.396  -0.523 0.1000000015
124466  -39.088  -52.890  0.698 0.1000000015
13682  -40.901  -50.062  -0.839 0.1000000015
11881  -39.280  -53.407  1.145 0.1000000015
11273  -40.421  -54.498  1.363 0.1000000015
13701  -40.432  -50.878  -2.174 0.1000000015
13691  -40.287  -50.557  -1.325 0.1000000015
11272  -39.725  -54.113  1.300 0.1000000015
15735  -47.169  -46.780  -2.085 0.1000000015
14345  -44.485  -49.372  -1.621 0.1000000015
13693  -41.900  -50.254  -1.756 0.1000000015
14342  -41.770  -49.984  -1.049 0.1000000015
11257  -39.970  -54.240  2.103 0.1000000015
119669  -42.471  -54.940  1.538 0.1000000015
16390  -47.305  -45.984  -2.448 0.1000000015
16374  -46.562  -46.781  -1.484 0.1000000015
15733  -46.104  -47.541  -1.194 0.1000000015
15062  -44.885  -48.715  -1.218 0.1000000015
14344  -43.609  -49.604  -1.473 0.1000000015
10644  -41.810  -54.921  1.853 0.1000000015
17060  -47.912  -45.259  -3.114 0.1000000015
17807  -47.834  -44.464  -3.520 0.1000000015
17815  -48.133  -44.342  -4.213 0.1000000015
17808  -48.443  -45.005  -3.972 0.1000000015
114358  -48.213  -44.197  -4.949 0.1000000015
109633  -48.725  -44.543  -5.900 0.1000000015
15049  -42.012  -49.108  0.137 0.1000000015
14332  -41.502  -49.616  -0.328 0.1000000015
14331  -40.672  -49.824  -0.087 0.1000000015
124470  -39.081  -51.744  0.755 0.1000000015
15050  -42.771  -48.841  -0.175 0.1000000015
12424  -39.065  -52.461  1.200 0.1000000015
15052  -44.326  -48.264  -0.718 0.1000000015
14334  -43.177  -49.273  -0.809 0.1000000015
17045  -46.633  -45.513  -1.922 0.1000000015
126015  -46.765  -46.229  -1.844 0.1000000015
15061  -44.017  -48.995  -1.006 0.1000000015
14343  -42.676  -49.916  -1.394 0.1000000015
115591  -47.134  -44.983  -2.489 0.1000000015
11258  -40.873  -54.670  2.272 0.1000000015
10645  -43.052  -54.906  1.716 0.1000000015
17796  -47.488  -44.497  -2.946 0.1000000015
18594  -47.326  -43.889  -3.155 0.1000000015
18604  -47.578  -43.958  -3.720 0.1000000015
18613  -46.758  -43.408  -4.335 0.1000000015
18614  -47.547  -43.843  -4.233 0.1000000015
18612  -45.975  -43.003  -4.588 0.1000000015
17822  -47.945  -44.186  -5.723 0.1000000015
13672  -39.902  -50.245  0.265 0.1000000015
14321  -39.614  -50.050  1.043 0.1000000015
12965  -39.018  -51.539  1.483 0.1000000015
113806  -46.012  -45.190  -1.424 0.1000000015
15727  -45.120  -47.040  -0.603 0.1000000015
120912  -44.536  -47.590  -0.511 0.1000000015
15051  -43.530  -48.544  -0.469 0.1000000015
17795  -46.944  -44.123  -2.585 0.1000000015
17782  -46.447  -44.625  -2.007 0.1000000015
111104  -46.268  -46.001  -1.366 0.1000000015
16373  -45.851  -46.528  -0.952 0.1000000015
15053  -45.175  -47.954  -0.882 0.1000000015
115250  -39.519  -53.747  1.835 0.1000000015
18593  -46.746  -43.287  -2.794 0.1000000015
18603  -47.005  -43.323  -3.520 0.1000000015
19411  -46.517  -42.441  -3.020 0.1000000015
19418  -46.357  -42.700  -3.682 0.1000000015
20172  -45.948  -41.881  -3.244 0.1000000015
20182  -45.161  -41.894  -3.808 0.1000000015
19417  -45.590  -42.380  -4.102 0.1000000015
19416  -44.940  -42.048  -4.615 0.1000000015
15043  -43.101  -48.071  0.105 0.1000000015
14323  -41.139  -49.225  0.309 0.1000000015
14322  -40.337  -49.540  0.610 0.1000000015
15040  -40.717  -48.832  0.956 0.1000000015
18578  -46.289  -43.694  -2.155 0.1000000015
20159  -45.862  -41.304  -2.872 0.1000000015
20181  -44.563  -41.510  -4.210 0.1000000015
20953  -43.665  -40.353  -4.481 0.1000000015
15042  -42.369  -48.379  0.432 0.1000000015
15041  -41.565  -48.590  0.681 0.1000000015
15725  -43.836  -47.761  -0.247 0.1000000015
113276  -45.702  -44.249  -1.519 0.1000000015
17037  -45.626  -45.707  -0.939 0.1000000015
16366  -45.023  -46.135  -0.522 0.1000000015
15726  -44.220  -46.954  -0.124 0.1000000015
19401  -46.009  -41.774  -2.696 0.1000000015
20171  -45.165  -41.356  -3.298 0.1000000015
20943  -43.760  -40.322  -3.590 0.1000000015
21651  -43.299  -39.678  -4.328 0.1000000015
15718  -43.406  -47.257  0.329 0.1000000015
16359  -44.312  -46.193  -0.072 0.1000000015
18577  -45.725  -43.357  -1.751 0.1000000015
17773  -45.313  -44.956  -1.025 0.1000000015
17036  -44.991  -45.420  -0.653 0.1000000015
109019  -46.076  -42.659  -2.332 0.1000000015
20934  -44.169  -40.141  -2.872 0.1000000015
21638  -43.338  -39.676  -3.379 0.1000000015
22338  -43.077  -38.772  -2.635 0.1000000015
21650  -42.899  -39.092  -3.897 0.1000000015
17027  -44.432  -45.527  -0.217 0.1000000015
18567  -45.152  -43.575  -1.276 0.1000000015
108633  -45.022  -44.291  -1.038 0.1000000015
17772  -44.565  -44.742  -0.511 0.1000000015
20150  -45.763  -41.201  -2.544 0.1000000015
104679  -45.783  -41.020  -2.888 0.1000000015
105403  -44.753  -40.745  -3.102 0.1000000015
119636  -43.585  -39.466  -2.734 0.1000000015
22329  -43.212  -38.235  -2.362 0.1000000015
19385  -45.654  -41.846  -2.098 0.1000000015
104447  -45.732  -40.379  -2.681 0.1000000015
104636  -44.769  -39.894  -2.726 0.1000000015
22339  -43.940  -39.156  -2.477 0.1000000015
123525  -43.578  -37.946  -2.228 0.1000000015
103575  -45.938  -40.616  -2.399 0.1000000015
124548  -45.875  -40.243  -2.816 0.1000000015
104656  -44.284  -38.873  -2.467 0.1000000015
5783  -37.647  -64.681  -0.085 0.1000000015
4710  -37.969  -66.146  -0.910 0.1000000015
5785  -39.655  -64.467  -0.857 0.1000000015
115352  -40.689  -65.939  -1.094 0.1000000015
4229  -40.609  -67.596  -1.236 0.1000000015
7320  -40.045  -61.644  0.049 0.1000000015
116519  -39.552  -63.067  -1.389 0.1000000015
8393  -38.369  -59.284  -5.128 0.1000000015
6359  -38.333  -63.413  -6.332 0.1000000015
6352  -38.182  -63.609  -5.386 0.1000000015
115716  -39.855  -64.271  -6.313 0.1000000015
8326  -41.227  -59.032  0.395 0.1000000015
7339  -39.940  -61.324  -1.020 0.1000000015
13719  -43.825  -50.786  -3.533 0.1000000015
10740  -42.901  -55.414  -5.547 0.1000000015
10144  -42.073  -58.572  -5.918 0.1000000015
8956  -40.254  -59.327  -4.349 0.1000000015
8955  -39.072  -58.974  -4.481 0.1000000015
8957  -41.766  -60.184  -4.338 0.1000000015
8371  -39.076  -60.373  -3.854 0.1000000015
6337  -38.119  -63.627  -4.476 0.1000000015
109554  -38.070  -62.355  -4.028 0.1000000015
6309  -38.707  -63.698  -2.762 0.1000000015
7366  -38.438  -61.951  -3.536 0.1000000015
5826  -38.704  -64.159  -3.182 0.1000000015
109790  -40.826  -59.542  -2.119 0.1000000015
121085  -39.337  -61.439  -2.388 0.1000000015
11353  -41.753  -54.377  -5.117 0.1000000015
9546  -43.034  -59.662  -4.484 0.1000000015
8383  -42.108  -60.232  -4.208 0.1000000015
7851  -39.458  -60.785  -3.212 0.1000000015
7355  -38.747  -62.196  -2.745 0.1000000015
10104  -40.996  -56.832  -1.242 0.1000000015
11940  -41.227  -53.395  -4.693 0.1000000015
8364  -41.230  -59.623  -3.122 0.1000000015
14367  -47.417  -50.297  -3.411 0.1000000015
10136  -42.241  -57.209  -3.935 0.1000000015
9530  -42.327  -59.545  -3.686 0.1000000015
7852  -40.325  -60.232  -3.261 0.1000000015
13729  -47.740  -51.039  -5.032 0.1000000015
11330  -39.533  -54.491  -2.442 0.1000000015
10108  -40.891  -56.522  -2.578 0.1000000015
9515  -41.051  -57.318  -2.068 0.1000000015
12991  -39.794  -52.052  -2.887 0.1000000015
10719  -40.522  -55.358  -3.610 0.1000000015
16433  -49.416  -46.366  -5.816 0.1000000015
119634  -39.788  -51.083  -1.643 0.1000000015
17071  -48.515  -45.754  -3.685 0.1000000015
17823  -49.330  -45.033  -6.185 0.1000000015
14333  -42.351  -49.495  -0.565 0.1000000015
18624  -47.278  -43.919  -5.071 0.1000000015
19425  -45.394  -42.561  -5.053 0.1000000015
13563  -47.102  -50.899  8.016 0.5000000000
9985  -50.972  -55.729  9.545 0.5000000000
9968  -50.966  -55.849  10.479 0.5000000000
13541  -47.379  -49.887  9.288 0.5000000000
12867  -47.551  -51.525  7.576 0.5000000000
10589  -51.270  -54.808  9.831 0.5000000000
14218  -48.285  -48.600  9.493 0.5000000000
13550  -47.722  -50.079  8.425 0.5000000000
11192  -51.278  -54.338  9.326 0.5000000000
14230  -48.213  -49.069  8.787 0.5000000000
14933  -48.332  -47.990  9.269 0.5000000000
109368  -48.392  -48.242  8.643 0.5000000000
118950  -48.492  -48.650  8.065 0.4000000060
11207  -52.166  -53.686  6.785 0.5000000000
11801  -52.051  -53.657  5.318 0.5000000000
110041  -52.942  -52.888  5.045 0.5000000000
11825  -53.127  -52.414  4.038 0.5000000000
12937  -51.535  -51.460  2.708 0.5000000000
12938  -52.412  -51.665  3.126 0.5000000000
12935  -49.266  -51.248  2.964 0.4000000060
108348  -48.358  -51.314  3.235 0.4000000060
8748  -48.254  -58.661  14.060 0.1000000015
9353  -50.587  -56.369  11.122 0.5000000000
13549  -46.764  -50.541  8.791 0.5000000000
12866  -46.678  -51.609  7.799 0.5000000000
12327  -47.601  -52.417  7.531 0.4000000060
10588  -50.654  -54.847  10.204 0.5000000000
14920  -48.276  -48.448  10.171 0.5000000000
14217  -47.784  -49.297  9.889 0.5000000000
15588  -47.707  -47.699  10.855 0.5000000000
15563  -47.043  -47.343  11.607 0.5000000000
15616  -48.105  -47.893  10.029 0.5000000000
121411  -47.008  -47.416  10.743 0.3000000119
15615  -47.925  -47.640  9.237 0.5000000000
115938  -48.370  -48.077  8.221 0.4000000060
113599  -47.481  -47.542  10.019 0.3000000119
13565  -48.747  -50.077  7.296 0.6999999881
13566  -49.538  -50.955  6.801 0.5000000000
15562  -46.006  -47.215  11.187 0.3000000119
15587  -46.503  -47.443  10.153 0.3000000119
15614  -47.070  -47.497  9.323 0.3000000119
14950  -48.201  -47.831  8.595 0.4000000060
14245  -48.507  -49.405  7.507 0.5000000000
13580  -49.008  -50.090  6.968 0.6000000238
107987  -50.516  -51.834  7.167 0.6000000238
11782  -49.888  -53.469  8.108 0.6000000238
11193  -51.737  -53.980  8.889 0.5000000000
112083  -51.939  -54.223  7.743 0.3000000119
112684  -47.932  -47.799  8.058 0.4000000060
14259  -48.632  -49.475  6.965 0.5000000000
12880  -50.767  -51.230  6.764 0.6000000238
12881  -51.765  -51.320  6.756 0.6000000238
11792  -52.499  -52.849  7.044 0.5000000000
11803  -52.957  -52.372  6.103 0.5000000000
15613  -45.946  -47.618  9.436 0.4000000060
14949  -46.841  -47.889  7.929 0.4000000060
120785  -47.838  -48.577  7.215 0.5000000000
105975  -49.011  -50.055  6.562 0.5000000000
13599  -51.642  -50.767  5.571 0.5000000000
12899  -52.775  -51.123  5.983 0.5000000000
12354  -53.392  -51.863  5.043 0.5000000000
115658  -44.767  -47.804  9.381 0.4000000060
14948  -45.722  -48.104  8.198 0.4000000060
14963  -46.474  -48.425  7.191 0.5000000000
14269  -48.444  -49.678  6.160 0.5000000000
13597  -49.200  -50.375  5.686 0.4000000060
13623  -52.149  -50.840  4.625 0.5000000000
12919  -52.733  -51.190  4.053 0.5000000000
116653  -45.904  -48.341  7.617 0.4000000060
14268  -47.598  -49.496  5.739 0.5000000000
13596  -48.170  -50.081  5.316 0.4000000060
13639  -50.838  -50.979  3.706 0.4000000060
13640  -51.937  -51.150  3.653 0.5000000000
14255  -45.107  -49.178  6.486 0.5000000000
13595  -47.278  -49.996  5.111 0.4000000060
12918  -48.508  -50.901  3.808 0.4000000060
13579  -45.508  -49.401  5.930 0.3000000119
108779  -46.432  -50.023  5.154 0.4000000060
13618  -46.882  -50.582  4.594 0.3000000119
13617  -45.963  -50.695  4.782 0.3000000119
12916  -46.464  -51.294  4.209 0.3000000119
8732  -47.082  -58.968  15.168 0.1000000015
8747  -47.421  -59.383  14.501 0.1000000015
9310  -47.042  -57.803  15.078 0.1000000015
8733  -47.815  -58.278  14.596 0.1000000015
9932  -48.639  -56.778  13.405 0.4000000060
9933  -49.305  -56.935  13.164 0.4000000060
9345  -49.555  -57.269  12.776 0.4000000060
9957  -50.455  -56.062  11.647 0.5000000000
9947  -49.753  -56.538  12.327 0.4000000060
10560  -50.368  -55.638  11.271 0.5000000000
10569  -50.799  -55.406  10.727 0.5000000000
13540  -46.548  -50.153  9.615 0.5000000000
13548  -45.783  -50.678  9.033 0.5000000000
12860  -46.243  -51.236  8.260 0.5000000000
12326  -46.803  -52.229  7.631 0.4000000060
10568  -49.821  -55.197  10.512 0.5000000000
116400  -48.392  -49.011  11.097 0.5000000000
14210  -48.219  -49.140  10.604 0.5000000000
13531  -47.162  -49.839  10.266 0.5000000000
15564  -47.783  -47.842  11.947 0.5000000000
15589  -48.252  -48.367  11.149 0.5000000000
11196  -49.062  -53.944  8.356 0.6000000238
16226  -46.343  -46.909  12.354 0.4000000060
16225  -45.232  -46.672  12.095 0.2000000030
15586  -45.352  -47.458  10.249 0.3000000119
16224  -44.258  -46.572  11.687 0.3000000119
16239  -43.818  -47.030  10.971 0.3000000119
16223  -43.431  -46.360  11.449 0.3000000119
15585  -44.290  -47.488  10.267 0.4000000060
16238  -42.969  -46.827  10.850 0.3000000119
15584  -43.379  -47.406  10.296 0.4000000060
14947  -44.666  -48.202  8.437 0.4000000060
14946  -43.673  -48.314  8.384 0.4000000060
15611  -42.937  -47.711  9.692 0.3000000119
14244  -45.508  -48.717  7.065 0.4000000060
14945  -42.825  -48.424  8.536 0.3000000119
14242  -43.637  -49.249  7.135 0.3000000119
13578  -44.799  -49.700  5.956 0.4000000060
13594  -45.484  -50.052  5.408 0.3000000119
14944  -41.939  -48.574  8.808 0.2000000030
14228  -42.308  -48.986  8.135 0.2000000030
122986  -43.670  -49.781  6.599 0.3000000119
13593  -44.567  -50.441  5.598 0.3000000119
14928  -40.156  -48.086  9.235 0.1000000015
14240  -41.775  -49.738  7.870 0.2000000030
13577  -43.349  -50.373  6.378 0.4000000060
110275  -38.356  -44.412  7.849 0.1000000015
9327  -47.827  -57.461  14.408 0.1000000015
9914  -48.038  -57.005  13.913 0.2000000030
124439  -48.274  -56.534  12.997 0.5000000000
9946  -49.027  -56.418  12.748 0.4000000060
9956  -49.765  -55.938  11.987 0.4000000060
12320  -45.141  -52.319  8.179 0.4000000060
11779  -45.594  -52.736  7.935 0.4000000060
11189  -46.396  -54.096  8.598 0.4000000060
10586  -47.573  -54.629  8.919 0.5000000000
10559  -48.628  -55.695  10.778 0.5000000000
14205  -48.625  -49.820  12.073 0.5000000000
14209  -47.917  -49.856  11.282 0.5000000000
119855  -46.564  -49.918  10.387 0.4000000060
10587  -49.027  -54.834  9.497 0.4000000060
15550  -47.203  -47.260  12.689 0.4000000060
15551  -47.996  -47.786  13.127 0.4000000060
14908  -48.673  -49.242  12.213 0.5000000000
16214  -46.663  -46.686  13.417 0.4000000060
111302  -45.884  -46.248  13.065 0.3000000119
16213  -45.174  -46.040  12.725 0.3000000119
121909  -44.612  -46.206  12.297 0.3000000119
16883  -43.944  -45.213  12.284 0.2000000030
16902  -43.968  -45.957  12.085 0.2000000030
16901  -43.220  -45.614  11.750 0.3000000119
106705  -43.225  -44.818  11.986 0.1000000015
16222  -42.587  -46.103  11.244 0.3000000119
17637  -42.652  -44.373  11.747 0.2000000030
16900  -42.331  -45.187  11.504 0.2000000030
16237  -42.149  -46.631  10.702 0.2000000030
110272  -42.130  -47.661  9.807 0.2000000030
125277  -40.938  -45.504  10.826 0.2000000030
16235  -40.602  -46.110  10.485 0.2000000030
15610  -41.316  -47.576  9.834 0.2000000030
16912  -40.001  -45.401  10.416 0.1000000015
118185  -40.882  -48.011  9.489 0.2000000030
14943  -40.876  -48.646  9.047 0.2000000030
17665  -39.036  -44.197  9.972 0.1000000015
16258  -39.565  -46.050  9.970 0.1000000015
15608  -39.627  -47.484  9.317 0.1000000015
114234  -39.435  -48.031  8.854 0.1000000015
17664  -38.673  -44.602  9.423 0.1000000015
16933  -38.556  -45.269  9.074 0.1000000015
15624  -38.970  -47.556  8.733 0.1000000015
17683  -38.440  -44.494  8.679 0.1000000015
16953  -38.370  -45.192  8.106 0.1000000015
18483  -38.382  -43.043  7.458 0.1000000015
20048  -38.517  -41.613  7.221 0.1000000015
9931  -47.370  -56.569  13.157 0.3000000119
9945  -47.558  -56.370  12.324 0.3000000119
10547  -44.672  -55.437  11.704 0.3000000119
10548  -45.522  -55.830  11.476 0.3000000119
9954  -46.612  -56.101  11.389 0.3000000119
9955  -48.106  -56.105  11.616 0.3000000119
110497  -44.197  -54.555  10.263 0.3000000119
10567  -45.116  -54.956  9.959 0.3000000119
111673  -46.979  -55.839  10.596 0.5000000000
119823  -47.220  -55.460  9.974 0.5000000000
13538  -44.211  -50.923  9.463 0.4000000060
12319  -44.427  -52.506  8.551 0.5000000000
11187  -44.936  -53.774  8.779 0.4000000060
11188  -45.523  -53.771  8.569 0.4000000060
11171  -46.763  -54.895  9.319 0.5000000000
120564  -48.849  -48.388  14.050 0.4000000060
14195  -49.572  -49.990  13.058 0.4000000060
13524  -48.597  -50.360  12.491 0.5000000000
109297  -47.108  -49.958  11.177 0.5000000000
16185  -46.818  -46.749  14.024 0.4000000060
16199  -47.418  -47.220  13.710 0.4000000060
14893  -49.315  -49.191  13.290 0.5000000000
16871  -46.006  -45.997  13.847 0.4000000060
16870  -45.358  -45.165  13.820 0.3000000119
16885  -45.460  -45.515  13.334 0.3000000119
16884  -44.769  -45.481  12.641 0.3000000119
117433  -44.652  -44.744  12.707 0.3000000119
123032  -44.081  -44.400  12.382 0.1000000015
17638  -43.390  -43.977  12.033 0.1000000015
18429  -42.579  -43.538  11.674 0.1000000015
109480  -41.852  -44.272  11.454 0.2000000030
124183  -41.872  -43.579  11.450 0.2000000030
18428  -41.218  -43.600  11.167 0.2000000030
17635  -40.452  -44.067  10.801 0.1000000015
18442  -40.408  -43.176  10.796 0.1000000015
18441  -39.680  -43.674  10.427 0.1000000015
19239  -39.693  -42.743  10.351 0.1000000015
107330  -38.584  -43.843  9.264 0.1000000015
19253  -38.873  -42.007  9.098 0.1000000015
18458  -38.610  -42.862  9.040 0.1000000015
20039  -38.601  -41.597  7.977 0.1000000015
109091  -39.198  -40.379  7.967 0.1000000015
20785  -38.731  -40.932  7.579 0.1000000015
22206  -39.874  -38.986  7.347 0.1000000015
22225  -39.694  -38.813  6.521 0.1000000015
22957  -40.724  -37.503  6.453 0.1000000015
23694  -41.552  -36.608  5.537 0.1000000015
10532  -44.339  -55.396  13.275 0.3000000119
10517  -44.819  -55.865  13.965 0.2000000030
11154  -43.293  -54.455  11.747 0.3000000119
11756  -43.200  -52.957  9.834 0.4000000060
12305  -42.926  -52.025  10.030 0.3000000119
14165  -48.898  -49.820  14.463 0.3000000119
14183  -49.814  -50.210  13.952 0.3000000119
13514  -48.763  -50.692  13.174 0.4000000060
13521  -45.509  -49.861  11.168 0.4000000060
12842  -43.030  -51.172  10.448 0.3000000119
15531  -46.864  -47.361  14.362 0.3000000119
14873  -48.357  -48.878  14.514 0.3000000119
121469  -45.595  -49.836  11.931 0.4000000060
13528  -44.471  -50.067  10.644 0.4000000060
12837  -43.433  -50.332  11.099 0.3000000119
16856  -45.574  -45.618  14.079 0.3000000119
16184  -46.160  -46.412  14.203 0.3000000119
17581  -45.222  -44.971  14.036 0.3000000119
17601  -45.003  -44.519  13.750 0.3000000119
17615  -45.107  -44.677  13.293 0.3000000119
17614  -44.812  -44.026  12.868 0.2000000030
18405  -44.285  -43.561  12.426 0.1000000015
19229  -44.598  -41.938  12.093 0.1000000015
18430  -43.609  -43.109  11.922 0.1000000015
109294  -44.039  -41.506  11.462 0.1000000015
19984  -43.167  -41.696  11.362 0.1000000015
19983  -42.263  -41.926  11.275 0.1000000015
19226  -41.875  -42.858  11.385 0.2000000030
113033  -41.816  -41.390  10.808 0.2000000030
19241  -41.397  -42.084  11.082 0.2000000030
19240  -40.515  -42.191  10.701 0.1000000015
119761  -41.096  -41.546  10.705 0.1000000015
111495  -40.514  -41.315  10.266 0.1000000015
19996  -39.782  -41.857  10.113 0.1000000015
20019  -40.785  -40.626  9.708 0.1000000015
20018  -39.861  -41.052  9.561 0.1000000015
20031  -39.189  -41.331  9.007 0.1000000015
20765  -40.288  -40.269  8.982 0.1000000015
117658  -39.520  -40.641  8.711 0.1000000015
21499  -39.832  -39.910  8.319 0.1000000015
21512  -39.530  -39.700  7.614 0.1000000015
22207  -40.380  -38.177  7.064 0.1000000015
22945  -41.762  -37.553  7.357 0.1000000015
22958  -41.451  -37.133  6.723 0.1000000015
22944  -41.051  -37.590  7.128 0.1000000015
22972  -41.113  -36.943  5.961 0.1000000015
23695  -42.249  -36.347  5.604 0.1000000015
23684  -41.871  -36.681  6.217 0.1000000015
106200  -42.573  -36.070  5.009 0.1000000015
10502  -43.809  -55.494  14.952 0.2000000030
10503  -44.501  -55.921  14.726 0.2000000030
11112  -43.269  -54.792  14.204 0.2000000030
124084  -43.288  -54.574  12.688 0.3000000119
115602  -42.572  -54.227  13.871 0.2000000030
11140  -42.661  -54.093  12.461 0.3000000119
13495  -48.944  -50.723  13.820 0.3000000119
13513  -47.501  -50.402  12.844 0.3000000119
12304  -42.517  -51.912  10.810 0.3000000119
115373  -46.320  -47.967  14.640 0.3000000119
14872  -47.297  -48.363  14.553 0.3000000119
14164  -47.644  -49.381  14.538 0.3000000119
13493  -46.827  -50.038  13.426 0.3000000119
13512  -46.193  -49.958  12.644 0.3000000119
120558  -44.564  -49.809  11.528 0.3000000119
16183  -45.405  -46.225  14.366 0.3000000119
116477  -45.879  -47.091  14.526 0.3000000119
13492  -45.486  -49.743  13.239 0.3000000119
13510  -43.708  -49.956  12.128 0.3000000119
12836  -42.594  -51.150  11.353 0.2000000030
16855  -44.997  -45.392  14.285 0.2000000030
18387  -44.879  -43.961  13.368 0.3000000119
18406  -44.845  -43.195  12.967 0.2000000030
111090  -45.206  -40.994  11.138 0.1000000015
115994  -46.951  -40.865  11.052 0.1000000015
20002  -47.842  -40.959  10.770 0.1000000015
122739  -46.461  -40.697  10.481 0.1000000015
20730  -47.198  -40.643  10.185 0.1000000015
20003  -48.721  -41.234  10.429 0.1000000015
20004  -49.634  -41.529  10.107 0.1000000015
20000  -44.354  -41.003  11.017 0.1000000015
20729  -45.690  -40.721  10.392 0.1000000015
20731  -48.093  -40.762  9.891 0.1000000015
20020  -49.107  -41.032  9.469 0.1000000015
19999  -43.510  -41.058  10.948 0.1000000015
19998  -42.657  -41.207  10.888 0.1000000015
20725  -42.216  -40.820  10.273 0.1000000015
20766  -41.182  -40.041  9.089 0.1000000015
21500  -40.661  -39.469  8.421 0.1000000015
22191  -40.554  -38.754  7.790 0.1000000015
22209  -41.967  -38.228  7.840 0.1000000015
22208  -41.145  -38.076  7.654 0.1000000015
22959  -42.289  -37.094  6.863 0.1000000015
23685  -42.734  -36.703  6.240 0.1000000015
12271  -41.497  -52.125  15.069 0.2000000030
11727  -42.235  -53.722  13.189 0.2000000030
119042  -42.468  -53.616  11.678 0.3000000119
11746  -42.290  -52.761  11.266 0.3000000119
12818  -41.692  -51.374  14.558 0.2000000030
12280  -41.688  -52.209  14.086 0.2000000030
124488  -41.833  -53.022  12.821 0.2000000030
11736  -42.121  -53.388  12.312 0.3000000119
14871  -45.839  -48.574  14.581 0.3000000119
14163  -46.467  -49.249  14.414 0.3000000119
14181  -46.068  -49.564  13.912 0.3000000119
112337  -44.958  -47.036  14.594 0.3000000119
15530  -45.375  -47.829  14.648 0.3000000119
14162  -45.415  -49.056  14.269 0.3000000119
14180  -44.831  -49.373  13.758 0.3000000119
107694  -44.092  -49.755  13.111 0.3000000119
16854  -44.039  -45.229  14.486 0.2000000030
16182  -44.379  -46.224  14.529 0.3000000119
13509  -42.790  -50.552  12.029 0.2000000030
17580  -44.733  -44.550  14.175 0.2000000030
17600  -44.801  -44.042  13.776 0.3000000119
18386  -44.640  -43.448  13.551 0.2000000030
19207  -44.815  -42.266  12.823 0.2000000030
19970  -45.172  -41.699  12.548 0.2000000030
19986  -45.660  -41.279  12.086 0.1000000015
20746  -45.334  -40.640  9.512 0.1000000015
20747  -46.345  -40.603  9.582 0.1000000015
20748  -47.323  -40.603  9.292 0.1000000015
20727  -43.942  -40.755  10.268 0.1000000015
20745  -44.446  -40.647  9.431 0.1000000015
116858  -45.773  -40.632  8.696 0.1000000015
20771  -46.589  -40.596  8.597 0.1000000015
20726  -43.087  -40.756  10.243 0.1000000015
20769  -44.141  -40.524  8.587 0.1000000015
20770  -44.961  -40.634  8.654 0.1000000015
122567  -45.380  -40.629  8.068 0.1000000015
20744  -43.576  -40.588  9.384 0.1000000015
20788  -44.711  -40.524  7.815 0.1000000015
20787  -43.955  -40.326  7.976 0.1000000015
20743  -42.682  -40.485  9.490 0.1000000015
20742  -41.725  -40.477  9.656 0.1000000015
20767  -42.205  -40.089  8.964 0.1000000015
21515  -43.442  -39.847  7.829 0.1000000015
21501  -41.643  -39.491  8.567 0.1000000015
22192  -41.315  -38.773  8.097 0.1000000015
12805  -39.668  -51.250  15.166 0.3000000119
12807  -41.333  -50.997  14.939 0.3000000119
12808  -42.055  -50.577  14.480 0.3000000119
124807  -42.076  -51.017  14.124 0.2000000030
12819  -42.015  -51.476  13.649 0.2000000030
12828  -42.270  -51.386  12.462 0.2000000030
13490  -42.491  -50.716  13.530 0.3000000119
12297  -41.964  -52.532  12.134 0.2000000030
15529  -44.360  -47.818  14.647 0.3000000119
14869  -43.921  -48.547  14.478 0.3000000119
14161  -43.224  -49.209  14.390 0.3000000119
13491  -43.182  -50.029  13.537 0.3000000119
122982  -42.622  -50.766  12.681 0.2000000030
16181  -43.236  -45.990  14.568 0.2000000030
123527  -43.686  -47.465  14.625 0.3000000119
15528  -42.971  -47.450  14.604 0.3000000119
17579  -43.753  -44.390  14.419 0.2000000030
18364  -44.381  -43.820  14.133 0.2000000030
19187  -45.150  -41.847  13.310 0.2000000030
21516  -44.269  -40.108  7.276 0.1000000015
21502  -42.579  -39.636  8.311 0.1000000015
21514  -42.856  -38.829  7.734 0.1000000015
22193  -42.061  -38.961  8.152 0.1000000015
12804  -38.048  -50.849  14.854 0.1000000015
13468  -38.912  -50.620  14.608 0.2000000030
13469  -39.924  -50.651  14.827 0.3000000119
13470  -40.708  -50.380  14.824 0.3000000119
106365  -40.731  -49.504  14.532 0.3000000119
106711  -43.127  -48.609  14.563 0.3000000119
14868  -42.307  -48.906  14.581 0.3000000119
112394  -42.547  -46.729  14.560 0.3000000119
109534  -42.603  -48.120  14.581 0.3000000119
109527  -42.079  -45.921  14.525 0.2000000030
123443  -42.792  -45.032  14.529 0.2000000030
120239  -42.850  -44.198  14.419 0.1000000015
19162  -43.047  -42.912  14.099 0.1000000015
18385  -44.106  -43.076  13.989 0.2000000030
19186  -44.621  -42.417  13.439 0.3000000119
120903  -39.672  -49.927  14.416 0.3000000119
14867  -41.296  -48.801  14.486 0.3000000119
112395  -41.508  -46.715  14.433 0.3000000119
15527  -42.062  -47.446  14.524 0.3000000119
109535  -41.707  -48.153  14.510 0.3000000119
106752  -41.567  -45.142  14.405 0.2000000030
17577  -41.095  -44.542  14.261 0.1000000015
18362  -42.267  -43.533  14.217 0.1000000015
19185  -43.641  -42.271  13.838 0.1000000015
106786  -38.909  -48.947  14.045 0.3000000119
109537  -38.387  -48.129  13.929 0.2000000030
14866  -40.351  -48.613  14.267 0.3000000119
109536  -40.904  -48.148  14.353 0.3000000119
15525  -40.102  -47.696  14.073 0.3000000119
109528  -40.860  -45.885  14.318 0.2000000030
112396  -40.459  -46.790  14.183 0.3000000119
15526  -41.109  -47.491  14.366 0.3000000119
106459  -40.600  -45.041  14.244 0.2000000030
17576  -40.286  -44.322  14.148 0.1000000015
18360  -39.937  -43.573  14.089 0.1000000015
18361  -41.040  -43.778  14.119 0.1000000015
19160  -41.313  -42.972  13.967 0.1000000015
19161  -42.136  -42.781  13.996 0.1000000015
19184  -42.521  -42.174  13.807 0.1000000015
15524  -39.110  -47.599  13.841 0.2000000030
109529  -39.799  -46.078  14.078 0.2000000030
106460  -39.732  -44.843  14.138 0.1000000015
120483  -40.046  -45.455  14.152 0.2000000030
106397  -39.400  -44.142  14.175 0.1000000015
117531  -40.453  -43.083  13.998 0.1000000015
19183  -41.499  -42.230  13.783 0.1000000015
106669  -39.694  -42.807  14.202 0.1000000015
19159  -40.462  -42.319  13.916 0.1000000015
19947  -40.901  -41.673  13.753 0.1000000015
19948  -41.791  -41.371  13.621 0.1000000015
106094  -39.629  -42.038  14.389 0.1000000015
19927  -40.178  -41.487  14.049 0.1000000015
12328  -48.379  -52.137  7.336 0.4000000060
13564  -48.041  -50.433  7.695 0.5000000000
13551  -48.399  -49.443  7.929 0.5000000000
116992  -48.611  -51.083  7.255 0.6000000238
11195  -48.393  -53.122  7.697 0.5000000000
11775  -46.553  -53.443  8.079 0.4000000060
10592  -51.654  -54.576  9.076 0.5000000000
121380  -47.989  -53.696  8.109 0.4000000060
109159  -49.392  -51.906  7.153 0.5000000000
11197  -50.479  -54.091  9.036 0.5000000000
112474  -49.173  -52.716  7.485 0.6000000238
11784  -51.917  -53.458  8.233 0.5000000000
11198  -52.028  -54.216  8.752 0.3000000119
11216  -51.400  -54.272  6.302 0.5000000000
9382  -50.210  -56.596  9.442 0.5000000000
11777  -51.103  -53.841  8.947 0.5000000000
111217  -52.137  -53.431  7.870 0.4000000060
12939  -53.021  -51.545  3.805 0.5000000000
12936  -50.421  -51.276  2.728 0.4000000060
12955  -51.152  -51.780  1.848 0.4000000060
13638  -49.584  -50.892  3.702 0.4000000060
12917  -47.502  -51.139  3.867 0.4000000060
9328  -48.609  -57.505  13.830 0.2000000030
12325  -45.947  -52.053  7.820 0.5000000000
15561  -44.783  -47.134  11.094 0.3000000119
15626  -46.456  -47.705  8.695 0.4000000060
14965  -48.227  -48.275  7.785 0.5000000000
12868  -51.407  -51.722  7.141 0.6000000238
12329  -50.232  -52.692  7.607 0.6000000238
11783  -51.195  -53.381  8.341 0.5000000000
11199  -52.096  -53.854  8.542 0.5000000000
14964  -47.436  -48.198  7.474 0.4000000060
14258  -47.879  -49.052  6.594 0.5000000000
114188  -51.145  -50.961  6.297 0.6000000238
121638  -49.830  -50.735  6.413 0.5000000000
12882  -52.474  -51.447  6.538 0.5000000000
12869  -52.119  -51.933  7.154 0.5000000000
12883  -52.975  -51.541  6.049 0.5000000000
12331  -52.158  -52.760  7.526 0.5000000000
15625  -45.490  -47.904  8.826 0.4000000060
14977  -47.109  -48.610  6.745 0.5000000000
13598  -50.463  -50.679  5.624 0.4000000060
13601  -52.914  -50.954  4.799 0.5000000000
14932  -44.007  -47.957  8.901 0.4000000060
15612  -43.763  -47.742  9.568 0.3000000119
14962  -45.057  -48.533  7.696 0.5000000000
14257  -46.962  -49.040  6.000 0.5000000000
13621  -49.950  -50.692  4.680 0.4000000060
123387  -51.485  -50.911  4.156 0.5000000000
14256  -46.104  -48.917  6.394 0.5000000000
13620  -48.819  -50.574  4.634 0.4000000060
14243  -44.584  -48.954  7.089 0.4000000060
120538  -46.886  -49.548  5.498 0.4000000060
13619  -47.820  -50.518  4.551 0.4000000060
12858  -44.693  -51.847  8.528 0.5000000000
118076  -45.841  -53.336  8.132 0.4000000060
11191  -49.762  -54.473  9.237 0.5000000000
15565  -48.480  -48.484  12.542 0.5000000000
11190  -48.358  -54.325  8.633 0.5000000000
15583  -42.558  -47.264  10.295 0.3000000119
14931  -43.277  -47.977  8.994 0.3000000119
14961  -44.106  -48.638  7.726 0.3000000119
15582  -41.760  -47.125  10.253 0.2000000030
14930  -42.470  -48.048  9.183 0.3000000119
14229  -43.204  -48.809  7.865 0.3000000119
14929  -41.620  -48.093  9.389 0.2000000030
14254  -44.288  -49.464  6.545 0.4000000060
114821  -44.058  -50.045  6.126 0.4000000060
14227  -41.359  -49.251  8.472 0.2000000030
14241  -42.701  -49.448  7.500 0.3000000119
13562  -43.024  -49.930  6.908 0.2000000030
14942  -39.811  -48.642  8.704 0.2000000030
18478  -38.400  -43.617  8.257 0.1000000015
12848  -44.799  -51.170  8.916 0.4000000060
110863  -45.899  -50.105  9.940 0.4000000060
11774  -45.037  -53.139  8.299 0.5000000000
105431  -46.163  -55.277  9.866 0.4000000060
11776  -47.286  -53.900  8.314 0.5000000000
117228  -41.621  -45.884  10.939 0.2000000030
16914  -41.392  -45.054  11.148 0.2000000030
16236  -41.403  -46.551  10.533 0.2000000030
16259  -40.929  -46.957  10.147 0.2000000030
17636  -41.097  -44.395  11.079 0.2000000030
126002  -40.531  -45.490  10.644 0.1000000015
17651  -39.776  -44.579  10.425 0.1000000015
113074  -40.007  -46.837  9.893 0.2000000030
15609  -40.484  -47.497  9.685 0.2000000030
16934  -39.106  -45.163  9.910 0.1000000015
18459  -38.999  -43.276  9.899 0.1000000015
16257  -38.890  -45.904  9.437 0.1000000015
16272  -39.068  -46.761  9.286 0.1000000015
107805  -38.658  -46.999  8.528 0.1000000015
16271  -38.520  -46.154  8.579 0.1000000015
19276  -38.588  -42.193  8.432 0.1000000015
114268  -38.442  -42.796  8.182 0.1000000015
19282  -38.452  -42.273  7.689 0.1000000015
20786  -38.997  -40.238  7.181 0.1000000015
9930  -46.091  -56.274  13.127 0.3000000119
9944  -46.331  -56.227  12.235 0.3000000119
123911  -44.050  -55.079  11.949 0.3000000119
10518  -45.105  -55.903  13.175 0.3000000119
11155  -44.037  -54.923  11.189 0.3000000119
10557  -44.823  -55.284  10.819 0.3000000119
10534  -45.329  -55.909  12.337 0.3000000119
10558  -45.792  -55.607  10.617 0.3000000119
11169  -44.528  -54.147  9.401 0.3000000119
11773  -44.357  -53.316  8.833 0.3000000119
11168  -43.567  -53.868  10.109 0.3000000119
11765  -43.858  -53.523  9.450 0.3000000119
11170  -45.578  -54.456  9.167 0.3000000119
13529  -45.296  -50.074  10.323 0.4000000060
125968  -44.539  -50.391  9.977 0.4000000060
12846  -43.504  -51.417  9.696 0.4000000060
12847  -43.999  -51.767  8.954 0.4000000060
15541  -48.258  -47.825  14.016 0.4000000060
13523  -47.889  -50.343  12.179 0.4000000060
16186  -47.465  -47.380  14.126 0.4000000060
19227  -42.871  -42.543  11.595 0.1000000015
18443  -41.053  -42.779  11.075 0.1000000015
19254  -39.156  -42.397  9.733 0.1000000015
20017  -39.354  -41.715  9.540 0.1000000015
20764  -38.912  -41.047  8.327 0.1000000015
21513  -40.045  -39.303  7.950 0.1000000015
10516  -44.083  -55.363  14.068 0.2000000030
11126  -43.646  -54.909  13.351 0.2000000030
9901  -45.202  -56.416  14.681 0.2000000030
11747  -42.863  -53.591  10.765 0.3000000119
14182  -47.278  -49.943  14.121 0.3000000119
13522  -46.668  -50.029  11.846 0.4000000060
19228  -43.815  -42.243  11.754 0.1000000015
19206  -44.430  -42.709  12.335 0.1000000015
19985  -44.858  -41.396  11.694 0.1000000015
19997  -41.347  -40.957  10.310 0.1000000015
11111  -42.510  -54.391  14.674 0.2000000030
11125  -42.932  -54.400  13.283 0.2000000030
121414  -46.684  -48.721  14.584 0.3000000119
20001  -46.075  -40.931  11.187 0.1000000015
20728  -44.803  -40.750  10.341 0.1000000015
115625  -48.189  -40.657  9.035 0.1000000015
20774  -48.991  -40.655  8.492 0.1000000015
12794  -41.074  -51.732  15.438 0.2000000030
11726  -41.762  -53.027  13.604 0.2000000030
14870  -44.884  -48.480  14.472 0.3000000119
123188  -44.185  -47.085  14.621 0.3000000119
106607  -44.337  -48.997  14.219 0.3000000119
13473  -43.731  -49.526  13.898 0.3000000119
115460  -43.069  -50.311  12.840 0.3000000119
20773  -48.112  -40.511  8.351 0.1000000015
20768  -43.242  -40.271  8.608 0.1000000015
12806  -40.618  -51.114  15.217 0.3000000119
13471  -41.529  -50.154  14.690 0.3000000119
13472  -42.793  -49.968  14.140 0.3000000119
105881  -42.282  -49.755  14.485 0.3000000119
121790  -43.446  -48.036  14.624 0.3000000119
112393  -43.499  -46.827  14.609 0.3000000119
19971  -45.611  -41.603  13.123 0.2000000030
12791  -38.625  -51.495  15.254 0.1000000015
14158  -38.627  -49.633  14.236 0.2000000030
14160  -41.681  -49.449  14.594 0.3000000119
18363  -43.444  -43.650  14.286 0.1000000015
126430  -39.204  -49.413  14.202 0.3000000119
14159  -39.686  -49.142  14.226 0.3000000119
17578  -41.945  -44.377  14.365 0.1000000015
14865  -39.412  -48.370  13.986 0.3000000119
15523  -38.309  -46.950  13.898 0.2000000030
112397  -39.422  -46.858  13.904 0.2000000030
107358  -38.919  -44.697  14.187 0.1000000015
11205  -50.179  -55.368  6.696 0.3000000119
10001  -49.044  -55.796  6.644 0.3000000119
9411  -44.669  -57.575  6.513 0.2000000030
8818  -41.694  -57.895  6.212 0.2000000030
118299  -48.324  -56.704  6.954 0.4000000060
10000  -47.376  -56.759  6.724 0.3000000119
11215  -50.369  -54.664  5.873 0.4000000060
106119  -47.914  -55.934  6.436 0.3000000119
9412  -46.090  -57.591  6.774 0.3000000119
10609  -48.225  -55.071  5.957 0.4000000060
9999  -46.302  -56.704  6.507 0.3000000119
9997  -44.752  -57.038  6.045 0.2000000030
11230  -50.881  -54.023  5.028 0.4000000060
11214  -49.248  -54.851  5.833 0.4000000060
10607  -46.760  -55.253  5.672 0.4000000060
11824  -52.445  -53.146  3.865 0.4000000060
11213  -47.499  -54.788  5.326 0.4000000060
10011  -46.200  -55.823  6.005 0.3000000119
11823  -50.712  -53.801  3.731 0.4000000060
108016  -48.427  -54.497  4.987 0.4000000060
11227  -46.763  -54.822  4.725 0.3000000119
10010  -45.357  -56.311  5.851 0.4000000060
106876  -48.770  -54.156  3.842 0.4000000060
114429  -45.831  -55.381  5.155 0.3000000119
11848  -52.664  -52.525  3.258 0.4000000060
11822  -49.957  -53.937  3.109 0.4000000060
11228  -47.700  -54.481  4.301 0.4000000060
11847  -52.167  -52.825  2.640 0.4000000060
11243  -47.120  -54.803  3.682 0.3000000119
12956  -51.912  -51.968  2.042 0.4000000060
11845  -50.967  -53.600  2.262 0.4000000060
11244  -48.331  -54.609  3.273 0.4000000060
115800  -51.525  -53.048  1.836 0.4000000060
11263  -50.598  -54.147  1.373 0.4000000060
122885  -50.228  -54.666  1.517 0.4000000060
11245  -49.592  -54.366  2.598 0.4000000060
10633  -47.928  -55.259  2.776 0.3000000119
11867  -51.424  -52.932  1.251 0.4000000060
11262  -50.507  -54.732  0.630 0.4000000060
108676  -49.562  -55.088  1.852 0.4000000060
10646  -46.172  -56.292  2.655 0.2000000030
12410  -51.448  -52.480  1.437 0.3000000119
11866  -51.073  -53.430  0.983 0.4000000060
11886  -51.169  -53.030  0.919 0.4000000060
11885  -50.902  -53.533  0.556 0.4000000060
10649  -50.093  -55.598  0.376 0.4000000060
10647  -47.407  -56.122  2.394 0.2000000030
10056  -48.148  -57.051  1.462 0.2000000030
121930  -45.828  -57.254  2.222 0.3000000119
12954  -50.067  -51.657  2.043 0.3000000119
12409  -50.811  -52.353  1.344 0.3000000119
12418  -50.542  -52.981  0.882 0.3000000119
10069  -48.365  -57.951  0.628 0.2000000030
10660  -49.230  -56.743  0.536 0.2000000030
10068  -47.318  -58.419  1.281 0.2000000030
9463  -45.211  -57.982  1.838 0.2000000030
12390  -48.894  -51.800  2.406 0.3000000119
12408  -49.169  -52.706  1.472 0.3000000119
11279  -50.436  -54.616  -0.136 0.4000000060
10070  -49.019  -57.443  -0.004 0.1000000015
12934  -47.801  -51.730  3.063 0.3000000119
110148  -49.729  -54.074  -0.018 0.2000000030
11297  -49.395  -55.630  -0.510 0.2000000030
9478  -46.564  -59.784  0.876 0.1000000015
9462  -44.750  -58.376  1.374 0.2000000030
11864  -47.564  -53.480  1.620 0.2000000030
11883  -48.428  -54.010  0.569 0.2000000030
10675  -48.582  -56.038  -0.698 0.1000000015
9494  -48.418  -58.070  -0.252 0.1000000015
8879  -46.897  -60.508  0.173 0.1000000015
9477  -45.602  -59.348  1.022 0.1000000015
12933  -46.885  -51.814  3.513 0.2000000030
121367  -48.143  -52.259  2.406 0.3000000119
12407  -47.911  -52.853  2.018 0.3000000119
12898  -45.084  -50.932  5.043 0.2000000030
12372  -46.027  -52.039  3.893 0.1000000015
12389  -47.291  -52.346  2.825 0.3000000119
12406  -46.894  -52.994  2.475 0.2000000030
11296  -48.245  -55.333  -0.352 0.1000000015
9508  -48.411  -57.498  -0.637 0.1000000015
8896  -46.742  -60.630  -0.266 0.1000000015
8878  -46.075  -60.546  0.457 0.1000000015
12915  -45.571  -51.496  4.485 0.2000000030
12388  -46.422  -52.509  3.199 0.2000000030
11844  -46.000  -53.195  2.819 0.2000000030
11863  -46.533  -53.697  2.055 0.1000000015
11277  -47.668  -54.561  0.403 0.1000000015
10674  -47.344  -55.901  -0.610 0.1000000015
10081  -46.759  -56.812  -0.883 0.1000000015
9506  -46.858  -59.643  -0.571 0.1000000015
116485  -45.151  -59.341  0.612 0.1000000015
9474  -42.561  -57.898  1.497 0.1000000015
12387  -45.597  -52.724  3.531 0.1000000015
11862  -45.510  -53.924  2.313 0.1000000015
10659  -46.600  -55.251  0.087 0.1000000015
109593  -46.215  -55.943  -0.609 0.1000000015
10080  -45.855  -57.731  -0.683 0.1000000015
9493  -45.194  -58.598  -0.106 0.1000000015
9475  -43.228  -57.700  1.374 0.1000000015
109911  -40.321  -59.733  1.472 0.1000000015
110142  -45.277  -54.558  1.637 0.1000000015
112734  -44.705  -56.316  -0.255 0.1000000015
110337  -42.636  -57.701  0.721 0.1000000015
8876  -41.433  -58.568  1.139 0.1000000015
19952  -45.513  -41.641  13.857 0.2000000030
13592  -43.773  -50.805  5.860 0.2000000030
12897  -44.252  -51.272  5.330 0.1000000015
12371  -45.195  -52.277  4.209 0.1000000015
12370  -44.353  -52.524  4.475 0.1000000015
12386  -44.791  -52.955  3.834 0.1000000015
11861  -44.762  -53.869  2.809 0.1000000015
11276  -45.438  -55.110  0.802 0.1000000015
8877  -42.030  -58.124  1.106 0.1000000015
9492  -44.561  -58.028  0.563 0.1000000015
122064  -45.032  -57.184  -0.361 0.1000000015
9998  -45.424  -57.218  6.449 0.3000000119
10598  -46.978  -55.903  6.303 0.3000000119
11229  -49.649  -54.188  4.639 0.4000000060
120240  -51.573  -53.676  4.189 0.4000000060
11846  -51.628  -53.367  3.031 0.4000000060
11280  -50.803  -54.045  0.370 0.4000000060
10648  -48.988  -56.034  1.614 0.2000000030
10055  -46.803  -57.146  1.992 0.2000000030
11884  -50.343  -53.722  0.324 0.3000000119
113309  -50.048  -55.338  -0.287 0.2000000030
10067  -46.159  -58.452  1.594 0.2000000030
11865  -48.860  -53.415  0.905 0.3000000119
10661  -49.560  -56.206  -0.186 0.2000000030
9480  -48.289  -58.511  0.143 0.1000000015
11278  -49.383  -54.752  -0.260 0.2000000030
10083  -49.031  -56.990  -0.509 0.1000000015
10082  -47.896  -56.555  -0.854 0.1000000015
8880  -47.587  -59.674  -0.089 0.1000000015
10093  -46.887  -58.312  -0.850 0.1000000015
9505  -46.173  -59.419  -0.578 0.1000000015
9476  -44.273  -58.026  1.072 0.1000000015
12914  -44.719  -51.751  4.757 0.1000000015
11843  -45.186  -53.382  3.154 0.1000000015
11261  -46.282  -54.445  1.309 0.1000000015
10658  -45.426  -55.753  -0.178 0.1000000015
116670  -40.898  -59.125  1.263 0.1000000015
11842  -44.408  -53.590  3.436 0.1000000015
8205  -47.545  -59.929  10.251 0.3000000119
8216  -48.017  -59.980  9.440 0.2000000030
8215  -47.528  -60.093  9.487 0.3000000119
8225  -47.785  -60.210  8.739 0.2000000030
9352  -50.080  -57.026  11.848 0.4000000060
8769  -49.103  -58.133  10.929 0.2000000030
8778  -48.633  -58.858  9.710 0.3000000119
8214  -47.303  -60.156  9.235 0.2000000030
124742  -50.872  -56.131  10.827 0.4000000060
116391  -48.581  -58.900  8.768 0.2000000030
8789  -47.817  -60.041  8.115 0.2000000030
8768  -46.086  -59.421  9.492 0.1000000015
8788  -47.282  -59.838  7.835 0.2000000030
108191  -45.732  -58.841  8.670 0.1000000015
9381  -48.909  -57.754  8.620 0.3000000119
8777  -44.996  -58.784  9.541 0.1000000015
8803  -47.626  -59.468  7.612 0.2000000030
119641  -44.635  -58.230  8.660 0.1000000015
9380  -44.178  -57.828  7.920 0.1000000015
107925  -46.429  -59.127  7.851 0.1000000015
8787  -45.289  -58.329  7.752 0.1000000015
9393  -41.667  -57.395  7.668 0.1000000015
9379  -43.276  -57.574  8.141 0.1000000015
9407  -40.285  -57.639  6.836 0.1000000015
9394  -42.654  -57.497  7.478 0.1000000015
9984  -49.667  -56.706  8.423 0.3000000119
9400  -48.081  -58.506  7.522 0.2000000030
9399  -47.322  -58.591  7.183 0.2000000030
8801  -46.142  -58.570  7.389 0.2000000030
116554  -41.213  -57.550  6.892 0.1000000015
9406  -39.375  -57.750  6.716 0.1000000015
9992  -50.321  -56.122  8.300 0.2000000030
9414  -47.770  -57.653  7.101 0.2000000030
9397  -45.481  -58.012  6.950 0.2000000030
9395  -43.603  -57.666  7.244 0.1000000015
8816  -39.072  -58.356  6.172 0.1000000015
9991  -49.307  -56.475  7.449 0.3000000119
11206  -51.674  -54.739  8.177 0.2000000030
9396  -44.525  -57.884  7.095 0.1000000015
8817  -39.993  -58.227  6.190 0.1000000015
9408  -42.123  -57.591  6.798 0.1000000015
9410  -43.880  -57.646  6.500 0.1000000015
8264  -38.348  -59.759  5.483 0.1000000015
10599  -50.206  -55.865  7.534 0.2000000030
8819  -42.439  -57.918  5.956 0.1000000015
107308  -43.257  -57.628  5.845 0.1000000015
8265  -39.444  -59.871  5.463 0.1000000015
8827  -40.652  -58.785  5.631 0.1000000015
106050  -51.139  -54.911  7.050 0.2000000030
125710  -41.889  -58.023  5.758 0.1000000015
9421  -43.489  -57.064  5.191 0.1000000015
7250  -37.887  -61.937  5.419 0.1000000015
7756  -39.025  -60.827  5.397 0.1000000015
8828  -41.424  -58.405  5.612 0.1000000015
8829  -41.980  -58.094  5.354 0.1000000015
7757  -40.276  -60.799  5.348 0.1000000015
9361  -49.626  -57.508  10.565 0.3000000119
116845  -49.066  -57.966  9.518 0.2000000030
115470  -48.623  -57.352  7.541 0.3000000119
9409  -43.028  -57.660  6.586 0.1000000015
8826  -39.734  -58.996  5.686 0.1000000015
9398  -46.475  -58.324  7.090 0.2000000030
8804  -48.179  -59.357  8.064 0.2000000030
114464  -37.990  -61.273  5.385 0.1000000015
8266  -40.540  -59.850  5.327 0.1000000015
124668  -37.298  -61.579  5.398 0.1000000015
10009  -44.351  -56.550  5.334 0.2000000030
8274  -41.205  -59.385  4.667 0.1000000015
7767  -40.930  -60.835  4.957 0.1000000015
6239  -39.819  -63.743  4.812 0.1000000015
10022  -43.813  -56.590  4.527 0.2000000030
8837  -41.989  -58.053  4.542 0.2000000030
7258  -40.647  -61.422  4.809 0.2000000030
9433  -42.507  -57.568  4.021 0.1000000015
6773  -40.089  -62.733  4.716 0.1000000015
111024  -40.911  -60.064  4.387 0.2000000030
115309  -42.052  -58.140  3.611 0.1000000015
10023  -44.415  -56.117  4.492 0.2000000030
10035  -43.609  -56.824  3.707 0.1000000015
7264  -40.244  -61.915  4.409 0.1000000015
8283  -41.173  -59.370  3.594 0.1000000015
10620  -45.296  -55.581  4.249 0.2000000030
10630  -44.720  -56.009  3.704 0.2000000030
10036  -44.234  -56.758  3.202 0.1000000015
9447  -42.652  -57.882  3.125 0.1000000015
10053  -43.665  -57.395  2.837 0.1000000015
10621  -46.124  -55.159  4.012 0.2000000030
10631  -45.628  -55.791  3.387 0.2000000030
117268  -43.161  -57.689  2.677 0.1000000015
10037  -45.109  -56.709  2.748 0.1000000015
10632  -46.655  -55.496  3.161 0.2000000030
10054  -44.405  -57.605  2.303 0.1000000015
8849  -41.715  -58.731  3.156 0.1000000015
8761  -49.001  -58.279  11.926 0.2000000030
8204  -47.074  -60.108  10.390 0.1000000015
9912  -45.694  -56.358  13.972 0.2000000030
113024  -46.071  -56.989  14.849 0.1000000015
10486  -42.857  -55.363  16.202 0.1000000015
10487  -43.547  -55.842  15.982 0.1000000015
11717  -42.071  -53.696  14.143 0.1000000015
11099  -43.065  -55.074  15.261 0.1000000015
12263  -40.628  -52.417  15.914 0.2000000030
11084  -41.429  -54.797  17.030 0.1000000015
12793  -40.313  -51.776  15.584 0.2000000030
12264  -41.185  -52.565  15.740 0.1000000015
119423  -41.476  -52.974  15.309 0.1000000015
11097  -41.798  -54.207  16.176 0.1000000015
11098  -42.421  -54.605  15.664 0.1000000015
11085  -42.199  -55.014  16.608 0.1000000015
8756  -49.065  -58.169  13.024 0.2000000030
9913  -46.909  -56.845  14.138 0.1000000015
11708  -41.886  -53.767  15.169 0.1000000015
11716  -41.657  -52.998  14.548 0.1000000015
10473  -42.522  -55.860  16.959 0.1000000015
10472  -41.751  -55.710  17.408 0.1000000015
11706  -40.834  -53.130  16.300 0.1000000015
8755  -48.178  -59.064  12.310 0.1000000015
8197  -47.872  -59.453  11.260 0.1000000015
14863  -37.507  -48.504  14.268 0.1000000015
14157  -37.660  -49.339  14.330 0.1000000015
13466  -37.051  -49.822  14.711 0.1000000015
13457  -37.288  -50.575  14.967 0.1000000015
14864  -38.207  -48.916  14.096 0.1000000015
14862  -36.733  -48.120  14.840 0.1000000015
14143  -36.359  -48.780  15.211 0.1000000015
111965  -36.371  -49.493  15.186 0.1000000015
14131  -35.603  -49.817  16.388 0.1000000015
13456  -36.552  -50.272  15.247 0.1000000015
13443  -35.706  -50.593  16.255 0.1000000015
15522  -37.446  -47.574  14.270 0.1000000015
14821  -35.568  -49.087  17.801 0.1000000015
15511  -36.543  -47.664  15.473 0.1000000015
14852  -36.271  -48.241  15.684 0.1000000015
14132  -35.864  -49.090  15.968 0.1000000015
124391  -35.641  -49.345  16.585 0.1000000015
13455  -35.931  -49.992  15.719 0.1000000015
109084  -35.304  -50.321  16.928 0.1000000015
110057  -38.821  -46.069  13.945 0.1000000015
14842  -36.099  -48.248  16.632 0.1000000015
14834  -35.725  -48.906  16.959 0.1000000015
121227  -36.653  -47.156  15.750 0.1000000015
122974  -36.827  -47.223  14.993 0.1000000015
114804  -37.366  -46.610  14.484 0.1000000015
19973  -47.059  -41.575  12.860 0.1000000015
110774  -37.379  -45.748  14.930 0.1000000015
16853  -39.266  -45.398  14.055 0.1000000015
19951  -44.925  -41.601  13.782 0.1000000015
19972  -46.204  -41.476  12.796 0.1000000015
19209  -48.622  -42.375  12.775 0.1000000015
118255  -36.427  -47.610  16.217 0.1000000015
14835  -36.113  -48.299  17.712 0.1000000015
12790  -37.570  -51.320  15.347 0.1000000015
13467  -37.901  -50.164  14.501 0.1000000015
14156  -36.868  -49.001  14.661 0.1000000015
12789  -36.762  -51.021  15.528 0.1000000015
13444  -36.195  -50.665  15.748 0.1000000015
19954  -47.020  -42.093  13.918 0.1000000015
19974  -48.077  -41.731  12.302 0.1000000015
13576  -42.571  -50.725  6.739 0.1000000015
13561  -42.177  -50.235  7.295 0.1000000015
8754  -44.629  -59.679  12.814 0.1000000015
8760  -44.676  -59.618  11.911 0.1000000015
8202  -45.539  -60.108  11.621 0.1000000015
117955  -43.442  -58.153  13.023 0.1000000015
121668  -43.211  -57.813  11.993 0.1000000015
9344  -43.509  -58.226  11.470 0.1000000015
8193  -45.447  -60.333  12.543 0.1000000015
113735  -42.268  -56.761  12.355 0.1000000015
110105  -44.103  -58.981  13.123 0.1000000015
10531  -41.286  -55.720  12.182 0.1000000015
9928  -41.784  -56.334  12.706 0.1000000015
9325  -42.843  -57.542  13.389 0.1000000015
11139  -40.156  -54.839  12.283 0.1000000015
9929  -42.331  -56.923  13.137 0.1000000015
6617  -37.228  -63.221  17.440 0.1000000015
6616  -36.628  -62.580  16.876 0.1000000015
6636  -37.392  -62.157  14.798 0.1000000015
7171  -37.831  -61.878  13.801 0.1000000015
7180  -37.296  -61.191  13.516 0.1000000015
7699  -36.779  -60.535  13.204 0.1000000015
8194  -46.160  -60.574  12.220 0.1000000015
7700  -37.593  -61.122  12.621 0.1000000015
8177  -36.237  -59.880  12.862 0.1000000015
11153  -39.916  -54.672  11.756 0.1000000015
118275  -38.777  -54.357  12.000 0.1000000015
8203  -46.648  -59.952  10.080 0.1000000015
7714  -37.746  -61.286  11.592 0.1000000015
8186  -36.319  -59.802  12.080 0.1000000015
9342  -35.190  -57.560  11.420 0.1000000015
11150  -37.700  -54.674  11.270 0.1000000015
11135  -37.066  -54.697  11.889 0.1000000015
11136  -37.956  -54.430  12.130 0.1000000015
10515  -41.221  -55.835  13.186 0.1000000015
7198  -38.532  -62.228  10.887 0.1000000015
8758  -35.313  -58.390  11.428 0.1000000015
10543  -36.322  -55.161  11.762 0.1000000015
6625  -36.933  -62.453  15.837 0.1000000015
7161  -36.487  -61.728  15.352 0.1000000015
8187  -45.334  -60.225  13.482 0.1000000015
8188  -46.066  -60.619  13.192 0.1000000015
8189  -46.586  -60.347  12.871 0.1000000015
7170  -36.886  -61.444  14.407 0.1000000015
7691  -36.419  -60.785  14.034 0.1000000015
107468  -46.392  -60.211  11.192 0.1000000015
8752  -35.216  -58.282  12.103 0.1000000015
9941  -35.252  -56.616  11.726 0.1000000015
11124  -40.006  -54.914  13.037 0.1000000015
8751  -34.894  -57.293  12.163 0.1000000015
120600  -35.247  -56.144  12.155 0.1000000015
10542  -35.624  -55.780  11.821 0.1000000015
11137  -38.653  -54.410  12.676 0.1000000015
7141  -35.982  -62.038  17.339 0.1000000015
7140  -35.366  -61.442  17.835 0.1000000015
7131  -35.655  -61.498  18.748 0.1000000015
8179  -45.948  -60.253  14.151 0.1000000015
7151  -36.153  -61.954  16.331 0.1000000015
7160  -35.717  -61.350  15.828 0.1000000015
8745  -43.919  -58.833  13.956 0.1000000015
8181  -47.458  -59.695  13.609 0.1000000015
7169  -36.020  -61.117  14.896 0.1000000015
9326  -43.226  -58.115  14.143 0.1000000015
105701  -35.904  -60.118  13.653 0.1000000015
8176  -35.423  -59.357  13.270 0.1000000015
8185  -35.653  -59.189  12.498 0.1000000015
8744  -35.010  -58.567  12.878 0.1000000015
10529  -35.881  -55.178  12.455 0.1000000015
109894  -37.127  -54.504  12.827 0.1000000015
125717  -34.753  -57.831  12.618 0.1000000015
9927  -34.885  -56.455  12.540 0.1000000015
7651  -35.063  -60.926  18.575 0.1000000015
8178  -45.140  -59.946  14.408 0.1000000015
115376  -34.764  -60.869  17.888 0.1000000015
8135  -34.078  -59.695  18.751 0.1000000015
8126  -34.320  -59.521  19.578 0.1000000015
9911  -42.433  -57.352  14.251 0.1000000015
8168  -45.717  -59.832  14.953 0.1000000015
7673  -35.024  -60.924  16.274 0.1000000015
7664  -34.850  -60.985  17.163 0.1000000015
9910  -41.767  -56.509  13.708 0.1000000015
8195  -46.694  -60.160  11.672 0.1000000015
7681  -35.264  -60.742  15.381 0.1000000015
11122  -38.495  -54.598  13.467 0.1000000015
10514  -40.512  -55.470  13.645 0.1000000015
7690  -35.542  -60.454  14.506 0.1000000015
10512  -35.508  -55.237  13.186 0.1000000015
8175  -34.601  -58.789  13.620 0.1000000015
8743  -34.378  -57.944  13.229 0.1000000015
7650  -34.443  -60.352  18.316 0.1000000015
7663  -34.335  -60.378  17.507 0.1000000015
10501  -41.093  -56.082  14.258 0.1000000015
112196  -48.272  -58.907  13.282 0.1000000015
112793  -36.234  -54.778  13.087 0.1000000015
11110  -39.042  -54.881  13.990 0.1000000015
7689  -34.732  -60.139  14.997 0.1000000015
8167  -34.921  -59.660  14.157 0.1000000015
9900  -41.656  -56.847  14.800 0.1000000015
8728  -43.122  -58.684  15.779 0.1000000015
10500  -40.219  -55.823  14.792 0.1000000015
7672  -34.409  -60.380  16.676 0.1000000015
11121  -37.655  -54.592  13.675 0.1000000015
11109  -38.363  -54.932  14.367 0.1000000015
7680  -34.559  -60.313  15.826 0.1000000015
9908  -34.508  -56.504  13.256 0.1000000015
9909  -34.879  -55.828  13.216 0.1000000015
8727  -33.928  -58.140  13.991 0.1000000015
9307  -34.095  -57.125  13.734 0.1000000015
8166  -34.119  -58.946  14.402 0.1000000015
9308  -42.106  -57.713  15.460 0.1000000015
9296  -42.528  -58.375  16.067 0.1000000015
10499  -39.176  -55.436  14.878 0.1000000015
108996  -33.837  -59.789  17.041 0.1000000015
10511  -35.054  -55.352  13.932 0.1000000015
11119  -35.820  -54.916  13.910 0.1000000015
10510  -34.398  -56.059  13.965 0.1000000015
126283  -34.299  -59.530  14.827 0.1000000015
9295  -41.757  -57.880  16.509 0.1000000015
126214  -40.232  -56.340  15.590 0.1000000015
11108  -37.388  -54.947  14.817 0.1000000015
10498  -38.273  -55.392  15.401 0.1000000015
8144  -33.856  -59.781  17.904 0.1000000015
9306  -33.669  -57.512  14.536 0.1000000015
8158  -33.649  -59.266  15.806 0.1000000015
9284  -41.180  -57.655  17.102 0.1000000015
8151  -33.957  -59.784  16.219 0.1000000015
7643  -34.786  -60.297  19.227 0.1000000015
8679  -34.930  -58.880  21.074 0.1000000015
8119  -34.586  -59.236  20.356 0.1000000015
8127  -34.935  -59.959  20.076 0.1000000015
7706  -36.967  -60.487  12.349 0.1000000015
8192  -35.668  -59.105  11.656 0.1000000015
108689  -35.649  -56.257  11.192 0.1000000015
10551  -36.123  -55.686  11.082 0.1000000015
10553  -37.606  -54.967  10.634 0.1000000015
11123  -39.255  -54.676  13.243 0.1000000015
7150  -35.473  -61.503  16.792 0.1000000015
9324  -34.501  -57.180  12.884 0.1000000015
10513  -39.729  -55.158  13.927 0.1000000015
9899  -40.854  -56.602  15.419 0.1000000015
11120  -36.712  -54.675  13.800 0.1000000015
107621  -41.442  -57.313  15.753 0.1000000015
8120  -35.256  -59.627  20.790 0.1000000015
114330  -33.196  -73.216  6.930 0.1000000015
2939  -30.897  -70.783  2.994 0.1000000015
2534  -31.322  -70.984  3.650 0.1000000015
2535  -32.143  -71.058  3.495 0.1000000015
116930  -32.629  -71.540  3.946 0.1000000015
2135  -31.480  -72.602  5.504 0.1000000015
2954  -31.308  -70.683  2.091 0.1000000015
2583  -30.542  -71.399  0.709 0.1000000015
2584  -31.623  -71.454  0.264 0.1000000015
1794  -34.155  -73.378  6.563 0.1000000015
1782  -34.923  -73.385  7.383 0.1000000015
1770  -34.198  -73.048  8.343 0.1000000015
2138  -34.368  -73.476  5.523 0.1000000015
2524  -32.630  -71.982  4.666 0.1000000015
2148  -32.641  -72.461  5.348 0.1000000015
2137  -33.287  -72.929  5.917 0.1000000015
2126  -33.346  -73.293  8.139 0.1000000015
2941  -32.334  -70.965  2.754 0.1000000015
2517  -31.936  -72.145  5.099 0.1000000015
2147  -31.195  -71.899  4.834 0.1000000015
2955  -32.039  -70.743  2.237 0.1000000015
2976  -32.098  -70.927  0.777 0.1000000015
2585  -32.664  -71.466  0.320 0.1000000015
2598  -32.351  -72.102  -0.365 0.1000000015
4137  -32.670  -67.215  5.508 0.1000000015
3277  -32.523  -69.361  6.433 0.1000000015
3685  -33.004  -68.046  5.650 0.1000000015
1771  -35.690  -73.162  7.864 0.1000000015
2106  -35.191  -72.566  8.432 0.1000000015
2105  -34.542  -72.310  8.768 0.1000000015
2896  -33.920  -71.148  8.189 0.1000000015
2907  -33.362  -70.092  7.089 0.1000000015
1783  -35.991  -73.829  6.903 0.1000000015
2491  -33.890  -71.992  9.035 0.1000000015
1795  -35.292  -73.963  6.204 0.1000000015
1760  -34.318  -72.714  8.704 0.1000000015
2150  -34.439  -73.399  4.423 0.1000000015
2967  -32.059  -70.755  1.464 0.1000000015
4634  -33.450  -66.679  5.292 0.1000000015
3679  -32.794  -68.682  5.944 0.1000000015
5199  -33.485  -65.705  5.274 0.1000000015
2897  -35.064  -71.208  8.050 0.1000000015
2908  -35.299  -70.505  7.285 0.1000000015
111202  -34.389  -70.503  7.450 0.1000000015
2503  -35.800  -71.905  8.427 0.1000000015
2116  -36.118  -72.522  8.182 0.1000000015
2525  -33.521  -72.318  3.950 0.1000000015
2161  -34.082  -72.612  2.846 0.1000000015
2536  -33.055  -71.535  3.043 0.1000000015
2552  -33.766  -72.044  2.073 0.1000000015
2572  -33.627  -71.777  1.277 0.1000000015
1803  -35.519  -74.256  4.897 0.1000000015
3684  -32.283  -68.000  5.769 0.1000000015
3680  -33.798  -68.604  5.916 0.1000000015
1772  -36.474  -73.261  7.374 0.1000000015
1784  -36.465  -73.740  6.540 0.1000000015
105855  -31.980  -68.680  6.065 0.1000000015
1805  -36.528  -74.029  4.637 0.1000000015
2527  -36.675  -72.474  5.181 0.1000000015
2924  -35.991  -71.135  4.369 0.1000000015
3278  -34.389  -69.669  6.647 0.1000000015
2898  -36.038  -71.316  7.816 0.1000000015
2504  -36.586  -72.052  8.006 0.1000000015
107081  -36.950  -72.527  6.367 0.1000000015
2910  -36.545  -70.949  6.648 0.1000000015
2139  -36.793  -73.425  5.565 0.1000000015
2909  -36.157  -70.635  7.100 0.1000000015
3279  -35.553  -69.894  6.575 0.1000000015
3280  -36.218  -70.181  6.370 0.1000000015
2512  -36.897  -72.331  7.307 0.1000000015
2526  -36.210  -72.262  3.947 0.1000000015
111430  -36.639  -71.456  5.891 0.1000000015
2117  -36.677  -72.653  7.607 0.1000000015
2127  -36.819  -73.220  6.743 0.1000000015
2149  -33.454  -72.683  4.996 0.1000000015
2151  -36.624  -73.493  4.289 0.1000000015
2492  -34.807  -71.881  8.684 0.1000000015
2493  -35.328  -72.235  8.576 0.1000000015
2551  -32.778  -71.208  1.981 0.1000000015
2899  -36.631  -71.496  7.395 0.1000000015
2940  -31.668  -70.758  2.898 0.1000000015
2953  -30.553  -70.905  2.405 0.1000000015
4138  -33.606  -67.635  5.474 0.1000000015
4253  -42.522  -67.593  -3.549 0.1000000015
4722  -42.192  -66.281  -1.235 0.1000000015
4735  -43.060  -66.164  -2.745 0.1000000015
4746  -43.245  -66.316  -3.526 0.1000000015
5292  -42.322  -65.868  -1.559 0.1000000015
5318  -42.442  -65.753  -3.758 0.1000000015
5333  -42.937  -65.904  -4.855 0.1000000015
5346  -41.408  -65.222  -5.248 0.1000000015
5827  -39.231  -64.701  -3.326 0.1000000015
5854  -39.490  -64.518  -5.326 0.1000000015
5865  -38.834  -64.033  -5.858 0.1000000015
6323  -38.302  -63.605  -3.622 0.1000000015
6336  -37.776  -63.040  -5.025 0.1000000015
6360  -39.179  -63.703  -6.885 0.1000000015
6752  -37.070  -62.272  5.359 0.1000000015
7338  -39.614  -61.712  -1.473 0.1000000015
7372  -38.167  -61.576  -4.265 0.1000000015
7378  -37.652  -61.644  -5.707 0.1000000015
7775  -40.559  -60.674  3.955 0.1000000015
7824  -40.299  -60.626  -0.909 0.1000000015
8159  -34.123  -59.701  15.470 0.1000000015
8165  -33.763  -59.073  15.160 0.1000000015
8169  -46.574  -59.819  14.789 0.1000000015
8180  -46.686  -60.231  13.901 0.1000000015
8190  -47.345  -59.761  12.569 0.1000000015
8196  -47.342  -59.774  11.706 0.1000000015
8206  -48.298  -59.170  10.548 0.2000000030
8213  -46.782  -59.806  8.581 0.2000000030
8224  -47.555  -60.122  8.411 0.2000000030
8327  -46.667  -60.520  -0.360 0.1000000015
8328  -46.810  -60.588  -0.343 0.1000000015
8372  -39.844  -60.231  -3.602 0.1000000015
8746  -44.558  -59.589  13.740 0.1000000015
8753  -43.929  -58.747  12.206 0.1000000015
8790  -48.174  -59.856  8.633 0.2000000030
8802  -46.925  -59.175  7.344 0.2000000030
8850  -42.231  -58.250  2.758 0.1000000015
8895  -45.818  -60.422  -0.229 0.1000000015
8897  -46.871  -60.569  -0.279 0.1000000015
9285  -42.418  -58.153  16.565 0.1000000015
9339  -42.750  -57.362  12.559 0.1000000015
9362  -50.157  -56.884  10.108 0.5000000000
9413  -46.891  -57.635  6.885 0.2000000030
9422  -44.053  -57.355  5.926 0.1000000015
9434  -43.133  -57.071  4.347 0.2000000030
9448  -43.068  -57.377  3.442 0.1000000015
9479  -47.532  -59.328  0.510 0.1000000015
9507  -47.651  -58.738  -0.550 0.1000000015
9576  -44.933  -58.590  -6.141 0.1000000015
9967  -50.896  -55.819  11.145 0.5000000000
10094  -47.851  -57.407  -0.941 0.1000000015
10095  -48.620  -56.746  -0.742 0.1000000015
10157  -45.148  -57.790  -6.336 0.1000000015
10528  -35.302  -55.740  12.552 0.1000000015
10530  -40.637  -55.303  12.663 0.1000000015
10533  -44.538  -55.449  12.508 0.3000000119
10544  -36.886  -55.072  10.989 0.1000000015
10570  -51.195  -55.177  10.385 0.5000000000
10591  -51.169  -55.436  8.809 0.3000000119
10600  -51.139  -55.318  7.881 0.2000000030
10606  -44.945  -55.843  4.959 0.3000000119
10608  -47.453  -55.316  6.006 0.4000000060
10673  -45.553  -56.503  -0.635 0.1000000015
10676  -49.182  -56.265  -0.576 0.1000000015
11138  -39.464  -54.531  12.355 0.1000000015
11141  -43.847  -54.997  12.591 0.3000000119
11342  -40.294  -54.613  -3.983 0.1000000015
11755  -42.674  -52.659  10.494 0.3000000119
11780  -46.263  -52.809  7.769 0.4000000060
11781  -47.207  -53.090  7.784 0.4000000060
11802  -52.594  -53.164  6.093 0.5000000000
11868  -51.759  -52.547  1.858 0.4000000060
11882  -47.230  -54.037  1.294 0.1000000015
11916  -39.315  -53.902  -2.086 0.1000000015
12288  -41.851  -52.265  13.093 0.2000000030
12310  -43.790  -52.708  9.079 0.3000000119
12330  -51.488  -52.574  7.640 0.5000000000
12340  -52.578  -52.079  6.834 0.5000000000
12373  -53.270  -51.755  4.097 0.5000000000
12391  -52.305  -52.244  2.664 0.4000000060
12392  -52.928  -52.005  3.408 0.4000000060
12417  -39.220  -53.077  1.964 0.1000000015
12462  -41.122  -52.253  -4.005 0.1000000015
12859  -45.388  -51.542  8.376 0.5000000000
12900  -53.092  -51.155  5.346 0.5000000000
12920  -53.198  -51.312  4.493 0.5000000000
12975  -39.265  -50.927  0.737 0.1000000015
12982  -39.213  -51.594  -0.478 0.1000000015
12993  -40.954  -51.156  -2.939 0.1000000015
13474  -48.440  -50.309  14.218 0.3000000119
13475  -49.358  -50.456  14.060 0.3000000119
13476  -49.751  -50.385  13.897 0.3000000119
13494  -48.060  -50.521  13.669 0.3000000119
13496  -49.510  -50.590  13.697 0.4000000060
13511  -44.927  -49.782  12.437 0.3000000119
13515  -49.369  -50.493  13.140 0.4000000060
13516  -49.746  -50.371  13.760 0.3000000119
13530  -46.214  -49.914  10.821 0.4000000060
13537  -43.780  -50.633  10.144 0.3000000119
13539  -45.069  -50.503  9.564 0.4000000060
13581  -52.181  -51.012  6.201 0.5000000000
13600  -52.603  -50.895  5.480 0.5000000000
13622  -51.058  -50.746  4.737 0.5000000000
13692  -41.094  -50.326  -1.619 0.1000000015
14166  -49.634  -50.087  14.141 0.3000000119
14167  -49.707  -49.778  14.044 0.3000000119
14226  -40.365  -49.320  8.453 0.2000000030
14267  -46.208  -49.441  5.681 0.3000000119
14371  -48.111  -50.588  -4.713 0.1000000015
14874  -49.239  -49.354  14.269 0.3000000119
14883  -49.426  -48.975  13.993 0.4000000060
14894  -49.794  -49.851  13.792 0.3000000119
14978  -48.375  -48.878  7.436 0.5000000000
15532  -47.875  -47.992  14.334 0.3000000119
15533  -48.736  -48.515  14.212 0.4000000060
15552  -48.808  -48.394  13.636 0.5000000000
15627  -47.534  -47.607  8.593 0.4000000060
16913  -40.592  -44.934  10.783 0.2000000030
17092  -49.545  -45.615  -6.567 0.1000000015
17833  -49.415  -45.169  -7.153 0.1000000015
20944  -44.186  -40.942  -3.858 0.1000000015
23705  -43.372  -35.938  4.733 0.1000000015
107143  -40.634  -60.235  -0.041 0.1000000015
107734  -50.906  -54.516  9.711 0.5000000000
109018  -37.531  -61.997  -6.280 0.1000000015
111156  -48.084  -55.230  9.721 0.5000000000
113371  -47.010  -60.312  -0.336 0.1000000015
113561  -34.910  -72.922  8.205 0.1000000015
113782  -49.869  -52.241  1.592 0.3000000119
113913  -41.555  -58.676  4.089 0.1000000015
114630  -43.529  -54.337  10.783 0.3000000119
115068  -38.661  -58.304  -5.070 0.1000000015
115946  -30.627  -71.128  3.638 0.1000000015
116699  -43.412  -52.159  9.446 0.4000000060
116926  -37.957  -54.411  12.931 0.1000000015
119895  -33.341  -69.271  6.351 0.1000000015
120054  -42.223  -51.907  11.556 0.2000000030
120545  -39.962  -65.763  -1.096 0.1000000015
121661  -36.872  -71.751  6.819 0.1000000015
121881  -40.883  -58.021  6.200 0.1000000015
121969  -41.672  -58.347  1.706 0.1000000015
122054  -38.789  -41.629  8.573 0.1000000015
123100  -43.079  -56.008  16.594 0.1000000015
123467  -44.122  -56.374  3.915 0.1000000015
123489  -36.515  -54.803  12.404 0.1000000015
123704  -42.962  -39.141  -3.130 0.1000000015
123779  -46.750  -59.922  9.339 0.1000000015
124146  -42.703  -38.163  -2.726 0.1000000015
124200  -44.805  -55.808  4.358 0.2000000030
124758  -44.022  -54.059  9.777 0.3000000119
124859  -44.669  -46.570  -0.342 0.1000000015
124870  -42.099  -53.093  11.798 0.3000000119
125490  -41.434  -51.528  15.072 0.2000000030
126080  -33.969  -73.236  7.489 0.1000000015
