#!ascii label  , from subject sub-v1s17x0050265_ses-1 vox2ras=TkReg
957
51407  26.414  -9.491  50.791 0.0000000000
65073  39.843  3.533  31.955 0.0000000000
57770  31.234  -3.340  39.707 0.0000000000
50343  8.249  -10.712  59.068 0.0000000000
53354  22.006  -6.683  53.730 0.0000000000
62982  31.619  1.308  37.692 0.0000000000
53356  14.553  -7.713  54.179 0.0000000000
50375  12.411  -10.812  57.089 0.0000000000
52331  18.151  -8.760  54.091 0.0000000000
65055  44.571  3.405  33.110 0.0000000000
55511  24.342  -5.335  51.404 0.0000000000
54460  26.749  -6.116  46.861 0.0000000000
53386  29.196  -7.005  51.747 0.0000000000
68118  43.297  6.789  31.013 0.0000000000
66194  46.854  4.850  29.517 0.0000000000
65031  36.790  3.934  34.885 0.0000000000
61925  40.002  0.627  36.277 0.0000000000
60955  36.199  -0.423  35.768 0.0000000000
111190  34.489  -1.169  40.139 0.0000000000
49503  24.994  -12.243  54.830 0.0000000000
47470  7.268  -13.760  62.346 0.0000000000
47452  3.824  -14.033  64.145 0.0000000000
109994  2.208  -10.590  66.412 0.0000000000
52361  23.746  -9.255  52.384 0.0000000000
49505  20.911  -11.711  54.792 0.0000000000
56723  27.389  -5.380  42.153 0.0000000000
55633  32.234  -5.077  45.792 0.0000000000
69878  49.457  7.964  27.917 0.0000000000
65071  42.389  3.148  32.308 0.0000000000
65041  41.982  2.911  34.010 0.0000000000
54386  26.425  -6.953  51.528 0.0000000000
54405  26.535  -6.341  50.203 0.0000000000
52372  28.087  -8.651  50.795 0.0000000000
68110  39.576  6.320  32.823 0.0000000000
68981  41.497  7.611  32.571 0.0000000000
66184  41.658  4.994  30.759 0.0000000000
65101  43.420  3.937  30.701 0.0000000000
46382  0.532  -14.234  67.113 0.0000000000
63023  35.868  1.840  34.796 0.0000000000
63004  34.794  1.783  35.679 0.0000000000
59841  30.399  -1.445  38.188 0.0000000000
119349  32.927  -1.646  38.246 0.0000000000
58763  32.959  -1.998  39.895 0.0000000000
57745  34.043  -3.858  42.009 0.0000000000
50378  9.982  -10.739  57.503 0.0000000000
50342  11.756  -10.989  59.546 0.0000000000
48413  9.806  -12.336  59.545 0.0000000000
48377  9.322  -12.343  62.760 0.0000000000
114111  7.738  -12.421  60.422 0.0000000000
49355  4.849  -12.180  62.865 0.0000000000
110304  3.087  -12.464  65.488 0.0000000000
52344  22.560  -8.544  52.945 0.0000000000
50427  21.919  -10.670  51.804 0.0000000000
52364  20.466  -9.060  52.383 0.0000000000
121171  17.085  -9.183  56.456 0.0000000000
51359  18.754  -9.412  56.138 0.0000000000
55535  29.923  -5.189  49.092 0.0000000000
55636  29.794  -6.064  45.781 0.0000000000
64071  33.862  2.438  37.675 0.0000000000
62951  30.263  1.581  39.568 0.0000000000
60905  28.530  -1.081  39.493 0.0000000000
51347  15.341  -9.462  56.001 0.0000000000
51333  13.884  -9.574  57.581 0.0000000000
51364  13.015  -9.543  55.279 0.0000000000
52303  10.604  -8.935  56.485 0.0000000000
53298  9.231  -7.771  58.631 0.0000000000
53370  19.941  -7.194  52.568 0.0000000000
55488  18.017  -5.647  53.196 0.0000000000
52333  16.114  -8.561  53.849 0.0000000000
57657  24.937  -3.357  49.822 0.0000000000
56672  24.719  -4.920  46.266 0.0000000000
55560  25.263  -5.773  48.408 0.0000000000
110494  28.203  -5.479  49.314 0.0000000000
68998  47.735  7.298  30.287 0.0000000000
67154  45.061  5.451  30.398 0.0000000000
65098  45.851  3.741  30.828 0.0000000000
65059  38.004  3.567  32.558 0.0000000000
64110  39.793  1.974  33.680 0.0000000000
63038  37.818  1.561  33.851 0.0000000000
61945  38.402  -0.055  35.731 0.0000000000
59834  37.527  -1.095  38.274 0.0000000000
60944  33.411  -0.312  36.235 0.0000000000
59846  35.298  -1.319  37.592 0.0000000000
123035  25.995  -11.553  52.598 0.0000000000
51386  27.869  -10.203  52.664 0.0000000000
67129  38.765  6.287  35.028 0.0000000000
110213  7.271  -9.640  60.454 0.0000000000
48408  5.975  -12.488  61.081 0.0000000000
46476  5.047  -14.324  62.533 0.0000000000
45460  5.330  -15.243  65.419 0.0000000000
45463  2.997  -15.232  65.564 0.0000000000
47440  1.520  -13.675  65.497 0.0000000000
48349  -0.386  -12.256  65.591 0.0000000000
49263  -1.566  -10.836  66.817 0.0000000000
51396  25.041  -9.591  51.481 0.0000000000
49531  24.072  -11.513  51.891 0.0000000000
48443  22.703  -12.407  55.057 0.0000000000
51376  19.462  -9.480  54.078 0.0000000000
55707  29.588  -5.010  40.477 0.0000000000
54518  26.517  -6.391  44.599 0.0000000000
54532  29.365  -6.572  43.202 0.0000000000
112711  32.258  -5.354  42.691 0.0000000000
126776  29.254  -8.700  53.112 0.0000000000
69024  50.462  7.097  25.575 0.0000000000
67173  48.915  5.804  28.464 0.0000000000
67182  49.593  5.499  27.461 0.0000000000
65072  40.729  3.290  31.886 0.0000000000
65058  41.669  2.869  32.954 0.0000000000
64115  40.832  2.582  33.054 0.0000000000
52373  26.464  -8.659  50.758 0.0000000000
53401  26.894  -8.033  50.552 0.0000000000
51406  27.298  -9.297  50.672 0.0000000000
67148  39.555  5.114  32.018 0.0000000000
67147  40.299  5.321  31.583 0.0000000000
65090  40.546  3.867  31.576 0.0000000000
123114  41.782  4.132  30.826 0.0000000000
46383  -0.201  -14.036  66.677 0.0000000000
64090  35.869  3.020  36.829 0.0000000000
64069  35.288  2.749  37.160 0.0000000000
58765  30.940  -2.725  39.242 0.0000000000
58772  31.611  -2.193  38.926 0.0000000000
57769  31.962  -3.067  39.967 0.0000000000
57759  33.168  -3.065  40.775 0.0000000000
57753  32.974  -4.001  40.987 0.0000000000
120491  9.515  -11.018  58.143 0.0000000000
49449  10.096  -12.002  58.802 0.0000000000
48419  9.367  -12.053  59.028 0.0000000000
48406  8.537  -12.452  60.201 0.0000000000
49431  7.671  -11.189  59.555 0.0000000000
53367  22.170  -7.740  53.343 0.0000000000
52345  21.747  -8.272  52.624 0.0000000000
53368  21.401  -7.202  52.803 0.0000000000
51330  16.635  -9.125  57.046 0.0000000000
58688  26.351  -2.710  46.515 0.0000000000
56650  30.849  -5.099  48.751 0.0000000000
61879  29.488  0.834  39.330 0.0000000000
61870  28.991  0.765  40.852 0.0000000000
51378  14.734  -9.146  54.572 0.0000000000
116183  13.772  -9.748  55.632 0.0000000000
52315  13.232  -8.625  54.811 0.0000000000
53324  11.625  -8.103  55.927 0.0000000000
53311  10.914  -7.054  57.036 0.0000000000
52294  10.137  -8.574  57.005 0.0000000000
55472  19.469  -4.780  53.824 0.0000000000
53355  15.140  -7.203  53.987 0.0000000000
54362  16.195  -6.660  53.484 0.0000000000
125374  15.233  -7.782  53.731 0.0000000000
51377  15.608  -9.084  54.489 0.0000000000
56651  24.271  -4.763  48.916 0.0000000000
55540  24.465  -5.436  49.478 0.0000000000
53399  28.115  -6.399  50.507 0.0000000000
54425  26.592  -5.990  49.578 0.0000000000
55522  28.024  -5.769  50.059 0.0000000000
107683  29.026  -5.324  50.121 0.0000000000
54385  29.362  -6.062  51.849 0.0000000000
68994  42.909  7.331  31.601 0.0000000000
68116  45.158  7.032  30.730 0.0000000000
68130  44.857  6.320  30.538 0.0000000000
65087  43.717  3.484  31.191 0.0000000000
65099  45.066  3.777  30.838 0.0000000000
65085  45.447  3.484  31.452 0.0000000000
66152  37.090  4.134  33.888 0.0000000000
64118  38.009  2.561  32.818 0.0000000000
64111  36.781  2.644  33.790 0.0000000000
61947  35.836  0.168  35.225 0.0000000000
128024  37.044  0.555  34.695 0.0000000000
118266  37.033  -0.543  36.001 0.0000000000
114759  38.005  -0.789  37.144 0.0000000000
60941  36.442  -0.815  36.500 0.0000000000
62958  33.132  2.355  37.922 0.0000000000
63006  33.418  1.305  36.318 0.0000000000
61902  32.717  1.045  36.605 0.0000000000
59825  34.209  -1.393  39.320 0.0000000000
59847  34.345  -1.369  37.484 0.0000000000
59824  35.192  -1.113  39.455 0.0000000000
59823  36.319  -1.095  39.146 0.0000000000
109669  25.883  -11.768  53.572 0.0000000000
49501  26.500  -11.547  54.194 0.0000000000
66139  37.131  4.478  35.678 0.0000000000
66138  37.422  4.892  34.873 0.0000000000
66151  37.687  4.829  33.710 0.0000000000
50374  13.277  -10.253  57.140 0.0000000000
50358  12.714  -10.486  57.870 0.0000000000
48378  8.700  -12.913  62.629 0.0000000000
48357  8.687  -12.504  64.150 0.0000000000
127045  8.228  -13.013  64.026 0.0000000000
46453  7.141  -14.245  63.919 0.0000000000
128690  6.728  -9.649  61.858 0.0000000000
124951  6.431  -10.751  60.842 0.0000000000
50319  6.251  -10.433  61.701 0.0000000000
48368  4.426  -12.957  63.032 0.0000000000
48379  4.757  -12.753  62.219 0.0000000000
46456  4.560  -14.371  63.020 0.0000000000
46435  5.523  -15.081  63.946 0.0000000000
46436  4.270  -15.020  63.992 0.0000000000
45462  3.674  -15.392  65.459 0.0000000000
46418  3.339  -15.033  65.009 0.0000000000
49306  2.198  -12.013  65.481 0.0000000000
48346  2.273  -13.080  65.396 0.0000000000
48347  1.324  -12.751  65.319 0.0000000000
48348  0.413  -12.489  65.357 0.0000000000
50276  0.545  -10.926  65.712 0.0000000000
52342  24.331  -8.910  53.133 0.0000000000
52359  25.391  -8.874  51.926 0.0000000000
51397  24.222  -9.842  51.721 0.0000000000
49548  24.690  -11.059  51.487 0.0000000000
50426  23.276  -11.024  51.567 0.0000000000
49519  21.151  -11.571  53.021 0.0000000000
123676  21.886  -12.116  53.102 0.0000000000
48444  21.767  -12.270  54.853 0.0000000000
127977  18.675  -8.207  53.062 0.0000000000
51389  19.326  -8.690  53.276 0.0000000000
52330  18.865  -9.026  54.205 0.0000000000
50388  19.631  -10.282  56.680 0.0000000000
61944  39.962  1.070  35.379 0.0000000000
64100  40.888  2.091  34.923 0.0000000000
63002  41.295  1.584  36.671 0.0000000000
57746  27.988  -3.828  42.108 0.0000000000
57764  28.439  -3.340  40.392 0.0000000000
55697  28.506  -5.942  41.421 0.0000000000
54477  25.436  -5.920  46.296 0.0000000000
55653  25.741  -5.884  44.915 0.0000000000
54475  26.992  -6.390  46.067 0.0000000000
129115  31.026  -5.519  46.172 0.0000000000
54494  29.951  -6.218  44.896 0.0000000000
109705  31.127  -5.674  44.779 0.0000000000
55667  30.974  -6.017  42.831 0.0000000000
108632  32.315  -5.283  44.099 0.0000000000
56697  32.995  -4.966  44.169 0.0000000000
51385  28.503  -9.723  53.135 0.0000000000
69014  49.519  7.795  26.952 0.0000000000
67166  47.288  5.451  29.304 0.0000000000
68126  48.170  6.823  29.643 0.0000000000
67165  48.116  5.339  28.829 0.0000000000
66202  49.496  4.320  28.258 0.0000000000
125807  50.783  3.703  27.772 0.0000000000
54328  14.168  -6.575  55.474 0.0000000000
53340  13.203  -7.669  54.980 0.0000000000
110170  43.097  3.294  31.756 0.0000000000
110526  44.136  3.626  33.972 0.0000000000
112245  43.348  3.380  33.701 0.0000000000
54387  25.887  -6.432  51.314 0.0000000000
55523  24.946  -6.017  50.030 0.0000000000
114459  26.644  -6.856  50.820 0.0000000000
53400  27.293  -7.074  50.500 0.0000000000
52371  28.787  -7.969  51.332 0.0000000000
68970  41.313  8.002  33.532 0.0000000000
68101  40.668  7.095  32.448 0.0000000000
68109  41.231  7.018  31.893 0.0000000000
123301  42.187  6.127  30.854 0.0000000000
67155  43.729  5.321  30.517 0.0000000000
123019  42.286  4.630  30.627 0.0000000000
124356  43.004  3.550  30.998 0.0000000000
46381  1.249  -14.565  67.164 0.0000000000
65024  36.756  3.929  36.002 0.0000000000
65043  36.408  3.085  34.488 0.0000000000
64101  35.748  2.788  35.662 0.0000000000
64102  35.313  2.030  35.374 0.0000000000
124933  35.169  0.338  35.409 0.0000000000
61904  31.198  0.330  37.316 0.0000000000
60924  31.940  -0.532  36.888 0.0000000000
59850  31.625  -1.265  37.508 0.0000000000
59827  32.505  -1.946  39.043 0.0000000000
59818  33.815  -1.582  40.206 0.0000000000
58744  33.838  -2.538  41.116 0.0000000000
57751  34.271  -2.966  41.683 0.0000000000
49492  24.849  -12.189  55.737 0.0000000000
50377  10.780  -11.086  57.210 0.0000000000
50359  11.554  -11.354  58.679 0.0000000000
49448  10.838  -11.740  58.513 0.0000000000
119181  10.657  -11.989  60.093 0.0000000000
48389  10.275  -11.943  61.028 0.0000000000
109834  8.593  -12.703  60.975 0.0000000000
48392  7.523  -12.953  61.159 0.0000000000
50309  6.025  -10.553  62.852 0.0000000000
49328  5.130  -11.570  63.825 0.0000000000
48359  4.119  -12.986  64.208 0.0000000000
119222  3.553  -13.530  64.708 0.0000000000
49305  3.878  -11.924  65.631 0.0000000000
49282  3.841  -11.300  66.278 0.0000000000
49283  2.948  -10.914  66.326 0.0000000000
51387  22.917  -9.241  52.332 0.0000000000
124611  22.650  -10.579  51.611 0.0000000000
52362  22.062  -9.126  52.200 0.0000000000
129135  20.852  -9.759  52.142 0.0000000000
50419  20.545  -10.895  53.233 0.0000000000
52313  17.598  -9.037  54.955 0.0000000000
52312  18.491  -9.152  55.198 0.0000000000
51345  17.930  -9.142  56.095 0.0000000000
118480  40.050  0.071  37.620 0.0000000000
57737  26.643  -4.160  43.541 0.0000000000
110611  28.784  -5.524  48.105 0.0000000000
55615  28.479  -6.116  46.550 0.0000000000
114179  30.030  -5.598  47.289 0.0000000000
55584  30.761  -5.426  47.342 0.0000000000
69872  49.527  8.116  28.839 0.0000000000
48322  -2.135  -13.240  66.391 0.0000000000
64029  33.468  2.807  39.192 0.0000000000
62949  31.972  2.291  38.828 0.0000000000
62960  31.386  1.775  38.464 0.0000000000
60912  29.974  -0.032  37.942 0.0000000000
60913  29.595  -0.841  38.352 0.0000000000
58766  30.078  -2.568  39.117 0.0000000000
51331  15.771  -9.234  56.872 0.0000000000
51313  15.228  -9.083  57.461 0.0000000000
51348  14.417  -9.672  56.322 0.0000000000
51349  13.590  -10.037  56.382 0.0000000000
50401  12.499  -10.027  55.884 0.0000000000
53341  12.424  -8.129  55.324 0.0000000000
51366  11.885  -8.908  55.568 0.0000000000
50390  11.206  -10.542  56.582 0.0000000000
51334  10.396  -10.294  56.855 0.0000000000
51335  9.645  -9.525  57.439 0.0000000000
51299  8.721  -9.228  58.811 0.0000000000
108775  20.657  -6.586  52.677 0.0000000000
55486  20.085  -5.207  53.223 0.0000000000
54360  18.569  -6.279  52.664 0.0000000000
53371  18.127  -7.268  52.668 0.0000000000
54361  16.981  -5.996  53.439 0.0000000000
53372  16.752  -6.953  52.959 0.0000000000
52332  17.130  -8.663  53.887 0.0000000000
52314  16.561  -9.083  54.650 0.0000000000
51346  16.287  -9.290  56.238 0.0000000000
58662  25.845  -2.706  48.866 0.0000000000
58689  25.579  -3.056  46.762 0.0000000000
57686  24.579  -4.065  47.689 0.0000000000
55590  24.914  -5.492  47.738 0.0000000000
55588  26.391  -5.911  47.590 0.0000000000
54426  25.697  -6.140  49.783 0.0000000000
108634  26.728  -5.764  48.932 0.0000000000
55558  27.632  -5.559  48.694 0.0000000000
55536  28.971  -5.321  49.433 0.0000000000
125635  30.076  -5.000  50.423 0.0000000000
68990  46.486  7.670  31.040 0.0000000000
68128  46.302  6.350  30.134 0.0000000000
66180  46.297  4.762  29.938 0.0000000000
120974  44.375  5.105  30.470 0.0000000000
112076  45.616  4.694  30.313 0.0000000000
65074  38.911  3.522  32.245 0.0000000000
64116  40.006  2.384  33.054 0.0000000000
64117  39.035  2.219  33.034 0.0000000000
63036  39.165  1.603  33.905 0.0000000000
61963  39.237  1.067  34.724 0.0000000000
63039  36.700  1.306  34.405 0.0000000000
61964  38.473  0.578  34.881 0.0000000000
61926  39.236  0.079  36.386 0.0000000000
60920  39.343  -0.218  37.232 0.0000000000
60910  38.775  -0.768  38.496 0.0000000000
64070  34.606  2.570  37.442 0.0000000000
63005  34.098  1.557  35.970 0.0000000000
61948  34.676  -0.007  35.665 0.0000000000
60923  32.926  -0.857  36.740 0.0000000000
59864  34.887  -1.042  36.688 0.0000000000
59863  35.844  -1.110  36.977 0.0000000000
59835  36.736  -1.230  38.176 0.0000000000
50436  26.140  -10.399  51.057 0.0000000000
51395  27.475  -9.979  51.575 0.0000000000
50418  26.690  -11.034  52.436 0.0000000000
50409  27.638  -10.842  54.198 0.0000000000
67135  38.783  6.075  34.013 0.0000000000
66167  38.820  5.035  32.562 0.0000000000
52272  8.348  -8.789  59.615 0.0000000000
52256  8.150  -8.450  60.567 0.0000000000
50344  7.583  -10.179  59.621 0.0000000000
50329  6.899  -10.666  60.131 0.0000000000
48407  6.751  -12.277  60.653 0.0000000000
47483  6.900  -13.405  61.629 0.0000000000
49379  5.078  -11.989  61.989 0.0000000000
128935  5.341  -13.248  61.675 0.0000000000
46474  6.787  -14.295  62.850 0.0000000000
46434  6.364  -14.761  64.384 0.0000000000
46417  6.359  -14.751  65.346 0.0000000000
45445  2.459  -15.422  66.669 0.0000000000
48345  3.051  -13.378  65.196 0.0000000000
46420  1.916  -14.428  65.714 0.0000000000
46404  1.672  -14.766  66.400 0.0000000000
46405  0.728  -14.244  66.459 0.0000000000
47442  -0.238  -13.246  65.609 0.0000000000
48335  -1.028  -12.986  65.901 0.0000000000
50264  0.325  -10.471  66.189 0.0000000000
128295  -1.285  -11.327  66.481 0.0000000000
48336  -1.733  -12.369  66.286 0.0000000000
52358  26.145  -8.308  51.551 0.0000000000
51408  25.566  -10.001  51.047 0.0000000000
50437  25.396  -10.810  51.309 0.0000000000
49530  25.172  -11.552  51.952 0.0000000000
48477  24.034  -12.342  53.521 0.0000000000
49533  22.546  -11.315  51.858 0.0000000000
48478  23.103  -12.349  53.359 0.0000000000
48441  24.203  -12.364  55.111 0.0000000000
52346  20.022  -8.218  52.569 0.0000000000
51388  19.839  -9.305  53.083 0.0000000000
51375  20.023  -10.150  53.697 0.0000000000
51358  19.188  -9.559  55.255 0.0000000000
50400  19.684  -10.311  55.761 0.0000000000
50410  20.263  -10.996  55.300 0.0000000000
64109  40.626  2.222  33.920 0.0000000000
116279  28.228  -1.427  40.909 0.0000000000
57763  28.942  -3.510  39.912 0.0000000000
56740  30.478  -4.873  40.292 0.0000000000
57713  25.370  -3.812  45.414 0.0000000000
56698  25.695  -5.163  44.337 0.0000000000
55668  26.646  -5.876  43.274 0.0000000000
54496  28.172  -6.626  45.038 0.0000000000
54516  28.176  -6.763  44.116 0.0000000000
54559  28.369  -6.359  41.923 0.0000000000
54557  29.968  -6.288  41.693 0.0000000000
55695  30.483  -5.855  41.192 0.0000000000
55693  31.892  -5.146  40.976 0.0000000000
56721  32.977  -4.795  41.960 0.0000000000
51394  28.239  -9.568  52.147 0.0000000000
113681  28.556  -8.861  51.709 0.0000000000
126198  29.215  -7.740  51.977 0.0000000000
53364  29.785  -7.494  53.336 0.0000000000
54375  29.652  -6.435  52.446 0.0000000000
69889  51.372  8.393  25.320 0.0000000000
69008  48.901  7.179  29.496 0.0000000000
69010  49.339  7.274  28.480 0.0000000000
66203  48.857  4.798  28.492 0.0000000000
67172  49.322  5.221  28.015 0.0000000000
69015  49.428  7.065  27.615 0.0000000000
68156  49.904  6.219  26.473 0.0000000000
67194  50.932  5.708  25.769 0.0000000000
122851  41.019  2.897  32.424 0.0000000000
64123  40.293  2.856  32.403 0.0000000000
51425  26.874  -8.813  50.492 0.0000000000
50435  26.809  -10.025  50.937 0.0000000000
66173  40.040  4.390  31.656 0.0000000000
109468  -1.021  -13.934  66.726 0.0000000000
111022  31.579  -2.708  39.526 0.0000000000
57760  32.467  -3.555  40.452 0.0000000000
57761  31.707  -3.931  40.150 0.0000000000
50361  8.869  -10.275  58.549 0.0000000000
49451  9.007  -11.271  58.710 0.0000000000
49430  8.528  -11.668  59.243 0.0000000000
52293  16.066  -8.934  57.639 0.0000000000
52292  16.968  -8.846  57.839 0.0000000000
113568  26.846  -2.477  47.089 0.0000000000
52335  14.202  -8.584  54.426 0.0000000000
53357  13.783  -7.965  54.540 0.0000000000
52334  15.151  -8.430  54.024 0.0000000000
56642  24.122  -4.667  49.863 0.0000000000
55524  24.340  -5.425  50.407 0.0000000000
55509  28.876  -6.164  51.206 0.0000000000
55521  28.782  -5.636  50.517 0.0000000000
118463  43.388  7.924  32.097 0.0000000000
68993  43.782  7.436  31.447 0.0000000000
68117  44.235  6.797  30.818 0.0000000000
122473  44.010  3.289  32.207 0.0000000000
65086  44.574  3.465  31.385 0.0000000000
123208  44.984  3.343  32.235 0.0000000000
65070  45.865  3.401  32.265 0.0000000000
45423  2.697  -15.652  67.596 0.0000000000
65060  37.169  3.227  33.152 0.0000000000
65042  36.746  3.433  33.972 0.0000000000
61946  36.818  -0.036  35.222 0.0000000000
62981  32.413  1.720  37.494 0.0000000000
61903  31.987  0.679  36.909 0.0000000000
108146  25.014  -12.187  53.771 0.0000000000
49502  25.772  -11.953  54.486 0.0000000000
47469  8.024  -13.399  62.548 0.0000000000
47458  8.315  -13.130  63.407 0.0000000000
47459  7.619  -13.787  63.168 0.0000000000
47451  7.868  -13.490  63.974 0.0000000000
47460  4.216  -13.761  63.336 0.0000000000
129980  4.593  -14.823  63.497 0.0000000000
46457  4.215  -14.473  63.681 0.0000000000
46437  3.814  -14.733  64.365 0.0000000000
49284  2.136  -11.031  65.802 0.0000000000
112534  1.172  -11.524  65.454 0.0000000000
50263  1.285  -10.463  66.030 0.0000000000
52360  24.596  -9.172  52.233 0.0000000000
50425  24.039  -10.661  51.518 0.0000000000
51398  23.279  -10.022  51.677 0.0000000000
49520  20.826  -11.487  53.810 0.0000000000
49504  21.434  -11.990  53.911 0.0000000000
49494  21.388  -12.056  55.546 0.0000000000
63022  40.614  1.304  36.022 0.0000000000
56710  27.432  -4.445  42.309 0.0000000000
56722  27.891  -5.086  41.539 0.0000000000
54476  26.127  -6.249  46.193 0.0000000000
113490  31.523  -5.357  46.014 0.0000000000
55635  30.768  -5.705  45.515 0.0000000000
55634  31.637  -5.406  45.260 0.0000000000
55651  31.703  -5.486  44.428 0.0000000000
55650  32.437  -5.121  44.924 0.0000000000
69877  49.658  8.697  27.236 0.0000000000
66193  47.500  4.634  29.283 0.0000000000
55458  15.018  -6.205  55.600 0.0000000000
55439  14.345  -6.112  56.323 0.0000000000
111544  43.217  3.234  32.742 0.0000000000
65057  42.566  3.129  33.362 0.0000000000
52384  27.427  -8.359  50.447 0.0000000000
52383  28.121  -7.692  50.586 0.0000000000
68102  40.074  7.037  33.234 0.0000000000
123498  40.121  6.578  32.448 0.0000000000
111549  41.087  5.568  31.165 0.0000000000
68121  40.624  6.344  31.763 0.0000000000
68120  41.598  6.429  31.303 0.0000000000
67146  41.757  5.733  30.861 0.0000000000
67156  42.394  5.441  30.633 0.0000000000
65088  42.225  3.458  31.284 0.0000000000
65025  36.342  3.402  36.434 0.0000000000
65032  36.328  3.318  35.387 0.0000000000
64091  35.224  2.528  36.189 0.0000000000
63024  35.340  1.089  35.133 0.0000000000
59851  30.868  -1.113  37.651 0.0000000000
60925  31.211  -0.610  37.278 0.0000000000
59840  31.216  -1.709  38.149 0.0000000000
58764  32.210  -2.387  39.621 0.0000000000
59826  33.354  -1.698  39.216 0.0000000000
58754  34.093  -1.772  40.945 0.0000000000
58755  33.416  -2.195  40.541 0.0000000000
57752  33.634  -3.491  41.350 0.0000000000
56719  34.406  -4.102  42.725 0.0000000000
49467  11.102  -11.438  57.723 0.0000000000
49468  10.330  -11.465  58.036 0.0000000000
49429  10.450  -12.101  59.292 0.0000000000
129326  10.238  -12.307  59.749 0.0000000000
48404  9.990  -12.420  60.229 0.0000000000
48390  9.530  -12.428  61.059 0.0000000000
48391  8.331  -13.108  61.828 0.0000000000
49303  5.108  -11.345  64.877 0.0000000000
49329  4.632  -12.023  64.517 0.0000000000
49330  4.162  -12.242  64.984 0.0000000000
49304  4.549  -11.690  65.331 0.0000000000
52329  22.816  -8.325  53.872 0.0000000000
52343  23.444  -8.757  53.356 0.0000000000
51399  22.350  -9.885  51.746 0.0000000000
52363  21.263  -8.993  52.123 0.0000000000
50429  20.381  -10.027  52.723 0.0000000000
51360  16.919  -9.221  55.637 0.0000000000
57726  27.560  -3.524  44.008 0.0000000000
116133  26.648  -3.625  44.261 0.0000000000
55556  29.297  -5.387  48.541 0.0000000000
55585  29.378  -5.583  47.693 0.0000000000
55555  30.193  -5.370  48.102 0.0000000000
56649  31.765  -4.938  48.340 0.0000000000
55554  31.034  -5.210  47.990 0.0000000000
55583  31.600  -5.165  47.402 0.0000000000
64045  33.116  2.579  38.595 0.0000000000
62961  30.764  1.555  38.769 0.0000000000
61887  30.912  1.100  38.030 0.0000000000
61888  30.164  0.862  38.527 0.0000000000
60904  28.884  -0.497  38.959 0.0000000000
61889  29.397  0.168  38.618 0.0000000000
59828  29.020  -1.403  38.927 0.0000000000
58774  29.805  -1.804  38.678 0.0000000000
58767  29.196  -2.236  39.180 0.0000000000
108776  15.061  -9.377  56.781 0.0000000000
113412  13.156  -10.034  55.878 0.0000000000
50389  12.849  -10.364  56.459 0.0000000000
54330  12.775  -7.340  55.528 0.0000000000
52302  11.158  -8.913  56.033 0.0000000000
51350  11.674  -9.773  56.001 0.0000000000
51351  10.841  -9.688  56.369 0.0000000000
52283  9.606  -8.183  57.762 0.0000000000
51317  9.161  -9.633  58.204 0.0000000000
52284  9.150  -8.765  58.323 0.0000000000
55485  21.037  -5.273  53.484 0.0000000000
55487  19.049  -5.411  53.131 0.0000000000
109701  17.577  -6.540  52.795 0.0000000000
53373  16.197  -7.357  53.260 0.0000000000
52348  16.679  -7.864  53.232 0.0000000000
51362  15.247  -9.421  55.092 0.0000000000
51361  15.997  -9.363  55.326 0.0000000000
58645  25.531  -2.936  49.467 0.0000000000
57674  24.994  -3.453  48.016 0.0000000000
57666  25.054  -3.297  48.891 0.0000000000
55561  24.672  -5.417  48.603 0.0000000000
56659  24.442  -4.849  47.894 0.0000000000
55589  25.554  -5.835  47.633 0.0000000000
118626  27.570  -5.705  49.532 0.0000000000
119864  26.843  -5.736  48.258 0.0000000000
55557  28.501  -5.433  48.744 0.0000000000
55520  29.484  -5.252  50.610 0.0000000000
68969  42.150  8.233  33.151 0.0000000000
69858  46.896  8.253  31.517 0.0000000000
68129  45.533  6.316  30.392 0.0000000000
68115  45.995  7.045  30.634 0.0000000000
67153  45.873  5.511  30.123 0.0000000000
66182  43.943  4.523  30.555 0.0000000000
66181  44.834  4.443  30.547 0.0000000000
129162  45.503  4.116  30.566 0.0000000000
124032  46.144  4.160  30.364 0.0000000000
64125  38.618  2.885  32.477 0.0000000000
64119  37.479  2.192  33.397 0.0000000000
63044  38.324  1.833  33.469 0.0000000000
63037  38.458  1.243  34.194 0.0000000000
64112  36.431  2.218  34.338 0.0000000000
60954  37.576  -0.250  35.628 0.0000000000
117314  37.687  0.213  35.034 0.0000000000
60939  38.603  -0.403  36.717 0.0000000000
60921  38.747  -0.637  37.607 0.0000000000
59833  38.101  -0.946  37.960 0.0000000000
61927  33.873  0.442  35.858 0.0000000000
60943  34.240  -0.487  36.097 0.0000000000
59849  32.479  -1.324  37.419 0.0000000000
59848  33.389  -1.368  37.423 0.0000000000
118306  36.073  -1.263  37.673 0.0000000000
123799  26.053  -11.136  51.686 0.0000000000
116493  27.127  -11.301  54.657 0.0000000000
49500  27.070  -11.184  53.944 0.0000000000
68097  39.219  6.573  34.423 0.0000000000
66161  38.061  4.552  32.851 0.0000000000
67136  38.364  5.374  33.414 0.0000000000
122858  38.561  4.191  32.388 0.0000000000
51314  14.537  -8.952  58.061 0.0000000000
48366  9.291  -12.028  63.571 0.0000000000
52271  8.797  -8.314  59.143 0.0000000000
51272  7.211  -9.114  61.450 0.0000000000
52241  7.796  -8.432  61.375 0.0000000000
123610  7.688  -8.965  60.788 0.0000000000
51283  7.803  -9.229  59.996 0.0000000000
49398  6.012  -11.266  61.111 0.0000000000
50330  6.504  -11.441  60.513 0.0000000000
49415  6.084  -11.910  60.802 0.0000000000
48393  6.576  -12.890  61.110 0.0000000000
110093  5.358  -11.400  62.793 0.0000000000
47485  4.943  -13.210  61.890 0.0000000000
47472  5.364  -13.797  61.966 0.0000000000
47471  6.355  -13.907  62.070 0.0000000000
46475  5.789  -14.413  62.588 0.0000000000
46454  6.139  -14.729  63.408 0.0000000000
45476  5.049  -15.301  64.500 0.0000000000
45459  5.727  -15.049  64.716 0.0000000000
45443  3.763  -15.597  66.321 0.0000000000
45444  3.029  -15.512  66.105 0.0000000000
117737  3.209  -15.744  66.917 0.0000000000
46403  2.402  -15.140  65.926 0.0000000000
48360  3.654  -12.748  65.075 0.0000000000
47438  3.254  -14.274  64.915 0.0000000000
47439  2.394  -13.968  65.357 0.0000000000
46421  1.042  -14.085  65.902 0.0000000000
111699  -0.714  -13.774  66.076 0.0000000000
50249  0.651  -9.926  67.011 0.0000000000
50265  -0.603  -10.368  66.875 0.0000000000
120220  26.419  -7.471  51.698 0.0000000000
52374  25.807  -9.195  51.110 0.0000000000
49516  24.552  -12.033  52.724 0.0000000000
48459  22.373  -12.368  53.992 0.0000000000
128363  22.478  -12.283  53.222 0.0000000000
48458  23.483  -12.432  54.404 0.0000000000
48442  23.502  -12.392  55.294 0.0000000000
53369  20.653  -7.391  52.479 0.0000000000
50411  19.819  -10.213  54.765 0.0000000000
50399  20.191  -10.968  56.273 0.0000000000
60883  28.415  -0.456  41.176 0.0000000000
56741  28.935  -4.226  40.412 0.0000000000
119818  29.773  -4.076  39.946 0.0000000000
57698  24.982  -3.867  46.231 0.0000000000
56688  25.010  -4.618  45.498 0.0000000000
55669  26.156  -5.880  44.033 0.0000000000
54535  26.750  -6.401  43.876 0.0000000000
55614  29.361  -5.877  46.742 0.0000000000
54473  28.823  -6.290  45.878 0.0000000000
54514  30.066  -6.314  44.021 0.0000000000
54515  29.108  -6.584  44.168 0.0000000000
54533  28.431  -6.725  43.246 0.0000000000
54546  28.754  -6.598  42.418 0.0000000000
54558  29.073  -6.392  41.720 0.0000000000
54545  29.614  -6.486  42.373 0.0000000000
55680  31.598  -5.656  42.333 0.0000000000
55681  30.816  -6.034  41.935 0.0000000000
55694  31.366  -5.591  41.453 0.0000000000
55705  31.006  -5.377  40.743 0.0000000000
55679  32.273  -5.237  41.849 0.0000000000
56731  32.634  -4.708  41.323 0.0000000000
56709  33.379  -4.842  43.311 0.0000000000
51384  29.062  -9.215  53.545 0.0000000000
52357  28.842  -9.095  52.665 0.0000000000
52356  29.164  -8.324  52.347 0.0000000000
69890  50.562  8.005  25.620 0.0000000000
69884  50.809  8.873  25.888 0.0000000000
69023  51.191  7.489  25.172 0.0000000000
68141  48.569  6.370  29.013 0.0000000000
68140  49.103  6.776  28.797 0.0000000000
66212  49.833  4.614  27.676 0.0000000000
68147  49.305  6.288  28.036 0.0000000000
68157  49.548  6.278  27.219 0.0000000000
67190  49.855  5.668  26.865 0.0000000000
111414  41.546  3.158  31.979 0.0000000000
116804  41.310  2.611  33.695 0.0000000000
53388  26.521  -7.727  50.969 0.0000000000
67141  39.853  5.935  32.120 0.0000000000
66172  40.917  4.521  31.189 0.0000000000
65089  41.271  3.686  31.372 0.0000000000
58773  30.697  -2.132  38.669 0.0000000000
58756  32.680  -2.648  40.231 0.0000000000
49450  9.695  -11.646  58.527 0.0000000000
48405  9.275  -12.497  60.242 0.0000000000
48414  8.956  -12.317  59.639 0.0000000000
49413  8.066  -12.061  59.785 0.0000000000
50275  5.029  -11.223  65.791 0.0000000000
53379  20.992  -8.097  52.316 0.0000000000
58703  26.673  -2.878  45.703 0.0000000000
56641  30.599  -4.959  49.734 0.0000000000
62942  29.530  1.222  40.260 0.0000000000
61880  28.885  0.590  39.964 0.0000000000
61881  28.544  -0.176  39.709 0.0000000000
51363  14.564  -9.544  55.364 0.0000000000
51379  13.880  -9.304  54.855 0.0000000000
53323  12.164  -7.358  55.922 0.0000000000
108071  12.083  -6.770  56.428 0.0000000000
53310  11.493  -7.275  56.446 0.0000000000
53325  10.843  -8.035  56.574 0.0000000000
54342  15.585  -6.627  54.061 0.0000000000
54341  16.214  -6.037  54.121 0.0000000000
52350  15.654  -7.251  53.574 0.0000000000
52349  15.817  -7.921  53.525 0.0000000000
57667  24.374  -3.948  49.356 0.0000000000
55539  25.045  -5.879  49.210 0.0000000000
54404  27.307  -6.069  50.063 0.0000000000
55537  28.426  -5.522  49.865 0.0000000000
55508  29.488  -5.482  51.374 0.0000000000
68980  42.508  7.796  32.331 0.0000000000
68991  45.678  7.657  31.152 0.0000000000
65100  44.246  3.856  30.774 0.0000000000
65084  46.390  3.495  31.426 0.0000000000
66162  37.467  4.097  33.098 0.0000000000
121189  36.229  0.756  34.774 0.0000000000
60940  37.828  -0.532  36.311 0.0000000000
60922  37.241  -0.837  36.792 0.0000000000
115170  37.395  -1.042  37.590 0.0000000000
62980  33.188  1.929  37.075 0.0000000000
61928  33.155  0.468  36.178 0.0000000000
59838  33.832  -1.545  38.324 0.0000000000
59837  34.784  -1.413  38.415 0.0000000000
59836  35.752  -1.303  38.402 0.0000000000
49515  26.607  -11.342  53.343 0.0000000000
66123  37.588  5.063  36.056 0.0000000000
67121  38.109  5.652  35.505 0.0000000000
67130  38.151  5.569  34.419 0.0000000000
51315  13.723  -9.260  58.367 0.0000000000
50357  13.331  -9.880  57.903 0.0000000000
51316  13.057  -9.818  58.599 0.0000000000
48367  8.882  -12.594  63.312 0.0000000000
48358  8.148  -13.058  64.551 0.0000000000
46433  7.112  -14.434  64.951 0.0000000000
50318  6.766  -10.020  61.042 0.0000000000
47473  4.653  -13.603  62.485 0.0000000000
46455  5.161  -14.845  63.155 0.0000000000
45492  4.827  -15.157  63.839 0.0000000000
45477  4.500  -15.249  64.357 0.0000000000
115258  4.467  -15.461  65.838 0.0000000000
45478  3.941  -15.228  64.624 0.0000000000
47441  0.602  -13.458  65.497 0.0000000000
49285  0.266  -11.607  65.513 0.0000000000
51409  24.798  -10.351  51.334 0.0000000000
49534  21.791  -11.495  52.330 0.0000000000
114051  19.089  -7.116  52.560 0.0000000000
127085  19.404  -7.874  52.727 0.0000000000
51343  19.118  -9.547  57.000 0.0000000000
50373  19.718  -10.089  57.558 0.0000000000
63035  40.053  1.613  34.532 0.0000000000
124695  40.546  1.592  35.330 0.0000000000
63021  41.143  1.901  35.768 0.0000000000
58727  28.681  -3.116  42.869 0.0000000000
58736  28.345  -3.185  41.915 0.0000000000
58745  28.164  -3.060  41.058 0.0000000000
57754  28.233  -4.071  41.077 0.0000000000
56732  28.738  -5.132  40.911 0.0000000000
124820  24.997  -5.492  46.443 0.0000000000
55637  25.196  -5.506  45.700 0.0000000000
54499  25.679  -6.073  45.674 0.0000000000
54498  26.319  -6.359  45.421 0.0000000000
54497  27.191  -6.574  45.232 0.0000000000
55613  30.431  -5.660  46.517 0.0000000000
113395  30.585  -5.952  44.652 0.0000000000
54531  30.239  -6.334  43.108 0.0000000000
55652  30.939  -5.918  43.919 0.0000000000
55666  31.770  -5.554  43.393 0.0000000000
55665  32.627  -5.196  43.394 0.0000000000
50416  28.111  -10.342  53.649 0.0000000000
51374  28.719  -9.813  54.064 0.0000000000
111462  29.492  -8.617  53.787 0.0000000000
69885  49.999  8.417  26.315 0.0000000000
69020  49.872  7.533  26.097 0.0000000000
68127  47.192  6.408  29.733 0.0000000000
68142  47.831  6.074  29.229 0.0000000000
66201  50.173  3.819  28.127 0.0000000000
67181  50.080  4.949  27.003 0.0000000000
66211  50.469  4.202  27.398 0.0000000000
53339  13.953  -7.232  54.822 0.0000000000
54329  13.401  -6.956  55.486 0.0000000000
54327  15.605  -6.119  54.798 0.0000000000
54343  14.813  -6.744  54.633 0.0000000000
65056  43.860  3.352  33.157 0.0000000000
55510  24.947  -6.044  50.926 0.0000000000
54406  25.765  -6.368  50.528 0.0000000000
53387  28.602  -7.023  51.023 0.0000000000
117667  40.770  7.562  33.106 0.0000000000
68108  42.007  7.223  31.739 0.0000000000
68119  42.473  6.698  31.178 0.0000000000
68131  43.579  6.117  30.636 0.0000000000
68132  42.828  6.167  30.732 0.0000000000
116116  43.117  5.572  30.568 0.0000000000
66183  43.065  4.739  30.525 0.0000000000
65102  42.616  4.000  30.711 0.0000000000
45411  1.646  -14.715  67.945 0.0000000000
120284  36.069  2.671  34.883 0.0000000000
59839  32.067  -1.725  38.184 0.0000000000
58743  34.444  -2.083  41.475 0.0000000000
58734  34.782  -2.479  42.063 0.0000000000
49491  25.695  -12.011  55.404 0.0000000000
50376  11.557  -11.095  57.072 0.0000000000
49447  11.859  -11.184  57.839 0.0000000000
127266  11.319  -11.495  58.137 0.0000000000
49428  11.141  -11.675  59.370 0.0000000000
109014  9.114  -12.655  61.884 0.0000000000
47482  7.659  -13.392  61.891 0.0000000000
50304  5.642  -10.922  63.555 0.0000000000
111778  4.635  -12.372  63.677 0.0000000000
49281  4.427  -11.452  65.994 0.0000000000
117077  3.039  -11.580  65.857 0.0000000000
51400  21.507  -9.858  51.864 0.0000000000
50428  21.041  -10.698  52.289 0.0000000000
51344  18.459  -9.214  56.817 0.0000000000
51329  17.659  -9.057  57.152 0.0000000000
61900  40.394  0.545  37.137 0.0000000000
63003  40.673  1.007  36.697 0.0000000000
127103  27.243  -4.022  43.075 0.0000000000
56711  26.831  -5.004  42.807 0.0000000000
55586  28.495  -5.787  47.384 0.0000000000
54459  27.696  -6.128  46.750 0.0000000000
55612  31.277  -5.379  46.673 0.0000000000
66179  46.925  4.163  29.887 0.0000000000
47416  -1.729  -14.087  67.131 0.0000000000
64043  34.566  2.731  38.332 0.0000000000
64044  33.762  2.648  38.486 0.0000000000
62959  32.543  2.299  38.340 0.0000000000
115990  31.967  1.943  38.152 0.0000000000
61905  30.539  0.412  37.799 0.0000000000
121602  30.257  -0.788  37.859 0.0000000000
57771  30.373  -3.348  39.553 0.0000000000
51332  14.544  -9.458  57.208 0.0000000000
122445  13.965  -9.845  56.913 0.0000000000
120896  12.045  -10.545  56.478 0.0000000000
52316  12.504  -8.958  55.189 0.0000000000
51365  12.306  -9.439  55.571 0.0000000000
112111  10.280  -9.427  56.771 0.0000000000
50360  9.416  -10.272  57.935 0.0000000000
54357  21.276  -6.135  53.154 0.0000000000
54358  20.606  -5.797  52.929 0.0000000000
54359  19.734  -6.153  52.666 0.0000000000
52347  17.674  -8.086  53.133 0.0000000000
126037  17.325  -7.351  52.846 0.0000000000
58675  26.205  -2.586  47.317 0.0000000000
58676  25.539  -2.956  47.610 0.0000000000
57685  24.979  -3.594  47.198 0.0000000000
56673  24.636  -4.444  47.027 0.0000000000
57675  24.466  -4.043  48.438 0.0000000000
55617  24.721  -5.218  47.033 0.0000000000
55616  25.182  -5.711  46.979 0.0000000000
54461  25.858  -6.038  46.913 0.0000000000
55538  25.811  -5.980  49.034 0.0000000000
55559  26.046  -5.901  48.298 0.0000000000
55587  27.434  -5.783  47.675 0.0000000000
123781  28.178  -5.567  48.136 0.0000000000
56631  29.644  -5.146  49.936 0.0000000000
68989  47.341  7.794  30.962 0.0000000000
68999  46.831  7.114  30.454 0.0000000000
67152  46.568  5.545  29.700 0.0000000000
121335  44.306  5.865  30.527 0.0000000000
64124  39.419  2.836  32.422 0.0000000000
115276  39.231  0.514  35.537 0.0000000000
115890  37.114  1.756  33.964 0.0000000000
61965  37.647  0.948  34.370 0.0000000000
61901  39.797  0.213  36.930 0.0000000000
60909  39.577  -0.398  38.196 0.0000000000
64092  34.614  2.322  36.512 0.0000000000
62979  33.907  2.126  36.791 0.0000000000
63025  34.615  0.842  35.521 0.0000000000
60956  35.407  -0.246  35.676 0.0000000000
60945  32.615  0.008  36.415 0.0000000000
59865  33.848  -1.021  36.684 0.0000000000
120537  34.957  -0.552  36.031 0.0000000000
60942  35.629  -0.727  36.255 0.0000000000
59845  36.640  -1.093  37.275 0.0000000000
50424  26.745  -10.573  51.587 0.0000000000
117682  27.255  -10.550  52.287 0.0000000000
50417  27.342  -10.792  53.236 0.0000000000
68103  39.387  6.524  33.665 0.0000000000
67142  38.967  5.905  33.121 0.0000000000
130196  39.333  5.674  32.510 0.0000000000
117720  39.247  4.279  32.055 0.0000000000
110972  12.308  -10.572  58.822 0.0000000000
51300  8.195  -9.715  59.195 0.0000000000
49414  7.202  -11.717  60.074 0.0000000000
50310  5.630  -11.239  61.881 0.0000000000
49399  5.542  -11.927  61.255 0.0000000000
48394  5.268  -12.689  61.549 0.0000000000
47484  5.924  -13.266  61.451 0.0000000000
45442  4.432  -15.500  66.563 0.0000000000
46419  2.692  -14.730  65.407 0.0000000000
45424  1.971  -15.145  67.351 0.0000000000
47428  0.114  -13.920  65.926 0.0000000000
47429  -1.517  -13.617  66.318 0.0000000000
49286  -0.360  -11.169  65.912 0.0000000000
129785  -1.066  -12.035  66.024 0.0000000000
58631  25.643  -2.904  50.174 0.0000000000
124670  25.335  -11.878  52.909 0.0000000000
125040  24.359  -12.368  54.348 0.0000000000
49532  23.206  -11.661  51.997 0.0000000000
49518  22.627  -12.016  52.543 0.0000000000
49517  23.601  -12.092  52.601 0.0000000000
112891  20.341  -10.963  54.264 0.0000000000
123424  19.227  -9.814  56.192 0.0000000000
115475  20.772  -11.648  55.869 0.0000000000
64108  41.431  2.555  34.506 0.0000000000
62978  41.049  0.989  37.329 0.0000000000
61863  28.702  0.238  41.277 0.0000000000
60893  28.297  -0.770  40.301 0.0000000000
59819  28.282  -1.716  39.995 0.0000000000
59810  28.219  -2.417  40.552 0.0000000000
59829  28.680  -1.828  39.446 0.0000000000
57772  29.419  -3.082  39.518 0.0000000000
57762  30.834  -4.120  39.934 0.0000000000
57697  25.752  -3.168  45.873 0.0000000000
57712  26.058  -3.456  44.928 0.0000000000
55654  25.283  -5.194  44.980 0.0000000000
56699  25.459  -4.372  44.800 0.0000000000
57727  25.982  -4.228  44.125 0.0000000000
56712  26.242  -5.061  43.620 0.0000000000
55683  27.207  -5.975  42.536 0.0000000000
54474  27.906  -6.412  45.932 0.0000000000
54495  29.104  -6.422  45.078 0.0000000000
126604  28.634  -6.608  44.598 0.0000000000
54517  27.349  -6.677  44.355 0.0000000000
54534  27.430  -6.573  43.351 0.0000000000
55682  27.790  -5.997  41.891 0.0000000000
55696  29.479  -5.872  41.047 0.0000000000
125606  30.336  -6.291  42.361 0.0000000000
55706  30.206  -5.469  40.681 0.0000000000
56739  31.391  -4.733  40.403 0.0000000000
56738  32.216  -4.438  40.671 0.0000000000
56730  33.350  -4.293  41.660 0.0000000000
55664  32.892  -5.032  42.588 0.0000000000
56720  33.620  -4.541  42.471 0.0000000000
124151  27.977  -9.321  51.253 0.0000000000
52340  29.546  -8.111  53.188 0.0000000000
53377  29.530  -7.457  52.596 0.0000000000
55496  29.837  -5.611  52.242 0.0000000000
68996  49.186  7.850  29.990 0.0000000000
69007  49.284  7.575  29.249 0.0000000000
66192  48.287  4.341  28.999 0.0000000000
69021  49.584  6.956  26.715 0.0000000000
121775  49.931  6.799  26.047 0.0000000000
67189  50.415  5.458  26.347 0.0000000000
68160  50.432  6.269  25.865 0.0000000000
45461  4.479  -15.390  64.988 0.0000000000
54547  27.923  -6.497  42.461 0.0000000000
58757  28.626  -2.625  39.763 0.0000000000
60926  30.621  -0.309  37.530 0.0000000000
61871  28.507  0.117  40.554 0.0000000000
119740  28.947  0.237  39.263 0.0000000000
126723  25.505  -2.931  48.303 0.0000000000
