#!ascii label  , from subject sub-v1s17x0050265_ses-1 vox2ras=TkReg
990
63656  7.668  2.766  71.462 0.0000000000
122745  2.051  -10.134  55.409 0.0000000000
56419  0.490  -4.310  70.582 0.0000000000
59564  4.859  -1.323  65.077 0.0000000000
61745  4.967  1.242  54.555 0.0000000000
61605  4.190  0.038  73.186 0.0000000000
112918  2.974  0.964  70.799 0.0000000000
60629  10.842  -0.612  70.529 0.0000000000
57444  7.623  -3.396  71.849 0.0000000000
53113  3.558  -6.632  71.655 0.0000000000
114070  0.289  0.604  62.695 0.0000000000
61671  5.441  0.326  60.253 0.0000000000
62695  0.473  1.625  58.088 0.0000000000
126942  -1.400  -6.689  66.545 0.0000000000
56488  1.705  -5.253  64.323 0.0000000000
57460  3.049  -3.297  68.498 0.0000000000
61638  1.534  1.204  66.720 0.0000000000
55368  3.605  -5.332  60.359 0.0000000000
57597  4.683  -4.001  55.471 0.0000000000
58633  3.198  -2.567  50.381 0.0000000000
63904  2.519  2.639  50.232 0.0000000000
117710  6.063  1.017  72.768 0.0000000000
64706  4.348  3.728  72.591 0.0000000000
61613  9.489  0.696  70.966 0.0000000000
58442  9.289  -1.816  71.595 0.0000000000
60617  8.361  -0.591  72.268 0.0000000000
59489  6.316  -1.535  73.557 0.0000000000
61674  0.011  0.513  60.636 0.0000000000
55281  -0.395  -5.574  68.632 0.0000000000
108657  -0.072  -4.543  68.010 0.0000000000
57454  1.196  -3.309  69.843 0.0000000000
64725  1.952  3.681  69.448 0.0000000000
62620  3.557  1.227  68.698 0.0000000000
54131  1.370  -5.695  71.746 0.0000000000
52143  0.402  -8.185  69.847 0.0000000000
53141  -0.286  -6.964  69.909 0.0000000000
52157  -1.096  -8.026  67.829 0.0000000000
56462  4.161  -4.122  64.814 0.0000000000
56506  2.966  -5.050  62.051 0.0000000000
57512  5.440  -3.409  62.830 0.0000000000
61708  5.683  0.622  57.572 0.0000000000
58565  6.916  -2.476  57.860 0.0000000000
59651  7.244  -1.751  54.540 0.0000000000
129701  3.879  -3.437  52.743 0.0000000000
59686  6.417  -1.158  51.668 0.0000000000
58441  2.233  -3.290  72.740 0.0000000000
59501  2.595  -1.460  71.898 0.0000000000
62597  3.231  1.316  72.341 0.0000000000
128941  2.566  4.442  71.333 0.0000000000
59514  12.068  -0.590  69.297 0.0000000000
58475  10.073  -1.730  67.648 0.0000000000
58457  10.046  -1.882  69.422 0.0000000000
56422  7.874  -3.402  69.580 0.0000000000
124941  4.776  -5.199  71.807 0.0000000000
57428  3.883  -3.875  73.603 0.0000000000
60681  1.736  0.111  64.171 0.0000000000
60703  5.511  -0.500  62.750 0.0000000000
108524  1.749  -0.184  62.148 0.0000000000
60733  2.213  0.149  59.720 0.0000000000
61724  2.195  1.115  56.721 0.0000000000
65799  9.659  4.294  69.760 0.0000000000
60649  14.818  -0.020  68.127 0.0000000000
61626  16.383  0.060  69.670 0.0000000000
62605  12.695  0.917  70.311 0.0000000000
62615  11.146  1.914  69.681 0.0000000000
108196  -1.700  -8.671  64.422 0.0000000000
53232  -0.825  -7.494  62.838 0.0000000000
55310  -0.805  -5.652  65.512 0.0000000000
109100  1.960  -4.605  66.110 0.0000000000
58483  4.669  -2.601  66.992 0.0000000000
60638  3.074  -0.691  69.981 0.0000000000
60644  3.761  -0.270  68.307 0.0000000000
127259  2.683  0.050  65.783 0.0000000000
61645  0.600  0.836  65.355 0.0000000000
53272  -0.010  -7.918  61.931 0.0000000000
53271  2.062  -8.117  60.680 0.0000000000
52295  3.635  -8.196  57.869 0.0000000000
58538  6.397  -2.910  60.724 0.0000000000
56548  4.826  -4.673  58.450 0.0000000000
54315  2.634  -6.619  56.018 0.0000000000
128974  0.814  -5.086  54.810 0.0000000000
57636  0.163  -4.119  51.727 0.0000000000
63832  -0.027  2.092  56.170 0.0000000000
62746  1.585  1.427  54.097 0.0000000000
63889  1.168  3.086  52.243 0.0000000000
62785  4.527  1.457  51.790 0.0000000000
60800  4.008  0.265  48.663 0.0000000000
62600  7.142  2.127  71.934 0.0000000000
64709  6.439  3.759  71.981 0.0000000000
64708  7.271  3.614  71.553 0.0000000000
63655  8.541  2.385  70.851 0.0000000000
61614  8.952  0.335  71.494 0.0000000000
111242  7.978  1.777  71.528 0.0000000000
61607  6.856  0.449  72.636 0.0000000000
50403  0.474  -10.840  54.735 0.0000000000
52319  0.749  -8.626  54.628 0.0000000000
119256  0.068  -5.360  69.547 0.0000000000
125386  0.374  -4.432  69.673 0.0000000000
57451  0.674  -3.811  70.529 0.0000000000
59549  11.560  -1.106  66.083 0.0000000000
55257  0.899  -5.324  71.414 0.0000000000
53115  0.247  -6.660  71.155 0.0000000000
55266  -0.013  -5.733  70.204 0.0000000000
54155  -0.442  -6.621  69.383 0.0000000000
58490  5.310  -2.573  65.568 0.0000000000
57504  4.871  -3.814  63.560 0.0000000000
58517  5.676  -2.456  64.052 0.0000000000
114050  5.074  1.169  56.048 0.0000000000
60763  7.020  -0.366  56.038 0.0000000000
61733  6.629  0.246  54.883 0.0000000000
59663  7.038  -1.298  53.108 0.0000000000
61757  6.229  0.351  52.827 0.0000000000
59493  3.209  -1.862  73.033 0.0000000000
123876  3.387  -0.423  72.539 0.0000000000
61610  3.616  0.553  72.758 0.0000000000
65784  3.721  4.347  72.413 0.0000000000
65792  2.449  5.408  70.056 0.0000000000
59505  10.924  -1.033  69.890 0.0000000000
58456  10.735  -1.305  69.105 0.0000000000
59506  10.247  -1.411  70.418 0.0000000000
58443  8.835  -2.336  71.691 0.0000000000
57442  9.008  -2.667  71.064 0.0000000000
56411  7.908  -3.563  71.179 0.0000000000
124795  6.184  -4.235  71.685 0.0000000000
59490  5.323  -1.399  73.696 0.0000000000
58437  5.164  -2.679  73.861 0.0000000000
119636  4.085  -2.044  73.724 0.0000000000
58434  3.218  -3.269  73.543 0.0000000000
60682  1.046  0.406  63.938 0.0000000000
60706  2.014  -0.249  62.844 0.0000000000
60708  1.095  0.077  62.340 0.0000000000
61685  0.259  0.822  59.924 0.0000000000
60735  0.743  0.371  60.440 0.0000000000
61698  0.983  1.206  58.727 0.0000000000
61696  1.936  0.876  58.307 0.0000000000
61713  1.013  1.296  57.510 0.0000000000
112150  13.594  0.303  69.891 0.0000000000
54201  -1.467  -6.772  65.928 0.0000000000
54216  -1.393  -6.474  65.017 0.0000000000
114310  -1.109  -5.923  65.953 0.0000000000
128740  1.325  -4.107  68.179 0.0000000000
56450  1.044  -4.521  66.811 0.0000000000
57475  2.722  -4.093  67.255 0.0000000000
57474  3.707  -3.893  66.790 0.0000000000
57468  3.755  -3.002  68.177 0.0000000000
60623  2.785  -0.673  71.430 0.0000000000
59507  2.490  -1.423  71.187 0.0000000000
61623  2.982  0.098  70.727 0.0000000000
61633  3.091  1.309  67.949 0.0000000000
61632  3.529  0.625  68.257 0.0000000000
60652  3.038  0.297  67.403 0.0000000000
60651  3.524  -0.389  67.402 0.0000000000
61640  2.111  0.659  66.655 0.0000000000
61644  1.172  0.510  65.568 0.0000000000
112596  0.753  1.261  66.278 0.0000000000
57467  9.098  -2.941  67.105 0.0000000000
56460  9.594  -3.779  65.760 0.0000000000
52124  4.029  -7.631  70.163 0.0000000000
51198  3.872  -8.502  68.402 0.0000000000
52125  3.127  -7.855  70.427 0.0000000000
51189  -0.048  -8.644  69.214 0.0000000000
120738  0.427  -9.215  68.856 0.0000000000
53164  -1.277  -7.261  67.356 0.0000000000
53172  -1.502  -7.384  66.741 0.0000000000
54227  -0.260  -6.642  63.360 0.0000000000
53231  -0.639  -7.613  62.633 0.0000000000
55339  0.735  -6.462  63.150 0.0000000000
56505  3.262  -5.166  61.198 0.0000000000
54253  2.440  -6.503  61.265 0.0000000000
54268  2.916  -6.697  60.464 0.0000000000
53284  3.276  -7.674  59.459 0.0000000000
110927  3.596  -6.335  58.973 0.0000000000
60712  4.772  0.225  61.790 0.0000000000
59595  6.227  -0.962  62.125 0.0000000000
60719  6.398  -0.705  60.670 0.0000000000
57584  6.013  -3.723  56.523 0.0000000000
57573  5.989  -3.972  57.638 0.0000000000
56559  5.460  -4.201  57.058 0.0000000000
55442  3.557  -5.684  56.591 0.0000000000
56571  3.522  -5.082  56.236 0.0000000000
55459  1.785  -5.489  55.469 0.0000000000
56593  2.704  -4.428  55.142 0.0000000000
58621  3.545  -2.873  51.234 0.0000000000
57634  2.182  -3.606  52.314 0.0000000000
57649  0.900  -3.549  51.251 0.0000000000
64835  0.433  2.854  55.614 0.0000000000
62729  0.077  1.229  55.266 0.0000000000
63867  0.266  2.074  54.528 0.0000000000
64868  1.458  3.632  50.616 0.0000000000
119893  1.634  3.193  51.404 0.0000000000
125599  2.364  2.426  52.161 0.0000000000
63896  3.185  2.293  50.901 0.0000000000
61767  5.078  0.777  50.266 0.0000000000
62831  3.383  1.721  49.184 0.0000000000
111714  5.298  1.068  73.019 0.0000000000
62595  4.703  1.935  72.844 0.0000000000
63652  5.224  2.984  72.550 0.0000000000
61612  10.316  0.117  70.803 0.0000000000
59499  9.931  -1.395  71.009 0.0000000000
60621  9.604  -0.314  71.384 0.0000000000
60616  8.914  -1.203  72.143 0.0000000000
58444  8.328  -2.252  72.333 0.0000000000
57431  6.821  -2.773  72.983 0.0000000000
59488  7.227  -1.734  73.245 0.0000000000
125097  6.639  -0.259  73.110 0.0000000000
62656  -0.226  1.130  62.382 0.0000000000
60716  0.364  0.201  61.570 0.0000000000
63744  -0.244  1.667  61.628 0.0000000000
63759  -0.252  1.784  60.555 0.0000000000
63777  -0.107  1.881  59.632 0.0000000000
54172  -1.058  -6.176  67.526 0.0000000000
56441  -0.868  -5.377  67.152 0.0000000000
56430  -0.345  -4.990  68.285 0.0000000000
57469  0.673  -4.324  68.542 0.0000000000
57461  2.221  -3.226  69.106 0.0000000000
63678  2.581  2.549  69.410 0.0000000000
62616  3.331  0.913  69.789 0.0000000000
63681  2.597  2.310  68.639 0.0000000000
63682  2.132  2.299  68.091 0.0000000000
63685  1.273  2.417  67.475 0.0000000000
62629  0.503  1.637  66.209 0.0000000000
54130  2.606  -5.895  72.328 0.0000000000
52126  2.012  -7.943  70.625 0.0000000000
53129  0.443  -7.294  70.996 0.0000000000
52128  0.106  -7.627  70.230 0.0000000000
111647  -0.221  -7.550  69.684 0.0000000000
52156  -0.666  -8.165  68.427 0.0000000000
53142  -0.462  -7.219  69.263 0.0000000000
54164  -0.803  -6.954  68.203 0.0000000000
56478  2.560  -4.812  64.630 0.0000000000
55337  2.205  -5.408  62.899 0.0000000000
56487  3.500  -4.473  63.226 0.0000000000
56497  3.633  -4.442  62.426 0.0000000000
127012  4.663  -4.222  61.101 0.0000000000
61680  5.300  0.452  59.343 0.0000000000
118491  6.473  -0.310  59.180 0.0000000000
60748  6.679  -0.237  57.632 0.0000000000
59627  7.225  -1.986  56.147 0.0000000000
57596  6.355  -3.236  54.948 0.0000000000
57609  4.747  -3.640  54.391 0.0000000000
58599  6.124  -2.693  53.210 0.0000000000
58610  5.228  -2.778  52.144 0.0000000000
59688  5.113  -1.953  50.928 0.0000000000
122435  1.368  3.279  48.770 0.0000000000
62852  1.745  2.002  48.306 0.0000000000
63922  0.988  2.498  47.967 0.0000000000
57441  1.359  -4.151  71.686 0.0000000000
57450  1.274  -3.478  70.989 0.0000000000
59497  2.292  -2.228  72.139 0.0000000000
60619  3.013  -0.613  72.071 0.0000000000
62601  2.924  1.116  71.687 0.0000000000
118689  3.979  2.801  72.764 0.0000000000
63653  3.169  2.934  72.298 0.0000000000
64711  2.419  3.519  70.985 0.0000000000
65793  2.154  4.374  70.345 0.0000000000
58465  12.247  -0.699  68.484 0.0000000000
58474  10.785  -1.322  67.346 0.0000000000
58466  10.782  -1.246  68.297 0.0000000000
58452  9.478  -2.307  70.625 0.0000000000
126305  9.099  -2.842  69.874 0.0000000000
56428  7.598  -3.645  68.316 0.0000000000
53124  4.679  -6.784  70.530 0.0000000000
53104  4.290  -6.245  71.623 0.0000000000
57433  5.479  -3.903  72.910 0.0000000000
55247  4.570  -5.089  72.385 0.0000000000
54129  3.447  -5.964  72.240 0.0000000000
117183  2.253  -5.561  72.796 0.0000000000
56408  1.593  -4.926  72.712 0.0000000000
60680  3.745  -0.558  64.619 0.0000000000
60678  5.248  -0.798  63.713 0.0000000000
60696  4.038  -0.508  63.788 0.0000000000
60704  4.221  -0.078  62.435 0.0000000000
60721  3.275  -0.149  60.803 0.0000000000
109306  0.801  0.091  61.490 0.0000000000
60722  2.023  -0.094  60.673 0.0000000000
60731  3.874  -0.001  60.083 0.0000000000
61682  3.602  0.313  58.622 0.0000000000
108795  3.890  1.016  56.946 0.0000000000
61736  3.474  1.268  55.660 0.0000000000
64713  8.557  3.968  70.564 0.0000000000
60650  13.712  -0.282  68.083 0.0000000000
59511  17.235  -0.838  69.056 0.0000000000
61625  17.307  0.176  69.759 0.0000000000
60633  16.507  -0.234  69.100 0.0000000000
60642  15.812  0.036  68.621 0.0000000000
60643  13.999  -0.116  68.672 0.0000000000
129057  13.334  -0.404  68.687 0.0000000000
115439  12.493  -0.362  69.716 0.0000000000
61621  12.069  0.167  70.349 0.0000000000
63664  12.285  1.828  70.083 0.0000000000
61622  11.239  0.194  70.481 0.0000000000
63665  9.984  2.013  69.828 0.0000000000
129229  9.227  2.464  70.270 0.0000000000
54214  -1.013  -6.281  64.075 0.0000000000
55320  -0.159  -5.605  64.846 0.0000000000
56467  -0.572  -5.254  66.214 0.0000000000
56465  0.966  -4.939  65.890 0.0000000000
108684  1.843  -4.940  65.255 0.0000000000
56448  3.494  -4.129  66.023 0.0000000000
57473  4.604  -3.374  66.430 0.0000000000
59541  5.193  -2.093  66.067 0.0000000000
58454  1.714  -2.963  71.062 0.0000000000
58453  2.285  -2.235  70.698 0.0000000000
58458  2.959  -1.958  69.795 0.0000000000
61628  3.773  0.475  69.188 0.0000000000
60637  3.714  -0.359  69.334 0.0000000000
112468  3.741  -1.827  69.101 0.0000000000
59543  4.013  -1.213  67.369 0.0000000000
60659  4.073  -1.060  66.336 0.0000000000
60665  4.099  -0.840  65.357 0.0000000000
60667  2.039  0.138  65.152 0.0000000000
60668  1.136  0.471  64.835 0.0000000000
61649  0.453  0.989  64.608 0.0000000000
62630  0.294  1.584  65.762 0.0000000000
62637  0.266  1.348  64.586 0.0000000000
62648  0.195  1.402  63.759 0.0000000000
51213  3.338  -9.788  67.355 0.0000000000
51187  1.807  -8.833  69.172 0.0000000000
55353  2.028  -6.334  62.048 0.0000000000
53253  1.358  -7.865  61.363 0.0000000000
51352  3.039  -9.028  56.182 0.0000000000
59588  6.019  -1.250  63.105 0.0000000000
57521  6.055  -2.968  62.244 0.0000000000
57534  5.431  -3.995  60.840 0.0000000000
57548  6.697  -2.724  59.377 0.0000000000
56532  5.580  -4.153  58.998 0.0000000000
56549  4.242  -5.056  58.926 0.0000000000
54291  3.665  -6.267  58.094 0.0000000000
53326  3.271  -7.143  56.574 0.0000000000
52317  2.357  -8.055  55.670 0.0000000000
124520  1.052  -6.939  55.324 0.0000000000
107591  2.946  -3.783  54.125 0.0000000000
56604  0.151  -4.746  53.367 0.0000000000
63793  0.302  2.887  58.568 0.0000000000
117576  0.559  2.958  57.837 0.0000000000
62705  0.079  1.507  56.918 0.0000000000
61726  0.306  0.784  56.088 0.0000000000
123710  1.537  0.977  55.305 0.0000000000
62745  2.817  1.479  54.124 0.0000000000
62768  1.273  1.837  53.553 0.0000000000
62766  3.354  1.676  53.156 0.0000000000
61754  5.157  1.149  53.099 0.0000000000
61763  5.250  0.870  51.298 0.0000000000
60786  5.146  -0.815  49.916 0.0000000000
59715  3.378  -1.550  49.096 0.0000000000
59733  2.800  -1.096  48.455 0.0000000000
62599  7.416  1.119  72.040 0.0000000000
50393  0.741  -11.189  55.676 0.0000000000
50402  1.309  -10.487  55.123 0.0000000000
51369  0.709  -9.784  54.536 0.0000000000
51368  1.528  -9.520  54.945 0.0000000000
56420  0.203  -4.834  70.161 0.0000000000
56423  0.353  -4.215  70.163 0.0000000000
59539  12.262  -0.660  66.681 0.0000000000
59540  11.476  -0.970  67.078 0.0000000000
56413  0.865  -4.562  71.215 0.0000000000
55258  0.186  -5.743  70.875 0.0000000000
56414  0.347  -5.058  70.730 0.0000000000
59550  5.369  -1.888  65.236 0.0000000000
58504  5.480  -2.531  64.800 0.0000000000
128672  5.625  -1.946  64.522 0.0000000000
61734  5.689  0.919  55.299 0.0000000000
61744  6.012  0.735  54.217 0.0000000000
61752  6.503  0.221  53.477 0.0000000000
60614  4.018  -0.807  73.240 0.0000000000
127687  3.700  -0.303  72.916 0.0000000000
60628  11.270  -0.793  70.027 0.0000000000
59498  10.488  -1.130  70.482 0.0000000000
57437  8.250  -2.776  71.983 0.0000000000
57443  8.425  -3.026  71.450 0.0000000000
56418  7.241  -3.949  70.963 0.0000000000
56412  7.047  -3.884  71.467 0.0000000000
55256  6.231  -4.272  71.336 0.0000000000
56409  6.613  -3.946  71.911 0.0000000000
60613  4.781  -0.648  73.437 0.0000000000
120760  4.829  -2.045  73.928 0.0000000000
59491  4.425  -1.422  73.616 0.0000000000
124623  3.568  -2.130  73.420 0.0000000000
60700  0.915  0.302  63.191 0.0000000000
61699  0.603  1.335  58.967 0.0000000000
61684  0.632  0.801  59.783 0.0000000000
61714  0.587  1.442  57.478 0.0000000000
54185  -1.275  -6.234  66.414 0.0000000000
109290  2.304  -3.818  68.194 0.0000000000
114365  3.360  -3.629  67.744 0.0000000000
62625  2.073  1.662  67.520 0.0000000000
61637  2.543  0.940  67.395 0.0000000000
61641  0.988  0.765  66.107 0.0000000000
53126  3.800  -7.260  71.018 0.0000000000
51202  -0.320  -8.831  68.681 0.0000000000
111902  -1.313  -6.588  67.052 0.0000000000
53183  -1.653  -7.743  65.995 0.0000000000
55328  0.245  -6.129  63.772 0.0000000000
127732  3.914  -4.595  60.855 0.0000000000
55369  3.053  -5.891  60.802 0.0000000000
54280  3.320  -6.931  59.660 0.0000000000
55386  3.783  -5.516  59.432 0.0000000000
61667  5.381  0.256  61.080 0.0000000000
60711  6.093  -0.359  61.292 0.0000000000
60720  6.034  -0.062  60.510 0.0000000000
57585  5.289  -4.074  56.237 0.0000000000
56569  4.477  -4.523  56.442 0.0000000000
56579  3.598  -4.492  55.619 0.0000000000
56580  2.687  -4.994  55.617 0.0000000000
57648  1.937  -3.385  51.522 0.0000000000
57659  1.678  -3.191  50.810 0.0000000000
64834  1.123  3.638  56.053 0.0000000000
65907  0.856  3.774  55.166 0.0000000000
64841  0.436  2.931  54.630 0.0000000000
63905  1.923  3.136  50.500 0.0000000000
63887  2.343  2.722  51.337 0.0000000000
63903  3.292  2.079  49.968 0.0000000000
62594  5.665  1.844  72.628 0.0000000000
115275  5.911  4.392  72.076 0.0000000000
62608  9.970  1.110  70.474 0.0000000000
129091  8.480  0.005  71.880 0.0000000000
60622  9.026  -0.530  71.857 0.0000000000
59495  8.655  -1.720  72.297 0.0000000000
112408  8.223  -1.242  72.601 0.0000000000
59496  8.010  -1.803  72.831 0.0000000000
116300  7.623  -1.300  73.011 0.0000000000
62593  6.566  1.468  72.364 0.0000000000
61608  5.976  0.330  73.131 0.0000000000
115948  -0.135  2.714  60.162 0.0000000000
63776  0.023  2.762  59.332 0.0000000000
55282  -0.847  -5.871  68.009 0.0000000000
56431  -0.736  -5.375  67.793 0.0000000000
121276  0.515  -3.789  70.115 0.0000000000
56429  0.333  -4.726  68.839 0.0000000000
57455  0.678  -4.077  69.405 0.0000000000
114808  1.379  -3.832  68.934 0.0000000000
64729  1.931  3.160  68.782 0.0000000000
127176  2.055  2.642  68.443 0.0000000000
63686  0.671  2.336  66.716 0.0000000000
54136  1.768  -5.971  71.831 0.0000000000
115582  1.989  -6.366  71.709 0.0000000000
53114  1.104  -6.634  71.459 0.0000000000
127777  -0.195  -6.761  70.305 0.0000000000
53130  -0.097  -7.073  70.462 0.0000000000
52145  -0.476  -7.872  68.998 0.0000000000
55275  -0.630  -6.207  68.720 0.0000000000
54163  -0.660  -6.792  68.745 0.0000000000
120668  -0.839  -6.410  68.149 0.0000000000
56477  3.449  -4.464  64.703 0.0000000000
109403  2.989  -4.683  63.855 0.0000000000
56486  4.063  -4.376  63.986 0.0000000000
121391  5.518  -3.109  63.585 0.0000000000
57505  4.105  -4.189  63.125 0.0000000000
57513  4.557  -3.966  62.552 0.0000000000
56496  4.194  -4.248  61.698 0.0000000000
109729  5.239  -3.794  61.808 0.0000000000
61693  5.510  0.521  58.379 0.0000000000
61692  6.225  0.225  58.023 0.0000000000
59639  7.284  -1.226  55.448 0.0000000000
122214  7.224  -1.086  56.286 0.0000000000
58583  7.072  -2.376  55.257 0.0000000000
58591  6.304  -2.995  54.034 0.0000000000
58590  6.828  -2.557  54.479 0.0000000000
59674  6.739  -1.248  52.272 0.0000000000
58608  6.582  -1.974  52.727 0.0000000000
59675  6.273  -1.765  51.933 0.0000000000
58619  5.567  -2.224  51.642 0.0000000000
59687  5.871  -1.385  51.184 0.0000000000
64875  1.380  3.947  49.411 0.0000000000
63923  0.903  3.348  47.864 0.0000000000
57440  1.732  -3.770  72.229 0.0000000000
58446  1.955  -2.968  72.191 0.0000000000
58445  2.568  -2.392  72.672 0.0000000000
117219  2.978  -1.469  72.495 0.0000000000
61611  3.147  0.371  72.205 0.0000000000
63659  2.943  3.868  71.991 0.0000000000
63660  2.736  2.785  71.482 0.0000000000
58455  11.592  -0.857  68.850 0.0000000000
58467  10.075  -1.763  68.602 0.0000000000
57459  9.522  -2.333  68.939 0.0000000000
108781  9.602  -1.635  71.280 0.0000000000
58447  9.772  -1.739  70.868 0.0000000000
56416  8.664  -3.118  69.945 0.0000000000
57448  9.084  -2.836  70.347 0.0000000000
56427  8.371  -3.002  68.865 0.0000000000
55272  6.890  -3.872  69.064 0.0000000000
54152  5.750  -5.402  69.124 0.0000000000
54134  4.614  -5.638  71.470 0.0000000000
54135  4.349  -6.288  71.481 0.0000000000
53111  4.471  -6.492  71.256 0.0000000000
54127  4.353  -5.842  71.758 0.0000000000
115447  6.654  -2.243  73.436 0.0000000000
57432  6.114  -3.337  72.999 0.0000000000
58436  6.024  -2.765  73.559 0.0000000000
57427  4.538  -3.280  73.728 0.0000000000
56404  4.645  -4.330  73.149 0.0000000000
56405  3.655  -4.837  73.142 0.0000000000
54123  3.594  -5.929  72.183 0.0000000000
55249  3.239  -5.629  72.634 0.0000000000
55250  2.550  -5.697  72.660 0.0000000000
55246  2.810  -5.190  73.071 0.0000000000
58440  2.946  -2.695  73.265 0.0000000000
57434  2.507  -3.705  73.182 0.0000000000
57435  1.904  -4.320  72.802 0.0000000000
57436  1.611  -4.447  72.315 0.0000000000
127955  2.845  -0.258  64.279 0.0000000000
60705  2.961  -0.286  62.440 0.0000000000
60713  3.740  -0.011  61.670 0.0000000000
112146  2.473  -0.239  61.543 0.0000000000
61668  -0.034  0.353  61.310 0.0000000000
129825  0.543  0.165  61.395 0.0000000000
60724  0.554  0.185  61.100 0.0000000000
60734  1.311  0.282  60.121 0.0000000000
123059  2.918  -0.137  60.089 0.0000000000
60732  3.242  -0.023  59.393 0.0000000000
60741  2.541  0.333  58.852 0.0000000000
61711  2.123  1.037  57.490 0.0000000000
108490  3.050  0.928  57.257 0.0000000000
61723  3.201  1.145  56.470 0.0000000000
61737  2.354  1.147  55.905 0.0000000000
64712  9.264  3.733  70.049 0.0000000000
65789  9.043  4.591  70.238 0.0000000000
111812  15.199  -0.086  67.194 0.0000000000
112729  14.623  -0.328  66.296 0.0000000000
109532  14.200  -0.245  67.252 0.0000000000
61617  15.954  0.565  70.007 0.0000000000
62613  16.704  0.743  70.044 0.0000000000
129574  17.010  -0.368  69.471 0.0000000000
60634  15.519  0.109  69.115 0.0000000000
60635  14.195  0.038  69.013 0.0000000000
59512  13.252  -0.369  68.847 0.0000000000
61620  12.890  0.010  70.107 0.0000000000
60626  13.074  -0.199  69.595 0.0000000000
60627  11.861  -0.354  70.136 0.0000000000
111170  11.874  2.667  69.633 0.0000000000
62606  11.724  1.018  70.321 0.0000000000
62607  10.740  1.052  70.291 0.0000000000
63676  10.503  2.570  69.481 0.0000000000
64724  9.829  3.518  69.615 0.0000000000
63666  9.500  2.944  69.885 0.0000000000
63667  8.869  3.153  70.399 0.0000000000
53214  -1.457  -7.583  64.160 0.0000000000
55311  -1.146  -6.090  64.959 0.0000000000
54215  -1.177  -6.437  64.234 0.0000000000
55321  -0.783  -5.934  64.543 0.0000000000
56440  -0.563  -4.932  67.570 0.0000000000
56452  -0.612  -5.034  66.883 0.0000000000
56439  -0.036  -4.621  67.265 0.0000000000
123069  2.075  -4.339  66.802 0.0000000000
56464  2.871  -4.498  65.508 0.0000000000
56449  2.832  -4.277  66.410 0.0000000000
58476  4.174  -3.289  67.379 0.0000000000
58482  5.068  -2.678  66.248 0.0000000000
59542  4.648  -1.798  66.709 0.0000000000
58449  1.800  -2.907  71.611 0.0000000000
59502  2.155  -2.216  71.535 0.0000000000
59517  2.760  -1.343  70.333 0.0000000000
109802  3.304  1.851  69.053 0.0000000000
128828  3.944  0.160  68.830 0.0000000000
59522  3.995  -1.078  68.964 0.0000000000
59532  4.088  -1.609  68.365 0.0000000000
124425  3.800  -0.957  68.078 0.0000000000
60660  2.898  0.096  66.547 0.0000000000
117863  3.591  -0.533  66.746 0.0000000000
118347  3.447  -0.366  65.993 0.0000000000
60666  3.151  -0.280  65.198 0.0000000000
113464  0.701  0.730  64.542 0.0000000000
58481  10.242  -2.025  66.612 0.0000000000
51186  2.809  -8.676  68.861 0.0000000000
52127  0.855  -7.850  70.599 0.0000000000
52142  1.362  -8.327  69.907 0.0000000000
51235  -1.845  -9.129  65.410 0.0000000000
51245  -1.962  -9.655  64.631 0.0000000000
54256  -0.313  -7.584  62.433 0.0000000000
53255  -0.452  -8.227  62.042 0.0000000000
129976  0.004  -8.316  61.754 0.0000000000
129554  2.619  -5.213  62.515 0.0000000000
55338  1.663  -6.059  62.738 0.0000000000
54269  2.229  -7.293  60.942 0.0000000000
119231  1.100  -8.646  61.153 0.0000000000
128140  2.280  -9.304  60.096 0.0000000000
52285  3.554  -8.167  58.779 0.0000000000
52286  3.320  -9.056  58.985 0.0000000000
51318  3.543  -8.885  58.165 0.0000000000
51337  3.041  -9.703  57.148 0.0000000000
51336  3.482  -8.709  57.199 0.0000000000
59594  6.457  -1.263  61.168 0.0000000000
58530  6.389  -2.241  61.579 0.0000000000
115552  6.041  -3.370  61.304 0.0000000000
57533  6.054  -3.682  60.439 0.0000000000
118846  7.027  -1.457  58.201 0.0000000000
59609  6.843  -1.093  59.026 0.0000000000
58555  6.956  -2.114  58.786 0.0000000000
56547  5.533  -4.387  57.984 0.0000000000
57564  6.150  -3.826  58.328 0.0000000000
56533  4.753  -4.514  59.417 0.0000000000
55405  3.850  -5.665  58.450 0.0000000000
56561  4.280  -5.195  57.924 0.0000000000
54314  3.372  -6.342  56.590 0.0000000000
53327  2.692  -7.332  56.031 0.0000000000
52304  3.199  -8.003  56.405 0.0000000000
53342  1.475  -7.497  55.319 0.0000000000
53328  1.833  -6.966  55.583 0.0000000000
56581  1.129  -5.213  55.139 0.0000000000
55476  0.090  -5.770  54.355 0.0000000000
57620  4.479  -3.464  53.337 0.0000000000
118350  3.811  -3.645  54.033 0.0000000000
57621  3.419  -3.598  53.367 0.0000000000
57635  0.890  -3.845  52.094 0.0000000000
57623  1.431  -3.921  52.686 0.0000000000
57624  0.571  -4.236  52.689 0.0000000000
56615  -0.853  -5.122  52.031 0.0000000000
64819  0.751  3.100  57.197 0.0000000000
63813  0.205  2.308  57.123 0.0000000000
63833  -0.088  1.518  56.645 0.0000000000
61727  0.053  0.980  56.450 0.0000000000
62716  -0.147  1.067  56.320 0.0000000000
61749  0.386  1.012  54.961 0.0000000000
61738  0.617  0.815  55.455 0.0000000000
61748  1.123  0.974  54.816 0.0000000000
61747  2.641  1.271  55.071 0.0000000000
129798  1.878  1.238  54.659 0.0000000000
64855  0.830  3.680  52.350 0.0000000000
108052  0.781  2.863  53.062 0.0000000000
64848  0.520  2.735  53.819 0.0000000000
63880  1.191  2.460  52.980 0.0000000000
62786  3.673  1.804  52.249 0.0000000000
62787  2.764  2.034  52.612 0.0000000000
62765  4.392  1.463  52.721 0.0000000000
61759  5.242  1.047  52.252 0.0000000000
61771  4.633  0.574  49.385 0.0000000000
60790  5.326  -0.032  49.920 0.0000000000
60791  4.668  -0.292  49.260 0.0000000000
59714  4.349  -1.183  49.446 0.0000000000
60792  3.796  -0.679  48.725 0.0000000000
119318  1.847  1.364  47.990 0.0000000000
63651  6.268  2.446  72.270 0.0000000000
63657  6.837  3.029  71.913 0.0000000000
65785  6.722  4.376  71.699 0.0000000000
62609  9.320  1.674  70.546 0.0000000000
62598  8.742  1.294  71.142 0.0000000000
61615  8.249  0.805  71.705 0.0000000000
61606  7.801  0.182  72.191 0.0000000000
50412  0.101  -10.085  54.127 0.0000000000
51380  -0.060  -8.828  54.176 0.0000000000
56424  0.208  -5.085  69.089 0.0000000000
129358  0.259  -4.717  69.782 0.0000000000
120796  0.921  -6.178  71.498 0.0000000000
54137  0.454  -6.028  71.257 0.0000000000
54138  -0.079  -6.405  70.647 0.0000000000
54154  -0.219  -6.466  70.014 0.0000000000
55274  -0.283  -6.028  69.425 0.0000000000
57498  5.134  -3.199  65.081 0.0000000000
57499  4.726  -3.810  64.527 0.0000000000
57503  5.310  -3.215  64.271 0.0000000000
61709  4.988  1.069  56.980 0.0000000000
121535  5.926  0.704  56.931 0.0000000000
61721  5.830  0.849  56.251 0.0000000000
130068  7.016  -0.316  55.333 0.0000000000
60768  7.170  -0.673  54.554 0.0000000000
118561  7.221  -1.299  53.890 0.0000000000
60773  7.017  -0.533  53.636 0.0000000000
60776  6.715  -0.376  52.708 0.0000000000
60780  6.544  -0.647  51.908 0.0000000000
60615  3.559  -1.080  72.885 0.0000000000
118963  3.119  4.890  71.909 0.0000000000
126060  2.663  5.242  71.050 0.0000000000
66774  3.210  5.835  70.611 0.0000000000
59504  11.824  -0.635  69.591 0.0000000000
59515  11.313  -0.881  69.460 0.0000000000
58450  10.537  -1.377  69.768 0.0000000000
58451  9.933  -1.878  70.177 0.0000000000
58448  9.383  -2.060  71.266 0.0000000000
57449  8.571  -3.194  70.761 0.0000000000
56417  8.017  -3.543  70.497 0.0000000000
55252  5.311  -4.708  71.648 0.0000000000
113639  5.550  -4.564  71.965 0.0000000000
114034  5.753  -2.142  73.822 0.0000000000
58438  4.354  -2.592  73.872 0.0000000000
58433  3.863  -3.158  73.772 0.0000000000
57429  3.411  -3.655  73.585 0.0000000000
58439  3.695  -2.606  73.652 0.0000000000
60698  2.163  -0.153  63.568 0.0000000000
60699  1.402  0.025  63.162 0.0000000000
60707  1.371  -0.059  62.445 0.0000000000
60714  1.189  -0.015  62.041 0.0000000000
61673  0.389  0.415  60.575 0.0000000000
61683  1.013  0.745  59.541 0.0000000000
60742  1.639  0.616  59.213 0.0000000000
61697  1.251  1.144  58.530 0.0000000000
61712  1.331  1.221  57.569 0.0000000000
61725  1.039  0.972  56.668 0.0000000000
60648  15.929  -0.059  67.910 0.0000000000
60625  13.841  0.082  69.437 0.0000000000
62604  13.716  0.832  70.209 0.0000000000
109983  -1.676  -8.115  65.219 0.0000000000
53199  -1.570  -7.144  65.123 0.0000000000
54200  -1.288  -6.243  65.631 0.0000000000
123775  0.685  -4.316  67.710 0.0000000000
56438  1.705  -4.212  67.491 0.0000000000
122385  4.242  -2.658  67.742 0.0000000000
60630  2.793  -0.664  70.649 0.0000000000
62621  2.957  1.809  68.248 0.0000000000
60661  1.877  0.388  66.004 0.0000000000
61642  0.447  1.145  65.862 0.0000000000
111060  9.627  -2.471  66.928 0.0000000000
56446  9.435  -3.254  66.423 0.0000000000
52123  4.601  -7.340  69.831 0.0000000000
52140  3.478  -8.171  69.493 0.0000000000
51188  0.830  -8.827  69.337 0.0000000000
53154  -1.002  -7.470  67.851 0.0000000000
52169  -1.368  -8.156  67.376 0.0000000000
52187  -1.758  -8.616  65.991 0.0000000000
54242  -0.819  -7.019  63.180 0.0000000000
54241  -0.591  -7.133  62.986 0.0000000000
54240  0.100  -7.052  62.754 0.0000000000
54255  0.451  -7.420  62.205 0.0000000000
55352  2.667  -5.723  61.585 0.0000000000
53285  2.812  -7.516  60.153 0.0000000000
52273  2.818  -8.556  59.819 0.0000000000
53299  3.518  -7.231  58.869 0.0000000000
125232  4.998  -0.018  62.426 0.0000000000
107660  5.533  -0.119  61.942 0.0000000000
59598  6.601  -1.469  60.399 0.0000000000
127009  6.743  -2.915  57.353 0.0000000000
117039  6.110  -3.735  57.163 0.0000000000
56560  4.760  -4.700  57.458 0.0000000000
56570  4.114  -5.198  56.969 0.0000000000
55443  2.753  -5.777  56.005 0.0000000000
55444  1.780  -6.205  55.600 0.0000000000
107627  1.882  -4.837  55.194 0.0000000000
116152  2.089  -4.403  54.824 0.0000000000
126623  3.778  -3.238  52.036 0.0000000000
126659  3.082  -3.516  52.591 0.0000000000
57647  2.858  -3.308  51.775 0.0000000000
108587  1.462  -3.632  51.986 0.0000000000
63852  -0.181  1.312  55.937 0.0000000000
63851  0.042  1.959  55.326 0.0000000000
62748  0.427  1.455  54.586 0.0000000000
63888  1.731  2.719  52.163 0.0000000000
62804  3.058  2.241  51.790 0.0000000000
62803  3.826  1.865  51.371 0.0000000000
62802  4.520  1.418  50.835 0.0000000000
62820  3.837  1.839  50.579 0.0000000000
62819  4.200  1.430  49.791 0.0000000000
61772  3.863  1.100  48.841 0.0000000000
61604  5.065  0.229  73.309 0.0000000000
61609  4.400  0.972  73.064 0.0000000000
64705  5.069  3.867  72.475 0.0000000000
63658  6.113  3.206  72.215 0.0000000000
119234  5.307  4.299  72.315 0.0000000000
60620  10.130  -0.990  71.174 0.0000000000
59500  9.615  -1.461  71.437 0.0000000000
120194  9.523  -1.131  71.733 0.0000000000
59494  9.198  -1.588  71.841 0.0000000000
115256  8.906  -1.940  71.941 0.0000000000
57438  7.654  -2.829  72.462 0.0000000000
58435  7.519  -2.299  72.931 0.0000000000
60618  7.502  -0.548  72.761 0.0000000000
60611  6.891  -0.997  73.247 0.0000000000
60612  5.863  -0.598  73.413 0.0000000000
111584  -0.000  1.059  62.984 0.0000000000
60709  0.488  0.286  62.152 0.0000000000
61664  0.011  0.478  62.097 0.0000000000
62663  -0.303  0.812  61.671 0.0000000000
62673  -0.322  0.916  60.942 0.0000000000
63758  -0.001  2.667  61.103 0.0000000000
119715  -0.097  1.070  60.115 0.0000000000
119272  0.205  1.373  59.234 0.0000000000
116998  -1.188  -6.029  67.018 0.0000000000
55292  -0.991  -5.728  67.353 0.0000000000
107768  3.067  1.776  70.029 0.0000000000
62626  1.048  1.755  66.786 0.0000000000
118611  2.701  -6.502  71.761 0.0000000000
53127  2.826  -7.347  71.208 0.0000000000
53128  1.649  -7.227  71.292 0.0000000000
112162  -0.131  -7.991  69.644 0.0000000000
52144  -0.346  -8.186  69.151 0.0000000000
53153  -0.686  -7.514  68.524 0.0000000000
54173  -1.037  -6.773  67.678 0.0000000000
114321  1.365  -5.766  63.530 0.0000000000
55327  2.233  -5.154  63.560 0.0000000000
107509  2.829  -4.835  62.886 0.0000000000
124250  3.555  -4.667  61.625 0.0000000000
60730  6.051  0.124  59.700 0.0000000000
60740  6.106  0.215  58.857 0.0000000000
110437  6.685  -0.455  58.368 0.0000000000
59617  7.030  -0.927  57.592 0.0000000000
60756  6.935  -0.453  56.897 0.0000000000
113245  7.179  -1.440  56.901 0.0000000000
129543  7.117  -1.752  57.507 0.0000000000
58574  6.985  -2.455  56.960 0.0000000000
57583  6.665  -3.044  56.055 0.0000000000
121013  5.794  -3.722  55.697 0.0000000000
117433  5.472  -3.653  54.973 0.0000000000
57608  5.488  -3.296  53.673 0.0000000000
126841  6.889  -2.152  53.681 0.0000000000
57619  5.328  -3.055  52.837 0.0000000000
57633  4.573  -3.186  52.421 0.0000000000
58620  4.601  -2.694  51.562 0.0000000000
58632  4.213  -2.329  50.664 0.0000000000
122393  1.622  3.461  49.815 0.0000000000
118530  1.871  2.904  49.529 0.0000000000
62832  2.475  2.293  49.137 0.0000000000
63921  1.641  2.629  48.699 0.0000000000
63939  0.650  2.776  47.286 0.0000000000
50392  1.694  -10.679  56.079 0.0000000000
57446  0.931  -3.891  71.046 0.0000000000
57445  1.534  -3.514  71.559 0.0000000000
61616  2.941  0.189  71.532 0.0000000000
62610  2.818  1.847  71.046 0.0000000000
62596  3.802  1.668  72.828 0.0000000000
118129  3.354  2.171  72.482 0.0000000000
64707  3.609  3.604  72.496 0.0000000000
63654  2.898  2.036  71.949 0.0000000000
63669  2.623  2.540  70.448 0.0000000000
64715  2.228  3.230  70.073 0.0000000000
59530  11.545  -0.945  68.003 0.0000000000
57466  9.457  -2.213  67.923 0.0000000000
110550  8.654  -3.427  67.138 0.0000000000
57447  9.503  -2.499  69.831 0.0000000000
57452  9.022  -2.709  69.345 0.0000000000
56437  8.210  -3.499  67.651 0.0000000000
55280  6.337  -4.741  68.745 0.0000000000
53125  4.444  -7.010  70.801 0.0000000000
53112  4.251  -6.593  71.448 0.0000000000
53105  3.920  -6.172  71.932 0.0000000000
57439  6.858  -3.390  72.434 0.0000000000
56402  5.991  -3.961  72.391 0.0000000000
56403  5.189  -4.549  72.436 0.0000000000
109839  5.352  -3.362  73.490 0.0000000000
55253  4.723  -5.204  71.992 0.0000000000
55254  4.204  -5.681  72.080 0.0000000000
53106  3.299  -6.021  72.272 0.0000000000
120917  2.987  -5.874  72.491 0.0000000000
54125  2.651  -5.741  72.627 0.0000000000
54126  2.130  -5.588  72.471 0.0000000000
56400  2.516  -4.726  73.197 0.0000000000
56407  1.762  -4.986  73.069 0.0000000000
55255  1.693  -5.255  72.203 0.0000000000
56410  1.469  -4.822  71.902 0.0000000000
60679  4.568  -0.884  64.505 0.0000000000
113838  4.714  -0.316  63.046 0.0000000000
108520  2.980  -0.309  63.336 0.0000000000
60697  3.813  -0.302  63.042 0.0000000000
61672  4.476  0.269  60.906 0.0000000000
108519  1.382  -0.095  61.511 0.0000000000
60723  1.033  0.046  60.975 0.0000000000
121043  4.793  0.391  60.128 0.0000000000
61681  4.293  0.259  59.344 0.0000000000
61694  4.645  0.562  58.555 0.0000000000
118149  4.989  0.777  57.856 0.0000000000
61695  2.859  0.602  58.036 0.0000000000
61710  4.010  0.759  57.751 0.0000000000
61722  4.203  1.179  56.255 0.0000000000
61735  4.550  1.266  55.433 0.0000000000
63668  8.105  3.370  70.967 0.0000000000
65790  8.292  4.878  70.690 0.0000000000
59528  13.153  -0.431  67.250 0.0000000000
112706  12.900  -0.512  68.220 0.0000000000
59521  12.808  -0.555  68.832 0.0000000000
59503  12.528  -0.458  69.414 0.0000000000
116446  11.527  -0.377  70.300 0.0000000000
63663  13.296  1.806  70.217 0.0000000000
53198  -1.370  -6.798  64.393 0.0000000000
111004  -1.123  -6.932  63.579 0.0000000000
54229  -0.989  -6.596  63.668 0.0000000000
54228  -0.827  -6.651  63.523 0.0000000000
110588  -0.216  -5.888  64.233 0.0000000000
55319  0.627  -5.678  64.270 0.0000000000
55302  -1.080  -5.778  66.740 0.0000000000
55301  -0.911  -5.531  66.449 0.0000000000
56451  0.051  -4.860  66.447 0.0000000000
56466  -0.028  -5.218  65.645 0.0000000000
56479  0.814  -5.270  65.024 0.0000000000
56463  3.816  -4.149  65.423 0.0000000000
57485  4.099  -3.865  66.030 0.0000000000
57484  4.577  -3.683  65.456 0.0000000000
57483  5.094  -3.152  65.813 0.0000000000
59551  4.758  -1.511  65.805 0.0000000000
112189  1.029  -3.405  70.551 0.0000000000
58459  1.648  -2.976  70.513 0.0000000000
57453  2.245  -2.675  69.907 0.0000000000
58469  3.217  -2.611  69.038 0.0000000000
61629  3.178  -0.028  69.952 0.0000000000
59516  3.380  -1.195  69.578 0.0000000000
58468  3.981  -2.303  68.391 0.0000000000
59531  4.425  -2.026  67.684 0.0000000000
61648  0.671  0.685  63.794 0.0000000000
61661  0.372  0.929  63.624 0.0000000000
62632  0.334  1.246  65.311 0.0000000000
63693  0.139  1.725  65.246 0.0000000000
114269  0.004  1.413  63.101 0.0000000000
64714  7.665  4.315  71.145 0.0000000000
58480  10.921  -1.586  66.340 0.0000000000
57481  10.689  -2.515  65.590 0.0000000000
57472  9.934  -2.931  66.046 0.0000000000
52141  2.441  -8.329  69.765 0.0000000000
51199  2.141  -9.276  68.371 0.0000000000
53256  -0.726  -8.275  62.187 0.0000000000
54239  1.120  -6.801  62.480 0.0000000000
54254  1.507  -7.152  61.745 0.0000000000
53254  0.712  -7.734  61.809 0.0000000000
52258  0.264  -8.982  61.278 0.0000000000
123387  0.232  -9.631  60.812 0.0000000000
51301  2.541  -9.640  59.473 0.0000000000
50391  2.585  -10.028  56.065 0.0000000000
59581  5.816  -1.644  63.904 0.0000000000
58523  5.984  -2.425  63.209 0.0000000000
112903  6.257  -1.945  62.487 0.0000000000
56518  4.670  -4.375  60.333 0.0000000000
60729  6.522  -0.687  59.891 0.0000000000
59602  6.787  -1.750  59.626 0.0000000000
118462  6.616  -2.396  60.159 0.0000000000
57563  6.652  -3.049  58.532 0.0000000000
115513  6.300  -3.516  59.150 0.0000000000
58547  6.407  -3.264  59.945 0.0000000000
57550  5.486  -4.146  59.971 0.0000000000
56534  4.117  -4.847  59.882 0.0000000000
115561  3.581  -6.811  58.271 0.0000000000
55423  3.809  -5.884  57.398 0.0000000000
54303  3.617  -6.809  57.406 0.0000000000
114228  3.603  -7.726  57.187 0.0000000000
51367  2.293  -9.277  55.481 0.0000000000
52318  1.555  -8.397  55.109 0.0000000000
53343  0.776  -7.479  54.914 0.0000000000
57610  3.553  -3.942  54.817 0.0000000000
125716  2.656  -4.101  54.658 0.0000000000
57611  2.066  -4.157  54.254 0.0000000000
57622  2.329  -3.818  53.303 0.0000000000
56603  1.156  -4.305  53.669 0.0000000000
112471  0.488  -5.020  54.306 0.0000000000
56595  -0.185  -5.467  53.755 0.0000000000
63794  0.130  2.101  58.619 0.0000000000
111290  0.222  2.312  57.953 0.0000000000
125025  0.469  1.038  56.682 0.0000000000
112200  1.195  0.869  56.145 0.0000000000
61739  0.142  0.844  55.546 0.0000000000
61746  3.807  1.381  54.771 0.0000000000
62769  0.649  1.994  53.794 0.0000000000
62788  1.896  2.251  52.838 0.0000000000
62767  2.248  1.781  53.388 0.0000000000
62744  4.267  1.425  53.755 0.0000000000
115616  5.276  1.124  53.801 0.0000000000
61758  5.722  0.714  52.693 0.0000000000
61762  6.054  0.232  51.937 0.0000000000
60781  6.157  -0.590  51.282 0.0000000000
61766  5.720  0.116  50.805 0.0000000000
60785  5.664  -0.651  50.576 0.0000000000
59700  5.372  -1.271  50.528 0.0000000000
59701  4.724  -1.603  50.201 0.0000000000
59702  3.837  -1.973  49.852 0.0000000000
62851  2.788  1.467  48.467 0.0000000000
123692  3.301  0.725  48.363 0.0000000000
58647  1.922  -2.299  49.344 0.0000000000
53312  3.618  -7.478  58.051 0.0000000000
54124  3.065  -5.869  72.520 0.0000000000
54128  3.861  -5.981  72.090 0.0000000000
54267  3.454  -6.134  59.979 0.0000000000
55248  4.046  -5.374  72.605 0.0000000000
55251  1.866  -5.304  72.873 0.0000000000
55329  -0.614  -6.219  63.898 0.0000000000
56399  3.147  -4.362  73.392 0.0000000000
56401  2.187  -4.594  73.109 0.0000000000
56406  2.141  -5.283  73.041 0.0000000000
56594  1.298  -4.652  54.705 0.0000000000
56614  -0.231  -4.623  52.433 0.0000000000
57430  2.790  -4.031  73.386 0.0000000000
57549  6.042  -3.836  59.723 0.0000000000
57572  6.484  -3.365  57.682 0.0000000000
58529  6.542  -2.072  60.816 0.0000000000
58609  5.903  -2.454  52.387 0.0000000000
58622  2.553  -3.056  50.953 0.0000000000
59492  3.793  -1.552  73.342 0.0000000000
59563  5.305  -1.424  64.494 0.0000000000
60701  0.606  0.467  62.923 0.0000000000
60715  0.733  0.142  61.746 0.0000000000
60725  0.234  0.246  61.026 0.0000000000
61707  6.376  0.250  57.269 0.0000000000
61720  6.507  0.281  56.522 0.0000000000
61740  -0.088  0.891  55.922 0.0000000000
61743  6.757  0.054  54.151 0.0000000000
61753  5.846  0.741  53.355 0.0000000000
62747  0.785  1.393  54.288 0.0000000000
63814  0.153  1.837  57.522 0.0000000000
109740  0.436  -8.260  61.579 0.0000000000
109852  1.448  1.106  56.916 0.0000000000
112898  6.536  -3.251  56.946 0.0000000000
116431  2.388  -5.613  62.298 0.0000000000
121540  6.534  0.337  55.723 0.0000000000
121553  2.364  -4.984  64.079 0.0000000000
127759  5.721  -3.445  54.381 0.0000000000
127832  5.041  0.423  60.617 0.0000000000
128208  3.372  -9.266  57.713 0.0000000000
128614  4.937  -2.283  66.502 0.0000000000
