#!ascii label  , from subject sub-v1s17x0050265_ses-1 vox2ras=TkReg
2289
47399  1.107  -13.582  69.050 0.1111110002
47400  0.248  -13.394  68.615 0.2222220004
47401  -0.777  -13.681  68.358 0.4444440007
47360  4.254  -13.563  71.468 0.1111110002
46336  2.550  -14.052  70.801 0.1111110002
46342  2.423  -14.547  70.112 0.1111110002
47370  4.535  -13.948  70.720 0.1111110002
47371  3.797  -14.150  70.955 0.1111110002
46350  1.759  -14.153  69.629 0.1111110002
47381  5.771  -13.032  69.997 0.2222220004
127758  5.452  -13.597  69.722 0.2222220004
46340  4.071  -14.642  70.256 0.1111110002
46341  3.209  -14.662  70.451 0.1111110002
46362  1.003  -14.003  67.998 0.3333329856
47414  0.001  -13.877  67.615 0.4444440007
116609  -1.571  -13.734  69.202 0.4444440007
47415  -0.905  -13.972  67.418 0.4444440007
47387  -2.336  -14.188  68.928 0.4444440007
46363  -2.795  -14.486  68.263 0.2222220004
46361  1.689  -14.528  68.769 0.1111110002
46347  5.374  -13.914  69.140 0.2222220004
47382  4.844  -14.163  69.831 0.2222220004
45402  2.284  -14.998  69.375 0.1111110002
47412  6.189  -13.324  67.709 0.2222220004
129432  4.874  -14.476  69.108 0.2222220004
46349  3.532  -15.175  69.699 0.2222220004
46382  0.532  -14.234  67.113 0.4444440007
47427  6.943  -13.485  66.455 0.2222220004
47402  -1.627  -14.044  68.163 0.4444440007
47403  -2.259  -14.241  67.924 0.3333329856
127608  -2.925  -14.469  67.460 0.3333329856
121022  -3.119  -14.835  66.419 0.2222220004
45411  1.646  -14.715  67.945 0.4444440007
47398  5.742  -13.560  68.443 0.2222220004
46380  4.988  -14.839  67.819 0.2222220004
45421  4.314  -15.487  67.921 0.2222220004
45401  2.927  -15.487  69.153 0.2222220004
46381  1.249  -14.565  67.164 0.4444440007
48344  7.893  -13.082  65.321 0.2222220004
45420  4.753  -15.329  67.150 0.3333329856
117626  4.019  -15.684  67.123 0.3333329856
45423  2.697  -15.652  67.596 0.3333329856
46383  -0.201  -14.036  66.677 0.5555559993
48358  8.148  -13.058  64.551 0.2222220004
127347  6.937  -14.372  65.510 0.2222220004
46378  6.268  -14.027  66.927 0.2222220004
45441  5.105  -15.260  66.376 0.3333329856
47428  0.114  -13.920  65.926 0.5555559993
109468  -1.021  -13.934  66.726 0.4444440007
47451  7.868  -13.490  63.974 0.4444440007
47429  -1.517  -13.617  66.318 0.4444440007
48322  -2.135  -13.240  66.391 0.4444440007
48367  8.882  -12.594  63.312 0.2222220004
46384  -2.909  -13.983  66.664 0.4444440007
45464  -3.006  -15.373  65.906 0.1111110002
45424  1.971  -15.145  67.351 0.4444440007
45442  4.432  -15.500  66.563 0.3333329856
117737  3.209  -15.744  66.917 0.3333329856
46404  1.672  -14.766  66.400 0.5555559993
46405  0.728  -14.244  66.459 0.5555559993
46417  6.359  -14.751  65.346 0.3333329856
115258  4.467  -15.461  65.838 0.3333329856
45462  3.674  -15.392  65.459 0.5555559993
46419  2.692  -14.730  65.407 0.5555559993
47442  -0.238  -13.246  65.609 0.6666669846
111699  -0.714  -13.774  66.076 0.5555559993
46433  7.112  -14.434  64.951 0.3333329856
45459  5.727  -15.049  64.716 0.3333329856
45477  4.500  -15.249  64.357 0.5555559993
46437  3.814  -14.733  64.365 0.6666669846
48378  8.700  -12.913  62.629 0.3333329856
47470  7.268  -13.760  62.346 0.4444440007
48335  -1.028  -12.986  65.901 0.7777780294
48336  -1.733  -12.369  66.286 0.5555559993
46422  -3.182  -14.624  65.830 0.1111110002
109014  9.114  -12.655  61.884 0.6666669846
48391  8.331  -13.108  61.828 0.3333329856
47443  -3.352  -13.886  65.446 0.2222220004
46420  1.916  -14.428  65.714 0.5555559993
46421  1.042  -14.085  65.902 0.5555559993
47439  2.394  -13.968  65.357 0.5555559993
47441  0.602  -13.458  65.497 0.5555559993
46454  6.139  -14.729  63.408 0.5555559993
46455  5.161  -14.845  63.155 0.6666669846
129980  4.593  -14.823  63.497 0.6666669846
47438  3.254  -14.274  64.915 0.5555559993
48346  2.273  -13.080  65.396 0.7777780294
48348  0.413  -12.489  65.357 0.7777780294
48349  -0.386  -12.256  65.591 0.6666669846
46474  6.787  -14.295  62.850 0.5555559993
47472  5.364  -13.797  61.966 0.7777780294
47473  4.653  -13.603  62.485 0.8888890147
129785  -1.066  -12.035  66.024 0.6666669846
47418  -2.882  -13.151  66.370 0.4444440007
48390  9.530  -12.428  61.059 0.6666669846
48392  7.523  -12.953  61.159 0.7777780294
47483  6.900  -13.405  61.629 0.7777780294
47430  -3.216  -13.206  66.170 0.2222220004
47460  4.216  -13.761  63.336 0.8888890147
47452  3.824  -14.033  64.145 0.7777780294
119222  3.553  -13.530  64.708 0.8888890147
48394  5.268  -12.689  61.549 0.8888890147
48379  4.757  -12.753  62.219 0.8888890147
48359  4.119  -12.986  64.208 0.8888890147
49330  4.162  -12.242  64.984 0.8888890147
109834  8.593  -12.703  60.975 0.6666669846
49414  7.202  -11.717  60.074 0.7777780294
48408  5.975  -12.488  61.081 0.8888890147
49355  4.849  -12.180  62.865 0.8888890147
48368  4.426  -12.957  63.032 0.8888890147
129326  10.238  -12.307  59.749 0.6666669846
48406  8.537  -12.452  60.201 0.6666669846
50310  5.630  -11.239  61.881 0.8888890147
49379  5.078  -11.989  61.989 0.8888890147
49399  5.542  -11.927  61.255 0.8888890147
110093  5.358  -11.400  62.793 0.8888890147
49328  5.130  -11.570  63.825 0.7777780294
49415  6.084  -11.910  60.802 0.8888890147
49428  11.141  -11.675  59.370 0.7777780294
48419  9.367  -12.053  59.028 0.7777780294
49413  8.066  -12.061  59.785 0.7777780294
110972  12.308  -10.572  58.822 0.7777780294
127266  11.319  -11.495  58.137 0.7777780294
49468  10.330  -11.465  58.036 0.7777780294
50329  6.899  -10.666  60.131 0.8888890147
49398  6.012  -11.266  61.111 0.8888890147
51273  6.544  -9.778  62.599 0.7777780294
50309  6.025  -10.553  62.852 0.6666669846
49451  9.007  -11.271  58.710 0.7777780294
49431  7.671  -11.189  59.555 0.8888890147
51297  13.453  -9.056  59.179 0.5555559993
51316  13.057  -9.818  58.599 0.5555559993
50358  12.714  -10.486  57.870 0.7777780294
49447  11.859  -11.184  57.839 0.7777780294
50377  10.780  -11.086  57.210 0.7777780294
51315  13.723  -9.260  58.367 0.6666669846
50375  12.411  -10.812  57.089 0.7777780294
120896  12.045  -10.545  56.478 0.7777780294
52235  18.444  -8.727  61.117 0.3333329856
51280  18.780  -8.899  60.747 0.4444440007
50344  7.583  -10.179  59.621 0.8888890147
110213  7.271  -9.640  60.454 0.8888890147
50318  6.766  -10.020  61.042 0.8888890147
52252  14.838  -8.074  59.572 0.4444440007
52270  13.842  -8.365  59.738 0.3333329856
120491  9.515  -11.018  58.143 0.7777780294
50343  8.249  -10.712  59.068 0.8888890147
51283  7.803  -9.229  59.996 0.8888890147
123610  7.688  -8.965  60.788 0.8888890147
51296  14.188  -8.612  58.924 0.4444440007
50390  11.206  -10.542  56.582 0.7777780294
51334  10.396  -10.294  56.855 0.8888890147
50374  13.277  -10.253  57.140 0.7777780294
51314  14.537  -8.952  58.061 0.7777780294
51333  13.884  -9.574  57.581 0.7777780294
122445  13.965  -9.845  56.913 0.7777780294
52236  17.913  -8.352  61.136 0.3333329856
52220  17.551  -8.215  61.839 0.2222220004
52237  17.228  -7.879  61.140 0.3333329856
51294  19.436  -9.316  59.714 0.4444440007
115577  18.837  -8.855  60.114 0.4444440007
52251  15.992  -7.842  59.866 0.3333329856
52240  8.254  -7.890  61.275 0.7777780294
52241  7.796  -8.432  61.375 0.7777780294
51263  6.972  -9.077  62.441 0.6666669846
51310  19.358  -9.379  58.847 0.5555559993
52269  15.688  -8.337  59.011 0.5555559993
51317  9.161  -9.633  58.204 0.8888890147
51299  8.721  -9.228  58.811 0.8888890147
52256  8.150  -8.450  60.567 0.7777780294
50356  19.904  -9.907  58.401 0.5555559993
122911  14.913  -8.468  58.737 0.6666669846
52282  15.454  -8.697  58.210 0.6666669846
51335  9.645  -9.525  57.439 0.8888890147
50389  12.849  -10.364  56.459 0.7777780294
50401  12.499  -10.027  55.884 0.8888890147
52303  10.604  -8.935  56.485 0.8888890147
51332  14.544  -9.458  57.208 0.7777780294
113412  13.156  -10.034  55.878 0.7777780294
52248  18.295  -8.550  60.536 0.3333329856
52249  17.549  -8.099  60.323 0.5555559993
51295  18.773  -8.884  59.299 0.4444440007
52266  18.178  -8.479  59.767 0.5555559993
52267  17.431  -8.217  59.427 0.5555559993
112656  16.878  -7.915  59.823 0.4444440007
52255  8.567  -7.987  60.009 0.7777780294
51311  18.668  -8.965  58.447 0.5555559993
52279  18.058  -8.532  58.929 0.5555559993
52268  16.594  -8.229  59.199 0.5555559993
53298  9.231  -7.771  58.631 0.8888890147
110663  9.001  -7.447  59.512 0.7777780294
50373  19.718  -10.089  57.558 0.5555559993
51327  19.245  -9.468  57.969 0.5555559993
51312  17.874  -8.774  58.093 0.5555559993
52280  17.219  -8.495  58.645 0.5555559993
52281  16.334  -8.609  58.431 0.5555559993
52283  9.606  -8.183  57.762 0.8888890147
52284  9.150  -8.765  58.323 0.8888890147
50387  20.187  -10.817  57.193 0.5555559993
51343  19.118  -9.547  57.000 0.6666669846
51344  18.459  -9.214  56.817 0.6666669846
51329  17.659  -9.057  57.152 0.7777780294
51330  16.635  -9.125  57.046 0.7777780294
52293  16.066  -8.934  57.639 0.7777780294
51366  11.885  -8.908  55.568 0.8888890147
112111  10.280  -9.427  56.771 0.8888890147
50399  20.191  -10.968  56.273 0.6666669846
50388  19.631  -10.282  56.680 0.6666669846
121171  17.085  -9.183  56.456 0.7777780294
51331  15.771  -9.234  56.872 0.7777780294
108776  15.061  -9.377  56.781 0.7777780294
116183  13.772  -9.748  55.632 0.7777780294
51364  13.015  -9.543  55.279 0.7777780294
49492  24.849  -12.189  55.737 0.5555559993
48441  24.203  -12.364  55.111 0.5555559993
48458  23.483  -12.432  54.404 0.7777780294
48443  22.703  -12.407  55.057 0.6666669846
49494  21.388  -12.056  55.546 0.6666669846
49505  20.911  -11.711  54.792 0.6666669846
50410  20.263  -10.996  55.300 0.6666669846
50400  19.684  -10.311  55.761 0.6666669846
51358  19.188  -9.559  55.255 0.7777780294
48444  21.767  -12.270  54.853 0.7777780294
112891  20.341  -10.963  54.264 0.7777780294
51375  20.023  -10.150  53.697 0.7777780294
54278  9.848  -6.247  59.391 0.8888890147
53283  9.484  -6.905  59.013 0.8888890147
111833  10.243  -7.551  57.317 0.8888890147
51345  17.930  -9.142  56.095 0.7777780294
53324  11.625  -8.103  55.927 0.8888890147
52302  11.158  -8.913  56.033 0.8888890147
49490  26.465  -11.696  55.033 0.5555559993
49502  25.772  -11.953  54.486 0.5555559993
51359  18.754  -9.412  56.138 0.6666669846
51360  16.919  -9.221  55.637 0.7777780294
51361  15.997  -9.363  55.326 0.7777780294
51378  14.734  -9.146  54.572 0.7777780294
52315  13.232  -8.625  54.811 0.8888890147
49503  24.994  -12.243  54.830 0.5555559993
125040  24.359  -12.368  54.348 0.8888890147
48459  22.373  -12.368  53.992 0.8888890147
50411  19.819  -10.213  54.765 0.6666669846
51376  19.462  -9.480  54.078 0.7777780294
52312  18.491  -9.152  55.198 0.8888890147
52331  18.151  -8.760  54.091 0.8888890147
52314  16.561  -9.083  54.650 0.8888890147
52334  15.151  -8.430  54.024 0.8888890147
52335  14.202  -8.584  54.426 0.8888890147
128363  22.478  -12.283  53.222 0.8888890147
123676  21.886  -12.116  53.102 0.8888890147
49504  21.434  -11.990  53.911 0.8888890147
50419  20.545  -10.895  53.233 0.8888890147
51389  19.326  -8.690  53.276 0.8888890147
49519  21.151  -11.571  53.021 0.8888890147
55404  10.654  -5.789  58.279 0.8888890147
54302  11.549  -6.468  56.935 0.8888890147
54290  10.447  -6.557  57.669 0.8888890147
54330  12.775  -7.340  55.528 0.8888890147
108071  12.083  -6.770  56.428 0.8888890147
49501  26.500  -11.547  54.194 0.6666669846
52313  17.598  -9.037  54.955 0.8888890147
53356  14.553  -7.713  54.179 0.8888890147
53340  13.203  -7.669  54.980 0.8888890147
109669  25.883  -11.768  53.572 0.8888890147
108146  25.014  -12.187  53.771 0.8888890147
48477  24.034  -12.342  53.521 0.8888890147
127977  18.675  -8.207  53.062 0.8888890147
52332  17.130  -8.663  53.887 0.8888890147
52333  16.114  -8.561  53.849 0.7777780294
52349  15.817  -7.921  53.525 0.8888890147
124670  25.335  -11.878  52.909 0.8888890147
49516  24.552  -12.033  52.724 0.8888890147
49533  22.546  -11.315  51.858 0.8888890147
129135  20.852  -9.759  52.142 0.7777780294
50429  20.381  -10.027  52.723 0.7777780294
52346  20.022  -8.218  52.569 0.8888890147
49534  21.791  -11.495  52.330 0.8888890147
50428  21.041  -10.698  52.289 0.8888890147
55403  11.373  -5.365  57.913 0.7777780294
109943  11.050  -5.236  58.852 0.4444440007
55422  11.929  -5.748  57.257 0.8888890147
54289  11.092  -6.000  57.489 0.7777780294
55441  13.056  -6.089  56.552 0.7777780294
51357  28.886  -9.915  54.959 0.4444440007
50408  28.285  -10.428  54.560 0.5555559993
116493  27.127  -11.301  54.657 0.5555559993
54313  12.778  -6.695  56.108 0.8888890147
53355  15.140  -7.203  53.987 0.7777780294
54343  14.813  -6.744  54.633 0.7777780294
53339  13.953  -7.232  54.822 0.7777780294
50416  28.111  -10.342  53.649 0.7777780294
49515  26.607  -11.342  53.343 0.8888890147
53371  18.127  -7.268  52.668 0.8888890147
53372  16.752  -6.953  52.959 0.7777780294
53373  16.197  -7.357  53.260 0.7777780294
54342  15.585  -6.627  54.061 0.7777780294
50418  26.690  -11.034  52.436 0.8888890147
123799  26.053  -11.136  51.686 0.8888890147
49548  24.690  -11.059  51.487 0.8888890147
49531  24.072  -11.513  51.891 0.7777780294
50427  21.919  -10.670  51.804 0.7777780294
52362  22.062  -9.126  52.200 0.7777780294
52363  21.263  -8.993  52.123 0.7777780294
52364  20.466  -9.060  52.383 0.7777780294
53370  19.941  -7.194  52.568 0.7777780294
114051  19.089  -7.116  52.560 0.7777780294
55421  12.850  -5.513  57.050 0.5555559993
55402  12.221  -4.987  57.591 0.4444440007
51356  29.518  -9.454  55.383 0.2222220004
51373  29.357  -9.204  54.457 0.2222220004
51374  28.719  -9.813  54.064 0.5555559993
55439  14.345  -6.112  56.323 0.4444440007
54312  13.572  -6.374  56.143 0.6666669846
51384  29.062  -9.215  53.545 0.6666669846
54327  15.605  -6.119  54.798 0.6666669846
55458  15.018  -6.205  55.600 0.7777780294
54328  14.168  -6.575  55.474 0.7777780294
51386  27.869  -10.203  52.664 0.7777780294
55488  18.017  -5.647  53.196 0.7777780294
54361  16.981  -5.996  53.439 0.7777780294
54362  16.195  -6.660  53.484 0.6666669846
50424  26.745  -10.573  51.587 0.8888890147
50436  26.140  -10.399  51.057 0.8888890147
50437  25.396  -10.810  51.309 0.8888890147
50425  24.039  -10.661  51.518 0.7777780294
51398  23.279  -10.022  51.677 0.7777780294
51399  22.350  -9.885  51.746 0.7777780294
52345  21.747  -8.272  52.624 0.7777780294
53369  20.653  -7.391  52.479 0.7777780294
108775  20.657  -6.586  52.677 0.7777780294
54360  18.569  -6.279  52.664 0.6666669846
127864  20.098  -5.172  58.452 0.3333329856
55416  18.938  -5.386  57.763 0.2222220004
55398  17.776  -5.608  58.627 0.1111110002
55383  16.762  -5.229  59.049 0.1111110002
55400  15.602  -4.994  58.371 0.1111110002
55401  14.895  -5.073  57.978 0.2222220004
55412  22.407  -5.196  58.058 0.1111110002
55413  21.657  -4.886  57.672 0.3333329856
55415  19.900  -5.070  57.679 0.3333329856
108037  19.262  -5.130  56.917 0.2222220004
108537  18.395  -5.339  57.100 0.2222220004
122226  17.521  -5.447  57.401 0.2222220004
55438  15.955  -5.551  56.924 0.1111110002
122747  15.241  -5.533  57.323 0.2222220004
55420  13.604  -5.281  57.244 0.3333329856
56558  13.082  -4.761  57.530 0.2222220004
52324  30.230  -8.041  54.739 0.2222220004
52325  29.773  -8.510  54.399 0.2222220004
54300  23.014  -5.621  57.579 0.1111110002
55432  22.508  -5.210  57.157 0.2222220004
55414  20.801  -4.844  57.225 0.3333329856
55436  17.819  -5.170  56.431 0.2222220004
55437  16.870  -5.356  56.487 0.2222220004
55419  14.402  -5.545  57.182 0.3333329856
53349  29.895  -7.876  53.948 0.3333329856
111462  29.492  -8.617  53.787 0.4444440007
120667  23.846  -8.045  56.520 0.1111110002
54311  23.071  -6.152  56.718 0.2222220004
55451  22.387  -5.413  56.203 0.2222220004
55452  21.612  -4.903  55.702 0.3333329856
108809  19.721  -4.742  55.934 0.2222220004
107863  18.872  -4.688  55.283 0.2222220004
129415  17.412  -5.123  55.790 0.2222220004
112763  16.809  -5.370  55.415 0.2222220004
55457  15.975  -5.775  55.827 0.3333329856
117055  15.181  -5.865  56.561 0.4444440007
52340  29.546  -8.111  53.188 0.4444440007
126776  29.254  -8.700  53.112 0.5555559993
51385  28.503  -9.723  53.135 0.6666669846
52341  25.196  -8.874  53.591 0.5555559993
52327  24.173  -9.030  54.212 0.4444440007
53352  22.967  -8.380  54.788 0.4444440007
53338  22.780  -7.616  55.272 0.4444440007
54325  22.132  -5.998  54.589 0.4444440007
55470  21.529  -5.049  54.522 0.5555559993
55454  19.695  -4.551  54.763 0.4444440007
112732  18.949  -4.686  54.454 0.4444440007
55455  18.245  -4.852  54.686 0.3333329856
55475  16.867  -5.481  54.437 0.5555559993
108583  25.078  -8.812  52.756 0.7777780294
52342  24.331  -8.910  53.133 0.6666669846
52328  23.356  -8.767  54.286 0.6666669846
53354  22.006  -6.683  53.730 0.6666669846
55484  21.669  -5.734  53.807 0.6666669846
55486  20.085  -5.207  53.223 0.5555559993
55472  19.469  -4.780  53.824 0.5555559993
54341  16.214  -6.037  54.121 0.5555559993
52356  29.164  -8.324  52.347 0.7777780294
113681  28.556  -8.861  51.709 0.7777780294
51394  28.239  -9.568  52.147 0.8888890147
50435  26.809  -10.025  50.937 0.8888890147
51407  26.414  -9.491  50.791 0.8888890147
51396  25.041  -9.591  51.481 0.7777780294
52360  24.596  -9.172  52.233 0.7777780294
52343  23.444  -8.757  53.356 0.7777780294
52329  22.816  -8.325  53.872 0.6666669846
53367  22.170  -7.740  53.343 0.6666669846
53368  21.401  -7.202  52.803 0.7777780294
54358  20.606  -5.797  52.929 0.7777780294
124151  27.977  -9.321  51.253 0.8888890147
51406  27.298  -9.297  50.672 0.8888890147
53348  30.430  -7.121  54.397 0.1111110002
53364  29.785  -7.494  53.336 0.4444440007
53377  29.530  -7.457  52.596 0.5555559993
126198  29.215  -7.740  51.977 0.5555559993
53366  25.874  -8.318  52.758 0.7777780294
52371  28.787  -7.969  51.332 0.7777780294
52374  25.807  -9.195  51.110 0.7777780294
52358  26.145  -8.308  51.551 0.7777780294
52372  28.087  -8.651  50.795 0.8888890147
51425  26.874  -8.813  50.492 0.8888890147
52373  26.464  -8.659  50.758 0.8888890147
120220  26.419  -7.471  51.698 0.7777780294
54338  30.751  -6.124  54.377 0.2222220004
54354  30.310  -6.427  53.733 0.4444440007
53363  30.056  -7.149  53.725 0.4444440007
53350  26.875  -7.758  54.349 0.3333329856
54374  30.089  -5.926  53.024 0.4444440007
54355  29.902  -6.813  53.160 0.4444440007
53365  26.702  -7.559  53.287 0.5555559993
54375  29.652  -6.435  52.446 0.5555559993
54376  26.624  -6.960  52.455 0.5555559993
53386  29.196  -7.005  51.747 0.6666669846
54386  26.425  -6.953  51.528 0.6666669846
53387  28.602  -7.023  51.023 0.6666669846
53400  27.293  -7.074  50.500 0.8888890147
53401  26.894  -8.033  50.552 0.8888890147
54387  25.887  -6.432  51.314 1.0000000000
53399  28.115  -6.399  50.507 0.8888890147
54404  27.307  -6.069  50.063 1.0000000000
114459  26.644  -6.856  50.820 1.0000000000
125870  27.103  -6.198  55.246 0.2222220004
55481  31.216  -4.985  53.886 0.2222220004
126553  26.879  -6.145  54.496 0.3333329856
114012  30.712  -5.527  53.625 0.2222220004
54323  27.094  -6.882  54.775 0.3333329856
54339  27.008  -6.909  53.938 0.3333329856
129502  26.807  -6.739  53.286 0.4444440007
55496  29.837  -5.611  52.242 0.4444440007
54377  26.105  -6.375  52.163 0.6666669846
55510  24.947  -6.044  50.926 1.0000000000
54385  29.362  -6.062  51.849 0.7777780294
55509  28.876  -6.164  51.206 0.7777780294
54406  25.765  -6.368  50.528 1.0000000000
55523  24.946  -6.017  50.030 1.0000000000
55522  28.024  -5.769  50.059 1.0000000000
54405  26.535  -6.341  50.203 1.0000000000
55430  27.427  -5.677  56.434 0.1111110002
54309  27.573  -6.294  56.611 0.2222220004
54322  27.397  -6.247  55.915 0.2222220004
56591  26.278  -5.392  54.393 0.4444440007
55468  26.629  -6.126  53.774 0.4444440007
55469  25.694  -5.331  53.636 0.6666669846
55482  25.413  -5.666  52.749 0.6666669846
56601  31.063  -4.924  53.180 0.2222220004
56612  30.925  -4.820  52.341 0.3333329856
54356  26.341  -6.234  53.022 0.6666669846
55497  25.117  -5.920  51.862 0.6666669846
55498  24.495  -5.153  52.310 0.6666669846
55495  30.418  -5.235  52.745 0.2222220004
55511  24.342  -5.335  51.404 0.8888890147
55507  30.187  -5.044  51.916 0.5555559993
55524  24.340  -5.425  50.407 1.0000000000
55540  24.465  -5.436  49.478 1.0000000000
55508  29.488  -5.482  51.374 0.8888890147
54426  25.697  -6.140  49.783 1.0000000000
55539  25.045  -5.879  49.210 1.0000000000
55521  28.782  -5.636  50.517 0.7777780294
118626  27.570  -5.705  49.532 1.0000000000
54425  26.592  -5.990  49.578 1.0000000000
55431  27.066  -5.586  55.788 0.2222220004
56567  26.902  -4.797  56.350 0.1111110002
56568  26.481  -4.655  55.682 0.3333329856
118342  26.676  -5.471  55.097 0.3333329856
55483  24.716  -4.809  53.074 0.6666669846
56613  24.367  -4.412  52.462 0.6666669846
56611  31.687  -4.642  52.743 0.2222220004
56623  24.158  -4.506  51.766 0.6666669846
56632  24.052  -4.585  50.836 1.0000000000
124092  31.729  -4.618  51.789 0.2222220004
56622  30.810  -4.778  51.464 0.3333329856
56630  30.735  -4.822  50.622 0.7777780294
56642  24.122  -4.667  49.863 1.0000000000
55519  30.062  -4.992  51.107 0.7777780294
125635  30.076  -5.000  50.423 0.8888890147
56641  30.599  -4.959  49.734 1.0000000000
56631  29.644  -5.146  49.936 1.0000000000
55561  24.672  -5.417  48.603 1.0000000000
107683  29.026  -5.324  50.121 1.0000000000
110494  28.203  -5.479  49.314 1.0000000000
108634  26.728  -5.764  48.932 1.0000000000
55559  26.046  -5.901  48.298 1.0000000000
55589  25.554  -5.835  47.633 1.0000000000
55560  25.263  -5.773  48.408 1.0000000000
57582  26.485  -3.549  56.172 0.2222220004
57595  26.002  -3.598  55.396 0.2222220004
57606  25.887  -2.843  54.832 0.1111110002
58589  25.581  -2.803  54.071 0.2222220004
56578  26.005  -4.601  55.007 0.3333329856
108620  25.219  -3.659  54.158 0.2222220004
57618  25.053  -3.285  53.509 0.4444440007
56592  25.552  -4.517  54.344 0.6666669846
56602  24.959  -4.251  53.724 0.6666669846
57632  24.623  -3.813  52.896 0.5555559993
57646  24.401  -3.845  52.062 0.5555559993
57658  24.294  -3.850  51.246 0.6666669846
108193  31.536  -4.678  50.888 0.3333329856
118191  24.318  -3.879  50.309 0.7777780294
57667  24.374  -3.948  49.356 1.0000000000
55535  29.923  -5.189  49.092 0.7777780294
55556  29.297  -5.387  48.541 1.0000000000
110611  28.784  -5.524  48.105 1.0000000000
123781  28.178  -5.567  48.136 1.0000000000
56651  24.271  -4.763  48.916 1.0000000000
57675  24.466  -4.043  48.438 1.0000000000
55536  28.971  -5.321  49.433 1.0000000000
55557  28.501  -5.433  48.744 1.0000000000
55558  27.632  -5.559  48.694 1.0000000000
119864  26.843  -5.736  48.258 1.0000000000
55588  26.391  -5.911  47.590 1.0000000000
55590  24.914  -5.492  47.738 1.0000000000
56659  24.442  -4.849  47.894 1.0000000000
57686  24.579  -4.065  47.689 1.0000000000
55616  25.182  -5.711  46.979 1.0000000000
55617  24.721  -5.218  47.033 1.0000000000
56673  24.636  -4.444  47.027 1.0000000000
58598  25.628  -2.679  53.101 0.3333329856
111369  25.057  -3.061  52.822 0.4444440007
57631  24.893  -3.263  52.214 0.4444440007
121491  24.735  -3.425  51.582 0.5555559993
56639  32.195  -4.670  49.675 0.5555559993
57657  24.937  -3.357  49.822 0.8888890147
123957  32.097  -4.633  50.362 0.4444440007
57666  25.054  -3.297  48.891 0.8888890147
111228  31.449  -4.751  50.077 0.5555559993
56640  31.519  -4.849  49.255 0.5555559993
56650  30.849  -5.099  48.751 0.6666669846
55585  29.378  -5.583  47.693 0.8888890147
55586  28.495  -5.787  47.384 1.0000000000
54460  26.749  -6.116  46.861 1.0000000000
54477  25.436  -5.920  46.296 1.0000000000
124820  24.997  -5.492  46.443 1.0000000000
56672  24.719  -4.920  46.266 1.0000000000
58607  25.590  -2.787  52.283 0.4444440007
120798  25.350  -2.982  51.540 0.4444440007
58617  26.208  -2.563  51.542 0.4444440007
58618  25.736  -2.832  50.897 0.4444440007
58631  25.643  -2.904  50.174 0.6666669846
58645  25.531  -2.936  49.467 0.8888890147
109654  32.241  -4.736  48.986 0.5555559993
57674  24.994  -3.453  48.016 1.0000000000
56647  33.472  -4.488  48.528 0.2222220004
112825  32.716  -4.689  48.400 0.3333329856
56649  31.765  -4.938  48.340 0.5555559993
55554  31.034  -5.210  47.990 0.6666669846
56658  32.417  -4.838  47.548 0.3333329856
55583  31.600  -5.165  47.402 0.4444440007
55584  30.761  -5.426  47.342 0.6666669846
114179  30.030  -5.598  47.289 0.7777780294
57685  24.979  -3.594  47.198 1.0000000000
128609  32.849  -4.796  45.563 0.3333329856
110255  32.865  -4.723  46.961 0.3333329856
55611  32.119  -5.036  46.658 0.3333329856
55613  30.431  -5.660  46.517 0.7777780294
55614  29.361  -5.877  46.742 1.0000000000
55615  28.479  -6.116  46.550 1.0000000000
54475  26.992  -6.390  46.067 1.0000000000
54476  26.127  -6.249  46.193 1.0000000000
57698  24.982  -3.867  46.231 0.8888890147
56671  32.845  -4.736  46.251 0.3333329856
113490  31.523  -5.357  46.014 0.4444440007
55636  29.794  -6.064  45.781 0.8888890147
54473  28.823  -6.290  45.878 1.0000000000
54474  27.906  -6.412  45.932 1.0000000000
54497  27.191  -6.574  45.232 1.0000000000
55653  25.741  -5.884  44.915 1.0000000000
55654  25.283  -5.194  44.980 1.0000000000
55633  32.234  -5.077  45.792 0.5555559993
55635  30.768  -5.705  45.515 1.0000000000
54496  28.172  -6.626  45.038 1.0000000000
54518  26.517  -6.391  44.599 1.0000000000
56699  25.459  -4.372  44.800 1.0000000000
57713  25.370  -3.812  45.414 0.8888890147
57697  25.752  -3.168  45.873 0.8888890147
55650  32.437  -5.121  44.924 0.7777780294
109705  31.127  -5.674  44.779 1.0000000000
113395  30.585  -5.952  44.652 0.8888890147
54515  29.108  -6.584  44.168 1.0000000000
54516  28.176  -6.763  44.116 1.0000000000
54535  26.750  -6.401  43.876 1.0000000000
55668  26.646  -5.876  43.274 1.0000000000
56712  26.242  -5.061  43.620 1.0000000000
108632  32.315  -5.283  44.099 0.8888890147
55651  31.703  -5.486  44.428 0.8888890147
54514  30.066  -6.314  44.021 1.0000000000
54533  28.431  -6.725  43.246 1.0000000000
54534  27.430  -6.573  43.351 1.0000000000
56711  26.831  -5.004  42.807 1.0000000000
58662  25.845  -2.706  48.866 0.7777780294
58676  25.539  -2.956  47.610 0.8888890147
56684  34.973  -4.032  45.363 0.2222220004
56685  34.364  -4.171  46.185 0.2222220004
56670  33.540  -4.475  46.690 0.2222220004
56657  33.375  -4.521  47.642 0.2222220004
58689  25.579  -3.056  46.762 0.8888890147
56695  34.781  -4.196  44.467 0.2222220004
56686  34.136  -4.368  45.167 0.3333329856
118115  33.501  -4.513  45.811 0.3333329856
56696  33.904  -4.576  44.141 0.3333329856
56687  33.304  -4.706  44.977 0.3333329856
116133  26.648  -3.625  44.261 1.0000000000
58703  26.673  -2.878  45.703 0.8888890147
56697  32.995  -4.966  44.169 0.4444440007
55665  32.627  -5.196  43.394 0.7777780294
55666  31.770  -5.554  43.393 1.0000000000
54531  30.239  -6.334  43.108 1.0000000000
54545  29.614  -6.486  42.373 1.0000000000
54559  28.369  -6.359  41.923 1.0000000000
55683  27.207  -5.975  42.536 1.0000000000
57737  26.643  -4.160  43.541 1.0000000000
55680  31.598  -5.656  42.333 1.0000000000
125606  30.336  -6.291  42.361 1.0000000000
54558  29.073  -6.392  41.720 1.0000000000
55697  28.506  -5.942  41.421 1.0000000000
56723  27.389  -5.380  42.153 1.0000000000
130126  27.284  -2.304  48.475 0.5555559993
114832  26.723  -2.390  48.814 0.7777780294
58661  26.105  -2.550  48.126 0.7777780294
58675  26.205  -2.586  47.317 0.8888890147
56694  35.574  -3.872  44.662 0.2222220004
58687  27.231  -2.601  46.488 0.7777780294
113568  26.846  -2.477  47.089 0.8888890147
58688  26.351  -2.710  46.515 0.8888890147
57711  27.127  -3.154  44.901 0.8888890147
56709  33.379  -4.842  43.311 0.6666669846
57726  27.560  -3.524  44.008 0.8888890147
126754  34.023  -4.508  43.219 0.4444440007
57746  27.988  -3.828  42.108 1.0000000000
56710  27.432  -4.445  42.309 1.0000000000
57736  28.145  -3.527  43.197 1.0000000000
56720  33.620  -4.541  42.471 0.6666669846
55664  32.892  -5.032  42.588 0.6666669846
112711  32.258  -5.354  42.691 0.8888890147
55694  31.366  -5.591  41.453 1.0000000000
55681  30.816  -6.034  41.935 1.0000000000
54557  29.968  -6.288  41.693 1.0000000000
55679  32.273  -5.237  41.849 1.0000000000
55705  31.006  -5.377  40.743 1.0000000000
55706  30.206  -5.469  40.681 1.0000000000
55696  29.479  -5.872  41.047 1.0000000000
56732  28.738  -5.132  40.911 1.0000000000
58659  27.860  -2.291  48.140 0.5555559993
57708  35.807  -3.795  45.518 0.1111110002
57723  36.470  -3.570  44.686 0.1111110002
56707  35.367  -3.874  43.813 0.2222220004
57710  28.192  -3.080  44.912 0.7777780294
58702  27.722  -2.838  45.729 0.7777780294
58727  28.681  -3.116  42.869 0.7777780294
57724  29.071  -3.008  43.732 0.7777780294
57725  28.647  -3.174  44.227 0.6666669846
56708  34.631  -4.223  43.552 0.2222220004
57754  28.233  -4.071  41.077 1.0000000000
56719  34.406  -4.102  42.725 0.4444440007
56730  33.350  -4.293  41.660 0.5555559993
56721  32.977  -4.795  41.960 0.7777780294
56741  28.935  -4.226  40.412 1.0000000000
56722  27.891  -5.086  41.539 1.0000000000
56731  32.634  -4.708  41.323 0.8888890147
55693  31.892  -5.146  40.976 0.8888890147
56740  30.478  -4.873  40.292 1.0000000000
55707  29.588  -5.010  40.477 1.0000000000
58673  28.310  -2.400  47.468 0.5555559993
58672  29.091  -2.443  47.232 0.3333329856
58686  28.297  -2.584  46.615 0.3333329856
127397  37.217  -3.381  44.968 0.1111110002
58701  28.778  -2.862  45.665 0.3333329856
58718  28.996  -2.968  44.954 0.3333329856
57734  35.783  -3.139  43.329 0.2222220004
123048  35.989  -3.574  44.025 0.2222220004
117752  29.622  -2.617  44.057 0.4444440007
58717  29.411  -2.837  44.500 0.3333329856
58700  29.767  -2.749  45.355 0.3333329856
57735  35.048  -3.639  43.058 0.3333329856
58735  28.757  -2.569  42.565 0.7777780294
58726  29.327  -2.432  43.360 0.5555559993
57745  34.043  -3.858  42.009 0.3333329856
57764  28.439  -3.340  40.392 1.0000000000
58745  28.164  -3.060  41.058 0.8888890147
56738  32.216  -4.438  40.671 0.8888890147
56739  31.391  -4.733  40.403 1.0000000000
57763  28.942  -3.510  39.912 1.0000000000
59810  28.219  -2.417  40.552 1.0000000000
57722  37.188  -3.033  44.350 0.1111110002
57733  36.502  -3.097  43.857 0.1111110002
59765  31.632  -1.733  45.748 0.2222220004
58683  30.740  -2.290  45.331 0.3333329856
59778  31.136  -1.539  44.888 0.3333329856
59779  30.517  -1.919  44.494 0.3333329856
109503  30.055  -2.473  44.616 0.3333329856
57744  34.679  -3.373  42.337 0.3333329856
59800  29.032  -1.766  42.646 0.5555559993
59788  29.666  -1.536  43.427 0.4444440007
57752  33.634  -3.491  41.350 0.5555559993
60871  29.321  -0.664  42.802 0.5555559993
57753  32.974  -4.001  40.987 0.7777780294
57761  31.707  -3.931  40.150 0.8888890147
57762  30.834  -4.120  39.934 1.0000000000
119818  29.773  -4.076  39.946 1.0000000000
59819  28.282  -1.716  39.995 0.8888890147
116279  28.228  -1.427  40.909 0.7777780294
57769  31.962  -3.067  39.967 0.8888890147
57770  31.234  -3.340  39.707 0.8888890147
58766  30.078  -2.568  39.117 1.0000000000
59829  28.680  -1.828  39.446 1.0000000000
59787  30.201  -1.507  43.965 0.4444440007
118523  28.607  -1.075  41.884 0.7777780294
60858  30.060  -0.701  43.666 0.4444440007
46348  4.300  -14.935  69.437 0.2222220004
45396  2.855  -15.135  69.828 0.2222220004
47417  -2.506  -14.162  66.851 0.4444440007
46359  5.216  -14.321  68.479 0.2222220004
45400  3.761  -15.504  68.773 0.2222220004
45410  2.280  -15.293  68.411 0.2222220004
112342  6.640  -13.200  67.123 0.2222220004
46360  4.601  -14.993  68.617 0.2222220004
46401  6.727  -14.291  66.057 0.2222220004
48321  6.724  -12.627  67.629 0.2222220004
47416  -1.729  -14.087  67.131 0.4444440007
46364  -3.151  -14.783  68.065 0.2222220004
46406  -3.147  -14.137  66.322 0.2222220004
109495  -3.072  -14.653  67.136 0.2222220004
45446  -3.189  -15.519  66.827 0.2222220004
47413  5.623  -14.107  67.725 0.2222220004
46379  5.475  -14.767  67.043 0.2222220004
45422  3.516  -15.775  67.814 0.2222220004
45409  3.011  -15.732  68.401 0.2222220004
47437  7.335  -13.828  65.620 0.2222220004
111271  7.708  -13.789  64.748 0.2222220004
45445  2.459  -15.422  66.669 0.5555559993
127045  8.228  -13.013  64.026 0.2222220004
46402  5.928  -14.770  66.218 0.3333329856
45460  5.330  -15.243  65.419 0.3333329856
46453  7.141  -14.245  63.919 0.3333329856
47459  7.619  -13.787  63.168 0.4444440007
47458  8.315  -13.130  63.407 0.3333329856
48357  8.687  -12.504  64.150 0.2222220004
45443  3.763  -15.597  66.321 0.4444440007
45444  3.029  -15.512  66.105 0.4444440007
46403  2.402  -15.140  65.926 0.5555559993
46434  6.364  -14.761  64.384 0.3333329856
45463  2.997  -15.232  65.564 0.5555559993
46418  3.339  -15.033  65.009 0.5555559993
45476  5.049  -15.301  64.500 0.4444440007
46435  5.523  -15.081  63.946 0.6666669846
46436  4.270  -15.020  63.992 0.6666669846
45492  4.827  -15.157  63.839 0.6666669846
45478  3.941  -15.228  64.624 0.5555559993
46457  4.215  -14.473  63.681 0.7777780294
48323  -2.578  -13.057  66.345 0.5555559993
47469  8.024  -13.399  62.548 0.4444440007
47482  7.659  -13.392  61.891 0.5555559993
113374  -3.024  -14.952  65.036 0.1111110002
48405  9.275  -12.497  60.242 0.6666669846
49287  -3.043  -12.374  66.278 0.5555559993
47440  1.520  -13.675  65.497 0.5555559993
48345  3.051  -13.378  65.196 0.6666669846
48347  1.324  -12.751  65.319 0.6666669846
46475  5.789  -14.413  62.588 0.7777780294
46476  5.047  -14.324  62.533 0.7777780294
46456  4.560  -14.371  63.020 0.7777780294
110304  3.087  -12.464  65.488 0.7777780294
47471  6.355  -13.907  62.070 0.7777780294
47485  4.943  -13.210  61.890 0.8888890147
128935  5.341  -13.248  61.675 0.7777780294
49266  -2.734  -12.302  66.289 0.5555559993
48413  9.806  -12.336  59.545 0.6666669846
48389  10.275  -11.943  61.028 0.4444440007
48393  6.576  -12.890  61.110 0.7777780294
47484  5.924  -13.266  61.451 0.7777780294
48360  3.654  -12.748  65.075 0.7777780294
111778  4.635  -12.372  63.677 0.8888890147
114111  7.738  -12.421  60.422 0.7777780294
48407  6.751  -12.277  60.653 0.7777780294
49429  10.450  -12.101  59.292 0.6666669846
48414  8.956  -12.317  59.639 0.7777780294
50319  6.251  -10.433  61.701 0.7777780294
50330  6.504  -11.441  60.513 0.8888890147
49448  10.838  -11.740  58.513 0.7777780294
49450  9.695  -11.646  58.527 0.7777780294
49449  10.096  -12.002  58.802 0.7777780294
49430  8.528  -11.668  59.243 0.7777780294
50359  11.554  -11.354  58.679 0.7777780294
49467  11.102  -11.438  57.723 0.7777780294
124951  6.431  -10.751  60.842 0.8888890147
51251  6.804  -9.224  63.157 0.6666669846
50361  8.869  -10.275  58.549 0.8888890147
51300  8.195  -9.715  59.195 0.8888890147
50376  11.557  -11.095  57.072 0.7777780294
50378  9.982  -10.739  57.503 0.7777780294
50357  13.331  -9.880  57.903 0.6666669846
51272  7.211  -9.114  61.450 0.8888890147
128690  6.728  -9.649  61.858 0.8888890147
50360  9.416  -10.272  57.935 0.8888890147
52272  8.348  -8.789  59.615 0.8888890147
51351  10.841  -9.688  56.369 0.8888890147
51349  13.590  -10.037  56.382 0.7777780294
52250  16.720  -7.702  60.483 0.3333329856
53270  8.500  -7.794  60.727 0.7777780294
52207  7.271  -8.529  63.230 0.6666669846
52271  8.797  -8.314  59.143 0.7777780294
51313  15.228  -9.083  57.461 0.6666669846
51365  12.306  -9.439  55.571 0.8888890147
51350  11.674  -9.773  56.001 0.8888890147
51348  14.417  -9.672  56.322 0.7777780294
53269  8.884  -7.181  60.465 0.5555559993
54279  9.421  -6.652  59.891 0.6666669846
53297  9.749  -7.154  58.113 0.8888890147
51328  18.554  -9.086  57.580 0.6666669846
52292  16.968  -8.846  57.839 0.5555559993
52294  10.137  -8.574  57.005 0.8888890147
53325  10.843  -8.035  56.574 0.8888890147
51346  16.287  -9.290  56.238 0.7777780294
123424  19.227  -9.814  56.192 0.6666669846
51347  15.341  -9.462  56.001 0.7777780294
51363  14.564  -9.544  55.364 0.7777780294
51379  13.880  -9.304  54.855 0.7777780294
52316  12.504  -8.958  55.189 0.8888890147
48442  23.502  -12.392  55.294 0.6666669846
48478  23.103  -12.349  53.359 0.8888890147
49520  20.826  -11.487  53.810 0.8888890147
117265  10.017  -6.302  58.586 0.8888890147
55385  10.404  -5.720  59.230 0.7777780294
53311  10.914  -7.054  57.036 0.8888890147
53323  12.164  -7.358  55.922 0.8888890147
53310  11.493  -7.275  56.446 0.8888890147
51362  15.247  -9.421  55.092 0.7777780294
51377  15.608  -9.084  54.489 0.8888890147
53357  13.783  -7.965  54.540 0.8888890147
53341  12.424  -8.129  55.324 0.8888890147
52330  18.865  -9.026  54.205 0.7777780294
125374  15.233  -7.782  53.731 0.7777780294
49518  22.627  -12.016  52.543 0.8888890147
51388  19.839  -9.305  53.083 0.8888890147
127085  19.404  -7.874  52.727 0.8888890147
123794  10.955  -6.488  57.245 0.8888890147
52347  17.674  -8.086  53.133 0.8888890147
54329  13.401  -6.956  55.486 0.7777780294
49500  27.070  -11.184  53.944 0.7777780294
49517  23.601  -12.092  52.601 0.8888890147
52348  16.679  -7.864  53.232 0.7777780294
52350  15.654  -7.251  53.574 0.7777780294
123035  25.995  -11.553  52.598 0.8888890147
49530  25.172  -11.552  51.952 0.8888890147
50426  23.276  -11.024  51.567 0.8888890147
49532  23.206  -11.661  51.997 0.8888890147
55440  13.652  -5.807  56.766 0.5555559993
54301  12.404  -6.202  56.738 0.7777780294
50398  27.773  -10.969  55.036 0.4444440007
50409  27.638  -10.842  54.198 0.6666669846
50417  27.342  -10.792  53.236 0.8888890147
109701  17.577  -6.540  52.795 0.7777780294
126037  17.325  -7.351  52.846 0.8888890147
117682  27.255  -10.550  52.287 0.7777780294
124611  22.650  -10.579  51.611 0.7777780294
51400  21.507  -9.858  51.864 0.7777780294
53379  20.992  -8.097  52.316 0.7777780294
54359  19.734  -6.153  52.666 0.6666669846
51395  27.475  -9.979  51.575 0.8888890147
55487  19.049  -5.411  53.131 0.6666669846
51408  25.566  -10.001  51.047 0.7777780294
51397  24.222  -9.842  51.721 0.7777780294
51409  24.798  -10.351  51.334 0.7777780294
52361  23.746  -9.255  52.384 0.7777780294
52344  22.560  -8.544  52.945 0.7777780294
51387  22.917  -9.241  52.332 0.7777780294
55395  20.766  -5.017  58.103 0.3333329856
55379  20.707  -5.299  58.983 0.2222220004
55396  19.381  -5.365  58.448 0.2222220004
122167  18.151  -5.555  57.911 0.2222220004
55397  18.592  -5.552  58.557 0.1111110002
127211  17.644  -5.590  58.051 0.1111110002
110740  17.119  -5.533  58.274 0.1111110002
55399  16.294  -5.244  58.344 0.1111110002
109535  15.225  -4.489  58.628 0.1111110002
54288  23.023  -5.669  58.422 0.1111110002
55394  21.579  -5.127  58.509 0.2222220004
55433  21.696  -4.836  56.724 0.3333329856
125765  20.085  -4.891  56.806 0.3333329856
55435  18.673  -4.980  56.219 0.2222220004
55417  16.600  -5.451  57.538 0.1111110002
55418  15.757  -5.337  57.781 0.1111110002
56557  13.961  -4.839  57.714 0.2222220004
55434  20.781  -4.750  56.267 0.3333329856
53337  23.410  -8.501  55.667 0.3333329856
53322  23.170  -7.391  56.161 0.3333329856
54324  22.612  -6.462  55.596 0.2222220004
122920  22.141  -5.488  55.321 0.3333329856
55453  20.694  -4.599  55.183 0.3333329856
117505  18.073  -4.898  55.575 0.2222220004
55456  17.491  -5.064  54.982 0.3333329856
54326  16.273  -5.706  54.894 0.2222220004
52357  28.842  -9.095  52.665 0.6666669846
52326  25.266  -9.096  54.631 0.4444440007
52310  24.259  -9.144  55.259 0.4444440007
52311  23.548  -8.909  54.898 0.4444440007
54340  22.422  -6.873  54.708 0.5555559993
53353  22.498  -7.602  54.292 0.5555559993
55485  21.037  -5.273  53.484 0.5555559993
55471  20.484  -4.665  54.064 0.4444440007
55473  18.539  -5.016  53.824 0.5555559993
55474  17.659  -5.252  54.021 0.4444440007
52359  25.391  -8.874  51.926 0.7777780294
53351  26.158  -8.482  53.927 0.7777780294
54357  21.276  -6.135  53.154 0.6666669846
52384  27.427  -8.359  50.447 0.8888890147
52383  28.121  -7.692  50.586 0.8888890147
53378  26.349  -7.660  52.321 0.6666669846
53388  26.521  -7.727  50.969 0.7777780294
56556  27.271  -4.822  57.006 0.1111110002
55520  29.484  -5.252  50.610 1.0000000000
55537  28.426  -5.522  49.865 1.0000000000
55538  25.811  -5.980  49.034 1.0000000000
57607  25.572  -3.633  54.718 0.3333329856
55555  30.193  -5.370  48.102 0.7777780294
55587  27.434  -5.783  47.675 1.0000000000
54461  25.858  -6.038  46.913 1.0000000000
57645  24.949  -3.269  50.790 0.4444440007
54459  27.696  -6.128  46.750 1.0000000000
54499  25.679  -6.073  45.674 1.0000000000
55637  25.196  -5.506  45.700 1.0000000000
56688  25.010  -4.618  45.498 1.0000000000
55612  31.277  -5.379  46.673 0.5555559993
54498  26.319  -6.359  45.421 1.0000000000
129115  31.026  -5.519  46.172 0.6666669846
54495  29.104  -6.422  45.078 1.0000000000
56698  25.695  -5.163  44.337 1.0000000000
55634  31.637  -5.406  45.260 0.6666669846
54494  29.951  -6.218  44.896 1.0000000000
126604  28.634  -6.608  44.598 1.0000000000
54517  27.349  -6.677  44.355 1.0000000000
55669  26.156  -5.880  44.033 1.0000000000
57727  25.982  -4.228  44.125 1.0000000000
57712  26.058  -3.456  44.928 0.8888890147
55652  30.939  -5.918  43.919 1.0000000000
54532  29.365  -6.572  43.202 1.0000000000
54546  28.754  -6.598  42.418 1.0000000000
55667  30.974  -6.017  42.831 1.0000000000
55682  27.790  -5.997  41.891 1.0000000000
127103  27.243  -4.022  43.075 1.0000000000
55695  30.483  -5.855  41.192 1.0000000000
58660  26.931  -2.369  47.887 0.7777780294
58674  27.570  -2.425  47.282 0.7777780294
58736  28.345  -3.185  41.915 1.0000000000
58716  29.964  -2.104  43.974 0.4444440007
59801  28.384  -2.214  41.652 0.8888890147
57771  30.373  -3.348  39.553 1.0000000000
116712  31.176  -2.300  46.089 0.2222220004
60833  31.665  -0.896  45.174 0.2222220004
57743  35.243  -2.829  42.632 0.3333329856
57760  32.467  -3.555  40.452 0.8888890147
57772  29.419  -3.082  39.518 1.0000000000
60883  28.415  -0.456  41.176 0.7777780294
60849  30.639  -1.147  44.269 0.4444440007
49264  -1.891  -11.987  66.339 0.4444440007
49265  -2.336  -12.166  66.301 0.4444440007
128295  -1.285  -11.327  66.481 0.3333329856
49286  -0.360  -11.169  65.912 0.5555559993
50251  -1.252  -9.770  67.372 0.2222220004
113754  -1.832  -10.809  66.740 0.2222220004
49263  -1.566  -10.836  66.817 0.2222220004
50276  0.545  -10.926  65.712 0.6666669846
49306  2.198  -12.013  65.481 0.6666669846
50250  -0.932  -9.938  67.429 0.2222220004
50264  0.325  -10.471  66.189 0.3333329856
49284  2.136  -11.031  65.802 0.6666669846
49305  3.878  -11.924  65.631 0.7777780294
50235  -0.308  -9.634  67.676 0.2222220004
50265  -0.603  -10.368  66.875 0.3333329856
109994  2.208  -10.590  66.412 0.6666669846
117077  3.039  -11.580  65.857 0.6666669846
49283  2.948  -10.914  66.326 0.6666669846
49282  3.841  -11.300  66.278 0.5555559993
49329  4.632  -12.023  64.517 0.6666669846
49281  4.427  -11.452  65.994 0.4444440007
49303  5.108  -11.345  64.877 0.4444440007
50275  5.029  -11.223  65.791 0.5555559993
50245  4.628  -10.838  66.502 0.3333329856
50274  5.605  -10.774  65.306 0.4444440007
50304  5.642  -10.922  63.555 0.5555559993
50289  5.614  -10.847  64.383 0.4444440007
50262  5.455  -10.565  66.143 0.3333329856
50273  6.138  -10.281  64.820 0.3333329856
51252  6.492  -9.774  63.476 0.4444440007
52186  6.704  -8.809  65.523 0.2222220004
121768  6.522  -9.612  65.196 0.2222220004
51234  6.053  -10.146  65.684 0.1111110002
52195  6.918  -9.044  64.710 0.2222220004
51244  6.539  -9.704  64.343 0.3333329856
51243  6.903  -9.128  63.878 0.2222220004
52226  7.469  -8.412  62.237 0.5555559993
53197  7.396  -7.627  64.441 0.1111110002
52194  7.203  -8.408  64.152 0.2222220004
53213  8.226  -7.279  63.188 0.1111110002
52193  7.687  -7.824  63.627 0.1111110002
52225  7.944  -7.810  61.989 0.4444440007
52206  7.874  -7.877  62.842 0.3333329856
49478  24.602  -12.014  56.748 0.2222220004
48431  23.050  -12.316  55.886 0.5555559993
53229  8.809  -6.881  61.917 0.2222220004
53230  8.330  -7.333  62.453 0.3333329856
119825  8.383  -7.428  61.780 0.5555559993
49477  25.601  -11.923  56.345 0.3333329856
54266  9.481  -6.441  60.743 0.4444440007
54264  21.807  -6.231  60.998 0.1111110002
55378  20.957  -5.632  59.817 0.1111110002
120880  21.663  -5.458  59.246 0.1111110002
54252  9.431  -6.334  61.550 0.2222220004
54251  10.025  -5.862  61.133 0.3333329856
49491  25.695  -12.011  55.404 0.4444440007
56495  10.757  -4.664  62.338 0.2222220004
112224  10.228  -5.269  62.284 0.2222220004
55349  11.084  -4.557  61.579 0.3333329856
55367  10.549  -5.401  60.751 0.3333329856
54265  10.083  -5.889  60.175 0.3333329856
55384  10.908  -5.201  59.936 0.3333329856
54298  27.290  -6.841  56.978 0.1111110002
53318  26.632  -7.444  56.477 0.2222220004
109452  25.707  -7.836  57.026 0.1111110002
53319  25.912  -8.189  56.062 0.2222220004
54310  27.243  -6.812  56.096 0.2222220004
53334  26.815  -7.526  55.417 0.2222220004
53335  26.181  -8.526  55.018 0.2222220004
53320  24.836  -8.313  56.637 0.2222220004
53336  24.233  -8.850  56.068 0.3333329856
52301  25.161  -8.971  55.705 0.3333329856
128438  27.176  -6.725  55.468 0.2222220004
58767  29.196  -2.236  39.180 0.8888890147
59841  30.399  -1.445  38.188 0.7777780294
58606  26.294  -2.368  52.511 0.3333329856
60913  29.595  -0.841  38.352 0.7777780294
121602  30.257  -0.788  37.859 0.7777780294
58616  26.962  -2.180  51.919 0.3333329856
58629  26.928  -2.308  51.157 0.3333329856
58644  26.222  -2.622  49.589 0.4444440007
62951  30.263  1.581  39.568 0.7777780294
61879  29.488  0.834  39.330 0.6666669846
61881  28.544  -0.176  39.709 0.6666669846
62959  32.543  2.299  38.340 0.6666669846
62960  31.386  1.775  38.464 0.6666669846
62961  30.764  1.555  38.769 0.7777780294
61889  29.397  0.168  38.618 0.7777780294
60904  28.884  -0.497  38.959 0.6666669846
60905  28.530  -1.081  39.493 0.7777780294
62979  33.907  2.126  36.791 0.7777780294
61887  30.912  1.100  38.030 0.7777780294
60912  29.974  -0.032  37.942 0.7777780294
63005  34.098  1.557  35.970 0.7777780294
121516  27.343  -2.235  50.530 0.3333329856
59699  27.734  -2.154  49.907 0.4444440007
64017  33.918  3.088  40.056 0.3333329856
107595  32.919  2.970  39.770 0.4444440007
64019  31.475  2.714  40.403 0.4444440007
62940  30.714  2.208  40.194 0.7777780294
61870  28.991  0.765  40.852 0.5555559993
60893  28.297  -0.770  40.301 0.7777780294
64027  35.343  2.989  39.040 0.4444440007
64028  34.354  2.864  39.189 0.5555559993
62949  31.972  2.291  38.828 0.5555559993
62950  31.208  2.175  39.387 0.6666669846
64043  34.566  2.731  38.332 0.5555559993
62958  33.132  2.355  37.922 0.6666669846
64091  35.224  2.528  36.189 0.7777780294
64070  34.606  2.570  37.442 0.7777780294
63023  35.868  1.840  34.796 0.7777780294
64102  35.313  2.030  35.374 0.7777780294
59732  27.643  -2.188  49.068 0.4444440007
64942  35.035  4.146  41.650 0.1111110002
61862  29.210  0.634  41.693 0.4444440007
64957  34.520  3.849  41.215 0.2222220004
64968  33.847  3.609  40.859 0.3333329856
64959  32.929  3.762  41.400 0.2222220004
64008  31.300  2.949  41.451 0.3333329856
62933  30.172  1.838  41.614 0.3333329856
60882  28.873  -0.121  41.946 0.5555559993
64952  39.790  3.050  41.285 0.1111110002
107970  38.459  3.299  40.766 0.1111110002
64964  37.714  3.396  40.359 0.3333329856
64014  36.769  3.359  39.876 0.5555559993
64966  35.543  3.395  40.518 0.3333329856
112563  32.330  3.018  40.254 0.4444440007
64009  30.680  2.413  41.044 0.5555559993
62942  29.530  1.222  40.260 0.5555559993
61863  28.702  0.238  41.277 0.5555559993
64975  39.391  3.656  40.085 0.1111110002
64977  37.568  3.496  39.510 0.2222220004
64040  36.790  3.324  39.009 0.4444440007
66080  38.996  3.952  39.464 0.1111110002
115116  37.168  3.623  37.889 0.3333329856
64067  36.664  3.329  38.244 0.6666669846
64068  35.969  3.096  37.740 0.6666669846
65025  36.342  3.402  36.434 0.7777780294
64090  35.869  3.020  36.829 0.7777780294
64069  35.288  2.749  37.160 0.7777780294
64101  35.748  2.788  35.662 0.7777780294
59745  29.702  -2.269  47.837 0.2222220004
58658  28.800  -2.273  48.019 0.2222220004
61861  29.747  1.158  42.162 0.3333329856
61852  29.464  0.346  42.522 0.4444440007
64958  33.794  3.988  41.393 0.2222220004
64007  31.932  3.437  41.917 0.2222220004
64001  30.702  2.404  42.016 0.3333329856
58685  29.447  -2.679  46.342 0.2222220004
66050  33.784  4.429  42.467 0.1111110002
62919  30.649  1.496  43.387 0.2222220004
61851  30.052  0.874  43.106 0.3333329856
64943  34.192  4.231  41.754 0.1111110002
64000  31.237  2.927  42.426 0.2222220004
62927  30.819  2.269  42.939 0.2222220004
64945  32.498  3.835  42.384 0.1111110002
114171  30.325  0.164  43.706 0.3333329856
122940  30.626  -0.419  44.096 0.3333329856
64931  32.963  4.207  42.873 0.1111110002
63999  31.758  3.376  42.850 0.1111110002
63992  31.331  2.707  43.296 0.1111110002
61841  30.618  0.799  43.720 0.2222220004
61831  30.985  0.226  44.239 0.3333329856
61840  31.117  1.142  44.055 0.2222220004
62918  31.158  1.973  43.727 0.2222220004
60848  31.122  -0.676  44.564 0.2222220004
61830  31.592  0.667  44.697 0.2222220004
63981  31.564  2.413  43.968 0.1111110002
49285  0.266  -11.607  65.513 0.5555559993
53252  8.638  -7.346  61.235 0.6666669846
48430  23.964  -12.282  55.913 0.4444440007
56546  11.750  -4.689  58.346 0.3333329856
58630  26.461  -2.535  50.511 0.4444440007
60870  29.784  0.051  43.213 0.4444440007
112534  1.172  -11.524  65.454 0.6666669846
53251  9.024  -6.815  61.185 0.2222220004
50263  1.285  -10.463  66.030 0.4444440007
49304  4.549  -11.690  65.331 0.6666669846
50288  6.056  -10.307  63.905 0.4444440007
55350  10.536  -5.215  61.551 0.2222220004
59828  29.020  -1.403  38.927 0.7777780294
61905  30.539  0.412  37.799 0.7777780294
58643  27.033  -2.347  49.733 0.4444440007
61888  30.164  0.862  38.527 0.7777780294
61880  28.885  0.590  39.964 0.5555559993
64045  33.116  2.579  38.595 0.5555559993
64071  33.862  2.438  37.675 0.7777780294
64092  34.614  2.322  36.512 0.7777780294
64029  33.468  2.807  39.192 0.4444440007
64967  34.715  3.424  40.634 0.3333329856
64030  32.681  2.637  39.048 0.4444440007
64018  33.019  3.349  40.533 0.4444440007
64031  32.090  2.654  39.615 0.4444440007
108740  32.146  3.273  40.972 0.4444440007
62941  30.109  1.840  40.644 0.5555559993
62934  29.585  1.307  41.227 0.3333329856
64042  35.330  2.871  38.067 0.6666669846
64044  33.762  2.648  38.486 0.5555559993
64016  34.966  3.081  39.930 0.3333329856
63004  34.794  1.783  35.679 0.7777780294
120284  36.069  2.671  34.883 0.7777780294
64956  35.338  3.700  41.127 0.2222220004
64944  33.349  4.161  41.991 0.1111110002
62928  30.329  1.703  42.562 0.3333329856
64963  39.231  3.295  40.675 0.1111110002
64976  38.546  3.538  40.027 0.1111110002
64965  36.976  3.448  40.767 0.5555559993
64026  36.173  3.198  39.255 0.5555559993
121687  36.258  3.403  40.416 0.5555559993
64015  35.839  3.223  39.845 0.5555559993
113074  38.145  3.743  39.131 0.2222220004
64041  36.068  3.131  38.563 0.5555559993
64989  37.361  3.549  38.703 0.2222220004
65007  36.502  3.374  37.400 0.6666669846
65032  36.328  3.318  35.387 0.7777780294
45425  -3.240  -15.256  67.667 0.1111110002
115121  -3.041  -16.237  66.121 0.1111110002
112974  -3.251  -12.388  65.891 0.1111110002
48350  -3.410  -13.023  65.482 0.1111110002
121002  -2.340  -11.403  66.350 0.3333329856
48286  5.650  -12.917  70.851 0.1111110002
48285  6.271  -12.484  70.407 0.1111110002
49236  8.035  -11.182  69.095 0.1111110002
49237  7.446  -11.621  69.524 0.1111110002
49238  6.800  -11.995  69.929 0.1111110002
49250  6.828  -12.050  69.024 0.1111110002
48310  6.952  -12.051  68.179 0.1111110002
48298  6.324  -12.591  69.507 0.1111110002
49262  7.298  -12.053  67.448 0.1111110002
47397  6.336  -12.727  68.513 0.1111110002
50247  2.746  -10.437  67.029 0.4444440007
48311  5.826  -13.208  69.204 0.1111110002
49249  7.446  -11.626  68.664 0.1111110002
49248  7.999  -11.217  68.220 0.1111110002
51213  3.338  -9.788  67.355 0.2222220004
48334  7.140  -12.699  66.895 0.1111110002
47426  7.509  -12.900  66.106 0.1111110002
117103  9.446  -10.454  68.297 0.1111110002
50234  8.684  -10.797  68.662 0.1111110002
112377  9.488  -10.328  67.374 0.1111110002
50244  8.661  -10.849  67.626 0.1111110002
51212  4.359  -9.739  67.017 0.1111110002
124289  9.594  -10.247  66.640 0.1111110002
50261  9.007  -10.721  66.735 0.1111110002
49280  8.314  -11.752  66.149 0.1111110002
49279  8.796  -11.240  66.064 0.1111110002
52184  10.824  -9.298  65.973 0.1111110002
127489  10.514  -9.581  66.495 0.1111110002
51233  10.067  -9.935  66.087 0.1111110002
50260  9.395  -10.634  66.007 0.1111110002
51232  10.465  -9.821  65.238 0.1111110002
50272  9.829  -10.480  65.281 0.1111110002
49301  9.219  -11.276  65.238 0.1111110002
50286  10.276  -10.342  64.582 0.1111110002
50303  10.217  -10.767  63.926 0.1111110002
49354  9.760  -11.383  63.795 0.1111110002
48366  9.291  -12.028  63.571 0.1111110002
128417  10.169  -11.109  63.336 0.1111110002
49378  9.904  -11.993  62.043 0.1111110002
52175  11.385  -8.808  66.409 0.1111110002
53247  16.492  -7.526  61.232 0.2222220004
52183  11.499  -8.662  65.646 0.1111110002
52192  11.744  -8.453  64.725 0.1111110002
51231  11.113  -9.190  65.039 0.1111110002
118196  21.689  -11.315  59.174 0.2222220004
107850  11.620  -9.193  63.389 0.1111110002
51250  11.081  -9.800  63.718 0.1111110002
50302  11.327  -9.915  62.929 0.1111110002
49353  10.661  -10.504  63.275 0.1111110002
50340  20.050  -9.825  59.264 0.4444440007
117672  10.587  -11.276  61.775 0.2222220004
125612  10.928  -10.570  62.379 0.2222220004
49377  10.350  -11.190  62.644 0.1111110002
49397  10.934  -11.361  60.944 0.3333329856
50355  20.477  -10.446  58.818 0.4444440007
53226  15.632  -7.076  62.255 0.2222220004
53210  14.670  -6.673  63.121 0.1111110002
53211  13.866  -6.810  63.239 0.1111110002
53248  15.608  -7.272  61.355 0.2222220004
128319  14.987  -6.842  62.528 0.2222220004
53212  13.153  -7.270  63.399 0.1111110002
53227  14.881  -7.060  61.900 0.2222220004
119709  14.238  -6.997  62.470 0.1111110002
129993  13.524  -7.238  62.760 0.1111110002
52204  12.512  -7.906  63.564 0.1111110002
52191  12.241  -8.009  64.224 0.1111110002
49408  23.446  -11.522  60.056 0.1111110002
49409  22.681  -11.485  60.351 0.2222220004
53249  14.624  -7.383  61.168 0.2222220004
53228  13.580  -7.484  62.100 0.1111110002
52222  12.882  -7.829  62.675 0.1111110002
52205  11.909  -8.515  63.845 0.1111110002
53267  15.207  -7.585  60.485 0.2222220004
53250  13.734  -7.751  61.254 0.1111110002
52238  13.045  -8.073  61.785 0.1111110002
52224  12.188  -8.541  63.041 0.1111110002
51270  12.130  -9.347  61.755 0.1111110002
49445  21.495  -11.419  58.399 0.3333329856
49446  21.103  -10.965  59.053 0.3333329856
50317  11.203  -10.678  61.555 0.2222220004
107572  11.550  -9.980  62.079 0.1111110002
123460  20.794  -10.983  58.425 0.4444440007
125163  11.422  -10.806  60.858 0.2222220004
50372  20.286  -10.595  58.029 0.4444440007
48404  9.990  -12.420  60.229 0.5555559993
108325  24.301  -11.561  60.574 0.1111110002
108326  25.286  -11.523  60.661 0.1111110002
49424  23.429  -11.554  59.367 0.1111110002
109134  22.258  -11.522  58.939 0.2222220004
53268  14.257  -7.840  60.435 0.2222220004
52253  13.482  -8.278  60.528 0.1111110002
127829  13.154  -8.301  61.138 0.1111110002
112410  12.367  -9.388  60.980 0.2222220004
51271  11.783  -10.083  61.171 0.2222220004
49425  22.815  -11.526  59.535 0.2222220004
51281  13.137  -8.863  59.957 0.3333329856
51282  12.596  -9.455  60.247 0.4444440007
123887  12.164  -9.943  60.529 0.2222220004
51298  12.812  -9.644  59.449 0.4444440007
50342  11.756  -10.989  59.546 0.6666669846
119181  10.657  -11.989  60.093 0.5555559993
108321  24.083  -11.545  59.606 0.1111110002
108322  24.932  -11.562  59.818 0.1111110002
109382  23.009  -11.643  58.816 0.2222220004
49443  23.401  -11.724  58.150 0.2222220004
49444  22.398  -11.732  58.032 0.4444440007
49465  21.501  -11.706  57.420 0.4444440007
49466  20.785  -11.254  57.726 0.4444440007
49482  20.759  -11.519  56.825 0.4444440007
108327  26.174  -11.507  60.854 0.1111110002
109383  23.800  -11.590  58.872 0.1111110002
49464  22.183  -11.930  57.146 0.4444440007
115475  20.772  -11.648  55.869 0.5555559993
49407  27.850  -11.605  60.614 0.1111110002
108323  25.950  -11.524  59.847 0.1111110002
122871  25.355  -11.545  59.191 0.1111110002
49442  24.280  -11.649  58.274 0.1111110002
49463  22.990  -11.969  57.356 0.1111110002
49480  22.553  -12.146  56.542 0.4444440007
49385  29.250  -11.394  61.720 0.1111110002
49386  28.535  -11.457  61.239 0.1111110002
55366  11.071  -4.842  60.859 0.2222220004
49406  28.686  -11.540  60.521 0.1111110002
108324  26.924  -11.537  60.251 0.1111110002
49439  26.932  -11.562  59.296 0.1111110002
49441  25.228  -11.605  58.378 0.1111110002
115846  24.735  -11.749  57.663 0.1111110002
57561  13.627  -3.727  58.493 0.1111110002
49462  23.917  -11.861  57.494 0.1111110002
49479  23.506  -12.143  56.668 0.2222220004
49493  22.142  -12.266  55.735 0.4444440007
50336  31.169  -10.334  59.804 0.1111110002
50325  30.736  -10.934  60.219 0.1111110002
49404  30.191  -11.268  60.756 0.1111110002
111287  29.910  -11.420  61.408 0.1111110002
124117  11.539  -3.898  61.037 0.2222220004
51293  30.891  -10.013  59.050 0.1111110002
50337  30.448  -10.687  59.435 0.1111110002
49420  29.887  -11.210  59.910 0.1111110002
49405  29.349  -11.392  60.870 0.1111110002
57531  12.009  -2.972  60.867 0.2222220004
51309  30.700  -9.743  58.257 0.1111110002
125221  29.217  -11.495  60.145 0.1111110002
49422  28.439  -11.613  59.820 0.1111110002
49423  27.613  -11.602  59.821 0.1111110002
57546  12.466  -3.406  59.141 0.1111110002
57532  11.990  -3.281  60.011 0.2222220004
56517  11.422  -4.270  60.088 0.2222220004
51325  30.532  -9.470  57.453 0.1111110002
50369  30.083  -10.185  57.810 0.1111110002
50354  29.530  -10.793  58.226 0.1111110002
49437  28.986  -11.307  58.672 0.1111110002
114820  28.532  -11.518  59.107 0.1111110002
111018  27.856  -11.587  59.184 0.1111110002
57562  12.911  -3.723  58.515 0.1111110002
56530  12.136  -4.023  58.737 0.1111110002
51341  30.330  -9.219  56.647 0.1111110002
114039  26.715  -11.572  58.452 0.1111110002
56544  13.416  -4.208  58.065 0.1111110002
56545  12.566  -4.324  58.079 0.1111110002
52308  30.444  -8.291  55.519 0.1111110002
51355  30.122  -9.009  55.836 0.1111110002
51326  29.881  -9.898  57.021 0.1111110002
50385  29.222  -10.306  56.615 0.1111110002
108473  27.331  -11.527  58.012 0.1111110002
114991  26.028  -11.598  58.163 0.1111110002
121382  25.599  -11.728  57.403 0.1111110002
51342  29.701  -9.670  56.212 0.1111110002
50396  29.060  -10.104  55.805 0.1111110002
118739  26.435  -11.689  56.825 0.1111110002
52309  29.912  -8.764  55.050 0.1111110002
50370  29.361  -10.536  57.416 0.1111110002
49458  28.705  -11.117  57.821 0.1111110002
50371  28.682  -10.849  57.042 0.1111110002
122876  27.941  -11.391  57.610 0.1111110002
50386  28.525  -10.678  56.268 0.2222220004
49459  27.953  -11.211  56.824 0.1111110002
49476  27.184  -11.500  56.364 0.1111110002
50397  28.406  -10.537  55.423 0.1111110002
49475  27.841  -11.076  55.897 0.2222220004
49489  27.162  -11.423  55.483 0.1111110002
56648  33.028  -4.575  49.256 0.1111110002
56656  34.282  -4.202  48.183 0.1111110002
57684  34.839  -3.927  47.626 0.1111110002
58756  32.680  -2.648  40.231 0.6666669846
59826  33.354  -1.698  39.216 0.6666669846
58764  32.210  -2.387  39.621 0.7777780294
111022  31.579  -2.708  39.526 0.7777780294
59825  34.209  -1.393  39.320 0.6666669846
59827  32.505  -1.946  39.043 0.6666669846
58772  31.611  -2.193  38.926 0.6666669846
58773  30.697  -2.132  38.669 0.6666669846
59838  33.832  -1.545  38.324 0.6666669846
119349  32.927  -1.646  38.246 0.6666669846
59849  32.479  -1.324  37.419 0.6666669846
59840  31.216  -1.709  38.149 0.6666669846
59850  31.625  -1.265  37.508 0.6666669846
59851  30.868  -1.113  37.651 0.6666669846
59847  34.345  -1.369  37.484 0.6666669846
60923  32.926  -0.857  36.740 0.6666669846
61903  31.987  0.679  36.909 0.6666669846
61904  31.198  0.330  37.316 0.6666669846
60925  31.211  -0.610  37.278 0.6666669846
125900  40.301  0.027  38.308 0.5555559993
60910  38.775  -0.768  38.496 0.5555559993
59834  37.527  -1.095  38.274 0.6666669846
62980  33.188  1.929  37.075 0.6666669846
118480  40.050  0.071  37.620 0.5555559993
60909  39.577  -0.398  38.196 0.5555559993
114759  38.005  -0.789  37.144 0.6666669846
59845  36.640  -1.093  37.275 0.6666669846
59846  35.298  -1.319  37.592 0.6666669846
60943  34.240  -0.487  36.097 0.6666669846
61902  32.717  1.045  36.605 0.6666669846
62982  31.619  1.308  37.692 0.5555559993
60922  37.241  -0.837  36.792 0.6666669846
60942  35.629  -0.727  36.255 0.6666669846
120537  34.957  -0.552  36.031 0.6666669846
64955  36.177  3.593  41.041 0.1111110002
61900  40.394  0.545  37.137 0.5555559993
60920  39.343  -0.218  37.232 0.5555559993
60939  38.603  -0.403  36.717 0.5555559993
63006  33.418  1.305  36.318 0.6666669846
60940  37.828  -0.532  36.311 0.6666669846
60955  36.199  -0.423  35.768 0.6666669846
61948  34.676  -0.007  35.665 0.6666669846
63025  34.615  0.842  35.521 0.6666669846
124933  35.169  0.338  35.409 0.6666669846
61946  36.818  -0.036  35.222 0.6666669846
61947  35.836  0.168  35.225 0.6666669846
63002  41.295  1.584  36.671 0.4444440007
62978  41.049  0.989  37.329 0.5555559993
63003  40.673  1.007  36.697 0.5555559993
61925  40.002  0.627  36.277 0.5555559993
61926  39.236  0.079  36.386 0.6666669846
63024  35.340  1.089  35.133 0.6666669846
61945  38.402  -0.055  35.731 0.6666669846
60954  37.576  -0.250  35.628 0.6666669846
121189  36.229  0.756  34.774 0.6666669846
64089  41.807  2.302  36.244 0.3333329856
63022  40.614  1.304  36.022 0.5555559993
63021  41.143  1.901  35.768 0.4444440007
61944  39.962  1.070  35.379 0.5555559993
61963  39.237  1.067  34.724 0.6666669846
61964  38.473  0.578  34.881 0.6666669846
128024  37.044  0.555  34.695 0.6666669846
65023  42.943  3.280  36.299 0.3333329856
64098  42.305  2.882  35.844 0.3333329856
64112  36.431  2.218  34.338 0.6666669846
65030  42.863  3.362  35.471 0.3333329856
64099  41.617  2.485  35.389 0.3333329856
64100  40.888  2.091  34.923 0.4444440007
63035  40.053  1.613  34.532 0.6666669846
61965  37.647  0.948  34.370 0.6666669846
63039  36.700  1.306  34.405 0.6666669846
63036  39.165  1.603  33.905 0.6666669846
63037  38.458  1.243  34.194 0.6666669846
63038  37.818  1.561  33.851 0.6666669846
114242  36.950  3.796  36.997 0.5555559993
65024  36.756  3.929  36.002 0.6666669846
66138  37.422  4.892  34.873 0.5555559993
65031  36.790  3.934  34.885 0.6666669846
64124  39.419  2.836  32.422 0.6666669846
64118  38.009  2.561  32.818 0.6666669846
66152  37.090  4.134  33.888 0.5555559993
65039  44.079  3.998  34.832 0.2222220004
65040  42.824  3.327  34.466 0.4444440007
65041  41.982  2.911  34.010 0.5555559993
64115  40.832  2.582  33.054 0.6666669846
64117  39.035  2.219  33.034 0.6666669846
65060  37.169  3.227  33.152 0.6666669846
64111  36.781  2.644  33.790 0.6666669846
65022  43.571  3.782  36.041 0.2222220004
64107  42.149  2.966  34.969 0.3333329856
64109  40.626  2.222  33.920 0.6666669846
63044  38.324  1.833  33.469 0.6666669846
66151  37.687  4.829  33.710 0.4444440007
67130  38.151  5.569  34.419 0.4444440007
67126  47.310  5.396  35.025 0.2222220004
67128  45.805  4.823  34.936 0.2222220004
66135  45.367  4.831  35.175 0.2222220004
65074  38.911  3.522  32.245 0.6666669846
66161  38.061  4.552  32.851 0.5555559993
67136  38.364  5.374  33.414 0.5555559993
67125  48.200  5.277  34.914 0.1111110002
66150  45.336  4.321  34.586 0.2222220004
112245  43.348  3.380  33.701 0.4444440007
65058  41.669  2.869  32.954 0.5555559993
64123  40.293  2.856  32.403 0.6666669846
65073  39.843  3.533  31.955 0.6666669846
117720  39.247  4.279  32.055 0.6666669846
65054  45.801  3.830  33.873 0.2222220004
65055  44.571  3.405  33.110 0.3333329856
65056  43.860  3.352  33.157 0.4444440007
65071  42.389  3.148  32.308 0.5555559993
65072  40.729  3.290  31.886 0.5555559993
66134  49.835  4.884  34.996 0.1111110002
67124  49.018  5.101  34.975 0.1111110002
67142  38.967  5.905  33.121 0.5555559993
65037  50.377  3.823  33.865 0.1111110002
66158  48.279  4.030  33.907 0.1111110002
66160  46.630  3.906  33.868 0.1111110002
65090  40.546  3.867  31.576 0.5555559993
67148  39.555  5.114  32.018 0.5555559993
121802  51.523  3.664  33.444 0.2222220004
107757  46.258  3.527  33.126 0.2222220004
119043  45.417  3.467  33.102 0.4444440007
122473  44.010  3.289  32.207 0.5555559993
65088  42.225  3.458  31.284 0.5555559993
65089  41.271  3.686  31.372 0.5555559993
65063  52.159  3.599  32.258 0.2222220004
65064  51.362  3.460  32.657 0.2222220004
114366  50.173  3.522  33.072 0.1111110002
65067  48.481  3.497  32.233 0.2222220004
65053  47.100  3.570  33.153 0.2222220004
65070  45.865  3.401  32.265 0.4444440007
65087  43.717  3.484  31.191 0.5555559993
124356  43.004  3.550  30.998 0.5555559993
123114  41.782  4.132  30.826 0.5555559993
66184  41.658  4.994  30.759 0.5555559993
65101  43.420  3.937  30.701 0.5555559993
67147  40.299  5.321  31.583 0.5555559993
65077  52.912  3.868  31.835 0.1111110002
113054  51.451  3.311  31.739 0.2222220004
109946  50.122  3.303  31.898 0.2222220004
128261  47.119  3.428  31.721 0.3333329856
65085  45.447  3.484  31.452 0.5555559993
65100  44.246  3.856  30.774 0.5555559993
65102  42.616  4.000  30.711 0.5555559993
66177  54.612  5.050  29.801 0.1111110002
120946  52.969  3.819  30.064 0.1111110002
65079  51.412  3.196  30.836 0.1111110002
108276  49.893  3.233  30.820 0.2222220004
122220  47.848  3.514  30.867 0.3333329856
65084  46.390  3.495  31.426 0.4444440007
65099  45.066  3.777  30.838 0.5555559993
123019  42.286  4.630  30.627 0.4444440007
65117  53.241  3.851  29.110 0.1111110002
65110  51.260  3.119  29.817 0.2222220004
65096  49.276  3.395  30.048 0.2222220004
65097  47.453  3.694  30.358 0.3333329856
66200  54.065  4.170  28.503 0.1111110002
68981  41.497  7.611  32.571 0.3333329856
68101  40.668  7.095  32.448 0.3333329856
68110  39.576  6.320  32.823 0.3333329856
68109  41.231  7.018  31.893 0.4444440007
123498  40.121  6.578  32.448 0.4444440007
68118  43.297  6.789  31.013 0.4444440007
123301  42.187  6.127  30.854 0.4444440007
68120  41.598  6.429  31.303 0.4444440007
67155  43.729  5.321  30.517 0.5555559993
68132  42.828  6.167  30.732 0.4444440007
67146  41.757  5.733  30.861 0.4444440007
66179  46.925  4.163  29.887 0.5555559993
124032  46.144  4.160  30.364 0.5555559993
120974  44.375  5.105  30.470 0.5555559993
67156  42.394  5.441  30.633 0.4444440007
65126  55.109  3.826  27.006 0.1111110002
66209  54.597  4.129  27.770 0.1111110002
107662  53.082  3.711  28.063 0.1111110002
65119  51.417  3.298  28.824 0.2222220004
65111  50.208  3.179  29.760 0.2222220004
126216  55.683  4.824  27.606 0.1111110002
66199  54.994  4.764  28.422 0.1111110002
117667  40.770  7.562  33.106 0.3333329856
68980  42.508  7.796  32.331 0.3333329856
68119  42.473  6.698  31.178 0.4444440007
68129  45.533  6.316  30.392 0.4444440007
68130  44.857  6.320  30.538 0.5555559993
121335  44.306  5.865  30.527 0.5555559993
66180  46.297  4.762  29.938 0.5555559993
112076  45.616  4.694  30.313 0.5555559993
125549  53.515  3.580  26.992 0.1111110002
65118  52.264  3.505  28.438 0.2222220004
108195  50.739  3.193  29.133 0.2222220004
65112  49.501  3.508  29.246 0.2222220004
65114  47.825  3.913  29.646 0.4444440007
66193  47.500  4.634  29.283 0.5555559993
65159  55.700  3.140  25.209 0.1111110002
65142  54.417  3.492  26.247 0.1111110002
117369  52.973  3.610  27.206 0.2222220004
65145  51.731  3.745  27.100 0.2222220004
125807  50.783  3.703  27.772 0.2222220004
66201  50.173  3.819  28.127 0.3333329856
65121  49.032  3.990  28.774 0.4444440007
66192  48.287  4.341  28.999 0.5555559993
65181  54.950  3.431  24.819 0.2222220004
107900  53.600  3.609  25.978 0.2222220004
65143  53.147  3.634  26.505 0.2222220004
66210  51.112  3.903  27.182 0.2222220004
67201  54.572  4.978  23.665 0.4444440007
67196  54.031  4.776  24.334 0.3333329856
66231  54.076  3.952  24.836 0.3333329856
66232  53.426  4.587  24.878 0.4444440007
68128  46.302  6.350  30.134 0.4444440007
68142  47.831  6.074  29.229 0.4444440007
67166  47.288  5.451  29.304 0.4444440007
66202  49.496  4.320  28.258 0.4444440007
66203  48.857  4.798  28.492 0.4444440007
67165  48.116  5.339  28.829 0.4444440007
66222  52.275  4.114  25.997 0.3333329856
66223  51.600  4.183  26.455 0.3333329856
66224  50.780  4.553  26.700 0.3333329856
66211  50.469  4.202  27.398 0.3333329856
66212  49.833  4.614  27.676 0.3333329856
115407  52.733  4.445  25.430 0.3333329856
66229  51.928  4.695  25.739 0.3333329856
67189  50.415  5.458  26.347 0.4444440007
67181  50.080  4.949  27.003 0.4444440007
67182  49.593  5.499  27.461 0.3333329856
67202  54.019  5.545  23.927 0.4444440007
67197  53.380  5.499  24.371 0.4444440007
69010  49.339  7.274  28.480 0.4444440007
68141  48.569  6.370  29.013 0.4444440007
68157  49.548  6.278  27.219 0.4444440007
68147  49.305  6.288  28.036 0.4444440007
67173  48.915  5.804  28.464 0.4444440007
66233  52.907  5.119  24.898 0.4444440007
68163  51.988  6.102  24.950 0.4444440007
67193  51.582  5.511  25.479 0.4444440007
67194  50.932  5.708  25.769 0.4444440007
67190  49.855  5.668  26.865 0.4444440007
68166  53.578  6.347  23.712 0.4444440007
69031  53.348  7.362  23.355 0.4444440007
70759  50.193  9.763  30.443 0.1111110002
70766  49.979  9.671  28.569 0.2222220004
69868  49.532  8.311  29.648 0.3333329856
69877  49.658  8.697  27.236 0.2222220004
69872  49.527  8.116  28.839 0.4444440007
69014  49.519  7.795  26.952 0.4444440007
69878  49.457  7.964  27.917 0.4444440007
69008  48.901  7.179  29.496 0.4444440007
69021  49.584  6.956  26.715 0.4444440007
69028  51.763  6.995  24.735 0.4444440007
68160  50.432  6.269  25.865 0.4444440007
121775  49.931  6.799  26.047 0.4444440007
69897  54.038  8.698  23.078 0.3333329856
69898  53.388  8.277  23.419 0.4444440007
69027  52.316  7.449  24.324 0.4444440007
69023  51.191  7.489  25.172 0.4444440007
68159  51.179  6.441  25.314 0.4444440007
71657  50.431  10.531  29.929 0.1111110002
70764  50.100  9.714  29.527 0.1111110002
71667  51.076  10.804  27.466 0.1111110002
71668  50.376  10.371  27.950 0.2222220004
71678  51.503  10.416  26.700 0.2222220004
70769  50.603  10.121  27.030 0.2222220004
70784  52.420  9.510  25.370 0.2222220004
70779  51.141  9.673  26.261 0.2222220004
69884  50.809  8.873  25.888 0.2222220004
69020  49.872  7.533  26.097 0.4444440007
69888  52.070  8.762  25.011 0.3333329856
69889  51.372  8.393  25.320 0.3333329856
69890  50.562  8.005  25.620 0.4444440007
70796  54.713  9.137  22.710 0.3333329856
69892  53.749  9.085  23.784 0.1111110002
69887  52.737  9.112  24.716 0.2222220004
71651  50.913  11.297  30.365 0.1111110002
71656  50.782  11.297  29.322 0.1111110002
71661  50.849  11.107  28.335 0.1111110002
71662  50.362  10.487  28.932 0.1111110002
72631  51.533  11.348  27.856 0.1111110002
70778  52.013  9.951  26.000 0.2222220004
70783  53.172  9.798  25.170 0.2222220004
70777  52.846  10.181  25.830 0.2222220004
70789  53.459  9.449  24.478 0.2222220004
72589  51.550  12.006  30.722 0.1111110002
72599  52.151  12.492  30.014 0.1111110002
72600  51.381  11.954  29.733 0.1111110002
72615  52.548  12.213  28.621 0.1111110002
72616  51.579  11.768  28.676 0.1111110002
72629  53.370  11.677  27.491 0.1111110002
72630  52.433  11.684  27.811 0.1111110002
72646  54.893  11.595  26.914 0.1111110002
72647  53.834  11.372  26.943 0.1111110002
71665  52.900  11.214  27.014 0.1111110002
71666  51.955  11.063  27.178 0.1111110002
71674  55.166  11.221  26.102 0.1111110002
71675  54.229  10.985  26.269 0.1111110002
71676  53.336  10.769  26.381 0.1111110002
71677  52.443  10.600  26.493 0.2222220004
71684  55.443  10.964  25.301 0.1111110002
70782  53.936  10.122  24.955 0.2222220004
70788  54.192  9.834  24.202 0.2222220004
72614  53.379  12.123  28.124 0.1111110002
65140  56.847  3.922  25.610 0.1111110002
66220  57.643  5.485  26.131 0.1111110002
65158  57.843  4.061  24.752 0.1111110002
121769  54.622  4.044  24.198 0.3333329856
48377  9.322  -12.343  62.760 0.2222220004
50341  12.266  -10.218  59.839 0.5555559993
53266  16.010  -7.526  60.666 0.2222220004
113064  26.435  -11.739  55.920 0.2222220004
56531  11.470  -4.544  59.223 0.2222220004
57696  34.998  -3.855  46.884 0.1111110002
56669  34.239  -4.193  47.211 0.1111110002
58765  30.940  -2.725  39.242 0.6666669846
58774  29.805  -1.804  38.678 0.6666669846
49481  21.567  -11.986  56.443 0.4444440007
50246  3.677  -10.575  66.810 0.4444440007
115990  31.967  1.943  38.152 0.5555559993
62981  32.413  1.720  37.494 0.5555559993
62912  31.677  1.683  44.489 0.1111110002
57547  11.847  -3.863  59.417 0.1111110002
61927  33.873  0.442  35.858 0.6666669846
65043  36.408  3.085  34.488 0.6666669846
128135  7.456  -11.618  67.965 0.1111110002
51214  2.423  -9.772  67.617 0.2222220004
48333  7.766  -12.044  66.634 0.1111110002
49261  7.888  -11.465  67.429 0.1111110002
109522  8.372  -11.309  66.761 0.1111110002
48343  8.086  -12.357  65.794 0.1111110002
49302  8.597  -11.836  65.520 0.1111110002
111567  8.417  -12.498  65.050 0.1111110002
51242  10.813  -9.751  64.466 0.1111110002
50287  9.748  -10.983  64.527 0.1111110002
49326  9.272  -11.698  64.360 0.1111110002
49327  8.858  -11.978  64.872 0.1111110002
115243  9.821  -11.690  63.034 0.1111110002
53225  16.322  -7.403  61.969 0.2222220004
51241  11.370  -9.144  64.197 0.1111110002
51262  11.872  -9.261  62.576 0.1111110002
49412  11.319  -11.279  60.202 0.5555559993
53209  15.491  -6.908  63.040 0.2222220004
114707  14.206  -7.299  61.769 0.1111110002
52239  12.687  -8.757  61.441 0.1111110002
52223  12.479  -8.637  62.220 0.1111110002
50328  11.792  -10.563  60.363 0.3333329856
52254  12.891  -8.812  60.714 0.3333329856
109384  24.608  -11.554  59.019 0.1111110002
49440  26.036  -11.564  58.888 0.1111110002
129442  29.666  -11.349  60.408 0.1111110002
50338  29.745  -11.063  59.032 0.1111110002
49421  29.158  -11.439  59.437 0.1111110002
50353  30.257  -10.449  58.621 0.1111110002
122177  27.399  -11.564  58.673 0.1111110002
49438  28.123  -11.482  58.437 0.1111110002
49460  27.229  -11.525  57.219 0.1111110002
49461  26.555  -11.602  57.678 0.1111110002
127581  28.309  -11.173  57.332 0.1111110002
58763  32.959  -1.998  39.895 0.7777780294
59839  32.067  -1.725  38.184 0.6666669846
59848  33.389  -1.368  37.423 0.6666669846
59837  34.784  -1.413  38.415 0.6666669846
60924  31.940  -0.532  36.888 0.6666669846
59864  34.887  -1.042  36.688 0.6666669846
59865  33.848  -1.021  36.684 0.6666669846
60945  32.615  0.008  36.415 0.6666669846
60898  40.193  -0.193  39.008 0.5555559993
59833  38.101  -0.946  37.960 0.6666669846
115170  37.395  -1.042  37.590 0.6666669846
60921  38.747  -0.637  37.607 0.5555559993
59863  35.844  -1.110  36.977 0.6666669846
60941  36.442  -0.815  36.500 0.6666669846
60944  33.411  -0.312  36.235 0.6666669846
61928  33.155  0.468  36.178 0.6666669846
118266  37.033  -0.543  36.001 0.6666669846
60956  35.407  -0.246  35.676 0.6666669846
61901  39.797  0.213  36.930 0.5555559993
115276  39.231  0.514  35.537 0.6666669846
124695  40.546  1.592  35.330 0.5555559993
117314  37.687  0.213  35.034 0.6666669846
64108  41.431  2.555  34.506 0.4444440007
64110  39.793  1.974  33.680 0.6666669846
115890  37.114  1.756  33.964 0.6666669846
64119  37.479  2.192  33.397 0.6666669846
66124  37.564  4.169  37.470 0.4444440007
66139  37.131  4.478  35.678 0.6666669846
64116  40.006  2.384  33.054 0.6666669846
64125  38.618  2.885  32.477 0.6666669846
66162  37.467  4.097  33.098 0.5555559993
65059  38.004  3.567  32.558 0.6666669846
65042  36.746  3.433  33.972 0.5555559993
127130  44.638  4.038  34.517 0.2222220004
110526  44.136  3.626  33.972 0.3333329856
66137  44.146  4.169  35.615 0.2222220004
127043  43.552  3.620  34.449 0.3333329856
65057  42.566  3.129  33.362 0.5555559993
65029  43.489  3.729  35.159 0.2222220004
116804  41.310  2.611  33.695 0.5555559993
66149  46.155  4.416  34.462 0.2222220004
66148  46.970  4.555  34.475 0.2222220004
66147  47.805  4.659  34.452 0.1111110002
67127  46.434  5.084  34.975 0.2222220004
122858  38.561  4.191  32.388 0.6666669846
66167  38.820  5.035  32.562 0.5555559993
65038  44.986  3.722  33.892 0.2222220004
111414  41.546  3.158  31.979 0.6666669846
122851  41.019  2.897  32.424 0.6666669846
110170  43.097  3.294  31.756 0.5555559993
111544  43.217  3.234  32.742 0.5555559993
129073  50.504  4.618  34.956 0.1111110002
109709  50.112  4.295  34.502 0.1111110002
67115  49.512  5.565  35.511 0.1111110002
66146  49.384  4.471  34.513 0.1111110002
110194  48.613  4.590  34.475 0.1111110002
130196  39.333  5.674  32.510 0.5555559993
125812  49.706  4.019  34.085 0.1111110002
66159  47.465  3.982  33.881 0.1111110002
66173  40.040  4.390  31.656 0.5555559993
65049  50.872  3.558  33.296 0.2222220004
122378  50.835  3.265  32.029 0.2222220004
65050  49.608  3.718  33.483 0.1111110002
66157  49.059  4.006  33.997 0.1111110002
65051  48.814  3.679  33.236 0.1111110002
65052  47.953  3.640  33.146 0.2222220004
123208  44.984  3.343  32.235 0.5555559993
66172  40.917  4.521  31.189 0.5555559993
128664  50.093  3.414  32.521 0.2222220004
65066  49.510  3.483  32.568 0.2222220004
126877  47.534  3.461  32.358 0.2222220004
65069  46.711  3.415  32.344 0.3333329856
65086  44.574  3.465  31.385 0.5555559993
67141  39.853  5.935  32.120 0.4444440007
111549  41.087  5.568  31.165 0.4444440007
65094  52.912  3.826  30.926 0.1111110002
108275  49.054  3.411  30.775 0.2222220004
65081  49.260  3.415  31.568 0.2222220004
65068  47.779  3.457  31.556 0.3333329856
65082  48.467  3.454  31.203 0.2222220004
65083  47.191  3.513  31.048 0.4444440007
65098  45.851  3.741  30.828 0.5555559993
66183  43.065  4.739  30.525 0.5555559993
66191  54.078  4.402  29.295 0.1111110002
66190  54.613  4.757  29.032 0.1111110002
65108  53.778  4.317  29.925 0.1111110002
65095  52.161  3.441  30.397 0.1111110002
65109  52.209  3.458  29.428 0.1111110002
65080  50.723  3.160  31.290 0.2222220004
122443  48.363  3.544  30.311 0.3333329856
119449  46.645  3.750  30.618 0.5555559993
66181  44.834  4.443  30.547 0.5555559993
66182  43.943  4.523  30.555 0.5555559993
116116  43.117  5.572  30.568 0.5555559993
122169  50.685  3.089  30.487 0.2222220004
65127  53.713  3.751  27.639 0.1111110002
68121  40.624  6.344  31.763 0.4444440007
68108  42.007  7.223  31.739 0.4444440007
68131  43.579  6.117  30.636 0.4444440007
66194  46.854  4.850  29.517 0.5555559993
129162  45.503  4.116  30.566 0.5555559993
67154  45.061  5.451  30.398 0.5555559993
66221  56.281  4.401  26.625 0.1111110002
107745  54.157  3.629  27.060 0.1111110002
65128  52.273  3.591  27.504 0.2222220004
65129  51.442  3.530  27.855 0.2222220004
108087  50.171  3.392  28.890 0.2222220004
65113  48.689  3.717  29.478 0.3333329856
68117  44.235  6.797  30.818 0.3333329856
67153  45.873  5.511  30.123 0.5555559993
67152  46.568  5.545  29.700 0.4444440007
119584  53.742  3.562  26.539 0.2222220004
65130  50.773  3.416  28.419 0.2222220004
65120  49.675  3.753  28.645 0.3333329856
65141  55.528  3.456  26.126 0.1111110002
129696  54.909  3.361  25.561 0.1111110002
65144  52.370  3.760  26.621 0.2222220004
65180  55.939  3.146  24.409 0.1111110002
65160  54.204  3.605  25.466 0.3333329856
66228  53.466  3.920  25.415 0.3333329856
65161  52.896  3.817  25.945 0.2222220004
68126  48.170  6.823  29.643 0.4444440007
67172  49.322  5.221  28.015 0.4444440007
67188  51.171  4.959  26.036 0.3333329856
67192  52.310  5.268  25.188 0.4444440007
68140  49.103  6.776  28.797 0.4444440007
68156  49.904  6.219  26.473 0.4444440007
69015  49.428  7.065  27.615 0.4444440007
68162  52.408  6.596  24.435 0.4444440007
68167  52.811  6.980  23.873 0.4444440007
68161  52.968  6.251  24.202 0.4444440007
69026  52.794  7.852  23.809 0.4444440007
69860  49.847  9.031  30.029 0.1111110002
69871  49.646  8.838  28.223 0.3333329856
69867  49.808  8.912  29.171 0.2222220004
70770  49.956  9.570  27.575 0.2222220004
68996  49.186  7.850  29.990 0.4444440007
69007  49.284  7.575  29.249 0.4444440007
69024  50.462  7.097  25.575 0.4444440007
69894  52.435  8.312  24.420 0.4444440007
71648  51.260  11.160  31.443 0.1111110002
70780  50.256  9.297  26.662 0.2222220004
69885  49.999  8.417  26.315 0.3333329856
70785  51.645  9.215  25.600 0.3333329856
69895  51.830  7.918  24.780 0.4444440007
69893  53.064  8.691  24.080 0.2222220004
71686  53.670  10.414  25.697 0.1111110002
111384  52.017  12.281  29.254 0.1111110002
71685  54.517  10.687  25.517 0.1111110002
71691  54.762  10.468  24.711 0.1111110002
124157  56.585  3.206  24.763 0.1111110002
126966  -2.760  -14.497  68.972 0.1111110002
51215  1.473  -9.718  67.820 0.1111110002
50248  1.822  -10.231  67.049 0.1111110002
59586  13.301  -1.443  62.378 0.1111110002
57510  12.223  -2.505  62.197 0.1111110002
58516  12.090  -2.550  62.962 0.1111110002
57511  11.700  -3.274  62.652 0.1111110002
58522  12.822  -1.873  61.865 0.1111110002
57520  11.864  -3.184  61.692 0.1111110002
107898  11.366  -3.964  62.031 0.1111110002
51279  19.379  -9.332  60.649 0.3333329856
116999  3.830  -9.094  67.601 0.1111110002
121574  12.224  -1.165  64.934 0.1111110002
58515  12.144  -2.084  63.697 0.1111110002
112892  11.833  -1.876  64.713 0.1111110002
59587  12.611  -1.869  62.758 0.1111110002
56485  10.622  -4.463  63.104 0.1111110002
58528  12.407  -2.404  61.320 0.1111110002
120200  11.276  -2.423  64.957 0.1111110002
57496  10.977  -3.104  64.759 0.1111110002
56484  10.879  -4.015  63.593 0.1111110002
55335  10.187  -5.009  62.946 0.1111110002
54238  8.728  -6.759  62.769 0.1111110002
54237  9.285  -6.247  62.327 0.1111110002
54225  9.113  -6.068  63.107 0.1111110002
59797  35.834  -1.233  42.754 0.3333329856
60869  35.679  -0.964  42.353 0.3333329856
59809  35.191  -1.198  41.856 0.3333329856
58754  34.093  -1.772  40.945 0.4444440007
58744  33.838  -2.538  41.116 0.5555559993
57759  33.168  -3.065  40.775 0.5555559993
112790  36.051  -0.625  42.280 0.3333329856
60880  36.221  -0.493  41.699 0.2222220004
60892  35.652  -0.648  41.069 0.4444440007
59817  35.042  -0.876  40.527 0.5555559993
109054  34.489  -1.265  40.803 0.5555559993
58755  33.416  -2.195  40.541 0.5555559993
111190  34.489  -1.169  40.139 0.5555559993
60879  37.175  -0.436  41.494 0.2222220004
129151  38.978  -0.484  40.630 0.2222220004
60889  38.461  -0.658  40.224 0.3333329856
60902  36.937  -0.893  39.836 0.3333329856
60903  35.934  -0.804  40.127 0.4444440007
59824  35.192  -1.113  39.455 0.5555559993
60888  39.202  -0.535  40.010 0.2222220004
60901  37.841  -0.904  39.600 0.4444440007
60887  39.998  -0.246  39.994 0.2222220004
61878  40.783  0.168  39.658 0.3333329856
60900  38.644  -0.776  39.377 0.4444440007
59835  36.736  -1.230  38.176 0.5555559993
60899  39.435  -0.541  39.194 0.4444440007
61877  41.438  0.594  39.350 0.2222220004
61885  41.410  0.748  38.566 0.4444440007
62957  41.856  1.260  38.301 0.4444440007
61899  40.813  0.482  37.952 0.4444440007
62977  41.662  1.449  37.537 0.3333329856
62976  42.285  1.820  37.907 0.2222220004
65006  43.073  3.119  37.096 0.1111110002
64066  42.038  2.067  37.087 0.2222220004
66104  44.539  4.545  36.922 0.1111110002
114446  43.442  3.573  36.721 0.2222220004
66121  44.771  4.728  36.104 0.1111110002
66136  44.752  4.505  35.209 0.1111110002
67117  46.590  5.783  35.512 0.1111110002
122683  37.305  4.387  36.560 0.4444440007
66123  37.588  5.063  36.056 0.4444440007
67121  38.109  5.652  35.505 0.3333329856
68097  39.219  6.573  34.423 0.2222220004
67135  38.783  6.075  34.013 0.2222220004
68994  42.909  7.331  31.601 0.3333329856
47386  -2.122  -13.990  69.895 0.2222220004
57751  34.271  -2.966  41.683 0.5555559993
45412  -3.056  -14.785  68.866 0.1111110002
50249  0.651  -9.926  67.011 0.1111110002
55351  9.896  -5.792  61.927 0.1111110002
56494  11.145  -4.029  62.847 0.1111110002
59818  33.815  -1.582  40.206 0.5555559993
61886  40.856  0.279  38.800 0.4444440007
60911  38.048  -1.005  38.761 0.4444440007
126601  41.382  0.955  37.939 0.4444440007
64088  42.471  2.710  36.676 0.2222220004
64065  42.668  2.486  37.508 0.2222220004
68103  39.387  6.524  33.665 0.3333329856
68102  40.074  7.037  33.234 0.2222220004
59822  37.258  -1.075  38.950 0.5555559993
118306  36.073  -1.263  37.673 0.5555559993
51199  2.141  -9.276  68.371 0.1111110002
57502  11.340  -3.547  63.315 0.1111110002
124589  11.707  -2.950  63.492 0.1111110002
58503  11.538  -2.664  64.276 0.1111110002
114347  11.197  -3.383  63.984 0.1111110002
55336  9.722  -5.645  62.674 0.1111110002
59799  34.941  -1.727  41.897 0.3333329856
126816  34.702  -1.476  41.364 0.4444440007
116141  35.019  -0.962  41.297 0.3333329856
58743  34.444  -2.083  41.475 0.3333329856
60881  35.579  -0.774  41.800 0.3333329856
60891  36.567  -0.613  40.782 0.2222220004
60878  38.295  -0.446  41.183 0.2222220004
126072  39.506  -0.357  40.549 0.2222220004
60877  39.245  -0.303  41.165 0.1111110002
60890  37.564  -0.678  40.506 0.3333329856
59823  36.319  -1.095  39.146 0.5555559993
59836  35.752  -1.303  38.402 0.5555559993
61868  41.427  0.516  40.205 0.1111110002
64064  43.272  2.918  37.946 0.1111110002
66105  43.963  3.964  36.783 0.1111110002
66122  44.211  4.230  36.291 0.1111110002
53158  14.993  -8.043  67.732 0.1111110002
49389  22.494  -11.445  61.320 0.1111110002
110112  21.968  -11.271  61.900 0.1111110002
50308  21.037  -10.659  62.810 0.1111110002
53131  18.471  -7.148  70.310 0.1111110002
49426  22.112  -11.435  59.712 0.1111110002
49410  21.883  -11.329  60.503 0.1111110002
50316  20.754  -10.336  61.954 0.2222220004
51260  19.790  -9.500  62.308 0.2222220004
51249  19.123  -8.957  63.399 0.1111110002
127232  18.842  -8.402  64.916 0.1111110002
53165  18.244  -7.864  66.257 0.1111110002
53156  18.492  -7.156  67.981 0.1111110002
49427  21.394  -11.197  59.796 0.2222220004
49411  21.080  -11.058  60.561 0.2222220004
51278  19.996  -9.919  61.030 0.2222220004
51261  19.063  -9.221  62.066 0.2222220004
51238  18.778  -8.572  64.252 0.1111110002
50339  20.664  -10.553  59.757 0.2222220004
54158  15.183  -6.721  70.061 0.1111110002
53132  16.751  -7.073  70.280 0.1111110002
53118  16.931  -6.359  70.732 0.1111110002
54139  18.080  -6.328  70.374 0.1111110002
53177  17.802  -7.674  65.490 0.1111110002
54177  17.225  -6.794  66.973 0.1111110002
116291  17.807  -8.539  62.588 0.1111110002
52203  17.287  -8.255  63.253 0.1111110002
53191  17.396  -7.695  64.734 0.1111110002
123770  17.088  -8.052  62.470 0.1111110002
55269  15.780  -4.882  70.264 0.1111110002
55261  15.402  -5.139  70.786 0.1111110002
54142  15.724  -5.494  70.775 0.1111110002
55260  16.162  -5.316  70.671 0.1111110002
54141  16.568  -5.754  70.753 0.1111110002
54140  17.387  -6.147  70.744 0.1111110002
55267  17.191  -5.348  70.052 0.1111110002
54156  17.947  -5.881  69.650 0.1111110002
54166  16.372  -5.687  67.794 0.1111110002
54165  17.082  -6.219  67.810 0.1111110002
54178  16.510  -6.191  66.907 0.1111110002
53178  17.054  -7.174  65.385 0.1111110002
128298  16.686  -7.693  62.299 0.1111110002
112944  15.539  -4.878  68.978 0.1111110002
55288  15.630  -5.267  67.780 0.1111110002
127020  15.471  -5.646  66.402 0.1111110002
54167  15.822  -5.660  66.904 0.1111110002
107829  15.903  -6.026  66.071 0.1111110002
54193  16.233  -6.650  65.311 0.1111110002
53192  15.996  -7.184  63.809 0.1111110002
51224  5.796  -9.814  66.378 0.1111110002
58724  36.243  -2.422  43.421 0.2222220004
58725  35.701  -2.042  42.865 0.2222220004
58733  35.194  -2.065  42.359 0.2222220004
59798  35.411  -1.477  42.334 0.2222220004
60866  37.732  -0.200  42.213 0.1111110002
60867  36.751  -0.367  42.458 0.1111110002
58597  26.277  -2.217  53.436 0.1111110002
59731  28.527  -2.153  48.804 0.2222220004
64988  37.832  3.943  38.320 0.1111110002
52219  18.312  -8.755  61.826 0.2222220004
51269  18.912  -9.098  61.321 0.2222220004
52221  16.924  -7.746  61.830 0.1111110002
50327  20.047  -9.841  60.165 0.2222220004
58734  34.782  -2.479  42.063 0.2222220004
108164  16.402  -7.567  62.884 0.1111110002
51268  19.570  -9.506  61.525 0.2222220004
50326  20.496  -10.427  60.694 0.2222220004
49390  21.588  -11.199  61.269 0.1111110002
49370  21.308  -10.973  61.981 0.1111110002
51259  20.421  -9.902  62.548 0.1111110002
51247  20.598  -9.994  63.349 0.1111110002
108387  18.004  -7.385  70.564 0.1111110002
52131  18.326  -8.132  70.486 0.1111110002
53144  18.572  -6.594  69.652 0.1111110002
49391  20.875  -10.800  61.316 0.2222220004
128793  20.458  -10.259  61.372 0.2222220004
126534  19.328  -9.197  62.731 0.1111110002
51237  19.699  -9.133  64.155 0.1111110002
109038  19.906  -9.161  64.954 0.1111110002
52190  19.330  -8.711  64.908 0.1111110002
110493  18.870  -8.375  65.654 0.1111110002
52181  18.275  -8.107  64.939 0.1111110002
126963  18.294  -8.011  65.569 0.1111110002
107521  17.904  -7.388  67.097 0.1111110002
53157  17.789  -6.717  67.830 0.1111110002
117763  18.877  -6.924  68.838 0.1111110002
51267  20.198  -9.883  61.789 0.2222220004
52202  18.210  -8.638  63.393 0.1111110002
114153  18.615  -8.937  62.673 0.1111110002
53207  17.778  -8.227  64.093 0.1111110002
54148  16.044  -6.147  70.571 0.1111110002
53133  15.836  -6.921  69.768 0.1111110002
52133  16.154  -7.560  69.168 0.1111110002
127074  17.322  -7.592  70.357 0.1111110002
129738  17.778  -6.186  70.636 0.1111110002
53166  17.478  -7.291  66.209 0.1111110002
107495  16.510  -7.257  64.620 0.1111110002
53208  16.807  -7.859  63.929 0.1111110002
55268  16.547  -5.119  70.359 0.1111110002
55259  16.948  -5.548  70.646 0.1111110002
54147  17.637  -5.849  70.525 0.1111110002
55276  16.461  -4.971  69.574 0.1111110002
55287  16.226  -5.207  68.598 0.1111110002
54157  17.102  -5.471  68.882 0.1111110002
53145  18.341  -6.467  68.747 0.1111110002
53167  16.755  -6.653  66.099 0.1111110002
55297  15.118  -5.349  66.819 0.1111110002
54209  15.680  -6.715  64.555 0.1111110002
109850  32.427  -4.523  52.317 0.1111110002
127069  32.437  -4.542  51.719 0.1111110002
108952  32.462  -4.564  51.062 0.1111110002
109164  32.829  -4.544  50.175 0.2222220004
64953  38.760  3.119  41.541 0.1111110002
67129  38.765  6.287  35.028 0.2222220004
68971  40.572  7.624  33.937 0.1111110002
118463  43.388  7.924  32.097 0.2222220004
68116  45.158  7.032  30.730 0.3333329856
128837  44.108  8.025  31.880 0.2222220004
68992  44.737  7.698  31.372 0.2222220004
68976  46.182  8.119  31.498 0.2222220004
68115  45.995  7.045  30.634 0.2222220004
68999  46.831  7.114  30.454 0.2222220004
68989  47.341  7.794  30.962 0.1111110002
68990  46.486  7.670  31.040 0.2222220004
68998  47.735  7.298  30.287 0.2222220004
66240  55.637  3.892  23.308 0.2222220004
66241  55.049  4.208  23.654 0.2222220004
70752  48.705  9.456  32.513 0.1111110002
69857  47.825  8.460  31.550 0.1111110002
68997  48.609  7.547  30.174 0.2222220004
66252  55.863  4.435  22.665 0.2222220004
67211  55.396  5.434  22.500 0.3333329856
68172  55.222  6.214  22.150 0.3333329856
68987  49.003  8.131  30.712 0.1111110002
67200  55.218  4.768  23.146 0.2222220004
114729  54.333  5.922  23.344 0.3333329856
68173  54.784  6.155  22.690 0.3333329856
68165  54.096  6.859  22.883 0.3333329856
67231  55.743  5.831  21.767 0.2222220004
68182  55.413  6.651  21.596 0.3333329856
69037  54.307  7.552  22.388 0.3333329856
69046  54.776  6.942  22.130 0.3333329856
69030  53.796  7.844  22.807 0.3333329856
69903  54.370  8.298  22.431 0.3333329856
69913  54.709  7.851  21.859 0.2222220004
70795  55.464  9.589  22.329 0.1111110002
69902  54.989  8.737  21.975 0.1111110002
70791  55.223  9.935  23.112 0.1111110002
70792  54.454  9.499  23.456 0.1111110002
70794  56.277  10.006  21.985 0.1111110002
71708  57.131  10.332  21.709 0.1111110002
71707  58.003  10.695  21.414 0.1111110002
70806  55.695  9.223  21.517 0.1111110002
71695  56.811  10.756  23.407 0.1111110002
71701  56.081  10.321  22.806 0.1111110002
70787  54.998  10.228  23.903 0.1111110002
71693  58.151  11.271  22.877 0.1111110002
71699  57.773  10.786  22.317 0.1111110002
71700  56.950  10.553  22.558 0.1111110002
68993  43.782  7.436  31.447 0.2222220004
68127  47.192  6.408  29.733 0.3333329856
69861  49.468  8.514  30.425 0.3333329856
68978  44.723  8.434  32.089 0.2222220004
68991  45.678  7.657  31.152 0.2222220004
68977  45.514  8.282  31.735 0.2222220004
69858  46.896  8.253  31.517 0.1111110002
68988  48.235  7.953  30.853 0.2222220004
69847  48.482  8.878  31.925 0.1111110002
69856  48.727  8.488  31.382 0.1111110002
71696  55.887  10.567  23.631 0.1111110002
47365  -0.945  -13.392  71.658 0.1111110002
46337  -1.107  -14.108  71.749 0.1111110002
47364  -0.222  -12.789  71.280 0.1111110002
47374  -0.648  -13.195  70.539 0.1111110002
47384  0.251  -13.103  69.648 0.1111110002
47366  -1.406  -14.025  70.952 0.1111110002
46338  -1.302  -14.621  71.037 0.1111110002
46343  -2.033  -14.490  70.432 0.1111110002
111876  -1.431  -13.633  70.250 0.1111110002
46344  -2.621  -14.623  69.562 0.1111110002
59743  31.537  -2.058  47.520 0.1111110002
59727  32.263  -1.672  48.477 0.1111110002
59728  31.736  -1.911  48.206 0.1111110002
59755  30.967  -2.315  46.816 0.1111110002
58684  30.452  -2.599  46.132 0.1111110002
61829  32.171  1.067  45.198 0.1111110002
66107  38.226  4.550  37.855 0.1111110002
67087  38.517  5.314  37.419 0.1111110002
110841  37.887  4.853  37.011 0.2222220004
67106  38.243  5.561  36.534 0.1111110002
67120  38.708  6.207  36.091 0.1111110002
65222  57.929  3.550  22.384 0.1111110002
65224  56.268  3.674  22.928 0.1111110002
65221  59.068  3.425  22.232 0.1111110002
66251  56.731  3.933  22.210 0.1111110002
47385  -0.691  -13.321  69.432 0.1111110002
128732  26.822  -3.981  56.851 0.1111110002
58582  26.445  -2.521  55.381 0.1111110002
58671  30.078  -2.468  47.005 0.1111110002
61813  32.071  -0.007  45.349 0.1111110002
67210  56.155  4.947  21.967 0.1111110002
125268  -0.941  -13.637  72.431 0.1111110002
127690  -1.105  -13.624  70.881 0.1111110002
127721  -1.809  -14.015  70.433 0.1111110002
45397  -1.749  -15.207  70.640 0.1111110002
59744  30.613  -2.230  47.662 0.1111110002
111605  32.844  -1.485  47.917 0.1111110002
59754  31.700  -2.002  46.620 0.1111110002
65223  56.917  3.385  22.842 0.1111110002
66250  57.598  3.980  21.694 0.1111110002
65243  58.575  3.844  21.629 0.1111110002
129097  -2.891  -11.732  66.049 0.1111110002
51202  -0.320  -8.831  68.681 0.1111110002
50237  -0.815  -9.033  67.938 0.1111110002
50236  -0.771  -9.258  67.923 0.1111110002
58605  26.989  -1.951  52.819 0.1111110002
59662  27.759  -1.687  53.119 0.1111110002
59672  28.493  -1.689  52.489 0.1111110002
58596  27.027  -1.826  53.756 0.1111110002
59684  28.378  -1.827  51.559 0.1111110002
59698  28.219  -1.970  50.574 0.1111110002
59777  37.059  -1.215  43.829 0.1111110002
60868  36.276  -0.736  42.851 0.1111110002
60847  37.423  -0.480  43.783 0.1111110002
60857  36.779  -0.758  43.371 0.1111110002
59685  27.599  -2.074  51.315 0.1111110002
59673  27.699  -1.892  52.192 0.1111110002
62947  42.490  1.424  39.523 0.1111110002
62956  42.427  1.590  38.730 0.1111110002
67276  55.317  5.381  19.320 0.1111110002
67297  55.817  5.757  18.508 0.1111110002
66289  58.312  4.899  20.379 0.1111110002
124840  57.444  5.903  19.925 0.1111110002
66330  59.385  4.759  17.861 0.1111110002
67275  58.288  6.077  19.151 0.1111110002
68198  56.778  6.902  19.700 0.1111110002
68221  59.368  5.901  17.314 0.1111110002
66331  59.020  4.587  17.338 0.1111110002
67295  57.657  4.764  17.458 0.1111110002
67296  56.764  5.276  18.016 0.1111110002
67277  54.397  5.681  19.562 0.1111110002
67278  53.577  5.814  19.672 0.1111110002
67323  59.200  5.931  16.673 0.1111110002
66332  58.453  4.593  17.249 0.1111110002
67314  57.382  5.583  17.129 0.1111110002
68223  57.181  6.299  16.769 0.1111110002
67324  58.740  6.112  16.379 0.1111110002
68211  56.378  6.228  17.588 0.1111110002
66271  56.980  4.583  21.461 0.1111110002
67251  56.676  5.835  20.673 0.1111110002
68187  56.409  6.594  20.380 0.1111110002
68209  59.274  6.222  17.826 0.1111110002
68197  57.462  6.831  19.093 0.1111110002
69053  56.269  7.538  20.068 0.1111110002
69054  55.683  7.259  20.857 0.1111110002
67279  52.766  5.803  19.606 0.1111110002
68210  58.515  6.714  18.348 0.1111110002
69062  56.828  7.656  19.306 0.1111110002
68212  54.767  6.206  18.753 0.1111110002
68238  57.512  6.877  16.239 0.1111110002
69079  56.479  6.976  16.771 0.1111110002
68236  58.961  6.698  16.371 0.1111110002
68237  58.387  6.791  16.106 0.1111110002
69912  55.319  8.230  21.190 0.1111110002
69069  59.059  6.885  17.513 0.1111110002
69061  57.621  7.658  18.515 0.1111110002
68222  59.276  6.502  17.021 0.1111110002
69070  58.517  7.591  17.693 0.1111110002
69077  58.965  7.414  16.805 0.1111110002
64954  37.845  3.316  41.195 0.1111110002
68181  56.012  6.252  21.095 0.1111110002
67230  56.452  5.438  21.298 0.1111110002
67250  58.700  5.331  19.616 0.1111110002
67311  59.284  5.279  17.193 0.1111110002
124351  58.111  5.159  16.858 0.1111110002
66316  58.018  4.010  17.755 0.1111110002
68199  53.946  6.210  19.132 0.1111110002
67313  58.086  5.936  16.398 0.1111110002
67229  57.294  5.152  20.779 0.1111110002
67274  59.083  5.703  18.733 0.1111110002
69920  55.855  8.107  20.473 0.1111110002
69919  56.507  8.457  19.878 0.1111110002
69925  57.234  8.439  18.984 0.1111110002
69937  58.031  8.578  18.039 0.1111110002
45461  4.479  -15.390  64.988 0.5555559993
53116  17.893  -6.632  70.576 0.1111110002
53117  17.501  -7.021  70.601 0.1111110002
54547  27.923  -6.497  42.461 1.0000000000
58757  28.626  -2.625  39.763 1.0000000000
60926  30.621  -0.309  37.530 0.7777780294
61871  28.507  0.117  40.554 0.7777780294
62948  41.963  1.059  39.053 0.3333329856
65065  50.568  3.390  32.576 0.2222220004
66317  57.151  4.392  18.293 0.1111110002
67198  52.670  5.817  24.667 0.4444440007
67294  59.427  5.502  17.945 0.1111110002
67312  58.736  5.340  16.776 0.1111110002
69045  55.141  7.386  21.513 0.2222220004
69078  58.606  8.219  17.201 0.1111110002
111206  10.615  -10.239  64.003 0.1111110002
117559  31.506  -0.146  44.794 0.2222220004
119740  28.947  0.237  39.263 0.6666669846
122910  32.166  -1.806  47.849 0.1111110002
124377  17.709  -6.097  68.572 0.1111110002
126723  25.505  -2.931  48.303 1.0000000000
127602  54.861  5.481  23.080 0.3333329856
