#!ascii label  , from subject sub-v1s17x0051134_ses-1 vox2ras=TkReg
750
79083  50.211  0.281  45.411 0.0000000000
130992  45.694  1.992  39.334 0.0000000000
80831  48.386  2.860  29.122 0.0000000000
74152  44.839  -5.721  32.396 0.0000000000
75899  47.734  -4.228  43.993 0.0000000000
81641  54.482  2.649  32.736 0.0000000000
76817  43.789  -2.248  35.138 0.0000000000
81646  41.281  3.722  33.113 0.0000000000
81574  52.865  3.368  39.372 0.0000000000
79114  50.253  0.169  42.818 0.0000000000
76765  46.071  -2.508  40.560 0.0000000000
84140  46.507  6.232  30.508 0.0000000000
79994  42.163  0.819  28.814 0.0000000000
81622  47.055  4.052  34.996 0.0000000000
78399  42.627  -1.096  30.369 0.0000000000
84117  43.176  5.970  33.711 0.0000000000
115580  53.943  -0.535  43.106 0.0000000000
77536  51.629  -1.847  44.973 0.0000000000
76752  46.591  -3.142  42.348 0.0000000000
82470  51.127  4.277  29.786 0.0000000000
84929  49.550  7.198  29.875 0.0000000000
82474  47.768  4.107  28.813 0.0000000000
82464  44.559  4.205  29.309 0.0000000000
80849  45.353  2.220  27.921 0.0000000000
81576  49.401  3.606  39.613 0.0000000000
82398  49.998  4.691  36.720 0.0000000000
81600  46.474  3.522  37.175 0.0000000000
75980  44.439  -4.044  33.021 0.0000000000
78385  42.769  -0.785  32.820 0.0000000000
75989  42.700  -3.738  31.172 0.0000000000
76009  41.956  -3.551  28.947 0.0000000000
73302  42.462  -6.073  32.078 0.0000000000
73259  42.104  -6.449  35.956 0.0000000000
79086  47.742  -0.019  45.000 0.0000000000
76723  49.771  -2.582  45.288 0.0000000000
81653  51.427  3.211  31.134 0.0000000000
77586  45.921  -1.179  38.458 0.0000000000
79160  44.624  0.486  37.492 0.0000000000
76800  45.921  -2.300  36.464 0.0000000000
75966  46.193  -3.480  33.673 0.0000000000
80757  55.987  2.568  38.446 0.0000000000
79885  55.315  0.566  41.328 0.0000000000
79889  51.259  1.533  41.668 0.0000000000
79892  47.861  1.518  41.564 0.0000000000
77548  49.563  -2.728  43.994 0.0000000000
132437  47.029  -0.475  42.419 0.0000000000
125555  45.695  -0.228  40.678 0.0000000000
77580  47.061  -2.028  38.878 0.0000000000
79864  45.967  1.476  44.339 0.0000000000
85654  48.656  7.894  31.240 0.0000000000
85643  45.880  7.728  32.116 0.0000000000
83256  43.789  5.203  31.612 0.0000000000
80827  41.475  2.425  31.470 0.0000000000
78395  41.188  -0.315  32.541 0.0000000000
81610  53.656  3.776  36.358 0.0000000000
82423  50.863  4.564  34.277 0.0000000000
129463  47.474  3.524  31.684 0.0000000000
79956  44.224  1.497  34.640 0.0000000000
80816  44.917  2.257  32.507 0.0000000000
79984  45.191  1.717  29.972 0.0000000000
78410  42.524  -0.305  28.349 0.0000000000
115264  41.478  -2.637  29.890 0.0000000000
84111  43.023  6.412  34.457 0.0000000000
84886  44.219  7.745  33.558 0.0000000000
78291  52.855  -1.085  45.350 0.0000000000
77523  51.538  -1.560  45.298 0.0000000000
81687  49.546  3.346  29.592 0.0000000000
123092  49.273  4.142  29.280 0.0000000000
82481  48.294  3.275  28.800 0.0000000000
82483  46.596  3.414  28.307 0.0000000000
115478  46.926  2.816  28.403 0.0000000000
80750  47.703  3.197  39.811 0.0000000000
81589  47.558  3.812  38.445 0.0000000000
111942  46.281  2.975  38.718 0.0000000000
111391  45.016  -5.207  32.253 0.0000000000
127045  43.225  -4.190  31.897 0.0000000000
74167  43.628  -5.523  31.649 0.0000000000
74168  43.218  -5.449  31.165 0.0000000000
74161  43.528  -5.954  31.764 0.0000000000
73286  43.453  -6.451  33.964 0.0000000000
73285  44.316  -6.271  33.765 0.0000000000
77528  47.258  -1.918  45.167 0.0000000000
114007  53.218  2.989  30.984 0.0000000000
81652  52.897  2.916  31.656 0.0000000000
77592  46.540  -1.675  37.905 0.0000000000
77593  45.680  -1.309  37.776 0.0000000000
76799  46.978  -2.333  36.505 0.0000000000
76828  48.021  -2.753  34.338 0.0000000000
75978  47.840  -3.771  32.719 0.0000000000
75985  47.246  -3.987  32.607 0.0000000000
79112  51.920  0.174  42.792 0.0000000000
79129  52.778  0.852  41.962 0.0000000000
79878  50.968  0.799  42.337 0.0000000000
80716  49.706  2.037  41.333 0.0000000000
79880  49.261  0.712  42.381 0.0000000000
76732  49.054  -3.370  44.600 0.0000000000
76742  49.620  -3.016  44.525 0.0000000000
76743  48.902  -3.420  44.089 0.0000000000
119029  46.107  -3.129  41.168 0.0000000000
77558  46.653  -2.194  42.411 0.0000000000
121507  46.119  -1.472  41.800 0.0000000000
78327  46.364  -0.559  41.992 0.0000000000
77568  45.798  -1.649  41.027 0.0000000000
109636  45.865  -1.208  39.754 0.0000000000
76772  46.508  -2.214  39.593 0.0000000000
75923  49.158  -3.736  38.709 0.0000000000
84931  47.885  6.758  30.140 0.0000000000
85663  49.310  7.788  30.695 0.0000000000
84920  47.579  7.264  30.597 0.0000000000
109502  47.155  7.870  31.678 0.0000000000
84906  46.451  7.238  31.101 0.0000000000
84131  44.964  6.250  31.443 0.0000000000
84142  45.303  5.813  30.818 0.0000000000
81691  43.044  2.888  29.187 0.0000000000
81681  42.723  3.338  30.221 0.0000000000
80836  41.752  1.928  30.367 0.0000000000
79980  41.212  0.952  31.557 0.0000000000
79200  41.325  -0.017  30.851 0.0000000000
80759  54.209  3.161  38.843 0.0000000000
112752  54.683  3.352  37.546 0.0000000000
110622  53.211  3.830  37.866 0.0000000000
82411  48.614  4.600  35.699 0.0000000000
110255  50.199  4.726  35.905 0.0000000000
82425  48.625  4.577  34.735 0.0000000000
126092  49.281  4.517  32.954 0.0000000000
81643  47.070  3.796  33.112 0.0000000000
78368  43.978  -0.517  36.437 0.0000000000
79942  44.391  1.206  36.314 0.0000000000
79175  43.592  0.062  35.359 0.0000000000
78393  42.672  -0.921  31.697 0.0000000000
117443  43.232  0.564  32.718 0.0000000000
116920  43.248  0.555  31.724 0.0000000000
79976  45.156  2.027  30.906 0.0000000000
79985  43.950  0.951  29.931 0.0000000000
79205  44.224  0.921  28.885 0.0000000000
79215  42.997  -0.377  28.833 0.0000000000
75068  41.955  -4.809  30.900 0.0000000000
76857  41.751  -3.347  29.214 0.0000000000
75990  41.485  -3.925  32.004 0.0000000000
76843  41.472  -3.070  32.681 0.0000000000
81618  56.105  2.638  34.577 0.0000000000
83235  42.579  5.636  34.346 0.0000000000
82439  42.279  4.649  33.153 0.0000000000
78312  55.666  -0.543  43.417 0.0000000000
78301  54.613  -0.669  44.521 0.0000000000
77545  52.714  -1.318  44.198 0.0000000000
78315  51.621  -1.466  44.059 0.0000000000
125110  47.211  -3.787  42.978 0.0000000000
83270  50.565  5.246  29.653 0.0000000000
84149  48.381  6.064  29.788 0.0000000000
84150  47.541  5.870  29.875 0.0000000000
83264  46.138  5.514  30.050 0.0000000000
82476  46.105  4.139  28.683 0.0000000000
82485  45.197  3.218  28.127 0.0000000000
80851  43.854  1.860  27.922 0.0000000000
119348  51.066  3.857  39.322 0.0000000000
81585  51.289  4.168  38.600 0.0000000000
82374  48.994  4.308  38.244 0.0000000000
82387  47.975  4.332  37.071 0.0000000000
81623  46.501  3.699  35.621 0.0000000000
76831  43.569  -2.643  34.311 0.0000000000
132396  43.076  -1.116  34.214 0.0000000000
76841  43.309  -2.995  33.486 0.0000000000
76847  42.750  -2.788  32.094 0.0000000000
76852  42.614  -2.765  31.074 0.0000000000
76856  42.232  -2.956  28.996 0.0000000000
75997  42.262  -4.344  30.260 0.0000000000
74174  42.153  -4.728  30.569 0.0000000000
74163  41.815  -5.838  32.136 0.0000000000
73276  43.129  -6.504  34.983 0.0000000000
79084  49.429  -0.011  45.397 0.0000000000
78294  49.815  -0.883  45.535 0.0000000000
77526  49.050  -1.909  45.467 0.0000000000
76725  47.973  -2.967  45.228 0.0000000000
75892  47.778  -4.027  44.383 0.0000000000
82461  52.679  4.038  30.419 0.0000000000
120463  50.976  3.267  30.225 0.0000000000
81667  49.536  3.238  30.154 0.0000000000
79154  45.303  0.774  39.112 0.0000000000
79927  45.331  1.556  38.723 0.0000000000
78362  44.877  -0.107  37.911 0.0000000000
77602  44.407  -1.238  36.694 0.0000000000
77609  44.096  -1.808  35.915 0.0000000000
76813  47.589  -2.546  35.558 0.0000000000
110914  46.365  -3.033  34.802 0.0000000000
76829  45.302  -3.136  34.745 0.0000000000
75979  45.661  -3.971  32.919 0.0000000000
75986  46.284  -4.276  32.675 0.0000000000
115275  45.452  -5.247  32.511 0.0000000000
109493  45.837  -5.465  33.668 0.0000000000
80727  55.504  1.953  39.899 0.0000000000
80729  53.697  2.279  40.363 0.0000000000
79128  53.860  0.294  42.190 0.0000000000
79887  53.152  1.223  41.503 0.0000000000
80730  52.309  2.631  40.523 0.0000000000
80732  50.726  2.801  40.608 0.0000000000
80734  48.350  2.879  40.354 0.0000000000
79909  47.184  2.030  40.893 0.0000000000
77524  50.860  -2.205  45.176 0.0000000000
77547  50.274  -2.488  44.447 0.0000000000
121721  49.424  -0.999  43.297 0.0000000000
115298  47.396  -3.048  42.967 0.0000000000
77556  48.313  -1.510  43.169 0.0000000000
79115  48.634  0.181  42.607 0.0000000000
79130  48.235  0.803  42.211 0.0000000000
79893  46.705  1.309  41.267 0.0000000000
79911  45.897  1.036  40.576 0.0000000000
78341  45.615  -0.555  39.802 0.0000000000
77585  46.662  -1.701  38.531 0.0000000000
76779  47.524  -2.064  38.264 0.0000000000
76770  48.025  -2.774  38.802 0.0000000000
75934  48.797  -2.995  38.401 0.0000000000
79094  48.057  0.772  44.829 0.0000000000
79095  47.256  0.695  44.720 0.0000000000
79098  44.706  0.830  44.405 0.0000000000
85652  50.921  8.259  30.862 0.0000000000
110004  48.206  8.051  32.709 0.0000000000
84898  44.320  6.943  32.824 0.0000000000
83249  43.512  5.441  32.447 0.0000000000
82447  42.525  4.449  32.418 0.0000000000
83266  44.529  4.800  30.172 0.0000000000
81671  42.478  3.685  31.209 0.0000000000
81658  41.578  3.520  32.329 0.0000000000
81620  53.893  3.532  35.412 0.0000000000
82396  52.149  4.373  36.939 0.0000000000
82408  51.732  4.477  35.553 0.0000000000
114275  52.749  3.755  34.046 0.0000000000
126591  51.134  3.866  32.325 0.0000000000
82456  49.078  3.685  31.219 0.0000000000
81668  48.667  3.285  30.429 0.0000000000
80770  45.320  2.318  37.367 0.0000000000
130371  45.607  2.953  35.897 0.0000000000
81634  45.658  3.071  34.565 0.0000000000
79187  43.233  0.430  33.613 0.0000000000
79963  44.225  1.614  33.772 0.0000000000
81645  45.784  3.136  33.623 0.0000000000
80814  46.225  3.051  31.737 0.0000000000
80824  46.489  2.703  30.694 0.0000000000
80833  46.789  2.467  29.578 0.0000000000
79999  45.336  1.910  28.068 0.0000000000
80001  43.899  1.405  28.013 0.0000000000
80003  42.472  0.360  28.367 0.0000000000
76864  41.979  -2.898  28.227 0.0000000000
78417  41.954  -1.289  28.183 0.0000000000
79208  41.518  -0.223  29.623 0.0000000000
118297  41.361  -1.504  31.485 0.0000000000
120526  41.785  -6.143  35.564 0.0000000000
85616  43.745  7.911  34.334 0.0000000000
85615  44.368  8.315  34.203 0.0000000000
120847  50.997  0.499  45.382 0.0000000000
79082  51.869  -0.093  45.546 0.0000000000
78293  51.103  -0.572  45.552 0.0000000000
81688  48.911  3.155  29.303 0.0000000000
82473  49.121  3.436  29.228 0.0000000000
126849  48.231  2.911  28.887 0.0000000000
126842  47.610  2.958  28.566 0.0000000000
80840  47.682  2.789  28.768 0.0000000000
79920  46.281  2.567  39.469 0.0000000000
81578  47.025  3.302  39.139 0.0000000000
80761  45.730  2.410  38.749 0.0000000000
114859  44.941  -5.471  32.287 0.0000000000
75058  44.118  -5.193  31.939 0.0000000000
74160  44.350  -5.624  32.046 0.0000000000
73300  44.141  -6.088  32.241 0.0000000000
73293  44.638  -6.105  32.875 0.0000000000
80805  55.457  2.639  32.510 0.0000000000
110124  53.768  2.778  32.302 0.0000000000
77599  47.222  -2.082  37.333 0.0000000000
75977  48.482  -3.617  33.056 0.0000000000
75048  48.485  -3.902  32.921 0.0000000000
75054  47.927  -3.930  32.621 0.0000000000
81647  40.793  3.287  33.361 0.0000000000
79113  51.167  0.015  42.971 0.0000000000
79879  50.054  0.977  42.257 0.0000000000
75898  48.395  -3.828  44.272 0.0000000000
76744  47.996  -3.865  43.704 0.0000000000
76759  46.097  -2.468  41.582 0.0000000000
77574  45.968  -1.688  40.131 0.0000000000
84139  47.146  6.538  30.310 0.0000000000
84919  48.294  7.246  30.357 0.0000000000
84905  47.012  7.512  31.079 0.0000000000
84921  46.778  6.995  30.698 0.0000000000
84922  46.187  6.720  30.916 0.0000000000
84141  45.929  5.980  30.689 0.0000000000
80844  42.775  2.096  28.770 0.0000000000
80835  42.398  2.499  29.770 0.0000000000
80845  42.253  1.639  29.267 0.0000000000
79979  41.500  0.864  30.358 0.0000000000
79986  41.841  1.162  29.591 0.0000000000
129550  53.330  3.642  38.344 0.0000000000
113066  52.754  3.783  38.535 0.0000000000
82412  47.853  4.352  35.326 0.0000000000
82426  47.772  4.259  34.367 0.0000000000
82438  47.714  4.115  33.358 0.0000000000
81632  46.927  3.845  34.016 0.0000000000
77610  43.608  -1.415  35.431 0.0000000000
78369  43.648  -0.628  35.734 0.0000000000
79199  42.823  -0.207  31.125 0.0000000000
79198  43.328  0.421  30.534 0.0000000000
79206  43.360  0.318  29.222 0.0000000000
79207  42.830  -0.381  29.759 0.0000000000
127239  41.684  -4.592  31.544 0.0000000000
75998  41.658  -4.096  30.764 0.0000000000
114655  41.548  -4.649  32.533 0.0000000000
83243  42.086  4.879  33.935 0.0000000000
83242  42.712  5.265  33.506 0.0000000000
79105  55.077  -0.353  44.327 0.0000000000
79090  54.437  -0.406  44.775 0.0000000000
77522  52.448  -1.438  45.168 0.0000000000
78303  53.242  -1.225  45.100 0.0000000000
77535  52.696  -1.519  44.914 0.0000000000
77546  51.993  -1.657  44.632 0.0000000000
83263  51.523  5.472  29.930 0.0000000000
120157  48.648  4.058  29.078 0.0000000000
83272  49.045  5.077  29.468 0.0000000000
83273  48.087  5.010  29.385 0.0000000000
83274  47.223  4.943  29.372 0.0000000000
83275  46.445  4.881  29.377 0.0000000000
82475  46.901  4.162  28.703 0.0000000000
81697  46.323  2.960  28.098 0.0000000000
82484  45.839  3.354  28.202 0.0000000000
81699  44.846  2.715  27.911 0.0000000000
81700  44.165  2.611  28.049 0.0000000000
80850  44.582  2.196  27.811 0.0000000000
81575  50.218  3.756  39.483 0.0000000000
81587  49.620  4.077  38.922 0.0000000000
81588  48.801  3.894  39.055 0.0000000000
112662  47.320  3.955  37.598 0.0000000000
81599  48.129  4.226  37.906 0.0000000000
114930  47.230  4.057  36.721 0.0000000000
124890  46.660  3.757  36.343 0.0000000000
75968  43.877  -3.400  33.805 0.0000000000
75981  43.566  -3.743  32.892 0.0000000000
76846  43.011  -3.295  32.505 0.0000000000
109599  42.302  -3.587  29.698 0.0000000000
73307  42.805  -5.849  31.531 0.0000000000
74169  42.443  -5.343  31.162 0.0000000000
74162  42.364  -5.711  31.503 0.0000000000
74170  42.181  -5.333  31.250 0.0000000000
73295  42.766  -6.359  33.123 0.0000000000
79085  48.562  -0.011  45.223 0.0000000000
78295  49.142  -0.866  45.444 0.0000000000
123591  48.326  -0.908  45.302 0.0000000000
75887  48.402  -3.627  44.803 0.0000000000
76733  47.514  -3.502  44.908 0.0000000000
111567  52.249  3.058  30.895 0.0000000000
81665  51.562  3.170  30.504 0.0000000000
109813  50.322  3.266  30.126 0.0000000000
81666  50.885  3.236  30.612 0.0000000000
121226  45.225  0.063  38.690 0.0000000000
117968  45.356  -0.617  38.233 0.0000000000
77601  45.300  -1.641  37.044 0.0000000000
77594  44.929  -0.880  37.497 0.0000000000
76801  44.901  -2.103  36.288 0.0000000000
116807  47.195  -3.198  33.986 0.0000000000
114285  47.187  -2.832  34.897 0.0000000000
75967  44.903  -3.519  33.814 0.0000000000
75055  47.440  -4.070  32.650 0.0000000000
75056  46.685  -4.282  32.748 0.0000000000
75057  45.828  -4.762  32.550 0.0000000000
74159  46.199  -4.767  32.732 0.0000000000
74151  46.107  -5.117  32.934 0.0000000000
121498  56.500  0.349  41.458 0.0000000000
79904  55.614  1.226  40.567 0.0000000000
80728  54.636  2.141  40.093 0.0000000000
79905  54.445  1.501  40.777 0.0000000000
78320  54.834  -0.820  43.751 0.0000000000
79110  55.017  -0.497  42.878 0.0000000000
79888  52.201  1.480  41.554 0.0000000000
79907  52.603  1.967  41.047 0.0000000000
80714  51.594  2.258  41.030 0.0000000000
80715  50.582  2.153  41.225 0.0000000000
80717  48.845  1.861  41.436 0.0000000000
112051  49.030  2.471  40.851 0.0000000000
79908  48.123  2.273  40.945 0.0000000000
80735  47.488  2.636  40.378 0.0000000000
120516  49.797  -1.705  45.511 0.0000000000
77525  50.312  -2.252  45.335 0.0000000000
76722  50.281  -2.671  45.060 0.0000000000
78317  49.949  -1.832  43.747 0.0000000000
78318  49.117  -1.703  43.449 0.0000000000
125459  46.838  -1.241  42.436 0.0000000000
77557  47.644  -2.029  42.984 0.0000000000
78326  47.649  -0.924  42.800 0.0000000000
78325  48.589  -0.668  42.990 0.0000000000
79116  47.716  0.014  42.480 0.0000000000
79132  46.207  0.302  41.413 0.0000000000
131103  45.807  0.373  40.750 0.0000000000
78342  45.597  0.282  40.212 0.0000000000
77581  46.325  -1.654  39.283 0.0000000000
78348  45.980  -1.145  39.124 0.0000000000
75924  48.307  -3.522  39.001 0.0000000000
79861  48.707  1.251  44.723 0.0000000000
79863  46.923  1.433  44.433 0.0000000000
131554  47.517  1.133  44.628 0.0000000000
79096  46.418  0.759  44.601 0.0000000000
116424  45.998  0.067  44.661 0.0000000000
85662  50.159  7.989  30.577 0.0000000000
85653  49.713  8.081  31.364 0.0000000000
85639  50.491  8.250  32.111 0.0000000000
85640  49.643  8.123  32.350 0.0000000000
85641  48.864  8.060  32.043 0.0000000000
85656  46.472  7.624  31.590 0.0000000000
85644  45.254  7.870  32.679 0.0000000000
126918  44.678  7.665  32.957 0.0000000000
84897  44.913  7.297  32.348 0.0000000000
84132  44.275  6.004  32.064 0.0000000000
83257  43.157  4.817  32.064 0.0000000000
83277  45.118  4.774  29.680 0.0000000000
82465  43.911  4.276  29.911 0.0000000000
81682  42.047  2.936  30.935 0.0000000000
82466  43.207  4.126  30.663 0.0000000000
81672  41.974  3.440  31.668 0.0000000000
112835  41.637  3.078  31.733 0.0000000000
80817  41.226  2.870  32.236 0.0000000000
124954  41.006  1.955  32.242 0.0000000000
79193  41.166  0.127  31.992 0.0000000000
81597  53.819  3.671  37.286 0.0000000000
81609  54.582  3.400  36.657 0.0000000000
122436  54.475  3.407  35.895 0.0000000000
81621  53.213  3.961  35.710 0.0000000000
82384  50.466  4.559  37.463 0.0000000000
82383  51.458  4.394  37.696 0.0000000000
82397  51.110  4.606  36.496 0.0000000000
110254  50.108  4.773  35.082 0.0000000000
82409  50.897  4.628  35.381 0.0000000000
130775  51.534  4.448  34.789 0.0000000000
82422  52.282  4.206  34.784 0.0000000000
82433  51.932  4.117  33.852 0.0000000000
82434  51.303  4.202  33.318 0.0000000000
82435  50.619  4.451  33.343 0.0000000000
82446  48.548  4.170  32.431 0.0000000000
116584  49.566  4.133  31.954 0.0000000000
81654  48.182  3.685  31.499 0.0000000000
81669  47.821  3.276  30.788 0.0000000000
79934  44.952  1.420  37.733 0.0000000000
120198  45.389  2.146  38.127 0.0000000000
79935  44.552  1.039  37.036 0.0000000000
79950  44.295  1.370  35.480 0.0000000000
79949  44.757  1.965  35.942 0.0000000000
80788  44.692  2.036  35.081 0.0000000000
80787  45.271  2.639  35.435 0.0000000000
121496  45.081  2.521  34.662 0.0000000000
77619  42.883  -1.529  33.558 0.0000000000
78381  42.986  -0.486  33.829 0.0000000000
79970  43.760  1.195  32.257 0.0000000000
79964  43.708  1.123  33.245 0.0000000000
79969  44.307  1.711  32.835 0.0000000000
80807  44.770  2.194  33.404 0.0000000000
80806  45.349  2.710  33.072 0.0000000000
81657  45.978  3.171  32.722 0.0000000000
80815  45.527  2.712  32.179 0.0000000000
80825  45.722  2.528  31.241 0.0000000000
80834  45.880  2.194  30.044 0.0000000000
80842  46.225  2.143  29.130 0.0000000000
79991  45.514  1.754  28.905 0.0000000000
79214  43.208  0.433  28.419 0.0000000000
79213  44.026  1.111  28.223 0.0000000000
79220  43.165  0.631  28.270 0.0000000000
80002  42.888  1.013  27.997 0.0000000000
79221  42.520  -0.024  28.292 0.0000000000
76860  41.972  -3.296  28.607 0.0000000000
77637  42.115  -2.410  28.402 0.0000000000
76015  41.924  -3.225  28.430 0.0000000000
120261  41.711  -2.815  28.915 0.0000000000
77634  41.526  -1.993  29.414 0.0000000000
78412  41.639  -1.235  28.874 0.0000000000
78406  41.396  -1.018  30.116 0.0000000000
77630  41.364  -1.735  30.585 0.0000000000
126898  41.492  -3.119  33.603 0.0000000000
111451  41.430  -2.313  32.348 0.0000000000
123806  41.880  -6.087  34.668 0.0000000000
84877  43.217  7.269  34.728 0.0000000000
84887  43.649  6.922  33.815 0.0000000000
79091  53.546  -0.291  45.246 0.0000000000
79081  52.752  -0.536  45.462 0.0000000000
78292  52.155  -0.971  45.484 0.0000000000
82471  50.506  3.923  29.641 0.0000000000
82472  49.787  3.614  29.510 0.0000000000
82482  47.378  3.376  28.474 0.0000000000
81696  47.168  3.136  28.241 0.0000000000
80848  46.018  2.430  28.223 0.0000000000
80749  48.572  3.425  39.721 0.0000000000
81577  47.977  3.663  39.153 0.0000000000
81590  46.703  3.472  38.195 0.0000000000
75987  45.134  -4.654  32.432 0.0000000000
75988  43.943  -4.578  32.293 0.0000000000
125127  43.464  -4.823  31.598 0.0000000000
75996  42.823  -4.714  31.062 0.0000000000
75066  43.236  -5.206  31.350 0.0000000000
73301  43.258  -6.217  32.154 0.0000000000
73294  43.807  -6.389  32.940 0.0000000000
78296  47.445  -0.923  45.100 0.0000000000
81651  53.984  2.782  31.509 0.0000000000
124864  51.962  3.231  31.635 0.0000000000
77600  46.292  -1.902  37.231 0.0000000000
76839  48.552  -3.032  33.552 0.0000000000
76840  47.938  -3.293  33.299 0.0000000000
128422  47.244  -3.633  33.012 0.0000000000
128644  56.031  -0.113  41.941 0.0000000000
78321  52.862  -0.565  43.330 0.0000000000
79111  52.862  0.188  42.541 0.0000000000
79877  51.973  0.907  42.154 0.0000000000
79890  50.340  1.507  41.774 0.0000000000
79891  49.504  1.422  41.855 0.0000000000
118657  48.755  1.294  41.917 0.0000000000
76731  49.714  -3.027  44.901 0.0000000000
126361  46.259  -3.331  41.727 0.0000000000
78335  45.875  -0.783  41.239 0.0000000000
114667  45.736  -1.001  40.491 0.0000000000
76771  47.277  -2.536  39.176 0.0000000000
75011  49.995  -3.932  38.584 0.0000000000
84930  48.680  6.973  29.980 0.0000000000
84917  49.926  7.675  30.206 0.0000000000
84918  49.020  7.435  30.309 0.0000000000
85664  48.422  7.571  30.702 0.0000000000
110960  47.980  7.953  31.828 0.0000000000
85655  47.775  7.710  31.137 0.0000000000
84907  45.878  7.186  31.466 0.0000000000
84908  45.261  6.894  31.730 0.0000000000
84130  45.605  6.473  31.166 0.0000000000
83255  44.553  5.466  31.015 0.0000000000
81690  43.726  3.171  28.709 0.0000000000
81680  43.425  3.627  29.626 0.0000000000
115101  41.360  1.648  31.220 0.0000000000
78401  41.248  -0.485  32.016 0.0000000000
80747  54.996  2.594  39.247 0.0000000000
80758  54.855  3.099  38.347 0.0000000000
120341  53.931  3.503  38.162 0.0000000000
81598  53.030  4.100  37.104 0.0000000000
113239  49.257  4.625  36.846 0.0000000000
82410  49.389  4.713  36.088 0.0000000000
110945  49.351  4.739  35.216 0.0000000000
82424  49.675  4.721  34.010 0.0000000000
82437  48.578  4.471  33.668 0.0000000000
81655  47.608  3.833  32.425 0.0000000000
79167  44.206  0.350  36.640 0.0000000000
79168  43.797  -0.011  36.038 0.0000000000
79174  43.988  0.630  35.826 0.0000000000
79181  43.819  0.811  35.013 0.0000000000
131912  42.897  -0.036  33.075 0.0000000000
78392  42.840  -0.084  32.240 0.0000000000
79977  44.497  1.764  31.735 0.0000000000
79978  43.837  1.123  31.161 0.0000000000
114554  44.542  1.492  30.555 0.0000000000
109708  44.660  1.361  29.370 0.0000000000
75073  41.942  -4.409  30.188 0.0000000000
76004  41.822  -3.922  29.703 0.0000000000
76853  41.536  -3.325  30.279 0.0000000000
77625  41.365  -2.344  31.165 0.0000000000
76848  41.432  -3.186  31.504 0.0000000000
81640  54.853  2.671  33.493 0.0000000000
131348  42.682  6.101  34.812 0.0000000000
82440  41.623  4.265  33.534 0.0000000000
78313  55.125  -0.656  44.056 0.0000000000
78314  54.419  -0.949  44.418 0.0000000000
78302  54.006  -0.930  44.973 0.0000000000
77534  53.589  -1.241  44.711 0.0000000000
127916  53.851  -1.091  43.979 0.0000000000
78322  51.880  -0.674  43.427 0.0000000000
78323  50.970  -0.749  43.417 0.0000000000
75906  47.256  -4.232  43.408 0.0000000000
75907  46.542  -4.060  42.411 0.0000000000
75913  46.212  -3.983  41.350 0.0000000000
75918  46.317  -3.469  40.537 0.0000000000
75926  46.678  -2.973  39.804 0.0000000000
84146  50.951  6.579  29.681 0.0000000000
84147  50.086  6.481  29.677 0.0000000000
83271  49.875  4.498  29.466 0.0000000000
121821  49.764  5.543  29.612 0.0000000000
84148  49.236  6.316  29.755 0.0000000000
84151  46.798  5.678  29.973 0.0000000000
83276  45.749  4.803  29.439 0.0000000000
82477  45.282  4.018  28.742 0.0000000000
81689  44.524  3.416  28.454 0.0000000000
80843  43.438  2.390  28.360 0.0000000000
79993  42.671  1.254  28.492 0.0000000000
128664  51.532  3.492  39.763 0.0000000000
110355  51.973  3.777  39.153 0.0000000000
81586  50.459  4.158  38.803 0.0000000000
82373  49.949  4.403  38.203 0.0000000000
82385  49.555  4.557  37.485 0.0000000000
131337  48.287  4.023  38.579 0.0000000000
82386  48.744  4.482  37.364 0.0000000000
82399  48.635  4.559  36.553 0.0000000000
81612  47.173  4.107  35.872 0.0000000000
77614  43.281  -1.739  34.530 0.0000000000
126130  43.129  -2.288  33.850 0.0000000000
76842  42.857  -2.470  33.044 0.0000000000
77624  42.691  -1.860  32.253 0.0000000000
77629  42.590  -1.863  30.903 0.0000000000
77633  42.448  -2.095  29.496 0.0000000000
117897  42.488  -2.693  30.000 0.0000000000
76003  42.004  -3.937  29.429 0.0000000000
75067  42.450  -4.892  30.844 0.0000000000
112296  42.088  -4.415  30.107 0.0000000000
75077  41.972  -4.163  29.749 0.0000000000
75059  41.816  -5.227  31.791 0.0000000000
73288  41.788  -5.883  33.921 0.0000000000
73277  42.276  -6.361  35.018 0.0000000000
128238  42.694  -6.420  34.197 0.0000000000
113571  50.213  -0.501  45.527 0.0000000000
77527  48.168  -1.980  45.344 0.0000000000
76724  48.988  -3.048  45.202 0.0000000000
82462  51.807  3.906  30.028 0.0000000000
81664  52.316  3.274  30.506 0.0000000000
81676  51.425  3.284  30.240 0.0000000000
82463  51.052  3.491  29.944 0.0000000000
81686  50.363  3.360  29.916 0.0000000000
81677  49.667  3.261  29.802 0.0000000000
81678  48.985  3.104  29.570 0.0000000000
79921  45.550  1.403  39.528 0.0000000000
79159  45.000  0.685  38.310 0.0000000000
78363  44.437  -0.343  37.148 0.0000000000
77603  43.875  -1.148  36.098 0.0000000000
76798  48.011  -2.345  36.547 0.0000000000
76814  46.622  -2.636  35.671 0.0000000000
76815  45.603  -2.694  35.629 0.0000000000
76816  44.590  -2.559  35.470 0.0000000000
76830  44.245  -3.011  34.651 0.0000000000
127932  46.603  -3.887  32.816 0.0000000000
73292  45.324  -5.622  32.896 0.0000000000
125021  53.817  2.879  39.573 0.0000000000
80748  52.971  2.830  40.081 0.0000000000
79109  56.000  -0.380  42.649 0.0000000000
79127  55.145  -0.055  42.029 0.0000000000
79886  54.198  0.885  41.446 0.0000000000
79906  53.480  1.723  40.958 0.0000000000
117293  52.988  2.301  40.594 0.0000000000
81562  52.207  3.249  39.918 0.0000000000
80731  51.536  3.022  40.350 0.0000000000
81563  50.827  3.417  39.984 0.0000000000
81564  50.034  3.246  40.163 0.0000000000
80733  49.882  2.638  40.751 0.0000000000
81565  49.208  3.085  40.251 0.0000000000
80736  46.672  2.325  40.245 0.0000000000
121615  50.564  -1.470  45.479 0.0000000000
76741  50.092  -2.808  44.812 0.0000000000
77537  50.662  -2.426  44.920 0.0000000000
112201  51.153  -2.011  44.593 0.0000000000
78316  50.742  -1.705  43.941 0.0000000000
78324  50.121  -0.859  43.352 0.0000000000
77550  48.216  -3.086  43.430 0.0000000000
77549  48.697  -2.498  43.509 0.0000000000
121789  49.368  -0.185  42.921 0.0000000000
79117  46.845  0.070  42.132 0.0000000000
79131  47.195  0.758  41.977 0.0000000000
79910  46.433  1.729  40.625 0.0000000000
127742  45.949  1.806  40.013 0.0000000000
79147  45.521  0.835  39.845 0.0000000000
78349  45.428  0.137  39.457 0.0000000000
78356  45.579  -0.537  38.975 0.0000000000
77591  47.250  -1.904  37.936 0.0000000000
76788  47.888  -2.164  37.592 0.0000000000
132367  47.666  -2.329  38.617 0.0000000000
76778  48.294  -2.409  38.108 0.0000000000
79850  50.198  1.095  45.027 0.0000000000
79851  49.453  0.825  45.051 0.0000000000
79852  48.829  0.599  45.039 0.0000000000
78304  46.875  -0.025  44.812 0.0000000000
79097  45.555  0.802  44.488 0.0000000000
116664  45.140  0.142  44.549 0.0000000000
85627  48.439  8.098  33.643 0.0000000000
85628  47.570  8.151  33.342 0.0000000000
85631  44.819  8.133  33.450 0.0000000000
84116  43.696  6.142  32.992 0.0000000000
84124  44.743  6.705  32.058 0.0000000000
83250  42.907  5.001  32.798 0.0000000000
114917  41.884  4.096  32.758 0.0000000000
83265  45.543  5.385  30.174 0.0000000000
131395  45.016  5.293  30.345 0.0000000000
83267  43.880  4.785  30.762 0.0000000000
82457  43.364  4.648  31.347 0.0000000000
82458  42.806  4.276  31.635 0.0000000000
82448  42.185  3.915  32.021 0.0000000000
81659  41.091  3.270  32.777 0.0000000000
80818  40.810  2.758  32.873 0.0000000000
79971  40.938  1.074  32.486 0.0000000000
81596  55.489  3.010  37.758 0.0000000000
81619  54.880  3.087  35.089 0.0000000000
81630  54.245  3.190  34.462 0.0000000000
82371  51.991  4.107  38.366 0.0000000000
82382  52.442  4.154  37.762 0.0000000000
81611  52.786  4.221  36.327 0.0000000000
115922  52.061  4.429  36.189 0.0000000000
82407  52.547  4.233  35.576 0.0000000000
81631  53.197  3.744  34.822 0.0000000000
110631  53.691  3.174  33.582 0.0000000000
115159  52.823  3.409  33.020 0.0000000000
81642  51.980  3.581  32.642 0.0000000000
82436  50.128  4.386  32.679 0.0000000000
82445  50.529  3.727  31.563 0.0000000000
82455  49.892  3.564  30.978 0.0000000000
81679  48.230  2.933  29.740 0.0000000000
80760  45.867  2.915  37.939 0.0000000000
80769  45.760  2.969  37.050 0.0000000000
79941  44.838  1.765  36.828 0.0000000000
80779  45.350  2.570  36.409 0.0000000000
80778  45.999  3.285  36.284 0.0000000000
124110  45.873  3.234  35.437 0.0000000000
81633  46.355  3.582  34.785 0.0000000000
78375  43.320  -0.726  34.831 0.0000000000
79182  43.368  0.209  34.498 0.0000000000
79957  43.711  0.986  34.153 0.0000000000
80799  44.683  2.101  34.259 0.0000000000
80798  45.210  2.642  33.935 0.0000000000
124199  46.215  3.455  34.072 0.0000000000
81644  46.442  3.508  33.334 0.0000000000
81656  46.799  3.483  32.347 0.0000000000
80826  45.144  2.290  31.737 0.0000000000
81670  47.021  3.180  31.251 0.0000000000
80823  47.371  2.823  30.176 0.0000000000
80832  47.662  2.667  29.196 0.0000000000
80841  46.804  2.522  28.704 0.0000000000
79990  45.826  2.012  28.520 0.0000000000
79992  44.685  1.474  28.352 0.0000000000
80000  44.569  1.666  27.945 0.0000000000
80008  44.921  2.005  27.793 0.0000000000
132667  44.424  1.846  27.837 0.0000000000
128869  42.033  0.121  28.492 0.0000000000
78405  42.481  -1.335  28.912 0.0000000000
78411  42.204  -1.337  28.295 0.0000000000
76861  41.938  -3.223  28.370 0.0000000000
77641  42.011  -1.977  28.288 0.0000000000
78416  42.134  -0.994  28.200 0.0000000000
79222  41.800  -0.485  28.125 0.0000000000
79216  41.822  -0.442  28.575 0.0000000000
121989  41.769  0.407  29.184 0.0000000000
78400  41.322  -0.819  31.336 0.0000000000
78394  41.312  -0.952  32.073 0.0000000000
113439  41.382  -1.599  32.158 0.0000000000
73284  45.067  -5.901  33.644 0.0000000000
111673  44.781  -5.976  34.618 0.0000000000
77638  41.888  -2.324  28.363 0.0000000000
78290  53.361  -0.892  45.290 0.0000000000
80852  43.074  1.789  28.273 0.0000000000
81573  53.477  3.426  38.818 0.0000000000
81629  55.221  2.734  34.221 0.0000000000
81698  45.534  2.669  27.950 0.0000000000
81705  45.056  2.326  27.813 0.0000000000
82372  50.723  4.385  38.159 0.0000000000
82400  47.897  4.391  36.216 0.0000000000
83241  43.210  5.548  33.098 0.0000000000
84896  45.430  7.406  32.051 0.0000000000
115700  46.991  2.878  39.853 0.0000000000
122715  45.838  8.078  32.703 0.0000000000
126604  51.055  3.333  30.102 0.0000000000
129633  45.699  1.294  40.015 0.0000000000
129703  49.756  4.744  35.585 0.0000000000
132000  44.008  3.788  29.145 0.0000000000
