#!ascii label  , from subject sub-v1s17x0051139_ses-1 vox2ras=TkReg
1520
130261  -39.553  -2.881  43.590 0.0000000000
79664  -53.601  -2.358  33.657 0.0000000000
83773  -47.227  2.299  45.599 0.0000000000
77947  -48.344  -4.867  41.443 0.0000000000
74552  -48.002  -8.634  49.527 0.0000000000
83843  -44.667  2.382  35.113 0.0000000000
90575  -49.643  11.104  36.168 0.0000000000
88789  -42.146  8.713  44.266 0.0000000000
68654  -41.483  -15.550  50.534 0.0000000000
77930  -44.128  -4.696  42.053 0.0000000000
124444  -46.712  -1.354  38.439 0.0000000000
82016  -42.943  0.148  40.121 0.0000000000
86269  -50.205  4.905  45.337 0.0000000000
86336  -51.091  5.667  39.944 0.0000000000
132376  -51.010  7.002  42.240 0.0000000000
131529  -45.660  8.527  40.109 0.0000000000
119783  -48.162  8.866  45.716 0.0000000000
82989  -50.085  1.466  31.834 0.0000000000
137747  -37.147  -0.160  47.660 0.0000000000
83767  -41.463  2.887  45.217 0.0000000000
78729  -52.345  -3.773  47.056 0.0000000000
76241  -47.242  -6.134  46.175 0.0000000000
76236  -42.994  -6.913  46.842 0.0000000000
72919  -42.922  -10.747  48.770 0.0000000000
82970  -50.364  1.665  34.388 0.0000000000
86392  -49.832  6.430  30.732 0.0000000000
85496  -44.510  5.481  40.331 0.0000000000
88890  -46.834  8.303  34.635 0.0000000000
89793  -45.931  10.133  29.938 0.0000000000
91335  -43.256  11.949  34.323 0.0000000000
90548  -39.843  11.156  38.594 0.0000000000
140076  -41.442  -3.818  42.646 0.0000000000
79580  -43.302  -2.380  41.471 0.0000000000
129496  -41.547  -0.944  41.958 0.0000000000
87900  -51.774  7.053  46.894 0.0000000000
86281  -53.521  5.667  43.908 0.0000000000
87925  -52.873  7.368  44.646 0.0000000000
87935  -49.466  7.215  43.652 0.0000000000
81252  -52.144  -0.579  33.496 0.0000000000
81121  -36.957  1.327  50.131 0.0000000000
81968  -39.667  1.932  49.177 0.0000000000
76210  -47.378  -6.631  48.798 0.0000000000
76239  -45.643  -6.725  46.559 0.0000000000
75387  -44.761  -7.573  48.651 0.0000000000
70424  -42.423  -13.762  48.452 0.0000000000
74543  -37.908  -8.707  49.254 0.0000000000
76198  -35.947  -6.095  48.645 0.0000000000
74540  -35.034  -8.491  49.503 0.0000000000
78800  -50.977  -3.204  39.950 0.0000000000
82039  -46.061  0.032  36.909 0.0000000000
81221  -48.231  -0.319  36.581 0.0000000000
82967  -47.059  1.608  34.402 0.0000000000
84716  -50.031  3.427  32.834 0.0000000000
84725  -46.202  4.023  32.606 0.0000000000
83770  -44.401  3.118  45.622 0.0000000000
84652  -43.120  4.617  42.620 0.0000000000
85469  -45.988  4.698  42.585 0.0000000000
88875  -51.562  8.615  37.245 0.0000000000
87993  -49.403  7.346  37.301 0.0000000000
89758  -49.294  9.781  34.946 0.0000000000
90609  -48.208  10.686  31.843 0.0000000000
132843  -47.938  12.187  32.967 0.0000000000
90607  -44.930  11.016  32.316 0.0000000000
91323  -45.968  11.508  34.932 0.0000000000
137569  -43.878  8.067  41.875 0.0000000000
89698  -42.416  9.686  39.274 0.0000000000
89683  -41.204  9.053  41.479 0.0000000000
90527  -38.504  10.497  40.358 0.0000000000
136633  -39.672  9.414  43.364 0.0000000000
77123  -46.088  -5.313  41.684 0.0000000000
78797  -48.017  -3.343  39.755 0.0000000000
79592  -45.603  -2.715  40.270 0.0000000000
80403  -45.078  -0.820  38.960 0.0000000000
122210  -43.702  1.040  37.787 0.0000000000
83775  -50.202  2.716  45.464 0.0000000000
84655  -49.114  3.901  42.653 0.0000000000
85474  -52.029  3.977  42.566 0.0000000000
87966  -53.192  6.672  39.863 0.0000000000
88856  -50.267  8.914  39.473 0.0000000000
89735  -47.446  9.645  37.745 0.0000000000
88839  -48.192  8.385  40.462 0.0000000000
87931  -46.361  7.699  43.289 0.0000000000
88792  -45.374  8.684  45.008 0.0000000000
83009  -47.445  2.189  30.922 0.0000000000
79561  -37.950  -1.786  45.406 0.0000000000
81995  -39.807  0.242  43.574 0.0000000000
81976  -39.635  0.637  46.074 0.0000000000
82856  -42.052  1.462  47.217 0.0000000000
82860  -45.596  1.310  47.729 0.0000000000
117165  -47.196  1.844  50.766 0.0000000000
136921  -49.088  1.920  47.802 0.0000000000
77923  -50.413  -4.228  44.371 0.0000000000
77067  -49.664  -4.633  46.375 0.0000000000
77084  -47.805  -5.910  44.034 0.0000000000
76263  -45.621  -6.602  44.145 0.0000000000
76269  -43.065  -6.201  43.767 0.0000000000
127881  -49.102  -11.891  49.321 0.0000000000
69510  -45.276  -14.764  50.635 0.0000000000
122338  -45.855  -13.057  48.490 0.0000000000
72909  -45.415  -10.027  49.064 0.0000000000
75367  -42.473  -7.946  48.870 0.0000000000
77080  -38.561  -5.229  45.246 0.0000000000
80434  -55.304  -1.262  36.196 0.0000000000
80407  -49.421  -1.776  38.172 0.0000000000
81225  -51.993  -0.381  36.496 0.0000000000
82080  -54.448  0.670  33.919 0.0000000000
83882  -52.901  2.554  32.144 0.0000000000
84752  -51.445  4.215  30.736 0.0000000000
85573  -49.126  5.398  29.652 0.0000000000
82910  -41.251  1.609  41.865 0.0000000000
83815  -42.642  3.628  39.435 0.0000000000
85518  -43.559  4.589  37.721 0.0000000000
86333  -48.016  5.904  39.701 0.0000000000
87166  -45.732  6.460  37.746 0.0000000000
131734  -44.958  6.028  34.563 0.0000000000
129611  -46.254  7.271  32.001 0.0000000000
88924  -48.955  8.374  29.908 0.0000000000
87222  -45.732  6.604  29.635 0.0000000000
122381  -43.851  10.347  37.376 0.0000000000
91305  -41.346  12.203  36.349 0.0000000000
89746  -38.989  10.220  36.443 0.0000000000
89729  -37.214  9.899  37.549 0.0000000000
90534  -35.951  9.992  39.031 0.0000000000
78744  -40.777  -3.848  42.930 0.0000000000
79571  -41.333  -2.439  42.394 0.0000000000
79570  -40.604  -2.362  42.742 0.0000000000
87092  -54.123  6.910  46.058 0.0000000000
87912  -51.922  7.891  45.170 0.0000000000
80463  -52.819  -1.291  33.536 0.0000000000
125642  -47.821  -7.543  49.433 0.0000000000
75389  -46.639  -7.021  48.823 0.0000000000
134581  -46.890  -8.292  49.392 0.0000000000
72900  -37.180  -10.189  49.586 0.0000000000
74541  -35.847  -8.636  49.448 0.0000000000
77949  -50.321  -4.172  41.974 0.0000000000
77960  -49.852  -4.188  41.150 0.0000000000
82944  -45.124  1.169  35.937 0.0000000000
82063  -46.282  0.729  35.717 0.0000000000
82966  -46.136  1.704  34.602 0.0000000000
83866  -47.023  2.571  33.424 0.0000000000
84704  -45.310  3.098  33.912 0.0000000000
84615  -45.804  3.020  45.088 0.0000000000
84626  -45.246  3.624  44.573 0.0000000000
84640  -46.766  3.639  43.830 0.0000000000
90563  -50.830  10.373  36.825 0.0000000000
89749  -50.506  9.481  36.028 0.0000000000
90585  -50.224  10.871  35.447 0.0000000000
90592  -49.255  11.108  34.212 0.0000000000
91325  -48.400  11.592  34.577 0.0000000000
91338  -47.583  11.805  34.065 0.0000000000
91310  -47.886  11.279  35.528 0.0000000000
88811  -42.503  8.222  42.825 0.0000000000
89684  -42.054  8.811  41.119 0.0000000000
88810  -41.704  8.493  43.080 0.0000000000
89682  -40.328  9.300  41.854 0.0000000000
139959  -41.046  8.915  44.064 0.0000000000
77122  -45.355  -5.130  41.750 0.0000000000
77956  -46.181  -4.229  40.787 0.0000000000
129713  -44.605  -3.648  41.294 0.0000000000
81179  -43.309  -0.614  40.420 0.0000000000
80388  -44.449  -1.692  40.341 0.0000000000
81187  -43.584  -0.253  39.706 0.0000000000
82031  -44.423  0.296  37.907 0.0000000000
82024  -43.217  0.586  39.293 0.0000000000
84617  -50.589  3.226  45.113 0.0000000000
84643  -50.891  3.381  43.724 0.0000000000
85450  -51.490  3.979  44.171 0.0000000000
87121  -53.340  6.237  42.460 0.0000000000
87129  -53.560  6.117  41.566 0.0000000000
87953  -52.702  7.084  40.766 0.0000000000
87973  -52.460  8.083  39.284 0.0000000000
87964  -50.634  7.936  40.663 0.0000000000
88855  -49.127  8.750  39.690 0.0000000000
87963  -49.468  7.962  40.939 0.0000000000
88780  -48.421  8.107  45.237 0.0000000000
124476  -47.694  7.523  43.109 0.0000000000
87921  -47.133  7.770  44.369 0.0000000000
88803  -45.625  7.852  43.734 0.0000000000
88778  -46.326  8.596  45.143 0.0000000000
129199  -49.046  1.885  31.351 0.0000000000
80354  -37.940  -0.453  46.515 0.0000000000
81139  -38.630  -0.240  45.997 0.0000000000
81136  -38.702  0.199  46.809 0.0000000000
82838  -41.847  1.915  49.316 0.0000000000
82847  -41.920  1.290  47.905 0.0000000000
133538  -43.404  1.366  48.480 0.0000000000
82858  -44.150  1.341  47.557 0.0000000000
82849  -44.805  1.290  48.601 0.0000000000
82817  -47.637  1.887  52.374 0.0000000000
82843  -47.989  1.612  49.208 0.0000000000
83743  -50.736  2.155  49.154 0.0000000000
83748  -50.569  2.567  47.828 0.0000000000
84592  -51.220  3.082  49.300 0.0000000000
77915  -51.734  -3.616  45.124 0.0000000000
77907  -51.167  -3.795  45.761 0.0000000000
77061  -49.318  -5.023  47.707 0.0000000000
134653  -48.750  -5.254  46.295 0.0000000000
77074  -48.606  -5.360  45.226 0.0000000000
77073  -47.927  -5.818  44.856 0.0000000000
129978  -47.069  -6.226  43.852 0.0000000000
76252  -46.560  -6.473  45.193 0.0000000000
76237  -43.850  -7.001  46.758 0.0000000000
76250  -44.391  -6.822  44.932 0.0000000000
138276  -42.780  -6.767  45.455 0.0000000000
130147  -43.565  -15.175  49.924 0.0000000000
70426  -44.599  -13.515  48.519 0.0000000000
127815  -44.203  -11.966  48.428 0.0000000000
138814  -45.501  -11.436  48.542 0.0000000000
72908  -44.353  -10.220  48.957 0.0000000000
73717  -43.960  -9.362  49.208 0.0000000000
133169  -42.703  -9.704  49.152 0.0000000000
77064  -37.629  -4.975  46.348 0.0000000000
77056  -37.649  -5.415  47.279 0.0000000000
79631  -55.493  -1.987  37.448 0.0000000000
79602  -47.572  -2.688  39.361 0.0000000000
79603  -48.471  -2.762  39.275 0.0000000000
80406  -48.492  -1.699  38.224 0.0000000000
82066  -49.234  0.560  35.451 0.0000000000
81223  -50.023  -0.372  36.510 0.0000000000
82068  -51.097  0.586  35.438 0.0000000000
82054  -53.288  0.114  35.685 0.0000000000
82972  -52.720  1.486  34.327 0.0000000000
82983  -53.772  1.602  33.101 0.0000000000
83856  -51.804  2.466  33.530 0.0000000000
85544  -49.412  4.861  31.823 0.0000000000
85546  -51.425  4.627  31.513 0.0000000000
86394  -50.701  5.638  30.653 0.0000000000
85564  -49.406  4.718  29.945 0.0000000000
86402  -50.347  6.212  30.208 0.0000000000
82890  -40.263  1.703  44.396 0.0000000000
82904  -40.515  1.365  42.931 0.0000000000
83794  -41.059  2.855  43.452 0.0000000000
85482  -44.742  5.270  41.309 0.0000000000
126460  -42.690  4.271  40.806 0.0000000000
84671  -43.346  4.787  39.846 0.0000000000
84682  -43.145  4.025  38.179 0.0000000000
85512  -43.665  5.027  38.518 0.0000000000
86309  -50.082  4.950  41.128 0.0000000000
86307  -48.318  5.296  40.910 0.0000000000
86334  -48.948  5.886  39.692 0.0000000000
88013  -47.676  7.988  35.814 0.0000000000
87167  -47.613  7.069  37.247 0.0000000000
87182  -46.259  7.259  35.816 0.0000000000
87181  -45.548  6.694  35.829 0.0000000000
88011  -45.912  7.248  35.128 0.0000000000
87194  -45.380  6.182  33.076 0.0000000000
88025  -46.075  7.743  33.617 0.0000000000
125853  -48.123  11.349  30.777 0.0000000000
124906  -48.284  9.712  30.378 0.0000000000
88929  -47.420  9.282  29.558 0.0000000000
87224  -47.753  7.522  29.445 0.0000000000
128283  -45.846  8.176  29.631 0.0000000000
88044  -44.481  7.322  30.112 0.0000000000
88921  -44.360  8.853  30.490 0.0000000000
91349  -44.030  11.582  33.616 0.0000000000
89772  -43.679  10.259  32.973 0.0000000000
89717  -46.067  8.994  38.730 0.0000000000
90558  -45.648  10.023  37.159 0.0000000000
89716  -44.687  9.341  38.391 0.0000000000
90549  -41.371  10.732  38.553 0.0000000000
90556  -41.776  11.047  37.821 0.0000000000
91297  -39.942  11.960  37.032 0.0000000000
91317  -39.415  11.967  35.884 0.0000000000
91303  -38.594  11.452  36.544 0.0000000000
89745  -38.142  10.325  36.723 0.0000000000
91286  -37.911  11.049  37.668 0.0000000000
116997  -38.212  10.339  41.096 0.0000000000
90535  -36.572  10.308  39.143 0.0000000000
90525  -36.664  10.351  40.128 0.0000000000
128169  -35.258  9.885  40.258 0.0000000000
133283  -42.915  -4.128  42.331 0.0000000000
78765  -43.846  -3.160  41.502 0.0000000000
130286  -42.439  -2.975  42.083 0.0000000000
80373  -42.111  -1.786  41.778 0.0000000000
81173  -42.210  -0.520  41.376 0.0000000000
86280  -52.963  5.142  44.098 0.0000000000
126755  -53.182  6.224  45.549 0.0000000000
87108  -53.665  6.480  44.789 0.0000000000
87113  -51.702  6.756  43.164 0.0000000000
87944  -49.784  7.215  42.581 0.0000000000
87924  -51.227  7.369  44.513 0.0000000000
87911  -50.526  7.909  45.206 0.0000000000
82099  -51.408  0.978  32.356 0.0000000000
121748  -37.231  1.231  49.271 0.0000000000
81133  -38.134  0.890  48.216 0.0000000000
81131  -38.636  1.962  49.624 0.0000000000
116311  -47.114  -6.221  47.100 0.0000000000
76240  -46.509  -6.462  46.431 0.0000000000
76226  -46.268  -6.598  47.321 0.0000000000
76225  -45.353  -6.896  47.413 0.0000000000
76207  -44.077  -7.309  48.211 0.0000000000
69524  -42.378  -14.970  49.092 0.0000000000
71281  -41.310  -12.299  48.532 0.0000000000
75363  -38.268  -7.950  48.905 0.0000000000
76200  -37.434  -6.422  48.389 0.0000000000
75379  -36.933  -7.217  48.807 0.0000000000
76191  -35.946  -7.080  49.006 0.0000000000
81194  -46.319  -0.752  37.942 0.0000000000
81205  -47.718  -0.658  37.171 0.0000000000
81220  -47.444  -0.243  36.672 0.0000000000
82065  -48.271  0.563  35.480 0.0000000000
82969  -49.363  1.551  34.463 0.0000000000
83869  -50.407  2.834  33.323 0.0000000000
83867  -48.113  2.466  33.536 0.0000000000
84727  -48.453  3.983  32.398 0.0000000000
85543  -48.047  4.722  31.867 0.0000000000
84612  -42.815  3.586  45.245 0.0000000000
84636  -42.197  3.994  43.493 0.0000000000
84637  -43.640  4.460  43.667 0.0000000000
85458  -45.216  4.635  42.955 0.0000000000
85483  -45.776  5.172  41.693 0.0000000000
87983  -51.763  7.296  38.034 0.0000000000
126625  -50.236  6.628  38.396 0.0000000000
88005  -50.910  8.091  37.144 0.0000000000
88882  -49.096  8.490  36.045 0.0000000000
88900  -48.258  9.398  34.622 0.0000000000
88906  -47.178  9.269  33.296 0.0000000000
89774  -48.715  10.890  33.391 0.0000000000
91354  -48.368  11.922  32.230 0.0000000000
91369  -47.633  12.018  31.093 0.0000000000
90615  -45.279  10.802  31.466 0.0000000000
91361  -46.538  11.980  32.157 0.0000000000
91350  -45.206  11.662  33.366 0.0000000000
136811  -43.933  11.861  34.561 0.0000000000
125890  -44.270  8.468  40.458 0.0000000000
88850  -43.907  8.807  39.760 0.0000000000
88834  -42.883  8.677  40.725 0.0000000000
89697  -41.587  9.851  39.681 0.0000000000
90539  -40.305  10.666  39.320 0.0000000000
131364  -38.796  10.832  39.189 0.0000000000
90529  -39.914  10.329  40.204 0.0000000000
89681  -39.521  9.686  41.809 0.0000000000
89664  -38.847  9.731  43.131 0.0000000000
77946  -47.429  -4.936  41.226 0.0000000000
77958  -47.949  -4.458  40.746 0.0000000000
77957  -47.043  -4.418  40.673 0.0000000000
79601  -46.374  -3.009  40.022 0.0000000000
79600  -46.121  -2.217  39.567 0.0000000000
138088  -44.499  -2.950  41.067 0.0000000000
80389  -45.234  -1.958  39.965 0.0000000000
80404  -45.898  -1.066  38.636 0.0000000000
81193  -45.334  -0.381  38.111 0.0000000000
82045  -44.684  0.955  36.614 0.0000000000
83831  -43.753  2.475  36.427 0.0000000000
83787  -49.103  2.521  45.035 0.0000000000
116537  -47.691  3.387  43.752 0.0000000000
83795  -49.421  2.866  44.179 0.0000000000
85473  -50.860  4.022  42.400 0.0000000000
85497  -51.108  5.059  40.880 0.0000000000
85475  -53.141  4.404  42.796 0.0000000000
85499  -53.094  4.949  41.392 0.0000000000
86337  -52.963  5.980  39.817 0.0000000000
87985  -52.727  7.482  38.835 0.0000000000
89707  -51.688  9.158  38.278 0.0000000000
89737  -49.675  10.273  37.611 0.0000000000
90560  -47.970  10.261  36.991 0.0000000000
89720  -49.141  9.681  38.329 0.0000000000
89703  -47.618  8.879  39.131 0.0000000000
88838  -46.887  8.398  40.554 0.0000000000
87943  -48.254  7.535  42.565 0.0000000000
88816  -47.191  7.856  41.891 0.0000000000
88837  -46.027  8.358  40.723 0.0000000000
131715  -44.961  7.862  42.470 0.0000000000
88802  -43.894  7.993  43.470 0.0000000000
89657  -43.394  8.979  44.792 0.0000000000
79563  -38.365  -2.094  44.823 0.0000000000
80364  -39.591  -1.162  43.597 0.0000000000
80359  -38.841  -0.747  44.684 0.0000000000
81978  -39.520  0.585  45.352 0.0000000000
116492  -40.737  1.611  46.174 0.0000000000
81974  -40.238  1.019  47.473 0.0000000000
82865  -41.171  1.438  46.838 0.0000000000
121032  -41.889  2.592  45.964 0.0000000000
125421  -43.301  2.172  46.606 0.0000000000
138626  -45.130  1.809  46.734 0.0000000000
83757  -46.699  1.940  46.210 0.0000000000
116667  -45.479  1.910  50.419 0.0000000000
116854  -46.282  1.435  49.186 0.0000000000
82861  -46.641  1.486  47.706 0.0000000000
83758  -47.683  2.005  46.131 0.0000000000
123192  -49.864  2.344  46.947 0.0000000000
84602  -50.407  2.927  46.664 0.0000000000
85435  -49.522  4.313  46.307 0.0000000000
126637  -50.502  -4.207  43.596 0.0000000000
125388  -49.534  -4.768  43.291 0.0000000000
77885  -50.746  -4.209  48.199 0.0000000000
77893  -51.254  -3.803  47.275 0.0000000000
77906  -50.218  -4.301  45.649 0.0000000000
77096  -49.037  -5.174  43.805 0.0000000000
77109  -48.083  -5.553  42.675 0.0000000000
77108  -47.307  -5.734  42.372 0.0000000000
76284  -45.905  -6.047  42.701 0.0000000000
76283  -45.156  -6.018  42.765 0.0000000000
76251  -45.329  -6.749  44.925 0.0000000000
130860  -44.318  -6.610  44.138 0.0000000000
77093  -43.453  -5.757  43.149 0.0000000000
77092  -42.656  -5.494  43.224 0.0000000000
69511  -46.554  -14.575  50.376 0.0000000000
129248  -43.970  -14.832  49.366 0.0000000000
70413  -45.854  -14.179  49.151 0.0000000000
70415  -47.553  -13.749  49.311 0.0000000000
71269  -47.768  -12.843  48.853 0.0000000000
72923  -46.826  -11.040  48.751 0.0000000000
72911  -47.213  -10.234  49.105 0.0000000000
74550  -45.047  -8.564  49.249 0.0000000000
75386  -44.040  -7.673  48.655 0.0000000000
76206  -43.182  -7.266  48.127 0.0000000000
78737  -38.749  -3.748  44.409 0.0000000000
78734  -38.152  -3.696  45.012 0.0000000000
78728  -37.010  -3.150  46.243 0.0000000000
79555  -36.449  -1.693  47.171 0.0000000000
79554  -35.972  -1.557  47.774 0.0000000000
78817  -54.466  -3.625  37.353 0.0000000000
78825  -55.086  -2.732  36.304 0.0000000000
79644  -54.976  -2.217  34.727 0.0000000000
78798  -48.949  -3.392  39.747 0.0000000000
79605  -50.451  -2.799  39.278 0.0000000000
80422  -48.994  -1.298  37.606 0.0000000000
81208  -50.443  -0.846  37.071 0.0000000000
80425  -51.879  -1.375  37.712 0.0000000000
81226  -53.081  -0.325  36.368 0.0000000000
81236  -54.555  -0.021  35.128 0.0000000000
80465  -54.467  -1.320  33.570 0.0000000000
81264  -53.843  -0.089  32.745 0.0000000000
82100  -52.682  1.055  32.268 0.0000000000
82991  -52.074  1.790  31.746 0.0000000000
84718  -51.979  3.488  32.425 0.0000000000
83893  -51.916  3.319  31.256 0.0000000000
120692  -50.413  2.656  31.026 0.0000000000
122320  -49.074  3.010  30.613 0.0000000000
84750  -48.417  3.613  30.300 0.0000000000
85562  -47.085  4.368  29.906 0.0000000000
123025  -40.360  0.087  42.891 0.0000000000
82009  -41.179  0.799  42.004 0.0000000000
129254  -41.735  0.901  41.285 0.0000000000
84664  -41.684  3.381  42.111 0.0000000000
82912  -41.973  2.260  40.558 0.0000000000
82920  -42.350  1.731  39.953 0.0000000000
125339  -42.896  2.375  38.276 0.0000000000
83832  -43.385  2.639  37.173 0.0000000000
84692  -43.778  3.245  36.006 0.0000000000
133529  -47.591  4.199  42.706 0.0000000000
86306  -47.278  5.331  41.103 0.0000000000
86320  -46.224  5.760  39.986 0.0000000000
87157  -48.219  6.530  38.404 0.0000000000
86347  -46.563  6.414  38.497 0.0000000000
86346  -45.487  6.155  38.767 0.0000000000
136156  -44.341  5.604  37.446 0.0000000000
136609  -44.279  5.151  35.731 0.0000000000
85531  -44.253  4.302  34.932 0.0000000000
86377  -45.177  5.153  33.128 0.0000000000
86390  -47.401  6.364  31.376 0.0000000000
88911  -46.836  8.395  31.852 0.0000000000
88039  -47.957  8.644  30.641 0.0000000000
87215  -49.752  7.303  29.782 0.0000000000
134608  -48.655  6.681  29.467 0.0000000000
86408  -46.802  5.837  29.520 0.0000000000
89784  -44.128  9.662  31.707 0.0000000000
90559  -46.785  10.041  37.085 0.0000000000
90571  -45.040  10.601  36.519 0.0000000000
122134  -43.615  11.815  35.392 0.0000000000
90551  -43.405  10.145  37.894 0.0000000000
90557  -43.042  10.863  37.219 0.0000000000
92016  -42.030  12.439  35.136 0.0000000000
91319  -40.723  12.120  35.197 0.0000000000
89756  -40.535  10.551  35.628 0.0000000000
88874  -40.993  8.231  37.393 0.0000000000
90545  -37.246  10.544  38.338 0.0000000000
89712  -36.267  9.707  38.513 0.0000000000
89644  -43.071  9.809  45.131 0.0000000000
89643  -42.077  9.773  45.039 0.0000000000
90497  -40.263  9.939  44.987 0.0000000000
89653  -39.103  9.788  44.077 0.0000000000
140207  -37.647  10.115  43.522 0.0000000000
78742  -40.053  -3.767  43.370 0.0000000000
78743  -40.336  -3.083  43.057 0.0000000000
79566  -40.032  -2.346  43.214 0.0000000000
80464  -53.502  -1.516  33.418 0.0000000000
138169  -48.720  -8.516  49.583 0.0000000000
129872  -48.723  -7.928  49.588 0.0000000000
127685  -36.695  -10.852  49.584 0.0000000000
77948  -49.347  -4.669  41.829 0.0000000000
77959  -48.905  -4.420  40.910 0.0000000000
82951  -44.844  1.771  35.469 0.0000000000
82952  -45.704  1.319  35.333 0.0000000000
82965  -45.292  1.991  34.843 0.0000000000
83850  -45.695  2.358  34.221 0.0000000000
83849  -44.915  2.728  34.557 0.0000000000
83785  -46.742  2.759  45.007 0.0000000000
126525  -46.267  3.344  44.465 0.0000000000
84627  -47.244  3.100  44.401 0.0000000000
90562  -50.129  10.669  36.836 0.0000000000
90576  -50.413  10.847  36.053 0.0000000000
91312  -49.890  11.240  35.486 0.0000000000
91326  -49.402  11.394  34.849 0.0000000000
91311  -49.080  11.374  35.460 0.0000000000
90574  -48.545  10.933  36.236 0.0000000000
88800  -42.288  8.399  43.685 0.0000000000
88799  -41.026  8.790  43.399 0.0000000000
89666  -41.606  8.651  43.885 0.0000000000
121369  -44.812  -4.513  41.595 0.0000000000
77943  -44.010  -4.051  41.726 0.0000000000
117561  -43.830  -0.018  39.085 0.0000000000
85442  -50.392  3.740  45.398 0.0000000000
85443  -50.932  4.148  44.745 0.0000000000
87120  -52.378  6.693  42.347 0.0000000000
87127  -52.935  6.627  41.550 0.0000000000
87945  -51.968  7.087  41.491 0.0000000000
117327  -51.779  7.572  40.712 0.0000000000
87952  -51.053  7.448  41.355 0.0000000000
124843  -50.109  7.502  41.589 0.0000000000
139273  -47.699  8.319  45.270 0.0000000000
88794  -47.785  7.878  44.764 0.0000000000
137068  -47.085  8.174  45.010 0.0000000000
88793  -46.515  8.045  44.555 0.0000000000
88779  -47.181  8.753  45.459 0.0000000000
81263  -49.587  0.351  32.969 0.0000000000
82097  -49.194  0.873  32.321 0.0000000000
82108  -48.519  1.072  32.020 0.0000000000
82988  -49.164  1.444  31.742 0.0000000000
80352  -37.105  -0.802  47.007 0.0000000000
80353  -37.845  0.188  47.462 0.0000000000
82839  -42.720  1.885  49.549 0.0000000000
116556  -42.522  1.524  48.605 0.0000000000
82840  -43.472  1.656  49.288 0.0000000000
116666  -44.150  1.426  48.945 0.0000000000
132637  -44.105  1.717  49.787 0.0000000000
82827  -50.639  1.978  50.386 0.0000000000
83744  -51.210  2.588  49.143 0.0000000000
78732  -52.412  -3.793  46.379 0.0000000000
77908  -52.083  -3.593  45.887 0.0000000000
77900  -51.463  -3.703  46.426 0.0000000000
77066  -47.934  -5.732  45.759 0.0000000000
76253  -47.243  -6.200  45.255 0.0000000000
122273  -46.722  -6.397  45.740 0.0000000000
117023  -43.275  -6.888  46.044 0.0000000000
133137  -42.445  -6.804  46.116 0.0000000000
68655  -42.309  -15.447  50.578 0.0000000000
71283  -43.558  -12.489  48.393 0.0000000000
72103  -43.388  -11.520  48.523 0.0000000000
72920  -44.255  -11.152  48.608 0.0000000000
136150  -43.651  -10.722  48.751 0.0000000000
72907  -43.343  -10.034  49.061 0.0000000000
133546  -42.615  -10.199  49.005 0.0000000000
76218  -38.751  -6.223  47.824 0.0000000000
77057  -38.337  -5.831  47.355 0.0000000000
76217  -38.029  -5.947  47.937 0.0000000000
80410  -53.513  -1.725  38.589 0.0000000000
80397  -47.005  -2.046  38.986 0.0000000000
79616  -47.993  -2.204  38.772 0.0000000000
80405  -47.577  -1.570  38.325 0.0000000000
82956  -49.784  1.065  34.924 0.0000000000
82067  -50.169  0.589  35.437 0.0000000000
82957  -50.789  1.123  34.883 0.0000000000
82958  -51.812  1.035  34.902 0.0000000000
82971  -51.583  1.793  34.223 0.0000000000
85555  -50.280  5.706  31.199 0.0000000000
86393  -50.323  6.094  30.504 0.0000000000
139461  -50.213  6.590  30.119 0.0000000000
83783  -40.781  2.392  44.825 0.0000000000
83793  -40.638  2.329  43.910 0.0000000000
83784  -41.195  2.968  44.358 0.0000000000
125725  -43.559  4.938  40.704 0.0000000000
85506  -43.964  5.342  39.383 0.0000000000
86330  -44.829  5.768  39.614 0.0000000000
86323  -50.099  5.357  40.510 0.0000000000
86335  -49.961  5.784  39.745 0.0000000000
88001  -46.979  7.433  36.179 0.0000000000
88012  -46.755  7.787  35.335 0.0000000000
88019  -46.257  7.775  34.490 0.0000000000
88018  -45.678  7.175  34.275 0.0000000000
88898  -46.610  8.439  33.879 0.0000000000
90626  -47.778  10.968  30.205 0.0000000000
89795  -47.982  10.117  29.854 0.0000000000
89794  -47.042  10.072  29.657 0.0000000000
124751  -46.696  8.515  29.495 0.0000000000
88928  -46.101  9.124  29.661 0.0000000000
88922  -45.193  9.239  30.030 0.0000000000
90599  -43.464  11.134  33.476 0.0000000000
91348  -43.160  11.699  33.969 0.0000000000
91334  -42.412  11.978  34.462 0.0000000000
131071  -45.821  8.715  39.457 0.0000000000
140761  -45.458  9.249  38.346 0.0000000000
89701  -45.208  8.920  38.928 0.0000000000
118299  -40.639  10.980  38.613 0.0000000000
123402  -41.002  11.274  38.055 0.0000000000
91289  -40.277  11.510  37.893 0.0000000000
91296  -39.153  11.795  36.789 0.0000000000
91288  -39.291  11.517  37.703 0.0000000000
91295  -38.466  11.465  37.203 0.0000000000
91287  -38.525  11.232  37.900 0.0000000000
90520  -37.770  10.200  41.949 0.0000000000
116843  -37.271  10.377  41.068 0.0000000000
78750  -42.641  -3.554  42.210 0.0000000000
78749  -41.880  -3.243  42.373 0.0000000000
128362  -41.590  -1.848  42.146 0.0000000000
79572  -42.000  -2.481  42.107 0.0000000000
132447  -42.322  -1.181  41.525 0.0000000000
87100  -51.734  5.971  45.482 0.0000000000
87090  -52.473  6.526  46.245 0.0000000000
87914  -53.974  7.398  45.651 0.0000000000
87109  -54.090  6.953  45.586 0.0000000000
87926  -53.852  7.100  45.054 0.0000000000
87107  -53.412  6.659  44.316 0.0000000000
87106  -52.284  6.928  43.984 0.0000000000
138594  -51.153  6.947  43.836 0.0000000000
88782  -51.259  8.479  45.672 0.0000000000
88781  -49.975  8.590  45.753 0.0000000000
81251  -51.048  -0.312  33.583 0.0000000000
82088  -51.752  0.289  32.934 0.0000000000
81129  -36.569  0.741  49.250 0.0000000000
81130  -37.905  1.415  48.950 0.0000000000
81122  -37.797  1.745  50.104 0.0000000000
76192  -48.105  -6.631  49.160 0.0000000000
117422  -46.986  -6.455  48.114 0.0000000000
75388  -45.669  -7.365  48.680 0.0000000000
76209  -45.985  -6.880  48.139 0.0000000000
76208  -45.050  -7.169  48.133 0.0000000000
76224  -44.436  -7.073  47.487 0.0000000000
73712  -38.563  -9.409  49.370 0.0000000000
75362  -37.362  -7.983  49.080 0.0000000000
75361  -36.405  -7.943  49.233 0.0000000000
75360  -35.428  -7.867  49.370 0.0000000000
81204  -46.778  -0.401  37.187 0.0000000000
82047  -46.749  0.165  36.348 0.0000000000
82953  -46.699  1.140  35.057 0.0000000000
82064  -47.250  0.585  35.565 0.0000000000
82954  -47.804  1.122  34.855 0.0000000000
82955  -48.840  1.023  34.933 0.0000000000
134876  -48.560  1.473  34.499 0.0000000000
83853  -48.844  1.992  34.021 0.0000000000
82968  -47.942  1.752  34.184 0.0000000000
84713  -46.607  3.257  32.970 0.0000000000
84714  -47.677  3.177  32.903 0.0000000000
84726  -47.238  3.914  32.411 0.0000000000
130705  -46.831  4.738  32.066 0.0000000000
83769  -43.522  3.233  45.676 0.0000000000
84625  -43.277  4.057  44.565 0.0000000000
84613  -43.790  3.641  45.154 0.0000000000
85459  -45.692  4.356  43.303 0.0000000000
84638  -44.921  4.291  43.727 0.0000000000
85468  -45.009  5.002  42.228 0.0000000000
87995  -52.216  7.985  37.824 0.0000000000
87170  -51.360  7.626  37.632 0.0000000000
89759  -50.117  10.273  35.308 0.0000000000
88893  -49.646  9.231  35.647 0.0000000000
88892  -48.542  8.767  35.476 0.0000000000
89764  -48.069  9.911  33.753 0.0000000000
89765  -49.013  10.388  34.243 0.0000000000
117229  -48.367  11.957  33.015 0.0000000000
90603  -48.556  11.516  33.236 0.0000000000
91363  -48.127  12.137  31.693 0.0000000000
91362  -47.546  12.218  31.769 0.0000000000
91368  -46.783  11.921  31.313 0.0000000000
91352  -47.202  12.134  32.672 0.0000000000
91337  -46.601  11.762  34.108 0.0000000000
91351  -46.311  11.848  33.391 0.0000000000
91336  -45.268  11.713  34.143 0.0000000000
91322  -44.759  11.556  35.078 0.0000000000
88824  -43.647  8.354  41.064 0.0000000000
88835  -43.551  8.646  40.372 0.0000000000
89692  -41.399  9.441  40.525 0.0000000000
90530  -40.812  10.111  39.962 0.0000000000
89691  -40.572  9.652  40.823 0.0000000000
138045  -39.827  9.379  42.504 0.0000000000
89674  -39.303  9.601  42.562 0.0000000000
90521  -38.697  9.935  42.025 0.0000000000
77124  -46.937  -5.407  41.712 0.0000000000
77945  -46.557  -4.880  41.181 0.0000000000
78780  -45.871  -3.483  40.529 0.0000000000
79581  -44.027  -2.230  41.015 0.0000000000
80395  -44.776  -1.255  39.653 0.0000000000
80396  -45.583  -1.473  39.314 0.0000000000
82037  -44.312  0.797  37.279 0.0000000000
82937  -43.833  1.607  36.984 0.0000000000
134317  -50.031  2.677  44.807 0.0000000000
84658  -51.617  3.656  43.269 0.0000000000
140422  -50.550  3.406  43.398 0.0000000000
129525  -51.544  4.476  41.731 0.0000000000
85452  -53.235  4.737  43.369 0.0000000000
85476  -53.576  4.823  42.842 0.0000000000
87137  -53.400  6.270  40.544 0.0000000000
86311  -53.529  5.693  41.207 0.0000000000
86326  -53.404  5.889  40.518 0.0000000000
86325  -53.094  5.547  40.545 0.0000000000
86338  -53.236  6.057  39.995 0.0000000000
87149  -52.967  6.707  39.350 0.0000000000
87974  -52.901  7.308  39.405 0.0000000000
118877  -51.491  8.733  39.177 0.0000000000
88857  -52.267  8.454  38.565 0.0000000000
89706  -50.793  9.411  38.698 0.0000000000
89722  -51.096  9.763  37.907 0.0000000000
89721  -50.202  9.869  38.185 0.0000000000
89705  -49.682  9.361  38.948 0.0000000000
88840  -48.933  8.346  40.393 0.0000000000
88854  -48.118  8.650  39.791 0.0000000000
88853  -47.206  8.608  39.847 0.0000000000
131732  -47.579  8.446  40.346 0.0000000000
117991  -48.937  7.332  42.839 0.0000000000
87942  -47.050  7.656  42.725 0.0000000000
136453  -47.626  7.660  42.385 0.0000000000
88826  -46.589  8.128  41.343 0.0000000000
88815  -46.381  7.837  42.255 0.0000000000
88825  -45.486  8.051  41.665 0.0000000000
88814  -45.605  7.787  42.783 0.0000000000
117658  -45.035  8.187  44.354 0.0000000000
117312  -44.808  7.857  43.384 0.0000000000
133771  -44.328  8.158  44.131 0.0000000000
88791  -43.624  8.366  44.257 0.0000000000
89658  -44.380  8.732  44.799 0.0000000000
83000  -47.562  1.511  31.366 0.0000000000
135320  -38.697  -1.541  44.551 0.0000000000
80357  -38.420  -1.255  45.040 0.0000000000
133569  -39.143  0.278  46.242 0.0000000000
81142  -39.082  0.103  45.558 0.0000000000
81979  -40.053  1.111  45.772 0.0000000000
81134  -38.826  1.445  48.631 0.0000000000
81137  -39.022  0.831  47.662 0.0000000000
81971  -39.845  1.335  48.268 0.0000000000
82855  -41.155  1.289  47.377 0.0000000000
82866  -41.536  1.900  46.459 0.0000000000
83753  -42.450  2.053  46.610 0.0000000000
82857  -43.224  1.535  47.243 0.0000000000
82859  -44.815  1.208  47.921 0.0000000000
82867  -44.203  1.826  46.836 0.0000000000
82868  -44.968  1.445  47.283 0.0000000000
83756  -45.689  2.118  46.239 0.0000000000
82869  -45.999  1.555  46.920 0.0000000000
117169  -46.933  2.069  51.675 0.0000000000
82824  -45.494  2.235  51.489 0.0000000000
116993  -46.286  2.100  51.025 0.0000000000
138612  -45.717  1.561  49.616 0.0000000000
116855  -46.467  1.652  50.071 0.0000000000
82852  -48.583  1.759  48.417 0.0000000000
82851  -47.148  1.525  48.601 0.0000000000
82862  -47.914  1.689  47.778 0.0000000000
82870  -47.475  1.762  46.887 0.0000000000
82863  -48.870  2.026  47.232 0.0000000000
82871  -48.853  2.186  46.444 0.0000000000
84597  -50.819  2.797  48.441 0.0000000000
83751  -50.396  2.684  47.164 0.0000000000
84600  -50.554  2.924  47.384 0.0000000000
85429  -50.055  3.518  46.751 0.0000000000
84599  -49.814  3.716  47.339 0.0000000000
78745  -52.369  -3.600  44.415 0.0000000000
77914  -50.768  -3.977  45.015 0.0000000000
77924  -51.269  -3.773  44.372 0.0000000000
77922  -49.725  -4.640  44.081 0.0000000000
126359  -49.248  -4.956  47.038 0.0000000000
77049  -49.819  -4.863  48.320 0.0000000000
77892  -50.044  -4.471  47.353 0.0000000000
77899  -50.610  -4.088  46.464 0.0000000000
77085  -48.496  -5.505  44.341 0.0000000000
77086  -49.175  -5.003  44.630 0.0000000000
77095  -48.312  -5.596  43.498 0.0000000000
76273  -47.476  -5.962  43.150 0.0000000000
123560  -46.319  -6.436  43.863 0.0000000000
76272  -46.577  -6.200  43.089 0.0000000000
76271  -45.732  -6.348  43.320 0.0000000000
117079  -45.984  -6.632  45.633 0.0000000000
116857  -45.031  -6.842  45.774 0.0000000000
76261  -43.626  -6.602  44.353 0.0000000000
76270  -43.912  -6.307  43.618 0.0000000000
138025  -43.158  -5.320  42.860 0.0000000000
72091  -48.412  -11.605  49.071 0.0000000000
69497  -44.541  -14.850  51.379 0.0000000000
117612  -45.994  -14.657  50.989 0.0000000000
69499  -46.722  -14.572  51.252 0.0000000000
133821  -45.897  -14.660  50.223 0.0000000000
69539  -41.972  -14.451  48.675 0.0000000000
69525  -43.246  -14.840  49.188 0.0000000000
69540  -42.858  -14.380  48.725 0.0000000000
137269  -45.322  -13.495  48.585 0.0000000000
69542  -45.089  -14.110  48.843 0.0000000000
70427  -45.930  -13.726  48.784 0.0000000000
70414  -46.591  -13.993  49.153 0.0000000000
70428  -46.769  -13.259  48.711 0.0000000000
72922  -45.890  -10.835  48.729 0.0000000000
72105  -46.155  -11.635  48.537 0.0000000000
72910  -46.373  -10.046  49.096 0.0000000000
73719  -46.279  -9.150  49.301 0.0000000000
73718  -45.551  -9.186  49.271 0.0000000000
74549  -43.698  -8.601  49.174 0.0000000000
75368  -43.413  -7.949  48.859 0.0000000000
133454  -43.520  -7.548  48.479 0.0000000000
75385  -42.842  -7.539  48.526 0.0000000000
77072  -38.877  -5.866  45.876 0.0000000000
76245  -39.829  -6.174  45.384 0.0000000000
121693  -39.211  -5.705  45.081 0.0000000000
77081  -39.133  -5.176  44.611 0.0000000000
77911  -38.540  -4.511  44.792 0.0000000000
77905  -37.904  -4.531  45.531 0.0000000000
77898  -37.275  -4.158  46.173 0.0000000000
76199  -36.624  -6.555  48.623 0.0000000000
77047  -36.802  -5.879  48.316 0.0000000000
79553  -35.559  -2.467  48.069 0.0000000000
79550  -35.514  -1.418  48.396 0.0000000000
79551  -35.953  -0.810  48.223 0.0000000000
77986  -53.972  -4.112  37.781 0.0000000000
77987  -54.710  -3.569  38.250 0.0000000000
80427  -55.215  -1.592  37.276 0.0000000000
78819  -55.398  -2.418  37.167 0.0000000000
79637  -55.484  -1.952  36.526 0.0000000000
80441  -55.333  -1.687  35.511 0.0000000000
78783  -48.463  -3.931  40.268 0.0000000000
79617  -48.930  -2.275  38.708 0.0000000000
79604  -49.431  -2.820  39.251 0.0000000000
81206  -48.603  -0.790  37.085 0.0000000000
81224  -50.971  -0.392  36.500 0.0000000000
81209  -51.453  -0.880  37.092 0.0000000000
81210  -52.676  -0.913  37.182 0.0000000000
82070  -53.862  0.383  35.159 0.0000000000
82071  -54.678  0.113  34.442 0.0000000000
81245  -54.968  -0.917  33.966 0.0000000000
131371  -54.789  -0.094  33.935 0.0000000000
81265  -54.255  0.024  32.914 0.0000000000
82090  -54.509  0.359  33.393 0.0000000000
83873  -53.349  1.974  32.602 0.0000000000
82992  -53.247  1.814  32.192 0.0000000000
140125  -52.806  1.802  31.905 0.0000000000
83005  -52.741  2.369  31.820 0.0000000000
83870  -51.436  2.944  33.124 0.0000000000
84717  -51.102  3.538  32.676 0.0000000000
85557  -51.649  4.640  31.109 0.0000000000
85547  -51.796  4.276  31.498 0.0000000000
84739  -51.847  3.985  30.979 0.0000000000
83892  -51.259  3.304  30.903 0.0000000000
83905  -50.363  3.409  30.625 0.0000000000
85563  -48.178  4.442  29.886 0.0000000000
84749  -47.267  3.671  30.231 0.0000000000
81156  -39.339  -0.437  44.000 0.0000000000
81157  -39.958  -0.592  43.278 0.0000000000
82905  -40.839  1.471  42.429 0.0000000000
82003  -40.663  0.767  42.594 0.0000000000
82911  -41.616  1.925  41.222 0.0000000000
137183  -42.793  4.388  43.243 0.0000000000
84651  -42.235  4.052  42.638 0.0000000000
83809  -42.408  3.446  40.100 0.0000000000
83808  -42.137  3.296  40.675 0.0000000000
137224  -42.224  2.528  40.100 0.0000000000
82913  -42.419  2.440  39.570 0.0000000000
82926  -42.639  2.391  38.893 0.0000000000
84687  -43.307  3.614  37.426 0.0000000000
84686  -43.497  3.341  36.737 0.0000000000
85517  -43.545  4.204  37.001 0.0000000000
84654  -48.213  3.722  43.078 0.0000000000
118789  -48.265  4.369  42.294 0.0000000000
85485  -47.790  4.902  41.665 0.0000000000
86321  -47.646  5.607  40.382 0.0000000000
130999  -46.780  5.601  40.514 0.0000000000
116900  -47.085  5.874  39.833 0.0000000000
87169  -49.757  6.934  37.855 0.0000000000
87158  -49.190  6.550  38.432 0.0000000000
87168  -48.808  6.858  37.822 0.0000000000
121018  -46.920  6.740  37.672 0.0000000000
87156  -47.411  6.551  38.285 0.0000000000
86332  -46.390  6.093  39.304 0.0000000000
120463  -44.760  6.002  38.011 0.0000000000
86364  -44.870  6.002  35.331 0.0000000000
86358  -44.844  6.056  36.287 0.0000000000
86370  -44.587  5.259  34.631 0.0000000000
85535  -44.626  4.428  34.152 0.0000000000
86376  -44.752  5.031  33.848 0.0000000000
88030  -45.765  6.896  32.657 0.0000000000
86384  -45.695  5.592  32.457 0.0000000000
87201  -45.915  6.365  32.159 0.0000000000
87202  -46.751  6.746  31.565 0.0000000000
88912  -47.432  9.499  32.170 0.0000000000
88923  -48.608  8.987  30.029 0.0000000000
87209  -49.071  8.026  29.885 0.0000000000
88045  -49.653  7.866  29.895 0.0000000000
88046  -49.780  7.292  29.784 0.0000000000
88053  -48.731  8.222  29.709 0.0000000000
87223  -46.717  6.653  29.454 0.0000000000
124188  -46.044  5.947  29.610 0.0000000000
85570  -45.942  5.140  29.808 0.0000000000
135954  -45.315  5.752  29.878 0.0000000000
89785  -44.790  10.065  31.196 0.0000000000
90614  -44.655  10.353  31.838 0.0000000000
89778  -43.233  9.266  32.881 0.0000000000
127325  -44.639  10.187  37.236 0.0000000000
91307  -44.448  11.262  35.914 0.0000000000
90570  -43.962  10.844  36.629 0.0000000000
89699  -43.402  9.330  39.159 0.0000000000
89715  -43.810  9.552  38.456 0.0000000000
89714  -42.942  9.906  38.528 0.0000000000
137450  -42.373  11.015  37.494 0.0000000000
91298  -42.089  11.610  36.915 0.0000000000
91306  -42.076  12.282  35.926 0.0000000000
92015  -41.251  12.412  35.605 0.0000000000
92023  -41.283  12.398  35.105 0.0000000000
92022  -40.556  12.296  35.535 0.0000000000
90569  -39.524  10.851  35.855 0.0000000000
89747  -40.092  9.945  36.366 0.0000000000
88880  -40.611  9.046  36.932 0.0000000000
89732  -39.613  9.382  37.005 0.0000000000
89730  -37.722  9.696  37.238 0.0000000000
88864  -38.120  8.837  37.716 0.0000000000
88871  -37.207  9.180  37.788 0.0000000000
119160  -39.052  10.609  39.937 0.0000000000
90546  -38.144  10.871  38.602 0.0000000000
90537  -38.273  10.665  39.590 0.0000000000
90544  -36.512  10.177  38.554 0.0000000000
89711  -35.733  9.402  39.043 0.0000000000
90478  -41.696  10.539  45.248 0.0000000000
89642  -41.160  9.823  45.042 0.0000000000
90477  -40.746  10.710  45.364 0.0000000000
90496  -39.410  10.107  44.838 0.0000000000
90507  -38.304  10.001  43.821 0.0000000000
78748  -41.027  -3.166  42.612 0.0000000000
80372  -40.965  -1.626  42.470 0.0000000000
87091  -53.626  6.680  46.233 0.0000000000
87903  -54.067  7.191  46.263 0.0000000000
87913  -53.286  7.761  45.314 0.0000000000
88784  -53.557  8.063  45.905 0.0000000000
88783  -52.602  8.415  45.717 0.0000000000
88770  -52.012  9.022  46.126 0.0000000000
81115  -36.826  1.102  51.183 0.0000000000
132610  -38.120  1.812  51.216 0.0000000000
75372  -47.361  -7.015  49.155 0.0000000000
128070  -46.971  -7.472  49.251 0.0000000000
75371  -46.213  -7.671  49.147 0.0000000000
75370  -45.320  -7.877  49.067 0.0000000000
123187  -37.559  -9.483  49.474 0.0000000000
74542  -36.861  -8.822  49.403 0.0000000000
73711  -36.811  -9.611  49.544 0.0000000000
78785  -50.471  -3.670  40.617 0.0000000000
82046  -45.668  0.573  36.357 0.0000000000
83852  -47.319  2.058  33.882 0.0000000000
83851  -46.533  2.129  33.988 0.0000000000
83865  -46.097  2.740  33.559 0.0000000000
84712  -45.733  3.497  33.256 0.0000000000
140842  -45.062  3.252  45.221 0.0000000000
84614  -44.543  3.553  45.039 0.0000000000
84639  -45.882  3.925  43.883 0.0000000000
85460  -46.402  4.184  43.269 0.0000000000
135146  -51.599  9.239  37.205 0.0000000000
88885  -51.152  9.516  36.612 0.0000000000
89751  -50.853  10.196  36.508 0.0000000000
89750  -50.613  10.259  35.974 0.0000000000
90593  -49.946  10.981  34.849 0.0000000000
91341  -49.530  11.223  34.655 0.0000000000
91340  -48.833  11.504  34.008 0.0000000000
91339  -48.178  11.890  33.591 0.0000000000
118928  -47.354  11.995  33.419 0.0000000000
91324  -47.172  11.579  34.836 0.0000000000
91309  -46.633  11.110  35.651 0.0000000000
88812  -43.388  8.008  42.691 0.0000000000
88823  -42.865  8.295  41.759 0.0000000000
88822  -41.874  8.533  42.119 0.0000000000
89676  -41.067  8.814  42.483 0.0000000000
89675  -40.370  9.068  42.918 0.0000000000
89665  -40.434  9.108  43.793 0.0000000000
77944  -45.709  -4.686  41.312 0.0000000000
78766  -45.361  -3.972  41.031 0.0000000000
78779  -45.109  -3.224  40.776 0.0000000000
80381  -43.379  -1.740  41.177 0.0000000000
80387  -43.681  -1.388  40.670 0.0000000000
81180  -44.017  -0.969  40.022 0.0000000000
81188  -44.299  -0.580  39.353 0.0000000000
81192  -44.443  -0.203  38.639 0.0000000000
82030  -43.747  0.477  38.514 0.0000000000
82029  -43.122  1.422  38.511 0.0000000000
83776  -50.514  2.906  44.878 0.0000000000
84630  -50.887  3.431  44.379 0.0000000000
84644  -51.570  3.751  43.728 0.0000000000
87115  -53.600  6.044  43.505 0.0000000000
87116  -53.684  5.737  42.505 0.0000000000
87128  -53.229  6.609  40.931 0.0000000000
87954  -53.166  6.970  40.178 0.0000000000
87965  -52.628  7.577  40.000 0.0000000000
88842  -51.680  8.115  39.957 0.0000000000
136391  -50.763  8.457  39.910 0.0000000000
88841  -49.839  8.425  40.188 0.0000000000
88828  -48.501  8.069  41.082 0.0000000000
120025  -48.706  7.591  44.484 0.0000000000
87934  -48.444  7.407  43.460 0.0000000000
87922  -47.788  7.543  44.003 0.0000000000
87932  -46.636  7.713  43.990 0.0000000000
88804  -46.173  7.841  44.036 0.0000000000
125596  -45.822  8.200  44.533 0.0000000000
83001  -48.384  1.472  31.585 0.0000000000
83010  -48.423  2.149  31.063 0.0000000000
121630  -37.505  -1.358  46.132 0.0000000000
129338  -38.165  -0.914  45.675 0.0000000000
81973  -39.587  0.629  46.842 0.0000000000
82837  -40.808  1.936  49.072 0.0000000000
82846  -40.936  1.347  48.107 0.0000000000
121864  -41.665  1.563  48.535 0.0000000000
82848  -42.811  1.273  47.843 0.0000000000
117077  -43.560  1.239  47.838 0.0000000000
117634  -44.147  1.208  48.188 0.0000000000
117633  -45.330  1.253  48.298 0.0000000000
82825  -47.976  1.825  51.401 0.0000000000
117164  -47.518  1.592  49.972 0.0000000000
82833  -48.329  1.716  50.482 0.0000000000
136031  -48.555  1.713  49.731 0.0000000000
82844  -49.533  1.923  48.986 0.0000000000
82853  -49.975  2.071  48.109 0.0000000000
83747  -50.756  2.351  48.540 0.0000000000
78739  -52.382  -3.681  45.121 0.0000000000
77060  -48.586  -5.414  47.442 0.0000000000
76265  -47.377  -6.135  44.509 0.0000000000
76264  -46.710  -6.401  44.542 0.0000000000
139898  -46.180  -6.530  44.330 0.0000000000
76238  -44.736  -6.933  46.665 0.0000000000
116858  -44.120  -6.931  45.896 0.0000000000
76249  -43.471  -6.824  45.207 0.0000000000
76260  -42.675  -6.545  44.621 0.0000000000
127807  -42.944  -13.104  48.380 0.0000000000
136562  -43.189  -13.810  48.497 0.0000000000
70425  -43.767  -13.355  48.429 0.0000000000
71284  -44.336  -12.757  48.401 0.0000000000
127080  -45.079  -12.901  48.442 0.0000000000
71285  -45.525  -12.212  48.439 0.0000000000
72104  -44.888  -11.649  48.489 0.0000000000
72921  -45.052  -10.880  48.696 0.0000000000
126991  -44.785  -9.350  49.224 0.0000000000
73716  -43.166  -9.234  49.226 0.0000000000
74548  -42.867  -8.537  49.130 0.0000000000
136455  -39.825  -6.417  47.045 0.0000000000
77058  -39.027  -6.086  46.985 0.0000000000
77071  -38.160  -5.281  45.873 0.0000000000
77065  -38.234  -5.584  46.605 0.0000000000
77891  -37.107  -4.622  46.909 0.0000000000
78810  -55.435  -2.394  37.983 0.0000000000
80412  -55.024  -1.726  38.257 0.0000000000
125998  -54.585  -1.327  37.531 0.0000000000
82049  -48.713  0.077  35.986 0.0000000000
81222  -49.113  -0.375  36.515 0.0000000000
82050  -49.628  0.083  35.956 0.0000000000
82051  -50.547  0.101  35.957 0.0000000000
82052  -51.472  0.106  35.953 0.0000000000
82053  -52.420  0.133  35.855 0.0000000000
124853  -51.909  0.529  35.469 0.0000000000
82069  -52.838  0.696  35.104 0.0000000000
82079  -53.754  1.060  34.379 0.0000000000
82973  -54.034  1.295  33.639 0.0000000000
121436  -53.444  1.683  33.647 0.0000000000
82982  -52.658  2.196  33.475 0.0000000000
83871  -52.299  2.840  32.869 0.0000000000
84728  -49.720  4.121  32.346 0.0000000000
84729  -50.860  4.196  32.184 0.0000000000
85545  -50.622  4.885  31.654 0.0000000000
85556  -51.106  5.351  31.024 0.0000000000
85566  -51.347  5.008  30.842 0.0000000000
126795  -50.859  4.476  30.496 0.0000000000
85565  -50.517  5.241  30.324 0.0000000000
85574  -50.002  5.662  29.904 0.0000000000
86411  -49.892  6.357  29.758 0.0000000000
81988  -39.869  1.011  43.958 0.0000000000
82002  -40.249  0.844  43.248 0.0000000000
82897  -40.336  1.578  43.566 0.0000000000
83802  -40.667  2.104  42.995 0.0000000000
83803  -41.098  2.667  42.687 0.0000000000
84666  -43.647  4.930  41.760 0.0000000000
84665  -42.352  4.057  41.632 0.0000000000
138874  -42.810  4.299  40.168 0.0000000000
84677  -43.153  4.426  39.009 0.0000000000
134121  -44.049  5.393  37.962 0.0000000000
85487  -49.561  4.664  41.607 0.0000000000
85486  -48.706  4.797  41.587 0.0000000000
86308  -49.302  5.122  41.023 0.0000000000
86322  -49.158  5.520  40.351 0.0000000000
132657  -48.411  5.639  40.208 0.0000000000
88002  -47.872  7.516  36.596 0.0000000000
87992  -48.431  7.218  37.231 0.0000000000
87176  -46.981  7.116  36.912 0.0000000000
124721  -46.286  6.781  37.135 0.0000000000
87174  -45.561  6.540  36.787 0.0000000000
123773  -45.352  6.613  34.885 0.0000000000
87187  -45.260  6.476  34.029 0.0000000000
88024  -45.617  7.038  33.393 0.0000000000
88031  -46.099  7.619  32.735 0.0000000000
90618  -48.319  11.075  31.072 0.0000000000
89780  -48.144  10.205  31.087 0.0000000000
89786  -48.136  10.489  30.417 0.0000000000
122400  -48.325  9.674  30.152 0.0000000000
88930  -48.408  9.092  29.814 0.0000000000
124964  -47.689  8.418  29.497 0.0000000000
88052  -46.494  7.586  29.485 0.0000000000
88051  -45.324  7.403  29.737 0.0000000000
87221  -44.868  6.530  29.956 0.0000000000
88927  -44.958  8.307  29.924 0.0000000000
88043  -44.043  7.946  30.383 0.0000000000
90601  -44.790  11.383  33.018 0.0000000000
90606  -44.222  10.317  32.399 0.0000000000
90600  -44.176  11.035  32.976 0.0000000000
89771  -43.064  10.238  33.532 0.0000000000
89718  -47.016  9.136  38.522 0.0000000000
89734  -46.215  9.466  37.893 0.0000000000
89733  -45.132  9.613  37.784 0.0000000000
90552  -44.236  9.804  37.833 0.0000000000
90541  -41.703  10.224  39.050 0.0000000000
90550  -42.130  10.365  38.539 0.0000000000
91290  -40.962  11.792  37.199 0.0000000000
92014  -40.466  12.262  36.237 0.0000000000
92007  -39.686  12.088  36.374 0.0000000000
90581  -39.016  11.676  36.085 0.0000000000
90567  -37.993  10.879  36.773 0.0000000000
90555  -37.488  10.604  37.424 0.0000000000
90536  -37.421  10.551  39.297 0.0000000000
90526  -37.724  10.508  40.243 0.0000000000
117752  -35.886  10.112  39.728 0.0000000000
89689  -35.453  9.674  39.630 0.0000000000
135166  -35.806  10.162  40.409 0.0000000000
90518  -35.260  10.087  40.969 0.0000000000
77929  -43.497  -4.423  42.223 0.0000000000
78751  -43.322  -3.737  41.966 0.0000000000
78764  -43.020  -3.069  41.818 0.0000000000
79579  -42.599  -2.441  41.771 0.0000000000
80380  -42.789  -1.735  41.475 0.0000000000
81174  -42.923  -1.042  41.087 0.0000000000
81178  -42.639  -0.239  40.802 0.0000000000
86270  -51.132  5.235  44.930 0.0000000000
86271  -52.446  5.569  44.778 0.0000000000
86272  -53.499  5.974  44.808 0.0000000000
87101  -53.864  6.600  45.576 0.0000000000
87114  -53.009  6.514  43.329 0.0000000000
87936  -50.516  6.951  43.270 0.0000000000
128029  -50.379  7.095  44.032 0.0000000000
87923  -49.893  7.504  44.573 0.0000000000
87910  -49.373  7.962  45.217 0.0000000000
120041  -48.989  8.517  45.595 0.0000000000
82098  -50.293  0.914  32.406 0.0000000000
80349  -37.171  0.505  48.357 0.0000000000
81123  -38.606  2.149  50.805 0.0000000000
81964  -39.375  2.342  50.284 0.0000000000
128660  -40.179  2.329  49.863 0.0000000000
76227  -47.767  -5.926  47.711 0.0000000000
76223  -43.543  -7.084  47.539 0.0000000000
68666  -41.918  -15.361  49.710 0.0000000000
69523  -41.518  -15.048  49.056 0.0000000000
69538  -41.092  -14.465  48.698 0.0000000000
70423  -41.550  -13.729  48.472 0.0000000000
139702  -41.209  -13.043  48.467 0.0000000000
127808  -42.015  -12.891  48.394 0.0000000000
76201  -38.328  -6.580  48.291 0.0000000000
75380  -37.825  -7.236  48.642 0.0000000000
81195  -47.195  -0.998  37.788 0.0000000000
82048  -47.780  0.120  36.100 0.0000000000
83854  -49.839  2.159  33.928 0.0000000000
83868  -49.310  2.673  33.448 0.0000000000
84715  -48.846  3.279  32.930 0.0000000000
85554  -49.037  5.681  31.376 0.0000000000
84611  -42.155  3.164  45.495 0.0000000000
84623  -41.880  3.459  44.827 0.0000000000
84624  -42.406  3.898  44.388 0.0000000000
85449  -42.840  4.278  43.896 0.0000000000
129160  -44.245  3.966  44.505 0.0000000000
84653  -44.292  4.789  42.871 0.0000000000
86304  -45.528  5.472  40.894 0.0000000000
87147  -50.962  6.266  39.025 0.0000000000
87159  -51.275  6.906  38.222 0.0000000000
87994  -50.362  7.475  37.435 0.0000000000
88884  -50.801  8.731  36.647 0.0000000000
88883  -49.913  8.607  36.277 0.0000000000
88003  -49.033  7.842  36.618 0.0000000000
88014  -48.415  8.112  36.144 0.0000000000
88891  -47.520  8.523  35.045 0.0000000000
88899  -47.295  9.013  34.246 0.0000000000
89773  -47.972  10.294  32.772 0.0000000000
90602  -48.462  11.287  32.471 0.0000000000
139077  -48.269  11.637  31.230 0.0000000000
91376  -47.833  11.626  30.710 0.0000000000
90617  -47.079  11.507  30.503 0.0000000000
90624  -46.285  10.922  30.300 0.0000000000
90616  -46.074  11.312  30.924 0.0000000000
90608  -45.826  11.529  31.785 0.0000000000
91360  -45.577  11.606  32.597 0.0000000000
139782  -46.186  11.858  32.833 0.0000000000
136654  -44.280  11.770  33.969 0.0000000000
88836  -45.142  8.352  40.648 0.0000000000
88851  -44.901  8.641  39.749 0.0000000000
88849  -43.062  9.050  39.909 0.0000000000
89693  -42.220  9.230  40.189 0.0000000000
90540  -41.072  10.463  39.211 0.0000000000
90547  -39.005  11.106  38.549 0.0000000000
90538  -39.501  10.806  39.303 0.0000000000
89690  -39.876  9.825  41.091 0.0000000000
90528  -39.128  10.202  40.923 0.0000000000
78782  -47.541  -3.879  40.237 0.0000000000
78781  -46.680  -3.723  40.327 0.0000000000
78796  -47.148  -3.252  39.824 0.0000000000
135294  -46.831  -2.645  39.530 0.0000000000
79591  -44.816  -2.455  40.563 0.0000000000
134465  -46.277  -1.616  39.003 0.0000000000
81203  -45.938  -0.274  37.471 0.0000000000
82038  -45.192  0.264  37.230 0.0000000000
82943  -44.372  1.706  36.169 0.0000000000
83837  -44.230  2.439  35.704 0.0000000000
83786  -47.801  2.584  44.989 0.0000000000
84628  -48.292  2.871  44.327 0.0000000000
126747  -48.553  3.206  43.729 0.0000000000
84641  -49.248  3.369  43.376 0.0000000000
84642  -50.120  3.200  43.686 0.0000000000
84656  -50.118  3.578  42.970 0.0000000000
85472  -49.857  4.189  42.233 0.0000000000
117425  -50.478  4.548  41.658 0.0000000000
86279  -51.862  4.696  44.359 0.0000000000
85451  -52.291  4.303  43.773 0.0000000000
140720  -52.702  4.146  42.704 0.0000000000
86288  -53.702  5.176  42.457 0.0000000000
85489  -53.015  4.447  42.216 0.0000000000
85488  -52.465  4.504  41.799 0.0000000000
85498  -52.313  4.963  41.063 0.0000000000
86324  -52.206  5.530  40.229 0.0000000000
87148  -52.212  6.150  39.433 0.0000000000
87160  -52.166  6.775  38.665 0.0000000000
87984  -52.545  7.432  38.493 0.0000000000
88858  -52.649  7.925  39.028 0.0000000000
88867  -52.110  8.742  37.992 0.0000000000
88876  -51.988  8.672  37.676 0.0000000000
89739  -51.196  10.000  37.307 0.0000000000
89738  -50.590  10.237  37.443 0.0000000000
90561  -49.129  10.608  36.941 0.0000000000
89736  -48.580  9.968  37.677 0.0000000000
89719  -48.070  9.385  38.413 0.0000000000
89704  -48.619  9.119  39.055 0.0000000000
89702  -46.687  8.765  39.269 0.0000000000
88852  -46.385  8.569  39.994 0.0000000000
87951  -48.974  7.600  41.891 0.0000000000
87950  -47.998  7.812  41.787 0.0000000000
88827  -47.553  8.194  41.066 0.0000000000
133099  -44.508  8.195  41.261 0.0000000000
118360  -44.623  7.993  41.961 0.0000000000
88813  -44.256  7.899  42.631 0.0000000000
88801  -43.058  8.150  43.574 0.0000000000
88790  -42.816  8.553  44.289 0.0000000000
130546  -38.979  -3.109  44.117 0.0000000000
130670  -39.536  -1.915  43.613 0.0000000000
79564  -38.921  -2.256  44.189 0.0000000000
80360  -39.124  -1.343  44.101 0.0000000000
81141  -38.642  -0.537  45.309 0.0000000000
81148  -39.181  0.048  44.839 0.0000000000
81987  -39.511  0.409  44.318 0.0000000000
82878  -39.801  1.028  44.854 0.0000000000
82879  -40.425  1.714  45.312 0.0000000000
82880  -41.097  2.253  45.693 0.0000000000
81977  -40.376  1.067  46.676 0.0000000000
83768  -42.829  2.871  46.033 0.0000000000
83754  -43.834  2.655  46.205 0.0000000000
83755  -44.768  2.411  46.252 0.0000000000
83771  -45.320  2.729  45.669 0.0000000000
83772  -46.232  2.437  45.616 0.0000000000
82841  -44.920  1.549  49.500 0.0000000000
138166  -45.501  1.346  48.928 0.0000000000
82850  -46.046  1.326  48.401 0.0000000000
82842  -47.021  1.502  49.429 0.0000000000
83774  -48.334  2.275  45.660 0.0000000000
138840  -49.417  2.412  45.812 0.0000000000
83759  -50.159  2.649  46.381 0.0000000000
83750  -50.018  2.246  47.482 0.0000000000
84616  -50.367  3.052  45.868 0.0000000000
85436  -50.120  3.502  46.069 0.0000000000
131132  -49.878  4.311  45.735 0.0000000000
85428  -48.927  4.449  47.039 0.0000000000
78752  -51.714  -3.609  43.657 0.0000000000
77931  -50.962  -3.877  42.802 0.0000000000
120499  -49.983  -4.480  42.670 0.0000000000
136394  -49.267  -4.883  42.603 0.0000000000
77913  -49.905  -4.492  44.860 0.0000000000
77075  -49.356  -4.830  45.496 0.0000000000
77110  -48.833  -5.231  43.012 0.0000000000
77126  -48.632  -5.142  42.227 0.0000000000
77125  -47.797  -5.328  41.904 0.0000000000
77107  -46.479  -5.806  42.312 0.0000000000
138749  -46.978  -6.001  42.694 0.0000000000
77106  -45.599  -5.624  42.209 0.0000000000
77105  -44.695  -5.323  42.224 0.0000000000
117972  -46.069  -6.598  44.791 0.0000000000
76262  -44.889  -6.690  44.327 0.0000000000
119665  -44.829  -6.430  43.566 0.0000000000
77094  -44.266  -5.907  42.920 0.0000000000
77104  -43.713  -5.189  42.557 0.0000000000
77103  -42.888  -4.802  42.645 0.0000000000
77921  -42.166  -4.878  42.929 0.0000000000
77920  -41.403  -4.551  43.008 0.0000000000
77919  -40.563  -4.477  43.353 0.0000000000
78738  -39.375  -3.749  43.849 0.0000000000
117779  -48.020  -9.846  49.339 0.0000000000
135074  -46.770  -14.447  52.086 0.0000000000
69512  -47.331  -14.455  50.574 0.0000000000
68667  -42.756  -15.279  49.775 0.0000000000
121348  -44.463  -14.958  50.100 0.0000000000
69541  -43.937  -14.251  48.743 0.0000000000
69526  -44.579  -14.604  49.236 0.0000000000
69527  -45.360  -14.586  49.619 0.0000000000
69528  -46.236  -14.419  49.655 0.0000000000
69529  -47.040  -14.318  49.761 0.0000000000
70401  -47.757  -14.226  49.972 0.0000000000
117049  -48.377  -13.834  49.875 0.0000000000
120080  -48.341  -13.302  49.362 0.0000000000
140424  -48.120  -12.248  48.900 0.0000000000
71286  -46.373  -12.453  48.502 0.0000000000
72090  -47.553  -11.870  48.740 0.0000000000
128195  -47.744  -10.871  49.004 0.0000000000
73720  -47.120  -9.366  49.330 0.0000000000
74551  -45.875  -8.420  49.301 0.0000000000
135522  -44.377  -8.748  49.241 0.0000000000
75369  -44.383  -8.073  49.029 0.0000000000
76222  -42.698  -6.985  47.595 0.0000000000
72906  -42.008  -9.893  49.129 0.0000000000
74547  -42.022  -8.550  49.117 0.0000000000
75366  -41.607  -7.940  48.889 0.0000000000
75384  -42.030  -7.450  48.581 0.0000000000
76205  -42.383  -7.143  48.197 0.0000000000
76235  -42.133  -6.807  46.934 0.0000000000
77912  -39.230  -4.468  44.208 0.0000000000
130336  -38.481  -2.943  44.629 0.0000000000
129747  -37.968  -2.755  45.203 0.0000000000
78731  -37.550  -3.502  45.615 0.0000000000
79559  -37.405  -2.411  45.809 0.0000000000
124472  -37.412  -5.708  48.016 0.0000000000
77055  -36.865  -5.124  47.722 0.0000000000
78725  -36.108  -2.667  47.421 0.0000000000
80351  -36.536  -0.597  47.779 0.0000000000
80348  -36.259  -0.067  48.594 0.0000000000
81120  -36.295  0.777  50.205 0.0000000000
130350  -35.025  -1.242  49.096 0.0000000000
80341  -35.217  -0.433  49.741 0.0000000000
78824  -54.508  -3.386  36.495 0.0000000000
78818  -55.134  -3.057  37.472 0.0000000000
135781  -54.485  -3.170  35.641 0.0000000000
78833  -54.143  -3.224  34.804 0.0000000000
78847  -54.433  -2.802  34.496 0.0000000000
79657  -54.355  -2.570  34.024 0.0000000000
78784  -49.416  -3.867  40.381 0.0000000000
78799  -49.935  -3.360  39.811 0.0000000000
80421  -48.087  -1.185  37.687 0.0000000000
81207  -49.506  -0.825  37.065 0.0000000000
80424  -50.873  -1.362  37.617 0.0000000000
80426  -53.685  -1.308  37.721 0.0000000000
81211  -53.890  -0.795  36.920 0.0000000000
81212  -54.757  -0.948  36.619 0.0000000000
81227  -54.124  -0.294  35.947 0.0000000000
81228  -54.934  -0.630  35.689 0.0000000000
80453  -55.137  -1.373  34.667 0.0000000000
79666  -54.784  -1.803  34.009 0.0000000000
131570  -54.016  -1.699  33.432 0.0000000000
81254  -54.046  -0.816  33.128 0.0000000000
81253  -53.222  -0.551  33.059 0.0000000000
129221  -53.361  0.375  32.580 0.0000000000
82993  -53.846  1.292  32.665 0.0000000000
140013  -53.485  1.073  32.426 0.0000000000
82089  -52.642  0.108  32.803 0.0000000000
82990  -50.985  1.469  31.920 0.0000000000
83855  -50.893  2.306  33.778 0.0000000000
83881  -52.552  3.149  32.180 0.0000000000
84730  -51.663  4.067  32.044 0.0000000000
84731  -52.110  3.789  31.799 0.0000000000
83894  -52.448  3.242  31.696 0.0000000000
83004  -52.153  2.625  31.499 0.0000000000
83003  -51.123  2.291  31.362 0.0000000000
83002  -49.871  1.994  31.359 0.0000000000
83891  -49.505  2.476  30.995 0.0000000000
84751  -49.802  4.052  30.301 0.0000000000
119804  -48.113  2.728  30.662 0.0000000000
83904  -47.365  2.910  30.558 0.0000000000
80365  -40.176  -1.536  43.063 0.0000000000
123370  -40.653  -0.761  42.621 0.0000000000
81164  -41.001  0.005  42.267 0.0000000000
81172  -41.604  0.055  41.638 0.0000000000
139252  -42.125  0.141  41.158 0.0000000000
82015  -42.363  0.521  40.642 0.0000000000
84635  -41.638  3.492  43.921 0.0000000000
84650  -41.510  3.396  42.952 0.0000000000
83806  -41.326  2.525  41.980 0.0000000000
83807  -41.737  2.964  41.286 0.0000000000
82919  -42.113  1.356  40.570 0.0000000000
82023  -42.598  0.934  39.932 0.0000000000
82925  -42.685  1.490  39.294 0.0000000000
82930  -43.271  1.973  37.735 0.0000000000
83821  -42.789  3.310  38.590 0.0000000000
83826  -43.044  2.960  37.851 0.0000000000
84698  -44.242  3.243  35.167 0.0000000000
85461  -47.235  3.918  43.217 0.0000000000
85470  -46.898  4.436  42.671 0.0000000000
134537  -47.453  4.582  42.248 0.0000000000
85484  -46.790  4.956  41.881 0.0000000000
86305  -46.376  5.378  41.129 0.0000000000
136235  -46.076  5.574  40.548 0.0000000000
86319  -45.461  5.694  40.173 0.0000000000
87146  -49.630  6.224  39.064 0.0000000000
87145  -48.571  6.245  39.072 0.0000000000
116394  -47.897  6.796  37.772 0.0000000000
87144  -47.463  6.267  39.040 0.0000000000
86331  -45.558  5.913  39.528 0.0000000000
137425  -45.060  5.964  39.217 0.0000000000
86345  -44.510  5.749  38.809 0.0000000000
86352  -44.860  6.095  37.192 0.0000000000
86357  -44.297  5.459  36.743 0.0000000000
85521  -43.848  4.653  36.476 0.0000000000
85524  -43.892  4.093  35.758 0.0000000000
84703  -44.654  3.594  34.370 0.0000000000
84711  -45.049  3.875  33.686 0.0000000000
136339  -45.444  4.282  33.065 0.0000000000
85553  -47.641  5.576  31.551 0.0000000000
86391  -48.602  6.506  31.027 0.0000000000
88905  -46.588  8.479  32.933 0.0000000000
126473  -47.699  9.346  31.213 0.0000000000
88038  -47.065  7.690  31.369 0.0000000000
87208  -48.011  7.377  30.805 0.0000000000
123211  -49.479  7.198  30.355 0.0000000000
87216  -50.115  6.945  29.947 0.0000000000
87226  -49.616  7.090  29.678 0.0000000000
86410  -48.918  6.111  29.505 0.0000000000
127488  -47.763  6.664  29.433 0.0000000000
85572  -47.966  5.151  29.620 0.0000000000
85571  -46.901  5.064  29.680 0.0000000000
89792  -45.003  9.687  30.555 0.0000000000
89791  -44.356  9.440  30.984 0.0000000000
89779  -43.737  9.683  32.396 0.0000000000
88910  -43.483  9.020  31.951 0.0000000000
90573  -47.311  10.671  36.332 0.0000000000
90572  -46.131  10.516  36.410 0.0000000000
91308  -45.484  11.070  35.749 0.0000000000
91321  -42.927  12.223  34.879 0.0000000000
89700  -44.319  9.070  39.063 0.0000000000
116422  -42.603  10.543  37.927 0.0000000000
139541  -43.048  11.659  36.234 0.0000000000
91320  -42.702  12.192  35.458 0.0000000000
92028  -42.447  12.237  34.771 0.0000000000
92027  -41.894  12.323  34.868 0.0000000000
90584  -41.100  11.306  35.009 0.0000000000
89757  -41.421  10.145  35.382 0.0000000000
90583  -40.149  11.510  35.474 0.0000000000
89748  -41.155  9.481  36.172 0.0000000000
89731  -38.536  9.542  37.032 0.0000000000
88865  -38.966  8.339  38.163 0.0000000000
89728  -36.772  10.110  37.960 0.0000000000
88845  -35.264  9.141  39.610 0.0000000000
89633  -48.551  9.831  46.069 0.0000000000
89646  -44.966  9.348  45.313 0.0000000000
89645  -44.041  9.514  45.213 0.0000000000
89656  -42.504  9.113  44.711 0.0000000000
90479  -42.518  10.556  45.195 0.0000000000
89655  -41.590  9.133  44.533 0.0000000000
117958  -40.724  9.371  44.475 0.0000000000
89654  -39.912  9.543  44.316 0.0000000000
90476  -39.783  10.615  45.330 0.0000000000
90513  -38.087  9.981  42.866 0.0000000000
71287  -47.071  -12.504  48.624 0.0000000000
72106  -46.799  -11.899  48.589 0.0000000000
73715  -42.397  -9.188  49.214 0.0000000000
77901  -52.033  -3.586  46.757 0.0000000000
78834  -54.754  -2.742  35.228 0.0000000000
79624  -55.354  -1.916  38.018 0.0000000000
79636  -55.273  -2.272  35.640 0.0000000000
79665  -54.191  -2.182  33.669 0.0000000000
81116  -37.502  1.527  51.164 0.0000000000
81229  -55.231  -1.088  35.351 0.0000000000
81237  -54.988  -0.562  34.713 0.0000000000
81266  -54.282  0.597  32.922 0.0000000000
82062  -45.684  0.914  35.820 0.0000000000
82101  -53.902  0.564  32.657 0.0000000000
82974  -54.221  1.025  33.241 0.0000000000
83737  -51.106  2.254  49.701 0.0000000000
83872  -52.934  2.526  32.678 0.0000000000
84629  -50.374  2.976  44.319 0.0000000000
84657  -51.045  3.546  43.060 0.0000000000
84740  -51.931  4.038  31.331 0.0000000000
84753  -51.758  4.488  30.959 0.0000000000
85462  -52.441  4.004  43.180 0.0000000000
85471  -49.088  4.405  42.079 0.0000000000
85490  -53.515  5.090  41.805 0.0000000000
85536  -44.957  4.543  33.570 0.0000000000
86287  -53.679  5.354  43.075 0.0000000000
86295  -53.647  5.540  41.926 0.0000000000
86310  -53.383  5.455  41.088 0.0000000000
86339  -53.279  6.284  40.002 0.0000000000
86371  -44.952  5.695  33.875 0.0000000000
86409  -47.809  5.879  29.482 0.0000000000
87175  -46.256  7.012  36.474 0.0000000000
87210  -50.101  6.824  30.165 0.0000000000
87225  -48.826  7.435  29.562 0.0000000000
87915  -54.180  7.151  45.941 0.0000000000
87933  -47.099  7.601  43.581 0.0000000000
87996  -52.457  8.078  38.268 0.0000000000
88004  -50.093  7.991  36.887 0.0000000000
88772  -53.966  7.583  46.109 0.0000000000
89723  -51.626  9.352  37.557 0.0000000000
89740  -51.301  9.830  36.976 0.0000000000
89744  -37.663  10.301  37.081 0.0000000000
89766  -49.670  10.630  34.689 0.0000000000
90582  -39.393  11.610  35.844 0.0000000000
90591  -42.739  11.244  33.953 0.0000000000
90610  -48.355  11.538  31.686 0.0000000000
90623  -45.521  10.515  30.683 0.0000000000
90625  -46.965  10.791  29.917 0.0000000000
90631  -47.531  10.544  29.847 0.0000000000
91302  -37.956  11.206  37.020 0.0000000000
91304  -39.220  11.923  36.172 0.0000000000
91318  -39.982  12.034  35.647 0.0000000000
91327  -49.967  11.184  35.107 0.0000000000
91333  -41.523  12.105  34.799 0.0000000000
91353  -48.035  12.202  32.348 0.0000000000
91364  -48.291  11.919  31.564 0.0000000000
91370  -48.114  11.935  31.171 0.0000000000
92013  -39.828  12.180  35.903 0.0000000000
124061  -43.861  5.019  37.227 0.0000000000
125261  -54.313  0.490  34.623 0.0000000000
126571  -54.570  -0.363  33.387 0.0000000000
127748  -53.338  2.094  33.076 0.0000000000
130592  -40.981  2.088  42.363 0.0000000000
131533  -43.645  3.910  36.395 0.0000000000
134817  -50.173  11.092  35.501 0.0000000000
135835  -44.805  -12.296  48.424 0.0000000000
137431  -54.466  0.165  33.101 0.0000000000
137466  -39.483  0.520  44.867 0.0000000000
137478  -40.307  1.634  48.638 0.0000000000
137515  -41.338  2.996  42.433 0.0000000000
137755  -50.616  7.066  37.878 0.0000000000
138016  -53.464  4.739  42.441 0.0000000000
138021  -47.933  12.168  31.393 0.0000000000
138039  -45.904  -9.607  49.199 0.0000000000
138281  -43.784  11.443  36.058 0.0000000000
139033  -38.895  -0.257  45.099 0.0000000000
139070  -48.576  8.521  40.073 0.0000000000
139548  -43.041  1.616  48.950 0.0000000000
