#!ascii label  , from subject sub-v1s17x0051139_ses-1 vox2ras=TkReg
1915
61190  46.440  -24.221  48.566 0.0000000000
42690  40.874  -44.431  66.109 0.0000000000
36193  26.323  -51.529  65.944 0.0000000000
130260  21.518  -54.909  68.190 0.0000000000
38981  36.184  -48.781  70.652 0.0000000000
39990  30.444  -47.327  60.628 0.0000000000
55120  41.512  -31.232  50.678 0.0000000000
63821  54.246  -21.727  47.033 0.0000000000
56871  45.751  -29.517  61.469 0.0000000000
51360  40.943  -35.348  61.215 0.0000000000
46477  33.138  -39.895  55.994 0.0000000000
32040  30.366  -55.606  71.077 0.0000000000
134403  24.497  -53.789  65.953 0.0000000000
33019  27.856  -54.738  73.498 0.0000000000
34088  32.414  -52.893  68.189 0.0000000000
57799  49.873  -28.801  59.459 0.0000000000
46329  39.664  -40.873  72.393 0.0000000000
48324  42.022  -38.240  68.555 0.0000000000
48359  47.079  -38.906  64.931 0.0000000000
47392  41.173  -39.884  63.522 0.0000000000
48392  37.124  -37.750  59.868 0.0000000000
45476  36.672  -42.176  60.965 0.0000000000
40880  24.025  -46.880  58.334 0.0000000000
41854  27.408  -45.552  55.509 0.0000000000
62921  49.537  -22.236  47.453 0.0000000000
127636  49.971  -22.720  42.990 0.0000000000
37200  23.045  -50.294  59.848 0.0000000000
34155  20.722  -53.902  60.194 0.0000000000
135928  39.483  -47.296  69.076 0.0000000000
41778  35.258  -45.251  63.730 0.0000000000
38040  34.056  -49.119  66.596 0.0000000000
123226  28.617  -49.082  63.872 0.0000000000
58784  43.105  -27.005  49.669 0.0000000000
118051  24.980  -54.233  76.909 0.0000000000
30253  22.364  -58.171  70.421 0.0000000000
62871  50.492  -22.346  52.748 0.0000000000
60355  47.517  -25.402  52.958 0.0000000000
56970  46.531  -29.021  54.411 0.0000000000
55999  44.194  -30.679  56.104 0.0000000000
53226  41.762  -33.342  57.421 0.0000000000
54966  47.674  -31.556  65.420 0.0000000000
136285  46.283  -35.529  59.888 0.0000000000
49416  42.758  -37.059  56.621 0.0000000000
50474  38.378  -36.487  56.263 0.0000000000
43685  31.102  -43.382  58.785 0.0000000000
35105  29.080  -52.346  71.713 0.0000000000
32042  28.879  -55.809  71.581 0.0000000000
35086  28.806  -52.950  73.941 0.0000000000
36131  31.298  -52.194  70.549 0.0000000000
131183  39.907  -42.530  69.178 0.0000000000
46384  41.085  -41.289  66.448 0.0000000000
45405  43.625  -40.896  65.767 0.0000000000
44511  41.588  -42.300  64.384 0.0000000000
46436  38.549  -41.010  62.284 0.0000000000
44514  38.715  -42.733  63.132 0.0000000000
39141  22.404  -48.508  56.137 0.0000000000
40079  23.455  -47.649  54.592 0.0000000000
62060  47.414  -23.281  48.074 0.0000000000
62073  47.997  -22.978  45.056 0.0000000000
62076  45.664  -23.981  45.679 0.0000000000
129454  24.567  -50.558  62.903 0.0000000000
35238  21.915  -52.101  60.069 0.0000000000
35190  23.621  -52.349  62.730 0.0000000000
33108  22.522  -54.057  66.700 0.0000000000
33128  21.361  -54.355  63.360 0.0000000000
32089  20.735  -55.873  63.951 0.0000000000
30299  20.212  -57.877  64.605 0.0000000000
42615  38.145  -44.815  71.770 0.0000000000
39896  38.048  -48.026  70.070 0.0000000000
39011  37.366  -48.509  68.119 0.0000000000
37077  36.868  -49.934  69.112 0.0000000000
126372  29.340  -51.666  67.745 0.0000000000
37129  30.400  -50.510  65.809 0.0000000000
141690  27.131  -49.443  65.257 0.0000000000
39069  24.681  -48.924  62.249 0.0000000000
57904  41.750  -29.340  50.091 0.0000000000
57942  40.892  -28.199  47.030 0.0000000000
56092  40.472  -30.854  47.683 0.0000000000
28344  22.813  -60.069  70.922 0.0000000000
58723  46.907  -26.925  53.746 0.0000000000
58696  48.374  -27.753  56.430 0.0000000000
57786  47.876  -28.602  60.744 0.0000000000
55963  47.052  -30.537  57.923 0.0000000000
56899  44.948  -29.842  59.464 0.0000000000
55984  41.662  -30.872  57.316 0.0000000000
55005  43.597  -31.456  59.820 0.0000000000
50372  43.952  -36.766  63.388 0.0000000000
50388  46.943  -36.899  62.022 0.0000000000
136331  44.729  -36.157  60.729 0.0000000000
50444  44.875  -36.420  58.051 0.0000000000
51399  41.658  -35.545  58.784 0.0000000000
49418  40.269  -36.681  57.046 0.0000000000
51388  39.191  -35.310  59.162 0.0000000000
126830  34.963  -37.193  56.016 0.0000000000
40841  32.543  -46.580  62.441 0.0000000000
42750  33.447  -44.608  61.425 0.0000000000
41808  30.896  -45.471  59.790 0.0000000000
120618  28.007  -44.436  53.736 0.0000000000
118736  57.053  -21.575  43.314 0.0000000000
130233  54.634  -21.683  44.028 0.0000000000
34076  28.360  -53.839  68.763 0.0000000000
35174  25.615  -53.129  65.680 0.0000000000
33097  27.065  -54.383  68.805 0.0000000000
32056  26.496  -54.635  69.543 0.0000000000
33049  24.864  -53.745  71.002 0.0000000000
37990  33.846  -49.659  71.062 0.0000000000
36127  35.276  -51.536  69.735 0.0000000000
36129  33.248  -52.286  70.394 0.0000000000
33073  31.788  -54.525  69.699 0.0000000000
59530  50.703  -25.926  58.886 0.0000000000
57741  48.653  -27.896  64.147 0.0000000000
48332  44.773  -38.648  67.369 0.0000000000
47390  43.764  -39.538  64.408 0.0000000000
49370  41.010  -37.404  62.923 0.0000000000
50412  38.776  -36.513  60.719 0.0000000000
137606  38.839  -38.743  62.035 0.0000000000
47405  36.763  -39.724  60.307 0.0000000000
45491  34.763  -41.156  58.554 0.0000000000
118023  28.260  -47.577  59.810 0.0000000000
40891  28.367  -46.172  57.710 0.0000000000
41838  26.461  -45.691  57.078 0.0000000000
119005  52.311  -21.682  47.037 0.0000000000
62951  52.644  -22.172  44.452 0.0000000000
62953  50.341  -22.665  44.606 0.0000000000
34114  22.821  -53.443  63.456 0.0000000000
43553  39.598  -43.914  70.432 0.0000000000
41724  40.436  -45.762  67.727 0.0000000000
42694  38.228  -44.666  64.981 0.0000000000
40808  37.839  -46.340  66.699 0.0000000000
40816  34.779  -46.886  65.279 0.0000000000
39061  31.922  -48.173  63.105 0.0000000000
37101  33.547  -50.869  67.316 0.0000000000
38067  31.438  -49.580  64.385 0.0000000000
39064  29.904  -48.770  62.153 0.0000000000
39977  26.123  -47.492  61.472 0.0000000000
39109  23.704  -48.264  59.423 0.0000000000
60392  44.746  -25.581  48.988 0.0000000000
60418  44.008  -25.035  46.255 0.0000000000
59646  42.172  -26.405  47.121 0.0000000000
33007  26.668  -53.975  74.815 0.0000000000
33037  23.260  -54.211  72.218 0.0000000000
31139  22.880  -56.111  72.994 0.0000000000
31164  21.427  -56.507  69.317 0.0000000000
63794  52.869  -21.281  49.689 0.0000000000
62893  50.050  -22.060  50.015 0.0000000000
62034  48.326  -23.342  50.335 0.0000000000
140735  46.750  -24.980  50.970 0.0000000000
59595  45.816  -26.218  51.532 0.0000000000
57870  44.536  -28.410  52.276 0.0000000000
56985  44.097  -30.300  52.477 0.0000000000
56939  48.331  -29.670  57.546 0.0000000000
128130  45.628  -31.185  55.056 0.0000000000
55087  43.162  -31.830  53.205 0.0000000000
55075  40.456  -31.260  54.303 0.0000000000
53250  39.265  -33.573  55.001 0.0000000000
131957  48.145  -31.412  63.882 0.0000000000
123104  47.719  -35.335  64.795 0.0000000000
53164  48.141  -33.866  62.805 0.0000000000
54139  45.301  -32.941  61.176 0.0000000000
53212  44.459  -34.421  58.602 0.0000000000
51427  43.271  -35.804  56.143 0.0000000000
121269  37.272  -36.043  57.866 0.0000000000
43648  36.587  -43.516  62.371 0.0000000000
44550  34.807  -42.751  60.052 0.0000000000
45501  31.740  -41.492  57.370 0.0000000000
42787  29.237  -44.703  57.163 0.0000000000
44587  29.453  -42.839  56.207 0.0000000000
35095  28.773  -52.568  72.775 0.0000000000
36109  28.047  -51.776  72.720 0.0000000000
43586  40.750  -44.022  66.844 0.0000000000
45386  40.054  -42.009  67.466 0.0000000000
44472  41.053  -43.244  66.194 0.0000000000
44470  42.247  -42.147  65.449 0.0000000000
43610  41.429  -43.174  65.129 0.0000000000
123625  40.126  -42.660  63.818 0.0000000000
43612  39.847  -43.552  64.364 0.0000000000
62061  46.670  -23.835  48.004 0.0000000000
62067  46.596  -23.578  46.516 0.0000000000
61196  46.295  -23.977  47.216 0.0000000000
36203  25.140  -51.237  64.085 0.0000000000
137102  23.924  -51.771  62.675 0.0000000000
36201  25.381  -51.888  64.618 0.0000000000
33102  22.143  -54.263  67.758 0.0000000000
32080  21.270  -54.807  65.916 0.0000000000
138676  20.924  -55.619  65.188 0.0000000000
31179  20.472  -57.074  64.570 0.0000000000
31171  20.926  -56.122  66.087 0.0000000000
38963  34.923  -48.009  71.814 0.0000000000
39869  35.972  -46.868  71.997 0.0000000000
39883  37.306  -47.423  70.663 0.0000000000
38989  37.087  -49.062  70.178 0.0000000000
38018  37.598  -49.366  69.138 0.0000000000
38004  36.824  -49.758  69.913 0.0000000000
37102  27.869  -51.360  67.517 0.0000000000
37116  28.297  -50.686  67.000 0.0000000000
137734  26.341  -50.691  65.742 0.0000000000
38073  25.741  -49.731  64.521 0.0000000000
56070  41.445  -30.672  50.167 0.0000000000
57034  40.770  -29.623  48.954 0.0000000000
56080  40.394  -30.968  48.791 0.0000000000
60323  48.956  -25.298  56.813 0.0000000000
124574  48.126  -26.313  55.556 0.0000000000
130592  48.983  -26.426  57.075 0.0000000000
57755  47.064  -28.571  61.429 0.0000000000
56882  46.295  -29.253  60.145 0.0000000000
56883  45.391  -29.622  60.131 0.0000000000
55953  44.275  -30.247  59.725 0.0000000000
55945  44.457  -30.645  60.517 0.0000000000
50391  42.562  -36.147  62.781 0.0000000000
50408  44.807  -36.135  61.782 0.0000000000
51358  42.980  -35.341  61.315 0.0000000000
51383  43.662  -35.852  59.661 0.0000000000
51371  41.555  -35.028  60.418 0.0000000000
51400  40.684  -35.308  58.703 0.0000000000
51373  40.065  -35.200  60.185 0.0000000000
40844  31.981  -46.620  61.853 0.0000000000
41794  32.138  -45.839  61.406 0.0000000000
40851  30.940  -46.613  60.605 0.0000000000
118740  55.419  -21.697  45.201 0.0000000000
118924  54.670  -21.711  45.410 0.0000000000
137696  29.660  -55.037  69.489 0.0000000000
34077  27.387  -53.991  68.533 0.0000000000
32066  28.932  -55.562  70.036 0.0000000000
32043  28.074  -55.472  71.757 0.0000000000
126629  27.553  -55.284  70.366 0.0000000000
33047  26.649  -54.664  71.224 0.0000000000
123941  25.912  -54.340  70.431 0.0000000000
134827  26.480  -54.359  72.184 0.0000000000
37992  32.441  -49.636  71.410 0.0000000000
37066  33.522  -51.302  70.582 0.0000000000
37067  32.633  -51.371  70.638 0.0000000000
33044  31.265  -54.572  70.703 0.0000000000
121499  32.148  -54.032  70.335 0.0000000000
33074  31.148  -55.090  70.036 0.0000000000
34075  30.098  -54.474  69.097 0.0000000000
48325  40.803  -38.531  68.589 0.0000000000
49291  41.945  -37.285  69.416 0.0000000000
49290  42.845  -37.429  68.852 0.0000000000
131758  43.821  -37.449  68.329 0.0000000000
47342  43.926  -38.715  67.828 0.0000000000
45453  42.373  -41.192  64.328 0.0000000000
46410  44.065  -40.710  64.979 0.0000000000
46422  42.675  -40.411  64.257 0.0000000000
48373  42.098  -38.665  63.634 0.0000000000
48381  40.849  -39.023  63.296 0.0000000000
48384  39.419  -38.353  62.302 0.0000000000
47398  40.292  -39.598  63.184 0.0000000000
45474  37.885  -41.559  61.834 0.0000000000
46439  37.868  -40.682  61.632 0.0000000000
45478  36.892  -41.416  60.845 0.0000000000
46444  35.897  -40.565  59.480 0.0000000000
45480  35.680  -41.981  59.921 0.0000000000
40864  25.803  -46.506  59.406 0.0000000000
40894  26.146  -45.871  57.979 0.0000000000
126810  25.187  -46.004  58.067 0.0000000000
63823  50.888  -21.851  47.539 0.0000000000
62933  51.498  -22.154  45.869 0.0000000000
62935  49.681  -22.340  46.443 0.0000000000
62083  48.189  -23.203  44.198 0.0000000000
37220  22.291  -50.479  58.459 0.0000000000
36264  21.936  -51.338  58.732 0.0000000000
34099  25.084  -53.542  65.732 0.0000000000
34109  24.318  -53.143  64.391 0.0000000000
34105  23.743  -53.524  64.608 0.0000000000
32115  20.472  -55.812  62.569 0.0000000000
33144  20.745  -55.011  62.153 0.0000000000
41688  39.048  -45.900  70.159 0.0000000000
42626  38.726  -44.524  71.263 0.0000000000
41687  39.517  -45.491  69.797 0.0000000000
42645  40.184  -44.888  69.047 0.0000000000
40780  40.153  -46.429  68.096 0.0000000000
40806  39.795  -46.319  67.285 0.0000000000
40795  39.300  -46.973  67.722 0.0000000000
39022  35.822  -48.564  67.444 0.0000000000
39926  35.648  -47.807  66.844 0.0000000000
39927  34.830  -47.883  66.379 0.0000000000
39955  33.038  -47.617  64.024 0.0000000000
39039  32.994  -48.692  64.915 0.0000000000
35132  34.226  -52.506  68.907 0.0000000000
36161  34.288  -51.591  68.311 0.0000000000
36163  33.117  -51.855  67.691 0.0000000000
38052  29.685  -49.824  64.852 0.0000000000
37145  31.210  -49.972  64.943 0.0000000000
127914  29.735  -49.318  63.583 0.0000000000
38094  30.692  -49.044  63.180 0.0000000000
38084  29.356  -48.981  62.856 0.0000000000
39083  27.894  -47.965  61.252 0.0000000000
39066  27.152  -48.179  62.714 0.0000000000
38121  23.940  -49.338  60.971 0.0000000000
39085  24.367  -48.651  61.305 0.0000000000
38138  23.190  -49.622  59.563 0.0000000000
59626  43.712  -26.454  49.428 0.0000000000
59645  42.855  -26.117  47.603 0.0000000000
59639  42.369  -26.631  48.130 0.0000000000
57076  41.733  -28.898  45.865 0.0000000000
33008  25.478  -53.913  74.881 0.0000000000
34009  24.840  -53.858  73.970 0.0000000000
33009  24.388  -54.188  74.830 0.0000000000
30250  23.192  -58.081  72.165 0.0000000000
124074  22.467  -57.012  71.626 0.0000000000
31154  21.962  -56.118  71.066 0.0000000000
30254  21.765  -57.282  69.856 0.0000000000
29342  20.713  -58.175  67.216 0.0000000000
123193  20.814  -58.864  67.694 0.0000000000
63793  53.866  -21.192  49.551 0.0000000000
62881  51.456  -21.757  51.822 0.0000000000
120252  50.145  -22.281  50.987 0.0000000000
62894  49.470  -22.514  50.401 0.0000000000
141905  49.491  -22.706  51.137 0.0000000000
126669  48.326  -24.199  52.421 0.0000000000
61155  48.096  -24.135  51.658 0.0000000000
60365  47.165  -25.120  51.708 0.0000000000
60378  45.976  -25.601  50.876 0.0000000000
59580  46.826  -26.010  52.542 0.0000000000
57850  46.838  -27.880  54.334 0.0000000000
58736  45.795  -27.476  52.797 0.0000000000
56983  45.331  -29.081  53.234 0.0000000000
56996  43.985  -29.274  52.149 0.0000000000
56972  45.227  -30.041  53.422 0.0000000000
58667  50.587  -27.691  59.381 0.0000000000
58676  49.960  -28.430  58.518 0.0000000000
56913  49.232  -29.412  58.679 0.0000000000
121474  45.393  -30.630  57.205 0.0000000000
55997  46.825  -30.910  56.667 0.0000000000
55039  45.152  -31.225  55.560 0.0000000000
55071  44.339  -31.518  54.221 0.0000000000
55072  43.652  -31.368  54.506 0.0000000000
133663  42.177  -31.463  53.610 0.0000000000
56028  42.699  -30.925  54.909 0.0000000000
55030  41.575  -31.642  57.731 0.0000000000
55041  40.341  -31.477  55.875 0.0000000000
53239  40.380  -33.263  56.209 0.0000000000
52336  41.084  -34.361  56.064 0.0000000000
54975  48.356  -31.280  64.567 0.0000000000
50328  45.830  -37.337  66.265 0.0000000000
51322  45.755  -35.455  65.515 0.0000000000
50347  47.464  -37.105  65.198 0.0000000000
51356  46.829  -36.228  60.832 0.0000000000
50403  47.775  -36.130  62.186 0.0000000000
52284  47.195  -35.227  61.321 0.0000000000
53165  47.384  -33.454  62.432 0.0000000000
53187  46.329  -34.294  60.882 0.0000000000
53189  44.830  -33.653  60.032 0.0000000000
52300  45.758  -35.342  59.318 0.0000000000
50457  43.895  -36.627  57.159 0.0000000000
50456  44.216  -36.316  57.028 0.0000000000
49426  43.327  -36.849  56.204 0.0000000000
50485  42.369  -36.760  55.274 0.0000000000
49435  42.381  -37.141  55.604 0.0000000000
49428  42.205  -37.303  56.081 0.0000000000
50473  39.297  -36.557  56.726 0.0000000000
49430  39.998  -37.418  56.656 0.0000000000
49387  37.689  -37.110  60.101 0.0000000000
50437  37.845  -36.268  59.477 0.0000000000
49395  37.215  -36.885  59.393 0.0000000000
50489  35.538  -36.652  55.454 0.0000000000
42715  36.877  -44.606  64.245 0.0000000000
42727  37.300  -44.020  63.685 0.0000000000
42729  35.687  -44.593  63.292 0.0000000000
43671  32.711  -43.815  60.217 0.0000000000
43670  33.534  -43.557  60.392 0.0000000000
43677  33.163  -43.163  59.827 0.0000000000
44563  33.345  -42.200  58.825 0.0000000000
44565  31.566  -42.578  58.453 0.0000000000
41837  27.791  -45.725  56.385 0.0000000000
41835  28.838  -45.413  57.210 0.0000000000
42798  28.139  -45.400  55.875 0.0000000000
43743  28.863  -43.088  54.847 0.0000000000
45529  29.605  -41.731  55.005 0.0000000000
62966  51.517  -22.472  43.584 0.0000000000
62975  52.162  -22.198  43.120 0.0000000000
60428  43.864  -25.244  44.090 0.0000000000
34036  30.287  -53.944  72.006 0.0000000000
32041  29.670  -55.825  71.362 0.0000000000
34025  29.897  -54.352  72.884 0.0000000000
33017  29.548  -54.770  73.194 0.0000000000
33018  29.030  -54.631  73.720 0.0000000000
35117  30.167  -52.640  70.969 0.0000000000
45351  39.918  -41.359  70.516 0.0000000000
46336  39.808  -40.178  70.741 0.0000000000
46345  39.711  -40.563  69.684 0.0000000000
46354  39.889  -40.001  68.107 0.0000000000
46367  41.697  -39.746  66.925 0.0000000000
47357  43.667  -39.498  67.270 0.0000000000
45406  42.723  -41.362  65.742 0.0000000000
44500  42.589  -42.066  64.902 0.0000000000
45454  41.667  -41.622  64.120 0.0000000000
46425  39.984  -41.102  63.317 0.0000000000
45456  40.255  -41.978  63.573 0.0000000000
44532  38.792  -42.264  62.848 0.0000000000
44534  37.651  -42.710  62.237 0.0000000000
40051  22.779  -47.864  56.660 0.0000000000
133438  23.765  -46.601  56.982 0.0000000000
40063  22.750  -47.864  55.732 0.0000000000
62922  48.787  -22.486  47.980 0.0000000000
62936  48.813  -22.476  46.947 0.0000000000
62065  48.044  -22.774  46.600 0.0000000000
62074  47.142  -23.205  45.447 0.0000000000
37171  23.813  -50.572  61.594 0.0000000000
139389  22.238  -51.461  59.666 0.0000000000
126268  23.378  -51.417  61.536 0.0000000000
35203  23.155  -52.150  61.958 0.0000000000
35205  21.908  -52.924  61.174 0.0000000000
33107  23.609  -53.928  66.325 0.0000000000
33117  23.051  -53.705  64.776 0.0000000000
33115  21.744  -54.198  65.365 0.0000000000
32101  20.888  -55.121  63.698 0.0000000000
30302  19.884  -57.764  63.300 0.0000000000
40732  38.334  -46.208  70.546 0.0000000000
39901  38.939  -47.868  69.388 0.0000000000
39906  39.031  -47.863  68.568 0.0000000000
38012  38.277  -48.824  68.994 0.0000000000
38029  37.083  -49.293  68.571 0.0000000000
142381  35.527  -49.904  68.139 0.0000000000
35152  30.844  -52.491  67.761 0.0000000000
120721  31.823  -51.643  67.025 0.0000000000
36165  30.364  -51.183  66.698 0.0000000000
37131  28.540  -50.067  66.102 0.0000000000
38071  27.555  -49.120  64.671 0.0000000000
39054  26.498  -48.470  63.493 0.0000000000
38086  26.065  -48.929  64.138 0.0000000000
38097  24.600  -49.825  62.589 0.0000000000
58768  42.622  -27.769  50.071 0.0000000000
58799  41.297  -27.971  48.775 0.0000000000
57928  40.724  -28.753  48.434 0.0000000000
57048  40.682  -29.451  47.214 0.0000000000
29296  23.292  -59.331  72.962 0.0000000000
29306  22.736  -59.232  70.647 0.0000000000
28363  21.234  -59.826  68.359 0.0000000000
27353  21.435  -60.338  68.688 0.0000000000
60339  48.110  -25.143  54.297 0.0000000000
137685  47.129  -26.148  53.221 0.0000000000
59562  47.516  -26.420  54.413 0.0000000000
58704  47.465  -27.759  55.086 0.0000000000
57837  47.713  -28.500  55.696 0.0000000000
57785  49.603  -28.607  60.232 0.0000000000
56895  48.903  -29.699  58.997 0.0000000000
56896  48.011  -29.813  59.117 0.0000000000
56917  46.419  -30.067  58.565 0.0000000000
120312  44.485  -30.327  57.112 0.0000000000
56000  42.945  -30.312  56.388 0.0000000000
137714  43.151  -30.228  57.856 0.0000000000
55021  43.008  -30.786  58.838 0.0000000000
54164  42.426  -32.366  58.604 0.0000000000
122152  45.577  -37.868  63.835 0.0000000000
49354  47.689  -37.957  63.837 0.0000000000
50389  46.476  -36.982  62.394 0.0000000000
50406  46.372  -36.646  61.368 0.0000000000
138818  45.826  -36.457  60.119 0.0000000000
51396  45.601  -36.017  58.901 0.0000000000
135458  44.864  -36.487  58.855 0.0000000000
50435  43.282  -36.373  58.380 0.0000000000
50459  42.207  -36.714  57.354 0.0000000000
49417  41.863  -37.072  56.735 0.0000000000
50446  41.351  -36.055  57.978 0.0000000000
50447  40.372  -35.672  57.987 0.0000000000
51415  38.830  -35.523  57.596 0.0000000000
48399  35.515  -38.929  58.369 0.0000000000
49419  35.511  -37.518  57.515 0.0000000000
48411  34.964  -37.861  56.921 0.0000000000
49441  34.376  -37.678  55.289 0.0000000000
49475  34.050  -37.498  53.326 0.0000000000
41779  34.511  -45.606  63.467 0.0000000000
42730  34.925  -44.940  63.053 0.0000000000
41793  32.982  -45.356  61.772 0.0000000000
42751  32.628  -44.956  61.145 0.0000000000
42764  31.184  -44.612  59.608 0.0000000000
41871  27.867  -45.161  55.057 0.0000000000
41885  27.289  -45.228  53.116 0.0000000000
63864  56.476  -21.695  44.927 0.0000000000
120116  55.371  -21.602  43.588 0.0000000000
63884  54.326  -21.638  42.713 0.0000000000
35167  27.183  -52.189  67.522 0.0000000000
35168  26.284  -52.571  66.229 0.0000000000
34090  26.909  -53.404  67.795 0.0000000000
34091  26.293  -53.643  67.378 0.0000000000
118216  25.827  -54.005  67.730 0.0000000000
32067  28.008  -55.344  69.978 0.0000000000
33090  26.363  -54.294  68.637 0.0000000000
118969  25.196  -54.014  67.652 0.0000000000
33092  25.023  -54.078  68.408 0.0000000000
118503  23.986  -53.804  68.821 0.0000000000
33080  22.891  -53.969  69.431 0.0000000000
38983  34.745  -48.801  71.245 0.0000000000
38005  36.113  -50.273  70.130 0.0000000000
37052  34.287  -50.271  70.722 0.0000000000
35113  34.292  -52.494  69.830 0.0000000000
34058  33.503  -53.262  69.361 0.0000000000
36130  32.306  -52.315  70.519 0.0000000000
34047  32.895  -53.603  70.000 0.0000000000
34072  32.434  -53.620  68.738 0.0000000000
34074  30.486  -53.159  68.292 0.0000000000
35154  28.291  -51.984  68.108 0.0000000000
55121  40.709  -31.486  50.666 0.0000000000
55132  40.014  -31.503  48.998 0.0000000000
54260  39.025  -32.618  49.372 0.0000000000
60315  50.234  -25.554  58.259 0.0000000000
142023  50.208  -27.448  61.139 0.0000000000
58637  49.778  -27.255  61.967 0.0000000000
57770  47.941  -28.121  61.781 0.0000000000
56861  47.233  -28.779  62.940 0.0000000000
50309  45.289  -37.841  66.837 0.0000000000
48341  46.202  -39.058  66.275 0.0000000000
131276  44.754  -40.200  66.455 0.0000000000
46397  45.599  -40.091  65.893 0.0000000000
48360  46.434  -39.206  64.872 0.0000000000
48370  44.643  -38.271  64.130 0.0000000000
49369  42.020  -37.040  63.225 0.0000000000
50393  40.840  -36.479  62.290 0.0000000000
50410  40.439  -36.063  61.699 0.0000000000
49378  40.191  -36.947  62.170 0.0000000000
48388  38.349  -37.845  61.199 0.0000000000
48389  37.740  -38.032  60.675 0.0000000000
47399  38.967  -40.176  62.424 0.0000000000
47402  37.855  -39.674  61.403 0.0000000000
126143  36.511  -39.149  59.812 0.0000000000
47408  35.613  -39.974  58.901 0.0000000000
46449  34.635  -40.485  58.005 0.0000000000
46453  33.727  -40.560  57.350 0.0000000000
39991  29.536  -47.723  60.155 0.0000000000
40862  29.562  -46.881  59.306 0.0000000000
40876  27.942  -46.560  58.197 0.0000000000
40892  27.703  -46.133  57.573 0.0000000000
121649  26.931  -45.741  56.264 0.0000000000
40922  24.374  -45.909  55.771 0.0000000000
41856  25.339  -45.586  55.588 0.0000000000
136723  53.606  -21.679  47.293 0.0000000000
142519  53.713  -21.764  45.856 0.0000000000
62932  52.385  -21.969  45.743 0.0000000000
124090  51.223  -22.533  44.390 0.0000000000
62967  50.495  -22.700  43.722 0.0000000000
62955  48.710  -22.900  44.730 0.0000000000
62082  49.073  -23.087  43.998 0.0000000000
35179  24.872  -52.637  64.449 0.0000000000
34113  23.404  -53.003  63.192 0.0000000000
34141  21.531  -53.529  61.501 0.0000000000
33142  21.963  -53.716  63.035 0.0000000000
33157  21.127  -54.220  61.822 0.0000000000
44398  39.810  -42.371  71.500 0.0000000000
125065  39.925  -43.107  69.902 0.0000000000
140927  40.309  -44.043  68.697 0.0000000000
42676  40.673  -44.928  66.495 0.0000000000
42692  40.076  -44.836  65.617 0.0000000000
140520  40.034  -45.399  66.239 0.0000000000
41740  38.625  -45.765  66.264 0.0000000000
41756  36.763  -45.634  65.499 0.0000000000
39924  37.449  -47.163  67.216 0.0000000000
123182  36.305  -46.243  65.916 0.0000000000
40822  35.176  -46.213  64.863 0.0000000000
40833  33.529  -46.578  63.569 0.0000000000
39963  32.404  -47.341  62.914 0.0000000000
39964  31.651  -47.819  62.432 0.0000000000
36151  35.719  -51.020  69.216 0.0000000000
37099  34.994  -50.520  68.182 0.0000000000
142256  33.876  -49.824  66.898 0.0000000000
36180  31.752  -51.008  66.396 0.0000000000
37128  32.096  -50.205  65.575 0.0000000000
38050  32.846  -49.430  65.488 0.0000000000
38081  31.694  -49.159  63.926 0.0000000000
39062  31.293  -48.480  62.732 0.0000000000
39080  30.287  -48.334  61.650 0.0000000000
39098  28.505  -47.954  60.513 0.0000000000
39994  26.623  -47.249  60.693 0.0000000000
40854  25.304  -46.860  59.990 0.0000000000
39966  25.713  -47.867  62.111 0.0000000000
129869  24.306  -47.816  60.196 0.0000000000
40016  23.817  -47.540  58.799 0.0000000000
135723  22.504  -48.576  57.037 0.0000000000
122874  45.350  -25.117  48.896 0.0000000000
61197  45.471  -24.487  47.117 0.0000000000
60415  44.509  -25.148  47.380 0.0000000000
58813  41.250  -27.475  47.224 0.0000000000
58825  41.832  -27.200  45.744 0.0000000000
55143  40.114  -31.601  48.056 0.0000000000
36095  28.184  -52.287  74.309 0.0000000000
35074  28.585  -53.048  74.958 0.0000000000
34008  28.021  -53.980  75.162 0.0000000000
32990  27.239  -53.875  75.606 0.0000000000
33020  26.984  -54.282  73.812 0.0000000000
139821  25.761  -53.858  72.479 0.0000000000
34037  23.927  -53.741  71.585 0.0000000000
33063  22.263  -54.570  70.296 0.0000000000
32994  23.964  -54.778  75.611 0.0000000000
136220  22.832  -54.890  72.901 0.0000000000
32045  22.150  -55.125  71.313 0.0000000000
32072  21.317  -55.795  68.626 0.0000000000
30276  20.705  -57.408  66.743 0.0000000000
142860  54.846  -21.301  48.614 0.0000000000
119802  53.268  -21.518  48.051 0.0000000000
63809  52.601  -21.409  48.757 0.0000000000
121729  51.023  -21.624  48.864 0.0000000000
63769  53.364  -21.228  51.427 0.0000000000
126579  51.220  -21.610  50.299 0.0000000000
62901  50.174  -21.848  48.961 0.0000000000
62912  48.770  -22.577  48.982 0.0000000000
62041  48.194  -23.073  49.439 0.0000000000
139866  47.028  -23.815  48.934 0.0000000000
122595  48.504  -23.539  51.190 0.0000000000
61168  47.858  -23.919  50.820 0.0000000000
123279  46.487  -24.403  49.259 0.0000000000
118501  45.729  -25.367  50.172 0.0000000000
59624  45.279  -25.818  50.318 0.0000000000
58766  44.277  -26.992  50.878 0.0000000000
58735  46.490  -26.734  52.943 0.0000000000
58749  45.526  -26.943  52.065 0.0000000000
58751  43.756  -27.723  51.123 0.0000000000
57885  43.278  -28.510  51.212 0.0000000000
56998  42.833  -30.423  51.405 0.0000000000
56061  42.472  -31.014  51.283 0.0000000000
125422  49.459  -27.329  57.563 0.0000000000
131155  48.414  -28.380  56.667 0.0000000000
56956  47.436  -29.391  55.673 0.0000000000
55978  48.195  -29.954  57.888 0.0000000000
55996  47.349  -30.434  56.633 0.0000000000
56958  46.087  -30.126  54.384 0.0000000000
56039  44.756  -31.061  53.520 0.0000000000
55100  43.586  -31.701  52.832 0.0000000000
55111  41.614  -31.491  51.422 0.0000000000
124086  41.177  -31.644  51.971 0.0000000000
54219  39.478  -31.771  52.855 0.0000000000
56017  41.486  -30.665  55.999 0.0000000000
55057  39.978  -31.503  55.146 0.0000000000
56849  47.868  -29.397  63.819 0.0000000000
55931  46.922  -30.519  63.286 0.0000000000
139841  47.616  -33.115  65.143 0.0000000000
50369  48.317  -36.971  63.628 0.0000000000
52257  48.358  -34.512  64.198 0.0000000000
53152  48.485  -33.377  64.077 0.0000000000
54110  47.959  -32.916  63.166 0.0000000000
54112  46.332  -32.267  62.523 0.0000000000
54992  45.774  -31.497  62.390 0.0000000000
54140  44.617  -32.692  60.618 0.0000000000
53201  43.870  -33.559  59.145 0.0000000000
53214  42.761  -33.397  58.273 0.0000000000
52309  44.979  -35.329  58.063 0.0000000000
52320  43.902  -35.056  57.293 0.0000000000
137224  42.206  -34.246  57.008 0.0000000000
52347  41.868  -35.377  55.606 0.0000000000
49429  41.111  -37.387  56.396 0.0000000000
48409  39.580  -38.132  56.341 0.0000000000
128488  38.693  -35.830  59.882 0.0000000000
51403  38.367  -35.493  58.148 0.0000000000
51428  37.833  -35.921  56.645 0.0000000000
50477  35.971  -36.760  57.216 0.0000000000
131050  36.776  -36.281  56.007 0.0000000000
42726  38.170  -43.774  63.881 0.0000000000
43629  37.703  -43.450  63.144 0.0000000000
43660  36.528  -43.175  61.787 0.0000000000
42748  35.129  -44.009  61.849 0.0000000000
43661  35.716  -43.342  61.290 0.0000000000
44549  35.504  -42.528  60.211 0.0000000000
45486  34.626  -41.816  59.049 0.0000000000
45499  33.503  -41.134  57.744 0.0000000000
46454  33.107  -40.716  57.128 0.0000000000
40873  29.835  -46.274  59.010 0.0000000000
42775  30.036  -44.958  58.510 0.0000000000
43686  30.371  -43.929  58.355 0.0000000000
42813  28.765  -44.239  55.810 0.0000000000
43711  29.204  -43.890  56.485 0.0000000000
44574  30.371  -42.598  57.440 0.0000000000
44585  30.821  -41.808  57.082 0.0000000000
45527  31.025  -40.830  55.882 0.0000000000
62964  53.201  -22.031  44.022 0.0000000000
63879  52.988  -22.011  43.334 0.0000000000
119884  53.061  -21.467  42.091 0.0000000000
61201  45.262  -24.356  46.117 0.0000000000
44456  40.360  -43.055  67.115 0.0000000000
43593  41.087  -43.957  66.062 0.0000000000
44471  41.558  -42.924  65.424 0.0000000000
43600  41.062  -43.758  65.621 0.0000000000
43611  40.941  -43.677  65.112 0.0000000000
122029  40.346  -43.763  64.782 0.0000000000
120273  46.050  -24.354  47.952 0.0000000000
37134  25.907  -51.245  65.239 0.0000000000
33103  21.469  -54.823  67.474 0.0000000000
33109  21.650  -54.475  66.806 0.0000000000
133037  21.154  -55.273  66.846 0.0000000000
38982  35.398  -48.535  71.057 0.0000000000
39885  35.780  -47.768  71.319 0.0000000000
39884  36.732  -48.123  70.668 0.0000000000
37987  36.421  -49.569  70.279 0.0000000000
36182  26.729  -51.705  66.709 0.0000000000
37133  26.762  -50.771  66.358 0.0000000000
55131  40.792  -31.132  49.842 0.0000000000
60316  49.491  -25.535  57.461 0.0000000000
129578  46.479  -28.925  62.030 0.0000000000
56870  46.304  -28.969  61.054 0.0000000000
55944  45.072  -29.962  60.913 0.0000000000
51347  42.178  -35.587  62.096 0.0000000000
51346  43.075  -35.597  62.133 0.0000000000
51359  41.900  -35.200  61.272 0.0000000000
51370  42.771  -35.301  60.242 0.0000000000
51372  40.705  -35.128  60.530 0.0000000000
39989  30.962  -47.162  61.098 0.0000000000
40845  31.464  -46.630  61.261 0.0000000000
40852  30.380  -46.863  60.154 0.0000000000
119220  55.083  -21.714  46.786 0.0000000000
118741  55.237  -21.735  45.952 0.0000000000
63840  54.316  -21.745  46.071 0.0000000000
32051  30.465  -55.491  70.361 0.0000000000
33076  28.935  -55.158  69.585 0.0000000000
32052  29.727  -55.751  70.574 0.0000000000
32030  27.967  -55.148  72.631 0.0000000000
32044  27.444  -55.220  71.049 0.0000000000
32031  27.303  -54.982  71.934 0.0000000000
33034  27.164  -54.617  72.859 0.0000000000
128365  32.057  -48.998  72.162 0.0000000000
37054  32.897  -50.463  70.904 0.0000000000
37055  32.001  -50.387  70.946 0.0000000000
33060  30.907  -55.137  70.643 0.0000000000
33075  30.425  -55.166  69.709 0.0000000000
48315  41.208  -37.838  69.325 0.0000000000
48314  42.318  -37.686  68.929 0.0000000000
48323  43.173  -38.097  68.467 0.0000000000
140219  43.811  -38.212  68.182 0.0000000000
142428  42.167  -40.634  64.104 0.0000000000
47391  41.976  -40.113  63.880 0.0000000000
48374  41.635  -39.287  63.595 0.0000000000
45475  37.317  -41.933  61.403 0.0000000000
130256  37.440  -41.212  61.320 0.0000000000
45479  36.263  -41.716  60.326 0.0000000000
40879  24.699  -46.436  58.558 0.0000000000
40878  25.515  -46.223  58.712 0.0000000000
40895  24.396  -46.266  57.688 0.0000000000
62920  50.340  -22.112  47.024 0.0000000000
37201  22.522  -50.766  59.310 0.0000000000
33106  25.194  -53.749  66.458 0.0000000000
34104  24.431  -53.519  65.168 0.0000000000
32128  20.287  -55.796  61.645 0.0000000000
40748  39.521  -46.375  69.446 0.0000000000
41700  39.830  -45.856  69.244 0.0000000000
120764  39.931  -46.449  68.754 0.0000000000
40794  39.881  -46.760  67.910 0.0000000000
40781  39.675  -47.006  68.436 0.0000000000
38039  34.941  -48.622  66.965 0.0000000000
39030  34.195  -48.328  66.161 0.0000000000
39937  33.699  -48.069  65.369 0.0000000000
38049  33.474  -48.856  65.807 0.0000000000
34071  33.615  -52.990  68.833 0.0000000000
35149  33.852  -52.177  68.386 0.0000000000
35150  33.105  -52.593  68.214 0.0000000000
38070  29.262  -49.518  64.402 0.0000000000
38069  30.164  -49.643  64.222 0.0000000000
39053  28.188  -48.634  62.961 0.0000000000
38108  23.778  -49.986  61.063 0.0000000000
38122  23.540  -49.672  60.322 0.0000000000
38139  22.806  -49.990  59.032 0.0000000000
59627  42.961  -26.664  48.983 0.0000000000
32992  25.898  -53.908  76.565 0.0000000000
32993  25.007  -54.184  75.919 0.0000000000
30251  22.628  -57.783  71.244 0.0000000000
31160  22.087  -57.085  70.731 0.0000000000
30256  21.822  -58.198  69.450 0.0000000000
119668  21.411  -58.256  68.690 0.0000000000
63768  54.246  -21.006  51.251 0.0000000000
64757  54.878  -20.667  52.190 0.0000000000
62870  51.213  -21.922  52.621 0.0000000000
62882  50.660  -22.134  51.873 0.0000000000
62883  49.842  -22.669  51.945 0.0000000000
60354  48.026  -24.674  52.981 0.0000000000
61156  47.676  -24.803  52.195 0.0000000000
120098  47.184  -25.481  52.310 0.0000000000
59579  47.176  -25.762  52.745 0.0000000000
57860  46.295  -28.414  53.874 0.0000000000
56971  45.857  -29.308  53.774 0.0000000000
57783  50.375  -28.089  59.730 0.0000000000
57810  50.277  -28.410  59.102 0.0000000000
57811  49.748  -29.037  58.844 0.0000000000
55998  45.364  -30.973  56.337 0.0000000000
55055  44.389  -31.306  55.055 0.0000000000
56015  43.398  -30.798  55.416 0.0000000000
54176  41.248  -32.418  57.349 0.0000000000
53238  41.215  -33.547  56.803 0.0000000000
121587  48.235  -32.031  64.843 0.0000000000
49339  47.299  -38.161  65.382 0.0000000000
51305  46.620  -36.717  65.602 0.0000000000
49338  47.862  -37.766  64.772 0.0000000000
51381  46.550  -36.034  60.227 0.0000000000
51368  46.931  -35.815  60.780 0.0000000000
52293  46.662  -35.230  60.553 0.0000000000
139236  46.872  -34.623  61.258 0.0000000000
52294  46.075  -34.747  60.059 0.0000000000
49415  43.384  -36.859  56.622 0.0000000000
49427  42.981  -37.104  56.086 0.0000000000
49438  38.436  -37.278  55.776 0.0000000000
49396  36.620  -37.449  59.082 0.0000000000
41777  36.006  -44.853  64.040 0.0000000000
43678  32.326  -43.403  59.667 0.0000000000
43684  31.908  -42.943  59.133 0.0000000000
44558  32.804  -42.755  59.271 0.0000000000
41836  28.347  -45.572  56.691 0.0000000000
62977  50.756  -22.503  42.993 0.0000000000
136068  50.113  -22.249  42.519 0.0000000000
141195  29.817  -52.933  71.502 0.0000000000
33031  30.358  -54.851  72.100 0.0000000000
35094  29.561  -53.305  72.416 0.0000000000
35085  29.345  -53.581  73.401 0.0000000000
34015  29.421  -54.264  73.554 0.0000000000
34016  29.012  -53.800  74.242 0.0000000000
36117  28.848  -51.505  71.252 0.0000000000
36133  29.537  -52.080  71.011 0.0000000000
35104  30.463  -53.404  71.305 0.0000000000
44428  39.949  -42.207  70.026 0.0000000000
45362  39.788  -41.547  69.451 0.0000000000
120676  40.336  -41.240  67.021 0.0000000000
45387  39.825  -41.029  67.799 0.0000000000
141817  40.228  -40.459  67.403 0.0000000000
47358  40.675  -39.693  67.407 0.0000000000
46368  40.937  -40.450  66.787 0.0000000000
46383  42.048  -40.736  66.303 0.0000000000
44501  41.989  -42.566  64.890 0.0000000000
44489  42.469  -42.180  65.099 0.0000000000
45440  42.242  -41.953  64.562 0.0000000000
135782  41.120  -42.004  63.923 0.0000000000
45455  40.885  -41.348  63.672 0.0000000000
43627  39.482  -43.080  63.768 0.0000000000
44513  39.426  -42.397  63.356 0.0000000000
44533  38.211  -42.503  62.525 0.0000000000
43646  38.026  -42.990  62.743 0.0000000000
39159  22.509  -48.583  55.266 0.0000000000
62059  48.085  -22.769  47.561 0.0000000000
132253  47.541  -23.092  47.182 0.0000000000
139515  46.821  -23.346  46.027 0.0000000000
62075  46.316  -23.581  45.680 0.0000000000
62086  45.715  -23.837  44.908 0.0000000000
37170  24.239  -50.527  62.317 0.0000000000
37161  23.894  -51.208  62.210 0.0000000000
36209  24.217  -52.070  63.247 0.0000000000
36210  23.592  -51.801  62.235 0.0000000000
35204  22.547  -52.532  61.601 0.0000000000
35191  22.940  -52.741  62.384 0.0000000000
33101  23.358  -53.954  67.280 0.0000000000
129154  22.833  -53.942  65.951 0.0000000000
122789  21.981  -54.117  66.034 0.0000000000
32088  20.905  -55.312  64.397 0.0000000000
127966  21.254  -54.604  64.937 0.0000000000
32102  20.610  -55.857  63.346 0.0000000000
31201  20.316  -56.540  63.029 0.0000000000
31193  20.483  -56.614  63.819 0.0000000000
30301  20.208  -57.436  63.930 0.0000000000
125243  19.584  -58.285  62.937 0.0000000000
29357  19.949  -58.068  63.997 0.0000000000
40714  37.054  -45.862  71.976 0.0000000000
40733  37.535  -46.434  71.011 0.0000000000
40750  38.169  -47.170  70.288 0.0000000000
120020  38.557  -47.736  69.797 0.0000000000
38995  38.664  -48.388  69.186 0.0000000000
39895  38.412  -48.325  69.569 0.0000000000
131571  37.417  -49.476  68.933 0.0000000000
38019  36.711  -49.927  68.836 0.0000000000
123261  36.277  -49.655  68.385 0.0000000000
36166  30.261  -51.803  67.422 0.0000000000
142062  29.827  -51.414  67.234 0.0000000000
37132  27.491  -50.264  66.396 0.0000000000
38054  27.773  -49.586  65.557 0.0000000000
39041  26.894  -48.748  64.169 0.0000000000
38072  26.566  -49.367  64.874 0.0000000000
37154  25.213  -50.360  63.981 0.0000000000
38088  24.922  -50.051  63.289 0.0000000000
57903  42.053  -28.627  50.112 0.0000000000
57918  41.848  -28.050  49.534 0.0000000000
57919  41.308  -28.841  49.427 0.0000000000
136514  40.514  -30.338  48.580 0.0000000000
57035  40.467  -29.684  47.918 0.0000000000
56102  40.755  -30.172  47.088 0.0000000000
56101  40.939  -31.083  46.874 0.0000000000
141710  23.175  -59.650  72.243 0.0000000000
28323  23.406  -59.079  72.242 0.0000000000
29303  23.109  -59.522  71.560 0.0000000000
28354  22.338  -59.812  69.957 0.0000000000
59561  47.841  -25.977  54.741 0.0000000000
136772  48.108  -27.108  55.839 0.0000000000
58703  47.915  -27.717  55.762 0.0000000000
136509  48.960  -28.888  60.254 0.0000000000
56880  48.513  -29.333  59.729 0.0000000000
56881  47.378  -29.220  59.945 0.0000000000
56898  45.835  -29.663  59.363 0.0000000000
56897  46.876  -29.669  59.254 0.0000000000
56918  45.347  -29.939  58.640 0.0000000000
55981  44.860  -30.171  57.923 0.0000000000
55982  43.875  -30.078  57.908 0.0000000000
139404  44.282  -30.038  58.780 0.0000000000
55946  43.940  -30.841  59.996 0.0000000000
55954  43.595  -30.616  59.303 0.0000000000
55013  43.086  -31.396  59.266 0.0000000000
55014  42.504  -31.372  58.687 0.0000000000
54154  42.788  -32.092  59.102 0.0000000000
49357  44.688  -37.264  63.630 0.0000000000
49356  46.446  -37.560  63.326 0.0000000000
50371  45.657  -36.995  63.102 0.0000000000
50407  45.656  -36.493  60.822 0.0000000000
50422  46.224  -36.503  60.571 0.0000000000
50423  45.197  -36.403  59.902 0.0000000000
50424  44.433  -36.252  59.598 0.0000000000
51384  43.070  -35.800  59.237 0.0000000000
51398  42.502  -35.842  58.802 0.0000000000
127070  42.377  -36.295  58.134 0.0000000000
51401  39.792  -35.261  58.556 0.0000000000
51414  39.575  -35.526  57.827 0.0000000000
51402  39.007  -35.298  58.338 0.0000000000
48403  35.202  -38.369  57.647 0.0000000000
48404  34.685  -38.845  57.104 0.0000000000
123859  33.945  -38.044  54.792 0.0000000000
49453  34.369  -37.387  54.321 0.0000000000
48434  33.687  -38.071  54.141 0.0000000000
41780  33.766  -45.992  63.221 0.0000000000
41786  34.140  -45.311  62.798 0.0000000000
41787  33.265  -45.807  62.499 0.0000000000
41799  31.225  -45.806  60.366 0.0000000000
41798  31.881  -45.343  60.783 0.0000000000
42758  31.549  -44.953  60.213 0.0000000000
42757  32.282  -44.543  60.546 0.0000000000
63865  55.444  -21.632  44.407 0.0000000000
63878  54.678  -21.643  43.350 0.0000000000
35136  27.752  -52.996  68.359 0.0000000000
35155  26.502  -53.031  67.021 0.0000000000
134968  26.693  -53.949  68.091 0.0000000000
33098  26.305  -53.990  67.934 0.0000000000
34092  25.791  -53.759  67.028 0.0000000000
32028  29.525  -55.612  72.199 0.0000000000
32053  28.922  -55.775  70.698 0.0000000000
32055  26.928  -54.949  70.352 0.0000000000
32068  27.267  -55.077  69.885 0.0000000000
140128  25.677  -54.147  68.240 0.0000000000
33091  25.716  -54.308  68.905 0.0000000000
127581  24.877  -53.897  70.087 0.0000000000
33079  24.887  -54.015  69.238 0.0000000000
118060  23.869  -53.724  69.801 0.0000000000
37971  33.498  -48.972  71.650 0.0000000000
38965  33.246  -48.459  72.579 0.0000000000
37970  34.140  -49.058  71.356 0.0000000000
37989  34.596  -49.629  70.875 0.0000000000
36128  34.195  -52.045  70.231 0.0000000000
35125  33.847  -52.947  69.619 0.0000000000
127543  33.615  -52.976  70.075 0.0000000000
37068  31.671  -51.357  70.590 0.0000000000
35115  31.933  -53.231  70.570 0.0000000000
33058  32.331  -54.089  69.903 0.0000000000
33072  32.431  -53.993  69.376 0.0000000000
34073  31.775  -54.173  69.002 0.0000000000
34089  31.563  -53.299  68.300 0.0000000000
136013  30.900  -54.012  68.723 0.0000000000
128604  29.288  -53.734  68.776 0.0000000000
35135  28.689  -52.906  68.527 0.0000000000
55122  39.711  -31.733  50.352 0.0000000000
58619  49.794  -26.919  62.624 0.0000000000
57753  48.801  -27.645  63.349 0.0000000000
57769  48.966  -27.627  62.180 0.0000000000
57754  48.011  -28.063  62.846 0.0000000000
50291  44.254  -37.406  67.982 0.0000000000
49316  44.753  -37.981  67.450 0.0000000000
49315  45.417  -38.548  66.850 0.0000000000
47354  45.480  -39.263  66.728 0.0000000000
46366  43.831  -40.139  66.687 0.0000000000
46365  44.431  -39.957  66.800 0.0000000000
46381  44.189  -40.407  66.328 0.0000000000
47385  44.460  -40.078  64.807 0.0000000000
46409  45.030  -40.209  65.399 0.0000000000
47383  45.899  -39.775  65.519 0.0000000000
47384  45.442  -39.700  64.952 0.0000000000
48361  45.572  -38.835  64.424 0.0000000000
48371  43.913  -38.737  64.237 0.0000000000
49360  41.761  -37.886  63.374 0.0000000000
49359  42.558  -37.850  63.594 0.0000000000
49371  40.140  -37.874  62.584 0.0000000000
48385  38.814  -38.046  61.734 0.0000000000
48386  38.236  -38.660  61.441 0.0000000000
46435  39.303  -40.860  62.805 0.0000000000
46441  37.215  -40.412  60.928 0.0000000000
47404  37.310  -39.492  60.769 0.0000000000
48394  36.051  -39.058  59.186 0.0000000000
47407  36.213  -39.866  59.649 0.0000000000
46445  35.399  -40.908  59.030 0.0000000000
141388  35.118  -40.547  58.481 0.0000000000
142490  34.186  -40.393  57.542 0.0000000000
45498  34.154  -40.891  57.931 0.0000000000
136405  28.844  -47.477  59.369 0.0000000000
40013  28.217  -47.101  58.968 0.0000000000
40877  27.097  -46.213  58.152 0.0000000000
40905  27.396  -45.841  56.972 0.0000000000
41839  25.896  -45.544  56.342 0.0000000000
40062  23.205  -47.301  55.278 0.0000000000
40907  23.813  -46.347  56.262 0.0000000000
40923  23.660  -46.559  55.552 0.0000000000
40921  24.761  -45.867  54.870 0.0000000000
40938  25.054  -46.114  54.026 0.0000000000
41873  25.800  -45.628  54.648 0.0000000000
118516  52.953  -21.658  47.184 0.0000000000
63842  52.735  -21.772  46.417 0.0000000000
63843  51.963  -21.849  46.475 0.0000000000
62946  50.940  -22.428  45.236 0.0000000000
136261  48.804  -22.623  45.713 0.0000000000
36230  22.470  -51.719  60.484 0.0000000000
36248  21.761  -51.954  59.329 0.0000000000
35178  25.329  -52.706  65.017 0.0000000000
34108  24.975  -53.173  65.051 0.0000000000
126320  23.591  -53.292  63.931 0.0000000000
34112  23.938  -52.959  63.764 0.0000000000
34124  22.574  -53.268  62.717 0.0000000000
34140  22.240  -53.106  61.949 0.0000000000
33118  22.067  -53.895  64.625 0.0000000000
33127  22.051  -53.799  63.791 0.0000000000
33158  20.613  -54.875  61.324 0.0000000000
42616  37.853  -44.320  72.729 0.0000000000
135339  38.479  -44.216  72.010 0.0000000000
42625  39.206  -44.209  70.835 0.0000000000
43539  38.924  -43.840  71.637 0.0000000000
43538  39.405  -43.523  71.207 0.0000000000
44414  39.755  -43.115  70.796 0.0000000000
43552  39.823  -43.709  70.014 0.0000000000
42654  40.391  -45.407  68.381 0.0000000000
119895  40.406  -44.617  68.404 0.0000000000
141835  40.553  -45.195  67.808 0.0000000000
120042  40.636  -44.667  67.438 0.0000000000
129704  40.498  -45.500  67.006 0.0000000000
41753  40.470  -45.152  66.351 0.0000000000
40805  40.200  -45.719  66.850 0.0000000000
40807  38.962  -46.393  66.996 0.0000000000
133655  37.647  -45.604  65.903 0.0000000000
142775  37.043  -46.039  66.153 0.0000000000
39010  38.170  -48.321  68.326 0.0000000000
39913  38.767  -47.732  68.156 0.0000000000
39915  37.175  -47.830  67.556 0.0000000000
39935  35.162  -47.239  66.046 0.0000000000
40809  35.964  -46.940  66.365 0.0000000000
40815  35.537  -46.549  65.600 0.0000000000
40832  34.124  -46.266  63.848 0.0000000000
40823  34.425  -46.576  64.541 0.0000000000
39962  33.014  -47.145  63.566 0.0000000000
39956  32.557  -47.866  63.577 0.0000000000
37064  35.762  -50.905  70.016 0.0000000000
36126  35.768  -50.991  69.531 0.0000000000
125490  34.840  -51.274  68.507 0.0000000000
37100  34.257  -51.034  67.940 0.0000000000
120276  34.107  -50.374  67.438 0.0000000000
37112  33.384  -50.283  66.733 0.0000000000
130840  31.267  -51.325  66.607 0.0000000000
36192  31.112  -50.798  66.073 0.0000000000
37144  31.744  -49.882  65.055 0.0000000000
38051  32.263  -49.773  65.234 0.0000000000
38066  31.977  -49.491  64.590 0.0000000000
38065  32.463  -49.308  64.870 0.0000000000
38093  31.079  -48.908  63.170 0.0000000000
39063  30.627  -48.698  62.523 0.0000000000
39081  29.636  -48.383  61.354 0.0000000000
39097  29.332  -48.074  60.598 0.0000000000
39082  28.791  -48.288  61.240 0.0000000000
120590  27.022  -47.607  61.367 0.0000000000
40853  26.178  -46.842  60.050 0.0000000000
39995  25.571  -47.242  60.776 0.0000000000
39068  25.341  -48.421  62.617 0.0000000000
39067  26.122  -48.138  62.802 0.0000000000
39099  23.937  -48.705  60.392 0.0000000000
138130  24.322  -48.219  60.747 0.0000000000
140228  24.142  -47.524  59.460 0.0000000000
39117  23.283  -48.189  58.449 0.0000000000
39118  22.725  -48.784  57.932 0.0000000000
140122  44.861  -25.274  48.337 0.0000000000
60407  44.230  -25.634  48.300 0.0000000000
59649  42.818  -25.861  46.727 0.0000000000
120572  40.853  -27.997  47.856 0.0000000000
58798  41.522  -27.297  48.101 0.0000000000
58826  41.604  -28.050  45.754 0.0000000000
132622  42.054  -27.736  45.291 0.0000000000
142578  39.837  -31.927  48.368 0.0000000000
54270  39.842  -32.446  47.931 0.0000000000
36104  27.549  -51.465  73.427 0.0000000000
35075  28.034  -52.339  75.206 0.0000000000
34000  28.173  -53.475  75.348 0.0000000000
140509  28.482  -53.724  74.860 0.0000000000
33006  27.751  -54.274  74.507 0.0000000000
33035  26.278  -54.029  73.078 0.0000000000
33021  25.915  -53.868  73.955 0.0000000000
34017  24.367  -53.783  73.172 0.0000000000
34027  24.047  -53.771  72.393 0.0000000000
33050  23.149  -54.073  71.349 0.0000000000
124897  22.577  -54.457  71.081 0.0000000000
31138  23.344  -56.752  74.043 0.0000000000
31129  23.329  -56.506  75.063 0.0000000000
32009  23.319  -55.666  74.482 0.0000000000
131318  23.534  -55.528  75.256 0.0000000000
33023  23.291  -54.825  73.814 0.0000000000
32021  23.078  -55.616  73.687 0.0000000000
31161  21.659  -56.295  70.181 0.0000000000
32057  21.795  -55.384  70.392 0.0000000000
32069  21.545  -55.571  69.565 0.0000000000
31166  21.090  -56.613  67.940 0.0000000000
29343  20.459  -58.215  66.243 0.0000000000
28372  20.933  -59.458  67.969 0.0000000000
63807  55.507  -21.230  48.697 0.0000000000
63808  54.148  -21.371  48.583 0.0000000000
125986  53.335  -21.322  48.921 0.0000000000
135950  52.136  -21.404  49.345 0.0000000000
63810  51.794  -21.512  48.724 0.0000000000
63762  53.308  -21.245  52.393 0.0000000000
63782  50.939  -21.848  51.082 0.0000000000
63781  51.770  -21.558  50.980 0.0000000000
63796  50.724  -21.708  49.681 0.0000000000
62911  49.459  -22.206  48.460 0.0000000000
62902  49.433  -22.309  49.481 0.0000000000
62903  48.829  -22.766  49.924 0.0000000000
141999  47.653  -23.319  48.970 0.0000000000
62042  47.610  -23.699  49.827 0.0000000000
62021  49.117  -23.133  51.575 0.0000000000
62022  48.683  -23.662  51.975 0.0000000000
61169  47.473  -24.558  51.316 0.0000000000
121408  47.233  -24.329  50.471 0.0000000000
61180  47.009  -24.174  49.721 0.0000000000
60376  46.599  -24.629  50.084 0.0000000000
60390  45.927  -24.928  49.611 0.0000000000
60377  46.199  -25.093  50.358 0.0000000000
140351  45.403  -26.133  50.915 0.0000000000
59609  44.773  -26.362  50.553 0.0000000000
59596  45.055  -26.674  51.279 0.0000000000
59571  47.282  -26.447  53.920 0.0000000000
58737  45.108  -27.721  52.333 0.0000000000
58750  44.577  -27.521  51.678 0.0000000000
57884  43.901  -28.394  51.709 0.0000000000
56997  43.416  -30.139  51.842 0.0000000000
56060  43.016  -31.101  51.774 0.0000000000
59538  49.785  -26.601  57.839 0.0000000000
59537  50.383  -26.781  58.500 0.0000000000
57819  48.900  -29.072  57.650 0.0000000000
58687  49.426  -28.255  57.745 0.0000000000
57827  48.399  -29.023  56.889 0.0000000000
57828  47.908  -29.168  56.282 0.0000000000
56940  47.947  -29.793  56.854 0.0000000000
56915  48.378  -29.966  58.434 0.0000000000
56931  48.404  -29.877  58.212 0.0000000000
55962  47.783  -30.326  57.774 0.0000000000
142622  46.082  -31.103  55.592 0.0000000000
56013  46.656  -30.885  56.006 0.0000000000
56026  46.339  -30.707  55.206 0.0000000000
56027  45.714  -30.898  54.606 0.0000000000
56038  45.463  -30.690  53.988 0.0000000000
55070  45.059  -31.305  54.307 0.0000000000
55086  43.899  -31.677  53.502 0.0000000000
55101  42.838  -31.720  52.475 0.0000000000
55110  42.463  -31.513  51.824 0.0000000000
55102  42.084  -31.684  52.119 0.0000000000
55088  42.273  -31.703  52.758 0.0000000000
137822  41.300  -31.135  54.182 0.0000000000
120908  40.599  -31.566  52.668 0.0000000000
55090  40.066  -31.481  53.539 0.0000000000
126116  39.345  -31.804  53.735 0.0000000000
56001  41.983  -30.517  56.630 0.0000000000
56002  41.371  -30.839  56.677 0.0000000000
54191  39.941  -32.280  55.829 0.0000000000
54192  39.352  -32.358  55.024 0.0000000000
54206  39.093  -32.124  54.261 0.0000000000
55923  48.349  -30.566  64.480 0.0000000000
55924  48.194  -30.580  64.200 0.0000000000
56850  47.223  -29.688  63.372 0.0000000000
55925  47.743  -30.487  63.761 0.0000000000
51321  46.567  -35.702  65.356 0.0000000000
52245  45.710  -34.654  65.398 0.0000000000
52244  46.508  -34.716  65.292 0.0000000000
53133  47.092  -33.740  65.269 0.0000000000
52242  47.955  -34.534  64.644 0.0000000000
49367  47.344  -37.336  63.005 0.0000000000
50370  47.910  -37.279  63.297 0.0000000000
50387  47.499  -36.793  62.500 0.0000000000
51345  47.855  -35.117  62.206 0.0000000000
138408  48.525  -35.220  63.437 0.0000000000
52275  48.429  -34.649  63.105 0.0000000000
128606  48.504  -33.916  64.040 0.0000000000
53163  48.488  -33.724  63.637 0.0000000000
54095  48.516  -32.892  63.944 0.0000000000
54109  48.356  -33.125  63.511 0.0000000000
54125  46.526  -33.054  62.158 0.0000000000
54111  47.180  -32.583  62.815 0.0000000000
54126  45.653  -32.449  61.850 0.0000000000
54998  45.149  -31.503  61.649 0.0000000000
54127  45.025  -32.241  61.283 0.0000000000
53200  44.645  -34.045  59.363 0.0000000000
54152  44.180  -33.153  59.836 0.0000000000
54163  43.064  -33.002  58.925 0.0000000000
53213  43.611  -33.933  58.447 0.0000000000
51397  45.265  -36.035  58.200 0.0000000000
51412  44.755  -36.037  57.553 0.0000000000
51426  43.799  -36.091  56.558 0.0000000000
51413  44.230  -35.780  57.050 0.0000000000
52334  43.603  -35.434  56.708 0.0000000000
52321  43.096  -34.651  57.121 0.0000000000
135589  42.849  -35.045  56.487 0.0000000000
52335  41.976  -34.750  56.342 0.0000000000
52346  42.624  -35.467  55.962 0.0000000000
132858  41.102  -36.902  57.019 0.0000000000
50411  39.552  -36.497  61.384 0.0000000000
50426  39.394  -35.789  60.542 0.0000000000
140170  37.380  -36.373  59.016 0.0000000000
50448  37.684  -35.896  58.517 0.0000000000
51416  37.959  -35.648  57.486 0.0000000000
50463  37.254  -36.003  57.125 0.0000000000
124429  35.405  -37.107  56.806 0.0000000000
50488  36.292  -36.457  55.382 0.0000000000
42693  39.063  -44.730  65.232 0.0000000000
42712  39.683  -44.134  64.840 0.0000000000
42713  38.654  -44.219  64.572 0.0000000000
43630  36.914  -43.684  62.966 0.0000000000
43647  37.233  -43.157  62.375 0.0000000000
42742  34.608  -44.637  62.353 0.0000000000
42749  34.278  -44.311  61.654 0.0000000000
43669  34.383  -43.326  60.527 0.0000000000
43668  35.213  -43.088  60.620 0.0000000000
44545  35.814  -42.848  60.700 0.0000000000
44555  35.080  -42.203  59.636 0.0000000000
44556  34.401  -42.402  59.500 0.0000000000
45493  33.050  -41.757  58.182 0.0000000000
45500  32.667  -41.309  57.561 0.0000000000
45510  32.281  -40.884  56.923 0.0000000000
40874  29.297  -46.490  58.625 0.0000000000
40861  30.111  -46.623  59.613 0.0000000000
42776  29.418  -45.276  57.816 0.0000000000
42786  29.750  -44.404  57.824 0.0000000000
42835  27.673  -45.029  54.075 0.0000000000
42814  28.358  -44.819  55.476 0.0000000000
42823  28.147  -44.613  54.607 0.0000000000
131450  28.993  -43.420  55.647 0.0000000000
43710  29.708  -43.127  57.001 0.0000000000
44586  30.061  -42.280  56.677 0.0000000000
45540  30.016  -41.054  54.563 0.0000000000
45528  30.236  -41.255  55.451 0.0000000000
46463  31.933  -40.553  56.201 0.0000000000
63883  57.805  -21.550  42.848 0.0000000000
62944  52.889  -21.977  45.105 0.0000000000
62950  53.289  -21.924  44.617 0.0000000000
63886  52.645  -21.779  42.613 0.0000000000
63885  53.463  -21.728  42.713 0.0000000000
61202  44.758  -24.722  46.519 0.0000000000
61205  44.507  -24.646  45.651 0.0000000000
132631  28.332  -51.702  71.950 0.0000000000
36103  28.280  -52.218  73.422 0.0000000000
44441  40.020  -42.802  68.149 0.0000000000
45373  39.800  -41.783  68.432 0.0000000000
45408  40.760  -42.208  66.490 0.0000000000
45407  41.706  -41.785  65.956 0.0000000000
132028  41.520  -42.577  65.806 0.0000000000
44502  41.323  -42.958  64.667 0.0000000000
44512  40.874  -42.540  64.109 0.0000000000
43626  40.486  -43.196  64.367 0.0000000000
122462  46.955  -23.488  47.243 0.0000000000
61200  45.938  -23.982  46.414 0.0000000000
37155  24.782  -51.028  63.460 0.0000000000
37160  24.317  -51.249  62.892 0.0000000000
141068  24.523  -51.578  63.378 0.0000000000
36204  24.761  -51.896  63.868 0.0000000000
31192  20.715  -56.228  64.522 0.0000000000
31178  20.695  -56.645  65.274 0.0000000000
30289  20.661  -57.144  66.012 0.0000000000
40734  36.733  -46.615  71.521 0.0000000000
136880  36.478  -47.317  71.193 0.0000000000
39897  37.464  -48.323  70.272 0.0000000000
38988  37.838  -48.725  69.826 0.0000000000
38003  37.444  -49.338  69.573 0.0000000000
38013  36.877  -49.893  69.405 0.0000000000
36167  28.580  -51.282  67.555 0.0000000000
37117  27.315  -51.077  66.999 0.0000000000
38055  26.790  -49.954  65.742 0.0000000000
37147  26.072  -50.228  65.202 0.0000000000
37148  25.560  -50.793  64.606 0.0000000000
57011  41.883  -30.088  50.395 0.0000000000
57021  41.330  -29.844  49.767 0.0000000000
56079  40.861  -30.460  49.423 0.0000000000
28336  22.913  -60.140  71.762 0.0000000000
60324  48.543  -25.653  56.130 0.0000000000
59545  48.484  -26.818  56.325 0.0000000000
57787  46.923  -28.846  60.673 0.0000000000
56884  44.774  -29.988  60.159 0.0000000000
50390  43.756  -36.005  62.677 0.0000000000
127094  44.791  -36.472  62.844 0.0000000000
51357  43.900  -35.703  61.534 0.0000000000
51369  43.901  -35.749  60.450 0.0000000000
51385  42.101  -35.289  59.500 0.0000000000
51386  40.972  -34.995  59.619 0.0000000000
51387  40.000  -35.095  59.357 0.0000000000
41788  32.579  -46.029  62.010 0.0000000000
41795  31.510  -46.068  60.875 0.0000000000
41800  30.642  -46.242  59.975 0.0000000000
118742  56.173  -21.723  45.889 0.0000000000
63866  54.629  -21.695  44.761 0.0000000000
127230  29.060  -54.531  69.181 0.0000000000
118536  28.071  -54.683  69.166 0.0000000000
123015  28.314  -55.178  69.649 0.0000000000
32029  28.754  -55.522  72.437 0.0000000000
32054  28.148  -55.564  70.872 0.0000000000
118135  25.625  -54.289  69.579 0.0000000000
33048  25.676  -53.954  71.607 0.0000000000
37972  32.745  -48.950  71.931 0.0000000000
37991  33.146  -49.663  71.243 0.0000000000
37053  33.642  -50.401  70.800 0.0000000000
35116  30.976  -53.109  70.844 0.0000000000
34048  31.563  -54.026  70.743 0.0000000000
33059  31.587  -54.589  70.216 0.0000000000
123454  31.090  -54.685  69.375 0.0000000000
47331  40.174  -38.587  69.483 0.0000000000
122978  40.307  -38.030  70.236 0.0000000000
49274  41.035  -37.349  70.058 0.0000000000
49289  43.211  -37.052  68.800 0.0000000000
50292  43.726  -36.814  68.455 0.0000000000
49304  43.660  -37.804  68.379 0.0000000000
48322  44.167  -38.361  67.896 0.0000000000
48333  44.511  -38.903  67.494 0.0000000000
45438  43.547  -41.215  65.046 0.0000000000
45425  44.309  -40.613  65.442 0.0000000000
46411  43.208  -41.015  64.634 0.0000000000
47386  43.540  -40.339  64.553 0.0000000000
137423  43.053  -39.778  64.264 0.0000000000
48372  43.020  -38.852  64.067 0.0000000000
122738  42.408  -39.556  63.962 0.0000000000
48380  41.303  -38.425  63.356 0.0000000000
48382  40.112  -38.727  62.875 0.0000000000
133281  39.387  -39.312  62.540 0.0000000000
46442  36.439  -40.721  60.175 0.0000000000
45484  35.808  -41.304  59.680 0.0000000000
45485  35.224  -41.580  59.295 0.0000000000
139708  26.564  -46.640  59.390 0.0000000000
40863  27.265  -46.651  58.857 0.0000000000
122956  26.396  -46.280  58.786 0.0000000000
41827  25.329  -45.699  57.212 0.0000000000
63822  51.651  -21.746  47.277 0.0000000000
62919  51.154  -22.013  46.711 0.0000000000
62934  50.602  -22.269  46.120 0.0000000000
62947  49.976  -22.496  45.468 0.0000000000
62084  47.333  -23.306  44.445 0.0000000000
35239  21.417  -52.535  59.540 0.0000000000
32114  20.813  -55.046  62.957 0.0000000000
41674  38.516  -45.293  70.893 0.0000000000
41673  39.113  -44.991  70.495 0.0000000000
42637  39.546  -44.675  70.117 0.0000000000
42636  39.847  -44.379  69.705 0.0000000000
42646  39.865  -45.157  69.457 0.0000000000
41699  40.119  -45.667  68.878 0.0000000000
40793  40.241  -46.110  67.495 0.0000000000
39021  36.513  -48.201  67.523 0.0000000000
39936  34.419  -47.587  65.708 0.0000000000
39945  34.020  -47.291  64.959 0.0000000000
39946  33.349  -47.825  64.590 0.0000000000
39050  32.744  -48.271  64.180 0.0000000000
35123  34.652  -52.173  69.202 0.0000000000
36142  35.256  -51.552  69.382 0.0000000000
36153  34.655  -51.875  68.778 0.0000000000
36162  33.693  -51.477  67.820 0.0000000000
36178  33.117  -51.270  67.276 0.0000000000
37130  29.571  -50.131  65.541 0.0000000000
135301  30.991  -50.368  65.435 0.0000000000
37146  30.480  -50.021  64.970 0.0000000000
38068  30.868  -49.676  64.254 0.0000000000
38082  31.102  -49.304  63.689 0.0000000000
38083  30.493  -49.347  63.603 0.0000000000
38095  30.167  -49.059  62.931 0.0000000000
39065  29.036  -48.617  62.038 0.0000000000
119606  28.086  -48.284  62.007 0.0000000000
39976  27.335  -47.965  61.898 0.0000000000
39965  26.551  -47.820  62.102 0.0000000000
39100  23.456  -49.050  59.730 0.0000000000
38156  23.056  -49.054  58.918 0.0000000000
38157  22.516  -49.636  58.202 0.0000000000
37239  22.016  -50.233  57.516 0.0000000000
59637  44.151  -25.964  48.994 0.0000000000
59638  43.417  -26.145  48.451 0.0000000000
57064  40.848  -28.976  46.848 0.0000000000
57955  41.244  -28.511  46.367 0.0000000000
57063  41.335  -29.318  46.432 0.0000000000
119417  26.249  -53.947  75.791 0.0000000000
33022  23.889  -54.203  73.938 0.0000000000
33036  23.502  -54.238  73.095 0.0000000000
30233  23.463  -57.839  73.867 0.0000000000
30234  23.324  -57.236  73.348 0.0000000000
30245  22.994  -57.110  72.564 0.0000000000
30257  21.466  -57.447  69.004 0.0000000000
30259  21.156  -57.506  68.281 0.0000000000
121170  20.980  -58.249  67.988 0.0000000000
63778  54.524  -21.039  50.332 0.0000000000
63779  53.576  -21.169  50.479 0.0000000000
63770  52.432  -21.505  51.818 0.0000000000
138371  50.584  -21.874  50.426 0.0000000000
62033  48.938  -22.981  50.771 0.0000000000
59594  46.599  -25.684  51.748 0.0000000000
58724  46.369  -27.597  53.513 0.0000000000
57861  45.788  -28.359  53.336 0.0000000000
57869  45.187  -28.381  52.806 0.0000000000
56984  44.694  -29.405  52.778 0.0000000000
131364  44.619  -30.448  52.995 0.0000000000
59531  50.700  -26.918  59.112 0.0000000000
58675  50.423  -27.731  58.783 0.0000000000
57818  49.399  -29.059  58.320 0.0000000000
56930  48.775  -29.594  58.221 0.0000000000
124603  46.215  -31.016  56.847 0.0000000000
55979  47.001  -30.800  57.294 0.0000000000
140839  45.643  -31.249  55.795 0.0000000000
56014  45.625  -31.214  55.516 0.0000000000
122302  43.698  -31.670  53.801 0.0000000000
55073  42.965  -31.467  54.027 0.0000000000
55074  41.970  -30.976  54.499 0.0000000000
123857  41.108  -31.431  57.065 0.0000000000
54177  40.548  -32.135  56.612 0.0000000000
53249  39.783  -33.312  55.613 0.0000000000
130464  40.374  -34.069  55.785 0.0000000000
54982  48.363  -31.419  64.188 0.0000000000
50329  45.113  -36.851  66.541 0.0000000000
51307  44.859  -35.891  66.092 0.0000000000
51306  45.788  -36.385  65.863 0.0000000000
51320  47.865  -36.188  64.731 0.0000000000
50404  47.147  -36.467  61.578 0.0000000000
51355  47.337  -35.904  61.390 0.0000000000
53175  47.406  -34.357  61.941 0.0000000000
53176  46.753  -33.882  61.680 0.0000000000
53177  45.976  -33.435  61.413 0.0000000000
53188  45.496  -33.770  60.551 0.0000000000
53199  45.363  -34.394  59.668 0.0000000000
52301  45.202  -34.848  58.849 0.0000000000
123713  44.428  -36.437  57.525 0.0000000000
50472  43.674  -36.571  56.612 0.0000000000
50483  43.356  -36.465  56.121 0.0000000000
51437  42.766  -36.197  55.620 0.0000000000
50484  42.993  -36.878  55.768 0.0000000000
49436  41.794  -37.243  54.858 0.0000000000
49437  41.424  -37.560  55.506 0.0000000000
49431  39.127  -37.310  56.316 0.0000000000
49386  38.246  -37.233  60.725 0.0000000000
130928  38.219  -36.582  60.210 0.0000000000
49404  36.940  -36.560  58.562 0.0000000000
49440  34.933  -36.922  54.992 0.0000000000
42714  37.753  -44.369  64.399 0.0000000000
42728  36.477  -44.275  63.506 0.0000000000
42740  36.147  -43.982  62.805 0.0000000000
42756  33.084  -44.215  60.797 0.0000000000
43663  33.909  -43.935  61.007 0.0000000000
43676  33.989  -42.941  59.963 0.0000000000
44557  33.637  -42.598  59.396 0.0000000000
44564  32.471  -42.343  58.655 0.0000000000
44572  32.114  -41.881  58.041 0.0000000000
41826  28.079  -45.931  57.070 0.0000000000
40890  28.984  -45.988  57.888 0.0000000000
41825  28.513  -45.792  57.325 0.0000000000
42797  28.697  -44.914  56.363 0.0000000000
43744  28.470  -43.657  54.188 0.0000000000
43731  28.584  -43.994  55.103 0.0000000000
44607  29.286  -42.525  55.360 0.0000000000
44606  29.792  -41.974  55.870 0.0000000000
62952  51.970  -22.399  44.243 0.0000000000
62965  52.439  -22.260  43.797 0.0000000000
60422  43.653  -25.152  45.149 0.0000000000
60429  43.267  -25.833  44.361 0.0000000000
33045  30.678  -55.100  71.341 0.0000000000
33046  30.190  -55.478  71.878 0.0000000000
33032  29.916  -55.159  72.650 0.0000000000
33033  29.289  -55.191  72.955 0.0000000000
32020  28.582  -55.038  73.196 0.0000000000
127152  28.376  -54.591  73.864 0.0000000000
36132  30.284  -51.893  70.647 0.0000000000
34035  30.886  -54.312  71.344 0.0000000000
44397  39.986  -41.667  71.389 0.0000000000
119587  39.965  -40.969  71.291 0.0000000000
46337  39.727  -39.564  69.688 0.0000000000
45374  39.666  -40.795  68.716 0.0000000000
134863  39.647  -39.985  68.959 0.0000000000
47332  39.984  -39.239  68.778 0.0000000000
47344  41.528  -38.928  67.731 0.0000000000
47343  42.878  -38.746  67.896 0.0000000000
125645  42.561  -39.347  67.320 0.0000000000
47369  42.894  -39.988  66.750 0.0000000000
46382  43.326  -40.619  66.215 0.0000000000
45427  43.000  -41.575  65.346 0.0000000000
44488  43.037  -41.668  65.073 0.0000000000
45439  42.865  -41.614  64.783 0.0000000000
46423  41.590  -40.772  63.844 0.0000000000
46424  40.616  -40.494  63.442 0.0000000000
45469  39.240  -41.667  62.946 0.0000000000
45470  38.402  -41.917  62.381 0.0000000000
44542  37.758  -42.251  61.984 0.0000000000
44543  37.093  -42.619  61.668 0.0000000000
40896  23.745  -46.878  57.675 0.0000000000
40040  23.284  -47.309  57.204 0.0000000000
40050  23.224  -47.072  56.239 0.0000000000
39180  22.796  -48.771  54.604 0.0000000000
39158  22.909  -48.054  54.933 0.0000000000
133025  47.844  -22.891  45.838 0.0000000000
62066  47.273  -23.172  46.414 0.0000000000
62085  46.475  -23.507  44.691 0.0000000000
37182  23.338  -50.621  60.757 0.0000000000
37183  22.776  -51.033  60.142 0.0000000000
36217  22.946  -51.375  60.843 0.0000000000
36218  22.781  -51.935  61.226 0.0000000000
35219  22.207  -52.327  60.838 0.0000000000
34154  21.282  -53.381  60.698 0.0000000000
33100  24.582  -53.946  66.881 0.0000000000
33113  23.608  -53.774  65.396 0.0000000000
33114  22.543  -53.899  65.321 0.0000000000
33119  21.361  -54.441  64.128 0.0000000000
138347  20.186  -57.128  63.362 0.0000000000
30311  19.708  -57.811  62.515 0.0000000000
41675  37.817  -45.576  71.382 0.0000000000
40749  38.950  -46.997  69.825 0.0000000000
39905  39.278  -47.622  68.711 0.0000000000
38994  39.148  -47.968  69.044 0.0000000000
39009  38.541  -48.345  68.642 0.0000000000
38028  37.885  -48.925  68.712 0.0000000000
38987  38.089  -48.865  69.332 0.0000000000
140731  37.848  -49.194  68.962 0.0000000000
39012  36.460  -48.934  68.041 0.0000000000
38030  35.615  -49.227  67.757 0.0000000000
35151  31.724  -52.377  67.643 0.0000000000
36164  32.456  -52.123  67.601 0.0000000000
35166  31.093  -51.810  67.140 0.0000000000
36181  29.305  -51.056  67.164 0.0000000000
37115  29.417  -50.558  66.415 0.0000000000
38053  28.869  -49.716  65.232 0.0000000000
139043  28.413  -49.357  64.776 0.0000000000
38085  27.698  -48.764  63.861 0.0000000000
137579  27.279  -48.504  63.470 0.0000000000
39055  25.702  -48.664  63.380 0.0000000000
38087  25.422  -49.381  63.784 0.0000000000
38096  25.045  -49.123  63.049 0.0000000000
38107  24.194  -49.692  61.726 0.0000000000
58785  42.208  -27.275  49.083 0.0000000000
57929  40.630  -28.802  47.556 0.0000000000
137763  40.950  -29.636  46.796 0.0000000000
29289  23.264  -58.366  74.111 0.0000000000
138828  23.568  -58.697  72.852 0.0000000000
120066  22.998  -58.675  71.387 0.0000000000
29312  22.209  -58.943  69.784 0.0000000000
29313  21.716  -58.920  69.123 0.0000000000
142250  21.970  -59.332  69.466 0.0000000000
128099  21.690  -59.712  69.047 0.0000000000
27347  21.924  -60.586  69.527 0.0000000000
60345  47.876  -25.095  53.538 0.0000000000
119874  47.583  -25.797  53.851 0.0000000000
59554  47.701  -26.885  55.149 0.0000000000
58712  47.279  -27.026  54.453 0.0000000000
57849  47.178  -28.699  55.050 0.0000000000
56894  49.367  -29.422  58.983 0.0000000000
57800  49.320  -29.258  59.522 0.0000000000
56916  47.507  -30.174  58.456 0.0000000000
55980  46.056  -30.490  57.759 0.0000000000
132979  43.484  -30.145  57.115 0.0000000000
55983  42.482  -30.415  57.425 0.0000000000
55964  43.420  -30.348  58.487 0.0000000000
55965  42.699  -30.606  58.279 0.0000000000
55029  42.011  -30.991  58.057 0.0000000000
54165  41.992  -31.758  58.285 0.0000000000
54170  41.949  -32.675  57.968 0.0000000000
54967  47.046  -32.028  65.527 0.0000000000
48368  47.190  -38.537  64.346 0.0000000000
48367  47.510  -38.440  64.456 0.0000000000
49355  47.131  -37.903  63.545 0.0000000000
49368  46.964  -37.330  62.801 0.0000000000
122346  45.702  -36.571  62.039 0.0000000000
50405  46.635  -36.528  61.060 0.0000000000
50421  46.452  -36.366  60.497 0.0000000000
50432  46.162  -36.372  60.030 0.0000000000
51382  46.058  -36.033  59.591 0.0000000000
50433  45.584  -36.333  59.438 0.0000000000
50434  43.975  -36.349  58.914 0.0000000000
50445  44.181  -36.573  57.947 0.0000000000
50458  43.246  -36.727  57.373 0.0000000000
124028  41.457  -36.647  57.329 0.0000000000
50460  40.764  -36.320  57.480 0.0000000000
122662  40.078  -35.972  57.488 0.0000000000
50461  39.449  -35.942  57.204 0.0000000000
50462  38.640  -35.875  56.887 0.0000000000
48398  36.057  -38.147  58.765 0.0000000000
49406  35.625  -37.994  58.144 0.0000000000
42743  33.779  -44.978  62.107 0.0000000000
42763  31.894  -44.135  59.991 0.0000000000
43679  31.507  -43.766  59.399 0.0000000000
127743  27.350  -45.367  54.607 0.0000000000
130597  27.196  -45.351  53.887 0.0000000000
137370  27.708  -44.842  53.295 0.0000000000
42850  27.694  -44.924  52.501 0.0000000000
118739  57.262  -21.631  44.192 0.0000000000
118738  56.268  -21.592  43.911 0.0000000000
118735  56.109  -21.597  43.008 0.0000000000
120161  55.191  -21.613  42.769 0.0000000000
63896  53.802  -21.481  41.940 0.0000000000
36194  25.849  -52.247  65.386 0.0000000000
139637  26.644  -52.397  66.876 0.0000000000
34097  25.991  -53.385  66.540 0.0000000000
34098  25.534  -53.544  66.266 0.0000000000
33099  25.379  -53.872  67.109 0.0000000000
33077  27.745  -54.898  69.429 0.0000000000
33078  27.207  -54.797  69.407 0.0000000000
118633  24.250  -53.956  67.837 0.0000000000
33093  23.107  -53.892  68.307 0.0000000000
33094  22.279  -54.305  68.753 0.0000000000
39871  34.506  -47.572  72.876 0.0000000000
37988  35.533  -49.471  70.636 0.0000000000
38006  35.131  -50.517  70.432 0.0000000000
120073  35.001  -51.460  70.128 0.0000000000
37065  34.315  -51.045  70.483 0.0000000000
127086  34.880  -51.924  70.000 0.0000000000
35124  34.311  -52.550  69.485 0.0000000000
34057  33.936  -52.886  69.166 0.0000000000
35133  32.992  -53.211  68.624 0.0000000000
35114  32.790  -53.216  70.310 0.0000000000
34059  32.953  -53.637  69.603 0.0000000000
127101  33.059  -53.544  69.097 0.0000000000
35153  29.947  -52.388  67.992 0.0000000000
142165  30.065  -53.694  68.647 0.0000000000
35134  29.568  -52.995  68.450 0.0000000000
135827  29.133  -52.313  68.271 0.0000000000
130082  40.156  -31.479  49.862 0.0000000000
55133  39.546  -31.892  49.531 0.0000000000
54271  39.317  -32.940  48.548 0.0000000000
59522  50.839  -26.065  59.482 0.0000000000
59523  50.768  -26.958  59.715 0.0000000000
59508  50.721  -26.971  60.343 0.0000000000
58654  50.455  -27.560  60.412 0.0000000000
59495  50.546  -26.864  61.176 0.0000000000
57784  50.143  -28.122  60.314 0.0000000000
57768  49.733  -27.866  61.129 0.0000000000
121758  48.899  -28.232  61.107 0.0000000000
58620  49.403  -27.237  62.921 0.0000000000
139011  47.298  -28.433  62.180 0.0000000000
50310  44.701  -37.302  67.259 0.0000000000
139664  45.187  -37.402  66.730 0.0000000000
49327  46.069  -38.195  66.371 0.0000000000
48354  46.819  -38.933  65.518 0.0000000000
47356  44.501  -39.413  67.225 0.0000000000
130270  44.988  -39.364  67.038 0.0000000000
136896  45.023  -40.332  65.822 0.0000000000
46380  45.236  -40.149  66.266 0.0000000000
47355  45.435  -39.764  66.547 0.0000000000
47378  46.031  -39.786  65.922 0.0000000000
47382  46.435  -39.368  65.520 0.0000000000
49358  43.641  -37.760  63.854 0.0000000000
50373  43.022  -36.828  63.402 0.0000000000
50392  41.594  -36.378  62.605 0.0000000000
50409  41.245  -35.752  61.938 0.0000000000
50425  40.139  -35.615  60.982 0.0000000000
49380  38.822  -37.260  61.323 0.0000000000
49379  39.463  -37.491  61.938 0.0000000000
46434  39.739  -40.250  63.009 0.0000000000
47401  38.578  -39.451  61.993 0.0000000000
46438  38.348  -40.199  61.957 0.0000000000
125598  37.626  -38.912  60.931 0.0000000000
48390  37.080  -38.770  60.279 0.0000000000
48393  36.541  -38.369  59.521 0.0000000000
47417  35.026  -39.185  57.717 0.0000000000
47412  35.109  -39.855  58.124 0.0000000000
47418  34.534  -39.811  57.427 0.0000000000
40011  29.885  -47.299  60.015 0.0000000000
40012  29.337  -47.419  59.589 0.0000000000
40029  29.056  -47.097  58.949 0.0000000000
40875  28.689  -46.603  58.355 0.0000000000
41855  26.381  -45.556  55.528 0.0000000000
40906  24.395  -45.966  56.733 0.0000000000
41840  25.028  -45.611  56.346 0.0000000000
138794  24.108  -46.261  55.044 0.0000000000
133473  26.779  -45.516  54.889 0.0000000000
63841  53.539  -21.751  46.484 0.0000000000
63855  53.190  -21.824  45.770 0.0000000000
62945  51.952  -22.304  44.998 0.0000000000
62954  49.468  -22.751  44.749 0.0000000000
120434  49.831  -22.864  44.105 0.0000000000
35281  21.158  -52.246  57.517 0.0000000000
35183  24.343  -52.596  63.859 0.0000000000
35184  23.921  -52.625  63.375 0.0000000000
34110  22.967  -53.619  64.158 0.0000000000
33143  21.280  -54.300  62.595 0.0000000000
34125  21.771  -53.634  62.283 0.0000000000
33177  20.892  -54.059  61.035 0.0000000000
125441  39.529  -42.397  72.122 0.0000000000
45341  39.785  -41.707  72.037 0.0000000000
44413  39.938  -42.332  70.753 0.0000000000
43567  40.100  -44.050  69.264 0.0000000000
126211  40.119  -43.498  68.921 0.0000000000
43578  40.395  -43.865  67.949 0.0000000000
42662  40.763  -44.643  66.624 0.0000000000
42691  40.755  -44.476  65.801 0.0000000000
41754  39.326  -45.328  65.868 0.0000000000
41739  39.570  -45.832  66.583 0.0000000000
41755  38.372  -45.156  65.567 0.0000000000
41769  37.403  -44.988  65.076 0.0000000000
41770  36.409  -45.229  64.757 0.0000000000
39912  39.381  -47.338  68.285 0.0000000000
39923  38.435  -47.100  67.477 0.0000000000
39925  36.565  -47.403  67.031 0.0000000000
40814  36.831  -46.658  66.580 0.0000000000
41757  35.929  -45.865  65.201 0.0000000000
41771  35.585  -45.540  64.460 0.0000000000
41772  34.830  -45.891  64.157 0.0000000000
40840  33.078  -46.550  63.047 0.0000000000
40824  33.620  -47.005  64.174 0.0000000000
39973  31.956  -47.162  62.276 0.0000000000
39974  31.377  -47.371  61.724 0.0000000000
39975  30.633  -47.746  61.308 0.0000000000
37063  36.288  -50.452  69.659 0.0000000000
37088  36.119  -50.550  68.940 0.0000000000
139702  35.103  -51.476  68.840 0.0000000000
37089  35.493  -51.007  68.807 0.0000000000
38020  35.940  -50.321  68.627 0.0000000000
118894  34.710  -49.652  67.441 0.0000000000
36179  32.471  -51.331  66.953 0.0000000000
37113  32.883  -50.773  66.707 0.0000000000
124928  31.589  -50.400  65.650 0.0000000000
37114  32.224  -50.631  66.194 0.0000000000
37127  32.700  -50.116  65.999 0.0000000000
118594  33.354  -49.638  66.239 0.0000000000
39040  32.338  -48.978  64.321 0.0000000000
39051  32.138  -48.580  63.725 0.0000000000
137230  31.331  -49.059  63.552 0.0000000000
39052  31.538  -48.756  63.376 0.0000000000
39079  30.984  -48.143  62.016 0.0000000000
124102  29.976  -47.906  60.770 0.0000000000
39992  29.009  -47.842  59.914 0.0000000000
39993  27.600  -47.584  60.556 0.0000000000
40014  27.239  -47.105  59.755 0.0000000000
40865  24.990  -46.596  59.298 0.0000000000
39978  25.403  -47.677  61.475 0.0000000000
39084  24.998  -48.175  61.838 0.0000000000
39979  24.750  -47.789  61.028 0.0000000000
39996  24.852  -47.302  60.398 0.0000000000
134596  24.614  -47.115  59.770 0.0000000000
40015  24.335  -46.961  59.067 0.0000000000
40030  23.495  -47.464  58.021 0.0000000000
39128  22.970  -48.021  57.567 0.0000000000
130972  22.195  -49.083  56.533 0.0000000000
61191  45.929  -24.627  48.732 0.0000000000
60406  45.368  -24.828  48.082 0.0000000000
118484  43.614  -25.428  46.780 0.0000000000
60416  43.569  -25.694  47.554 0.0000000000
60419  43.211  -25.495  45.982 0.0000000000
58812  41.705  -26.889  47.436 0.0000000000
59647  41.631  -26.962  46.646 0.0000000000
58821  41.356  -27.712  46.429 0.0000000000
55156  40.529  -31.959  47.246 0.0000000000
33005  28.504  -54.266  74.471 0.0000000000
34001  27.606  -53.548  75.734 0.0000000000
140109  24.705  -53.683  71.786 0.0000000000
137650  25.343  -53.727  73.164 0.0000000000
34026  24.990  -53.650  72.420 0.0000000000
33061  23.901  -53.704  70.728 0.0000000000
33062  23.030  -53.966  70.469 0.0000000000
33081  22.139  -54.509  69.468 0.0000000000
33010  23.640  -54.780  74.681 0.0000000000
32032  22.506  -55.289  72.217 0.0000000000
33051  22.662  -54.658  71.865 0.0000000000
33082  21.805  -54.931  69.765 0.0000000000
129122  21.667  -54.866  69.007 0.0000000000
32076  21.224  -55.599  67.687 0.0000000000
141344  20.782  -56.811  66.452 0.0000000000
30266  20.869  -57.443  67.529 0.0000000000
29321  21.254  -59.059  68.398 0.0000000000
28373  20.662  -59.434  67.378 0.0000000000
124638  55.990  -21.361  48.140 0.0000000000
63820  54.958  -21.475  47.857 0.0000000000
128605  54.033  -21.620  47.758 0.0000000000
120394  52.272  -21.591  47.867 0.0000000000
126353  51.375  -21.640  48.081 0.0000000000
63811  50.711  -21.751  48.267 0.0000000000
64758  53.982  -21.019  52.008 0.0000000000
63780  52.661  -21.340  50.740 0.0000000000
129061  51.998  -21.403  50.092 0.0000000000
63795  51.463  -21.518  49.497 0.0000000000
62910  50.172  -21.976  47.937 0.0000000000
62050  48.110  -22.853  48.514 0.0000000000
60391  45.266  -25.477  49.617 0.0000000000
59625  44.564  -26.019  49.735 0.0000000000
59610  44.076  -26.631  50.156 0.0000000000
137693  43.610  -26.818  49.918 0.0000000000
59581  46.244  -26.381  52.234 0.0000000000
141451  46.020  -26.841  52.526 0.0000000000
58767  43.514  -27.246  50.373 0.0000000000
129491  43.154  -27.933  50.718 0.0000000000
57902  42.693  -28.590  50.682 0.0000000000
131836  43.469  -29.138  51.643 0.0000000000
57009  42.877  -29.472  51.219 0.0000000000
127763  42.280  -29.386  50.585 0.0000000000
57010  42.413  -30.250  50.915 0.0000000000
56069  42.023  -30.864  50.730 0.0000000000
55119  42.056  -31.312  51.179 0.0000000000
58695  48.879  -27.507  57.061 0.0000000000
58686  49.981  -27.594  58.156 0.0000000000
58688  48.733  -28.348  57.077 0.0000000000
57836  48.137  -28.411  56.290 0.0000000000
56957  46.818  -29.739  55.061 0.0000000000
128095  47.795  -30.175  57.371 0.0000000000
126635  47.379  -30.586  57.155 0.0000000000
56948  47.105  -30.260  55.782 0.0000000000
140368  45.671  -30.074  53.876 0.0000000000
56050  44.208  -31.189  52.858 0.0000000000
134601  44.421  -31.477  53.778 0.0000000000
55099  44.172  -31.531  53.297 0.0000000000
56051  43.587  -31.120  52.320 0.0000000000
55109  43.090  -31.573  52.261 0.0000000000
55112  40.764  -31.610  51.423 0.0000000000
127256  41.532  -31.625  52.491 0.0000000000
56016  42.339  -30.531  55.789 0.0000000000
56029  41.828  -30.701  55.306 0.0000000000
55056  40.921  -30.891  55.212 0.0000000000
55040  40.836  -31.087  56.297 0.0000000000
55058  39.643  -31.638  54.347 0.0000000000
57742  48.293  -28.452  63.877 0.0000000000
141562  47.848  -28.549  63.403 0.0000000000
56862  46.556  -29.624  62.800 0.0000000000
54072  47.121  -32.845  65.388 0.0000000000
54071  47.720  -32.439  65.247 0.0000000000
49345  47.855  -38.009  64.285 0.0000000000
135026  48.240  -37.389  64.205 0.0000000000
51330  48.399  -36.367  64.184 0.0000000000
50386  48.153  -36.550  62.941 0.0000000000
51337  48.517  -35.331  63.953 0.0000000000
132850  48.168  -35.356  64.418 0.0000000000
132275  47.738  -33.756  64.888 0.0000000000
54070  48.050  -32.946  64.862 0.0000000000
54084  48.363  -32.826  64.363 0.0000000000
125695  48.425  -32.119  64.247 0.0000000000
54096  48.355  -32.293  63.784 0.0000000000
54990  47.744  -32.036  63.411 0.0000000000
54983  47.543  -31.243  63.521 0.0000000000
54991  46.750  -31.573  63.058 0.0000000000
55932  46.098  -30.563  62.718 0.0000000000
55938  45.419  -30.481  61.850 0.0000000000
55939  44.862  -30.784  61.220 0.0000000000
54999  44.618  -31.563  61.003 0.0000000000
55004  44.107  -31.549  60.412 0.0000000000
54141  43.912  -32.279  60.115 0.0000000000
54153  43.417  -32.440  59.544 0.0000000000
53225  42.487  -33.812  57.638 0.0000000000
52308  45.403  -35.568  58.607 0.0000000000
52319  44.506  -35.433  57.521 0.0000000000
52310  44.215  -34.726  57.890 0.0000000000
53224  43.342  -34.295  57.786 0.0000000000
142118  42.098  -36.154  55.189 0.0000000000
48408  40.426  -37.980  56.110 0.0000000000
51374  39.437  -35.385  59.842 0.0000000000
50436  38.420  -35.568  58.932 0.0000000000
49405  36.150  -37.215  58.164 0.0000000000
50464  36.660  -36.413  57.631 0.0000000000
133844  35.886  -36.560  56.236 0.0000000000
50476  36.618  -36.311  56.771 0.0000000000
139069  37.209  -36.133  56.506 0.0000000000
42711  40.449  -44.185  65.269 0.0000000000
43613  39.070  -43.643  64.131 0.0000000000
43628  38.530  -43.250  63.442 0.0000000000
42741  35.406  -44.322  62.570 0.0000000000
43649  35.928  -43.722  62.094 0.0000000000
43662  34.783  -43.677  61.151 0.0000000000
44544  36.358  -42.763  61.116 0.0000000000
44548  36.078  -42.368  60.504 0.0000000000
44562  34.032  -42.118  59.034 0.0000000000
45492  33.977  -41.578  58.438 0.0000000000
46462  32.790  -40.374  56.437 0.0000000000
41809  30.360  -45.943  59.378 0.0000000000
41818  29.613  -45.823  58.423 0.0000000000
41817  30.072  -45.670  58.879 0.0000000000
42765  30.514  -45.162  59.203 0.0000000000
42774  30.736  -44.291  59.005 0.0000000000
43699  29.556  -43.899  57.244 0.0000000000
43698  30.038  -43.463  57.704 0.0000000000
43697  30.707  -42.965  58.152 0.0000000000
44573  31.202  -42.179  57.782 0.0000000000
45512  30.513  -41.518  56.291 0.0000000000
45511  31.378  -41.151  56.649 0.0000000000
46478  32.449  -40.067  55.733 0.0000000000
118868  53.821  -21.782  45.215 0.0000000000
63867  53.900  -21.808  44.369 0.0000000000
120994  53.883  -21.788  43.535 0.0000000000
63889  49.827  -21.823  41.843 0.0000000000
61204  45.103  -24.266  45.208 0.0000000000
30290  20.446  -57.551  65.324 0.0000000000
31147  22.389  -56.077  71.986 0.0000000000
31169  20.900  -56.472  67.030 0.0000000000
32065  29.722  -55.489  69.937 0.0000000000
34046  33.376  -53.308  69.742 0.0000000000
35112  34.784  -52.067  69.592 0.0000000000
36152  35.117  -51.602  68.967 0.0000000000
36265  21.554  -51.584  57.855 0.0000000000
37078  36.281  -50.486  69.328 0.0000000000
39001  38.886  -48.209  68.888 0.0000000000
39914  37.961  -47.846  67.806 0.0000000000
40893  26.976  -45.932  57.552 0.0000000000
41711  40.289  -46.024  68.356 0.0000000000
42663  40.634  -45.192  67.135 0.0000000000
45426  43.655  -41.044  65.396 0.0000000000
46364  44.966  -39.857  66.747 0.0000000000
46379  45.718  -39.938  66.191 0.0000000000
46398  44.490  -40.523  65.955 0.0000000000
47345  40.430  -39.163  68.045 0.0000000000
47367  46.297  -39.479  65.904 0.0000000000
47368  45.904  -39.650  66.246 0.0000000000
48353  47.449  -38.454  64.840 0.0000000000
48362  44.653  -39.235  64.501 0.0000000000
48369  46.483  -38.401  64.084 0.0000000000
49303  44.261  -37.959  67.987 0.0000000000
49326  46.687  -38.471  65.895 0.0000000000
49353  48.122  -37.634  63.817 0.0000000000
50327  46.692  -37.704  65.803 0.0000000000
50346  48.087  -37.007  64.660 0.0000000000
50443  45.281  -36.343  58.633 0.0000000000
51344  48.335  -35.636  62.848 0.0000000000
52243  47.321  -34.799  65.051 0.0000000000
52267  48.544  -34.518  63.762 0.0000000000
54259  39.553  -32.216  48.734 0.0000000000
55054  45.073  -31.392  54.925 0.0000000000
55089  41.186  -31.418  53.331 0.0000000000
56863  45.960  -29.756  62.213 0.0000000000
56914  48.881  -29.655  58.609 0.0000000000
56947  47.588  -29.855  56.263 0.0000000000
58607  49.044  -27.319  63.742 0.0000000000
118982  23.426  -58.609  73.477 0.0000000000
123211  50.611  -27.524  59.906 0.0000000000
124806  51.896  -21.696  52.491 0.0000000000
126346  45.709  -29.407  60.734 0.0000000000
127529  40.645  -38.278  63.077 0.0000000000
130771  47.267  -35.971  65.109 0.0000000000
133264  48.473  -36.043  63.487 0.0000000000
134532  21.880  -54.569  68.447 0.0000000000
134907  39.917  -41.149  71.831 0.0000000000
135516  46.104  -31.193  56.073 0.0000000000
138886  21.260  -56.793  68.604 0.0000000000
139486  48.239  -33.660  64.424 0.0000000000
139602  44.609  -36.201  60.129 0.0000000000
