#!ascii label  , from subject sub-v1s17x0051142_ses-1 vox2ras=TkReg
428
20447  34.533  -69.886  30.275 0.0000000000
136085  37.183  -75.154  24.420 0.0000000000
18934  45.118  -71.103  27.054 0.0000000000
22232  41.183  -67.164  26.155 0.0000000000
15888  43.382  -76.025  22.302 0.0000000000
143094  45.370  -71.985  24.200 0.0000000000
15189  45.975  -76.167  22.648 0.0000000000
145426  38.285  -71.256  24.336 0.0000000000
24081  37.946  -65.573  26.545 0.0000000000
157022  40.219  -71.477  28.722 0.0000000000
21322  43.291  -68.387  26.824 0.0000000000
149264  41.809  -72.295  24.402 0.0000000000
144398  40.061  -75.167  23.483 0.0000000000
12479  41.963  -80.922  22.483 0.0000000000
21251  33.840  -68.682  33.488 0.0000000000
147417  39.060  -70.414  31.740 0.0000000000
18879  43.626  -71.330  31.224 0.0000000000
24994  37.235  -64.718  29.026 0.0000000000
16628  47.319  -74.479  23.619 0.0000000000
18167  37.807  -72.713  23.589 0.0000000000
19734  36.784  -69.946  25.008 0.0000000000
18918  42.534  -71.563  28.389 0.0000000000
19719  44.365  -69.268  26.373 0.0000000000
16642  44.499  -74.443  22.719 0.0000000000
18143  43.471  -72.273  24.291 0.0000000000
17442  42.601  -73.899  23.369 0.0000000000
148695  41.509  -73.639  23.589 0.0000000000
16645  41.770  -75.132  23.137 0.0000000000
149121  40.367  -80.348  23.711 0.0000000000
19610  40.059  -70.671  32.838 0.0000000000
19640  40.963  -70.652  32.017 0.0000000000
18827  41.960  -71.377  32.885 0.0000000000
22187  40.144  -66.744  28.075 0.0000000000
24054  39.817  -65.303  27.630 0.0000000000
25049  36.511  -63.860  26.737 0.0000000000
26947  37.855  -61.826  27.352 0.0000000000
18954  47.663  -71.416  26.760 0.0000000000
19726  46.078  -70.318  25.734 0.0000000000
18140  47.380  -72.161  24.290 0.0000000000
154495  46.445  -74.238  22.738 0.0000000000
15209  45.188  -76.564  21.986 0.0000000000
20529  40.079  -69.316  25.555 0.0000000000
23133  39.317  -65.917  26.504 0.0000000000
21357  38.335  -68.616  25.875 0.0000000000
21346  36.260  -67.923  26.214 0.0000000000
15182  36.037  -76.846  25.038 0.0000000000
18886  37.240  -71.367  29.513 0.0000000000
154371  40.960  -67.906  27.836 0.0000000000
139175  42.206  -67.286  26.661 0.0000000000
19727  44.757  -69.510  25.585 0.0000000000
19729  43.085  -69.558  25.372 0.0000000000
19730  41.507  -69.781  25.412 0.0000000000
18977  40.590  -71.592  24.665 0.0000000000
136787  39.202  -73.049  23.560 0.0000000000
15875  38.478  -75.225  23.934 0.0000000000
13830  43.094  -78.631  22.218 0.0000000000
155230  41.511  -77.753  23.422 0.0000000000
14476  39.303  -77.224  24.386 0.0000000000
14478  37.644  -77.410  24.718 0.0000000000
22128  32.510  -67.190  32.807 0.0000000000
21274  34.062  -68.907  31.974 0.0000000000
20426  36.182  -69.656  32.765 0.0000000000
19643  36.803  -70.611  31.194 0.0000000000
18884  39.244  -71.466  30.089 0.0000000000
18881  42.015  -71.342  30.614 0.0000000000
18900  44.371  -71.501  29.724 0.0000000000
133921  45.779  -71.363  31.245 0.0000000000
18915  46.533  -71.434  28.741 0.0000000000
25982  38.765  -63.220  27.603 0.0000000000
21281  33.882  -69.169  30.162 0.0000000000
21282  33.437  -68.298  29.953 0.0000000000
21291  34.149  -68.657  29.477 0.0000000000
16630  37.421  -74.380  24.042 0.0000000000
18149  36.481  -72.420  24.050 0.0000000000
18935  44.023  -71.204  27.412 0.0000000000
147063  43.620  -70.526  27.127 0.0000000000
19697  44.349  -70.192  26.692 0.0000000000
16657  44.344  -75.271  22.357 0.0000000000
17441  43.682  -73.775  23.293 0.0000000000
16658  43.431  -75.333  22.501 0.0000000000
16644  42.618  -74.769  22.960 0.0000000000
15889  42.493  -75.997  22.683 0.0000000000
11092  39.444  -82.581  22.729 0.0000000000
18850  41.365  -71.047  32.629 0.0000000000
23104  41.110  -66.585  27.316 0.0000000000
23106  39.950  -65.979  27.948 0.0000000000
23131  40.775  -66.157  26.879 0.0000000000
26976  37.199  -61.596  26.790 0.0000000000
137547  47.801  -71.404  25.363 0.0000000000
153752  48.395  -72.586  25.138 0.0000000000
15871  46.643  -75.501  22.854 0.0000000000
16654  47.048  -74.532  22.849 0.0000000000
15884  46.640  -75.291  22.707 0.0000000000
15885  45.844  -75.815  22.348 0.0000000000
15197  45.562  -76.374  22.300 0.0000000000
149359  38.946  -70.389  25.167 0.0000000000
154982  38.557  -69.328  25.600 0.0000000000
19733  38.285  -70.109  25.216 0.0000000000
21359  36.529  -68.542  25.915 0.0000000000
147531  35.860  -68.436  25.934 0.0000000000
152008  35.641  -66.620  26.517 0.0000000000
18905  38.934  -71.485  29.227 0.0000000000
18923  38.118  -70.882  28.636 0.0000000000
19686  39.454  -70.542  28.235 0.0000000000
147242  41.809  -67.454  27.320 0.0000000000
22199  42.975  -67.862  26.833 0.0000000000
18972  45.915  -71.178  24.626 0.0000000000
19749  45.481  -70.243  25.208 0.0000000000
18973  44.906  -71.165  24.636 0.0000000000
154322  43.093  -71.648  24.622 0.0000000000
19751  43.270  -70.644  25.020 0.0000000000
19752  42.137  -70.496  25.207 0.0000000000
156247  42.330  -69.450  25.430 0.0000000000
19753  41.053  -70.772  25.173 0.0000000000
18976  41.477  -71.512  24.775 0.0000000000
134411  40.756  -74.724  23.381 0.0000000000
146811  39.882  -73.501  23.516 0.0000000000
16646  39.860  -74.395  23.432 0.0000000000
16647  39.067  -74.717  23.572 0.0000000000
15874  39.302  -75.497  23.764 0.0000000000
9833  40.187  -84.094  25.303 0.0000000000
151595  42.242  -82.176  22.282 0.0000000000
11091  42.026  -82.794  22.914 0.0000000000
12495  42.585  -81.606  22.161 0.0000000000
13172  42.056  -79.922  22.760 0.0000000000
13831  42.026  -78.733  23.089 0.0000000000
13173  41.078  -79.221  23.743 0.0000000000
12473  39.495  -80.190  24.086 0.0000000000
13818  40.121  -78.710  24.279 0.0000000000
13819  39.110  -78.220  24.535 0.0000000000
14477  38.481  -77.450  24.588 0.0000000000
149361  38.001  -78.271  24.674 0.0000000000
132163  32.364  -66.956  33.712 0.0000000000
147670  33.480  -68.167  33.089 0.0000000000
21266  33.485  -68.316  32.179 0.0000000000
21250  34.068  -68.654  32.844 0.0000000000
19629  37.960  -70.151  32.702 0.0000000000
20406  36.739  -69.958  33.206 0.0000000000
19642  37.482  -70.091  32.043 0.0000000000
20437  36.601  -69.892  32.042 0.0000000000
19655  37.912  -70.809  31.205 0.0000000000
149076  38.804  -71.092  30.838 0.0000000000
19654  39.680  -70.966  31.051 0.0000000000
19638  42.176  -71.079  31.560 0.0000000000
19652  41.446  -70.961  31.367 0.0000000000
18880  42.829  -71.286  30.968 0.0000000000
18902  42.684  -71.569  29.784 0.0000000000
150395  44.291  -71.414  30.686 0.0000000000
155882  47.713  -71.443  31.108 0.0000000000
18877  46.621  -71.357  30.641 0.0000000000
18899  46.679  -71.384  29.821 0.0000000000
23134  38.268  -66.170  26.490 0.0000000000
25045  39.358  -64.546  26.861 0.0000000000
25046  38.952  -64.281  26.706 0.0000000000
26948  37.225  -61.908  28.281 0.0000000000
18989  38.028  -71.898  23.751 0.0000000000
19756  37.797  -70.725  24.615 0.0000000000
18919  41.516  -71.461  28.280 0.0000000000
18920  40.640  -71.227  28.182 0.0000000000
18937  42.186  -71.095  27.615 0.0000000000
20515  43.903  -68.732  26.415 0.0000000000
18160  45.006  -72.780  23.719 0.0000000000
18142  44.399  -72.111  24.258 0.0000000000
18161  44.007  -72.920  23.756 0.0000000000
18162  43.048  -73.075  23.854 0.0000000000
18163  42.141  -73.049  23.932 0.0000000000
149360  41.395  -72.873  24.010 0.0000000000
17443  41.944  -74.352  23.289 0.0000000000
159099  41.317  -74.350  23.373 0.0000000000
15873  40.836  -75.546  23.377 0.0000000000
12480  41.109  -80.148  23.425 0.0000000000
12481  40.108  -81.013  23.453 0.0000000000
150621  39.290  -80.987  23.612 0.0000000000
19627  39.635  -70.391  32.472 0.0000000000
19641  40.091  -70.478  31.873 0.0000000000
19626  40.819  -70.778  32.547 0.0000000000
19625  41.498  -70.911  32.276 0.0000000000
136118  42.899  -71.213  32.116 0.0000000000
23108  38.622  -65.820  28.710 0.0000000000
24055  38.929  -64.812  28.509 0.0000000000
24082  36.846  -64.843  26.645 0.0000000000
26013  38.285  -62.777  26.835 0.0000000000
26014  37.341  -62.566  26.669 0.0000000000
26964  37.386  -61.370  27.015 0.0000000000
19695  46.807  -71.130  26.663 0.0000000000
19696  45.957  -70.766  26.577 0.0000000000
19716  46.991  -70.834  26.107 0.0000000000
18971  47.363  -71.305  24.931 0.0000000000
18141  46.341  -72.043  24.166 0.0000000000
18159  46.817  -72.967  23.550 0.0000000000
17439  45.912  -73.462  23.167 0.0000000000
17454  45.583  -74.310  22.683 0.0000000000
16656  45.356  -75.177  22.335 0.0000000000
21355  40.613  -68.197  25.730 0.0000000000
22215  40.635  -66.543  26.467 0.0000000000
22234  39.051  -67.687  26.153 0.0000000000
22217  38.664  -66.908  26.367 0.0000000000
22218  37.635  -67.086  26.405 0.0000000000
20531  37.626  -69.474  25.472 0.0000000000
21345  37.080  -67.901  26.217 0.0000000000
23135  37.204  -66.340  26.525 0.0000000000
23136  36.385  -65.912  26.609 0.0000000000
136868  35.821  -64.879  26.812 0.0000000000
133083  36.930  -75.939  24.740 0.0000000000
19674  35.909  -70.784  29.674 0.0000000000
20457  36.068  -70.278  28.987 0.0000000000
19689  36.943  -70.298  28.677 0.0000000000
22201  41.723  -66.974  27.145 0.0000000000
154173  41.922  -67.251  26.241 0.0000000000
21342  44.063  -68.731  26.129 0.0000000000
19750  44.414  -70.318  25.035 0.0000000000
19728  43.961  -69.532  25.401 0.0000000000
21352  43.662  -68.408  25.950 0.0000000000
20526  42.993  -68.584  25.605 0.0000000000
20527  42.028  -68.757  25.536 0.0000000000
20528  41.075  -68.989  25.522 0.0000000000
19731  40.570  -70.041  25.384 0.0000000000
19732  39.662  -70.274  25.299 0.0000000000
19755  39.151  -71.021  24.772 0.0000000000
18164  40.633  -73.037  23.791 0.0000000000
18165  39.868  -72.828  23.744 0.0000000000
18979  38.861  -71.769  24.105 0.0000000000
17446  38.412  -73.338  23.528 0.0000000000
16648  38.254  -74.307  23.667 0.0000000000
15876  37.836  -74.966  24.092 0.0000000000
15210  44.647  -77.378  21.799 0.0000000000
10417  41.443  -83.276  23.528 0.0000000000
13839  43.811  -79.385  21.725 0.0000000000
14497  43.189  -77.659  22.228 0.0000000000
15201  42.389  -76.819  22.743 0.0000000000
15191  41.562  -76.962  23.285 0.0000000000
15192  40.809  -76.404  23.524 0.0000000000
14475  40.044  -77.738  24.238 0.0000000000
15177  40.077  -76.799  23.999 0.0000000000
15178  39.364  -76.373  24.123 0.0000000000
15179  38.111  -76.704  24.558 0.0000000000
15180  37.321  -76.639  24.733 0.0000000000
14479  36.760  -77.318  24.844 0.0000000000
23984  31.633  -65.221  33.541 0.0000000000
23042  31.804  -66.134  33.552 0.0000000000
148116  32.064  -66.597  32.969 0.0000000000
153191  32.543  -67.356  32.041 0.0000000000
21275  33.405  -68.600  30.983 0.0000000000
20439  34.141  -69.420  31.050 0.0000000000
19613  36.226  -70.215  33.575 0.0000000000
20408  34.528  -69.058  33.270 0.0000000000
20427  35.326  -69.458  32.392 0.0000000000
20438  34.998  -69.951  31.280 0.0000000000
19658  35.322  -70.513  30.349 0.0000000000
153448  36.528  -71.197  29.807 0.0000000000
18885  38.129  -71.490  30.029 0.0000000000
18904  39.899  -71.569  29.310 0.0000000000
19653  40.618  -70.886  31.238 0.0000000000
18882  41.053  -71.438  30.233 0.0000000000
18903  40.756  -71.628  29.014 0.0000000000
148089  41.754  -71.626  29.352 0.0000000000
18901  43.451  -71.604  29.091 0.0000000000
18916  44.335  -71.546  28.432 0.0000000000
18878  45.372  -71.419  30.438 0.0000000000
133452  45.408  -71.497  29.218 0.0000000000
137048  45.374  -71.483  28.084 0.0000000000
24070  40.176  -65.563  27.120 0.0000000000
134918  39.432  -64.586  27.861 0.0000000000
25013  37.776  -63.575  28.730 0.0000000000
25995  38.361  -62.514  27.187 0.0000000000
141084  38.192  -62.607  27.970 0.0000000000
10414  40.782  -83.702  24.355 0.0000000000
11090  42.541  -81.947  22.208 0.0000000000
11106  42.004  -82.519  22.354 0.0000000000
11796  41.791  -81.769  22.357 0.0000000000
11798  39.807  -81.809  23.131 0.0000000000
11813  41.624  -82.501  22.407 0.0000000000
13161  40.255  -79.622  24.102 0.0000000000
13162  39.347  -79.215  24.427 0.0000000000
13832  40.922  -78.224  23.829 0.0000000000
14488  45.350  -76.973  22.370 0.0000000000
14490  42.293  -77.726  22.879 0.0000000000
14491  40.794  -77.282  23.722 0.0000000000
14494  45.048  -77.163  21.939 0.0000000000
14507  44.358  -78.194  21.771 0.0000000000
15168  36.179  -76.102  25.061 0.0000000000
15181  36.642  -76.591  24.890 0.0000000000
15188  46.160  -75.776  22.586 0.0000000000
15193  40.073  -75.953  23.689 0.0000000000
15199  44.144  -76.756  21.882 0.0000000000
15200  43.299  -76.780  22.244 0.0000000000
15857  47.091  -75.105  23.246 0.0000000000
15860  38.641  -76.061  24.239 0.0000000000
15861  37.797  -75.809  24.419 0.0000000000
15862  36.428  -75.300  24.837 0.0000000000
15872  41.623  -76.079  23.144 0.0000000000
15886  45.067  -75.991  21.972 0.0000000000
16631  36.698  -74.524  24.473 0.0000000000
16641  47.233  -74.967  22.978 0.0000000000
16643  43.484  -74.575  22.836 0.0000000000
16655  46.324  -74.954  22.485 0.0000000000
16659  42.709  -75.426  22.709 0.0000000000
17429  36.923  -73.772  24.100 0.0000000000
17438  47.330  -73.727  23.364 0.0000000000
17440  44.741  -73.622  23.218 0.0000000000
17444  40.644  -73.912  23.446 0.0000000000
17445  39.093  -73.884  23.464 0.0000000000
17447  37.627  -73.577  23.703 0.0000000000
18139  48.056  -72.746  24.355 0.0000000000
18144  42.625  -72.336  24.343 0.0000000000
18145  41.008  -72.287  24.328 0.0000000000
18146  40.204  -72.294  24.144 0.0000000000
18147  39.413  -72.331  23.895 0.0000000000
18166  38.614  -72.492  23.646 0.0000000000
18168  37.044  -72.967  23.773 0.0000000000
18828  40.728  -70.990  32.928 0.0000000000
18829  40.058  -71.114  33.246 0.0000000000
18849  42.094  -71.159  32.389 0.0000000000
18863  47.699  -71.399  31.594 0.0000000000
18865  42.880  -71.194  31.692 0.0000000000
18883  40.154  -71.424  30.253 0.0000000000
18906  38.055  -71.395  29.031 0.0000000000
18917  43.422  -71.527  28.060 0.0000000000
18921  39.686  -71.284  28.529 0.0000000000
18922  38.791  -71.091  28.609 0.0000000000
18933  46.447  -71.369  27.535 0.0000000000
18936  43.061  -71.191  27.532 0.0000000000
18938  41.453  -70.985  27.748 0.0000000000
18970  48.088  -71.895  24.830 0.0000000000
18974  43.897  -71.378  24.652 0.0000000000
18975  42.375  -71.508  24.744 0.0000000000
18978  39.718  -71.666  24.442 0.0000000000
19624  42.176  -71.031  32.022 0.0000000000
19628  38.793  -70.281  32.577 0.0000000000
19639  41.667  -70.867  31.932 0.0000000000
19644  35.862  -70.416  31.186 0.0000000000
19656  37.053  -71.240  30.350 0.0000000000
19657  36.160  -70.953  30.392 0.0000000000
19672  37.409  -70.972  28.819 0.0000000000
19673  36.607  -70.950  29.187 0.0000000000
19685  40.158  -70.699  28.053 0.0000000000
19715  47.876  -71.333  26.020 0.0000000000
19717  46.076  -70.343  26.130 0.0000000000
19725  47.120  -70.950  25.550 0.0000000000
19748  46.515  -70.764  25.115 0.0000000000
19754  40.114  -70.944  25.040 0.0000000000
20425  37.133  -69.876  32.733 0.0000000000
20428  34.715  -69.072  32.677 0.0000000000
20458  35.143  -70.049  29.457 0.0000000000
20459  34.436  -69.434  29.641 0.0000000000
20492  43.685  -69.353  26.831 0.0000000000
20525  44.207  -68.915  25.834 0.0000000000
20530  39.154  -69.696  25.477 0.0000000000
21343  43.426  -68.173  26.394 0.0000000000
21344  42.811  -67.681  26.532 0.0000000000
21353  43.111  -67.871  26.004 0.0000000000
21354  41.736  -67.874  25.750 0.0000000000
21356  39.422  -68.615  25.780 0.0000000000
21358  37.371  -68.626  25.889 0.0000000000
22114  32.924  -67.660  33.400 0.0000000000
22127  32.993  -67.754  32.527 0.0000000000
22142  32.899  -67.827  31.561 0.0000000000
22154  32.850  -67.605  30.532 0.0000000000
22186  41.050  -67.081  27.658 0.0000000000
22200  42.411  -67.492  26.977 0.0000000000
22214  41.637  -66.903  26.653 0.0000000000
22216  39.728  -66.665  26.355 0.0000000000
22219  35.922  -67.309  26.381 0.0000000000
22231  42.483  -67.525  26.094 0.0000000000
22233  40.141  -67.422  26.080 0.0000000000
22235  38.015  -67.828  26.196 0.0000000000
22236  35.481  -67.953  26.138 0.0000000000
23105  40.566  -66.371  27.576 0.0000000000
23122  40.740  -66.148  27.185 0.0000000000
23130  41.267  -66.499  26.972 0.0000000000
23132  40.177  -65.879  26.702 0.0000000000
24053  40.271  -65.849  27.460 0.0000000000
24071  39.591  -64.656  27.211 0.0000000000
24079  39.691  -65.165  26.833 0.0000000000
24080  38.886  -65.117  26.574 0.0000000000
24083  35.390  -65.785  26.696 0.0000000000
24995  36.533  -63.822  29.161 0.0000000000
25011  39.183  -63.895  27.425 0.0000000000
25012  39.011  -63.944  28.062 0.0000000000
25031  39.161  -63.973  26.992 0.0000000000
25047  38.098  -64.629  26.579 0.0000000000
25048  37.720  -63.638  26.609 0.0000000000
25983  37.312  -62.874  28.743 0.0000000000
25994  38.752  -63.286  27.107 0.0000000000
26012  38.634  -63.648  26.762 0.0000000000
26015  36.502  -62.138  26.729 0.0000000000
26963  37.914  -61.961  26.918 0.0000000000
133286  38.447  -70.382  33.071 0.0000000000
134152  41.299  -71.287  33.036 0.0000000000
134946  43.533  -71.462  30.284 0.0000000000
135228  35.828  -69.771  31.990 0.0000000000
135732  43.902  -78.484  21.705 0.0000000000
136278  35.928  -68.997  25.562 0.0000000000
136904  38.262  -70.225  32.107 0.0000000000
140450  38.353  -64.237  28.641 0.0000000000
141091  38.577  -78.905  24.562 0.0000000000
141862  41.032  -81.005  23.077 0.0000000000
142283  36.872  -70.701  24.424 0.0000000000
142432  40.333  -70.565  32.410 0.0000000000
143831  39.431  -65.418  28.293 0.0000000000
144006  36.707  -69.229  25.513 0.0000000000
144175  42.553  -67.982  25.747 0.0000000000
145410  37.282  -65.491  26.578 0.0000000000
148748  45.869  -72.621  23.707 0.0000000000
149855  44.652  -71.397  27.705 0.0000000000
150601  48.100  -73.221  24.532 0.0000000000
150687  46.758  -71.384  24.603 0.0000000000
151094  44.630  -77.831  21.881 0.0000000000
152501  38.489  -70.707  24.824 0.0000000000
153061  45.257  -69.681  25.747 0.0000000000
153062  46.818  -73.800  23.010 0.0000000000
153394  43.662  -68.880  25.640 0.0000000000
153443  34.651  -69.332  31.907 0.0000000000
153480  42.388  -82.252  22.513 0.0000000000
153620  36.728  -67.229  26.401 0.0000000000
154060  46.279  -76.055  23.008 0.0000000000
154458  38.549  -63.439  28.214 0.0000000000
154779  37.459  -70.206  24.952 0.0000000000
154922  41.167  -66.607  26.638 0.0000000000
155515  36.091  -65.385  26.686 0.0000000000
156128  39.549  -74.949  23.519 0.0000000000
156941  38.775  -76.770  24.417 0.0000000000
157476  47.230  -71.381  30.295 0.0000000000
157670  41.381  -67.543  27.575 0.0000000000
158002  40.464  -71.564  29.675 0.0000000000
158013  41.701  -82.789  22.492 0.0000000000
158137  44.948  -76.997  21.823 0.0000000000
158989  36.361  -66.704  26.500 0.0000000000
