#!ascii label  , from subject sub-v1s17x0050236_ses-1 vox2ras=TkReg
450
9859  -44.254  -70.421  -6.407 0.0000000000
15484  -42.878  -64.920  -16.643 0.0000000000
14441  -39.374  -65.760  -8.048 0.0000000000
12581  -43.247  -67.747  -11.544 0.0000000000
17309  -38.137  -63.070  -14.164 0.0000000000
11547  -41.178  -68.355  -2.535 0.0000000000
114553  -35.586  -64.552  -4.563 0.0000000000
115835  -33.436  -58.552  -1.205 0.0000000000
16337  -36.498  -63.128  -9.638 0.0000000000
15398  -38.756  -64.141  -10.330 0.0000000000
18156  -36.352  -61.294  -11.884 0.0000000000
13414  -38.027  -66.421  -3.908 0.0000000000
16248  -36.799  -63.660  -2.507 0.0000000000
24074  -32.351  -55.585  -3.018 0.0000000000
19915  -32.479  -59.304  -3.980 0.0000000000
9066  -41.051  -71.905  -8.285 0.0000000000
13560  -43.031  -66.613  -13.915 0.0000000000
11684  -41.416  -68.920  -12.817 0.0000000000
12605  -42.484  -67.953  -15.031 0.0000000000
12494  -42.829  -67.600  -6.565 0.0000000000
116194  -43.792  -69.316  -8.810 0.0000000000
14493  -39.748  -65.680  -12.177 0.0000000000
15464  -40.236  -64.228  -15.171 0.0000000000
11583  -39.814  -68.800  -5.342 0.0000000000
14421  -37.065  -66.200  -6.880 0.0000000000
134065  -34.222  -63.552  -7.704 0.0000000000
17998  -35.891  -61.347  -0.532 0.0000000000
18029  -33.856  -62.074  -3.068 0.0000000000
128288  -32.868  -61.791  -5.977 0.0000000000
18972  -34.571  -60.751  -8.194 0.0000000000
10766  -41.083  -69.939  -10.665 0.0000000000
19153  -42.345  -60.110  -20.573 0.0000000000
17374  -43.412  -63.279  -19.110 0.0000000000
14593  -44.120  -65.676  -20.945 0.0000000000
17270  -36.283  -62.239  -9.938 0.0000000000
17278  -36.805  -62.247  -10.495 0.0000000000
9051  -42.700  -71.647  -7.427 0.0000000000
120423  -42.776  -65.644  -15.453 0.0000000000
13561  -43.479  -66.854  -14.376 0.0000000000
13577  -43.718  -66.777  -15.300 0.0000000000
12631  -43.181  -67.454  -16.699 0.0000000000
14565  -44.149  -65.817  -17.303 0.0000000000
125881  -40.624  -66.464  -7.428 0.0000000000
14461  -40.114  -65.664  -8.409 0.0000000000
16357  -38.165  -63.754  -11.764 0.0000000000
15416  -39.133  -64.986  -11.731 0.0000000000
15422  -38.594  -64.329  -13.255 0.0000000000
14509  -39.979  -65.365  -13.780 0.0000000000
16385  -38.975  -63.199  -14.876 0.0000000000
126547  -41.492  -69.441  -4.644 0.0000000000
11564  -39.994  -68.551  -3.753 0.0000000000
14370  -36.947  -65.174  -3.977 0.0000000000
13427  -37.389  -66.511  -4.707 0.0000000000
14407  -35.769  -65.301  -5.769 0.0000000000
14437  -35.774  -65.057  -7.555 0.0000000000
15352  -34.654  -64.355  -6.508 0.0000000000
19898  -34.138  -59.835  -0.999 0.0000000000
18008  -34.629  -61.462  -1.590 0.0000000000
18883  -33.352  -60.606  -2.506 0.0000000000
19950  -32.757  -58.941  -5.559 0.0000000000
18058  -32.614  -60.534  -5.254 0.0000000000
135992  -32.901  -60.659  -6.482 0.0000000000
18091  -33.429  -61.495  -7.401 0.0000000000
11650  -43.510  -68.797  -10.398 0.0000000000
9934  -42.679  -70.274  -10.122 0.0000000000
10786  -43.338  -69.020  -11.269 0.0000000000
11664  -39.028  -68.664  -11.727 0.0000000000
136939  -44.214  -59.024  -21.342 0.0000000000
17381  -42.887  -62.026  -20.134 0.0000000000
16519  -44.516  -63.633  -22.197 0.0000000000
15379  -37.466  -64.594  -8.780 0.0000000000
15390  -39.176  -64.747  -9.198 0.0000000000
16339  -38.165  -63.593  -10.056 0.0000000000
16356  -37.765  -63.186  -11.297 0.0000000000
17297  -37.203  -62.644  -12.756 0.0000000000
13403  -39.946  -67.027  -2.799 0.0000000000
15317  -38.252  -65.050  -3.001 0.0000000000
16266  -36.347  -63.970  -3.161 0.0000000000
22053  -32.561  -57.339  -2.406 0.0000000000
19908  -32.677  -59.349  -2.999 0.0000000000
118224  -32.383  -56.997  -3.270 0.0000000000
22084  -32.641  -57.209  -5.068 0.0000000000
130480  -33.888  -57.700  -6.119 0.0000000000
13541  -43.239  -67.180  -12.902 0.0000000000
10805  -43.188  -68.675  -12.002 0.0000000000
12598  -43.381  -67.578  -13.201 0.0000000000
11712  -42.248  -68.189  -14.200 0.0000000000
11710  -39.972  -68.839  -14.364 0.0000000000
11722  -41.304  -68.597  -16.105 0.0000000000
11729  -41.498  -68.824  -17.467 0.0000000000
12656  -42.776  -68.056  -18.941 0.0000000000
11597  -44.154  -68.595  -6.284 0.0000000000
10730  -44.069  -69.526  -7.984 0.0000000000
133149  -43.096  -67.936  -8.953 0.0000000000
12563  -42.571  -67.410  -10.847 0.0000000000
14478  -39.830  -65.250  -10.200 0.0000000000
14479  -40.350  -65.920  -10.696 0.0000000000
13539  -41.527  -66.625  -12.128 0.0000000000
14501  -41.027  -66.108  -13.395 0.0000000000
14531  -41.454  -65.493  -14.669 0.0000000000
16408  -41.086  -64.225  -15.886 0.0000000000
11586  -43.508  -68.707  -5.441 0.0000000000
11595  -41.376  -68.231  -6.083 0.0000000000
13458  -39.033  -67.114  -7.026 0.0000000000
12463  -38.467  -67.719  -4.664 0.0000000000
12489  -37.931  -67.402  -5.930 0.0000000000
13473  -37.883  -66.359  -7.354 0.0000000000
14438  -36.753  -65.152  -8.149 0.0000000000
15377  -35.368  -64.073  -8.526 0.0000000000
17259  -34.970  -62.042  -9.097 0.0000000000
17168  -36.750  -62.668  -1.387 0.0000000000
16247  -35.425  -62.942  -2.503 0.0000000000
16264  -34.668  -63.344  -3.768 0.0000000000
18895  -32.668  -60.126  -3.688 0.0000000000
18042  -33.081  -61.748  -4.617 0.0000000000
16277  -33.952  -63.235  -4.909 0.0000000000
16312  -33.753  -63.238  -7.253 0.0000000000
17258  -34.368  -62.175  -8.478 0.0000000000
9896  -43.174  -70.550  -8.941 0.0000000000
9915  -41.282  -70.639  -9.480 0.0000000000
10784  -41.552  -69.670  -11.456 0.0000000000
10764  -38.688  -69.233  -10.100 0.0000000000
17330  -39.306  -62.640  -15.555 0.0000000000
16428  -40.706  -63.343  -16.316 0.0000000000
16448  -41.834  -63.434  -17.317 0.0000000000
17373  -42.621  -62.864  -18.700 0.0000000000
15493  -43.180  -64.613  -17.333 0.0000000000
15502  -44.287  -64.820  -18.576 0.0000000000
14579  -44.414  -66.028  -19.414 0.0000000000
18120  -35.783  -61.359  -9.959 0.0000000000
18130  -36.341  -61.639  -10.532 0.0000000000
9038  -43.069  -71.726  -6.552 0.0000000000
9052  -43.567  -70.919  -7.180 0.0000000000
15467  -42.741  -65.311  -16.012 0.0000000000
14512  -43.244  -66.215  -15.001 0.0000000000
14533  -43.497  -66.044  -15.734 0.0000000000
14550  -43.841  -65.961  -16.472 0.0000000000
15485  -43.629  -65.350  -16.953 0.0000000000
14442  -40.192  -66.069  -7.872 0.0000000000
13476  -40.922  -66.241  -7.899 0.0000000000
16372  -37.683  -63.239  -13.227 0.0000000000
15415  -38.575  -64.416  -12.277 0.0000000000
16373  -38.221  -63.704  -13.534 0.0000000000
15438  -38.808  -63.950  -14.163 0.0000000000
12443  -41.828  -68.377  -2.012 0.0000000000
11548  -42.209  -69.170  -2.324 0.0000000000
11565  -41.045  -69.037  -3.253 0.0000000000
12456  -40.319  -68.058  -3.013 0.0000000000
15330  -36.300  -64.901  -4.273 0.0000000000
14389  -35.964  -65.168  -4.979 0.0000000000
119079  -35.355  -64.719  -5.348 0.0000000000
15340  -35.192  -64.804  -6.166 0.0000000000
15339  -34.707  -64.294  -5.748 0.0000000000
22041  -33.351  -57.720  -0.871 0.0000000000
19887  -33.980  -59.013  -0.718 0.0000000000
19897  -33.544  -59.407  -1.486 0.0000000000
18871  -33.698  -60.248  -1.737 0.0000000000
19909  -33.162  -59.796  -2.286 0.0000000000
19951  -33.079  -59.279  -6.146 0.0000000000
133233  -32.732  -60.184  -6.035 0.0000000000
18939  -33.250  -60.010  -6.645 0.0000000000
19970  -33.771  -59.395  -6.673 0.0000000000
12582  -43.427  -68.287  -10.938 0.0000000000
10769  -43.424  -69.253  -10.563 0.0000000000
11666  -43.387  -68.314  -11.581 0.0000000000
18260  -43.703  -61.353  -21.278 0.0000000000
17396  -44.620  -63.137  -21.475 0.0000000000
130889  -45.008  -61.844  -22.682 0.0000000000
16328  -36.819  -63.974  -9.226 0.0000000000
15388  -37.902  -64.053  -9.379 0.0000000000
16338  -37.417  -63.394  -9.779 0.0000000000
17286  -36.764  -61.962  -11.241 0.0000000000
17279  -37.349  -62.706  -10.774 0.0000000000
17287  -37.232  -62.637  -11.755 0.0000000000
17296  -36.763  -61.999  -12.292 0.0000000000
15315  -36.699  -64.600  -3.594 0.0000000000
23086  -32.585  -56.527  -1.877 0.0000000000
23104  -32.402  -56.443  -2.760 0.0000000000
22085  -33.228  -57.677  -5.736 0.0000000000
9893  -40.496  -71.439  -8.579 0.0000000000
13550  -42.528  -66.611  -13.332 0.0000000000
13551  -43.393  -67.077  -13.622 0.0000000000
130494  -43.433  -67.248  -14.851 0.0000000000
12606  -43.298  -67.431  -13.992 0.0000000000
122165  -40.950  -68.534  -15.019 0.0000000000
127574  -43.859  -66.815  -17.393 0.0000000000
12630  -42.464  -67.946  -16.720 0.0000000000
125635  -43.282  -67.432  -17.625 0.0000000000
12655  -42.352  -68.324  -18.021 0.0000000000
12657  -43.597  -67.189  -18.427 0.0000000000
125487  -43.581  -68.231  -6.046 0.0000000000
12495  -43.582  -68.044  -6.726 0.0000000000
12547  -42.385  -67.379  -9.973 0.0000000000
13522  -41.633  -66.862  -10.415 0.0000000000
15399  -39.292  -64.669  -9.836 0.0000000000
14486  -39.740  -65.470  -11.170 0.0000000000
14487  -40.410  -66.151  -11.644 0.0000000000
13531  -41.080  -66.573  -11.135 0.0000000000
14494  -40.617  -66.181  -12.552 0.0000000000
13549  -41.558  -66.463  -12.849 0.0000000000
15439  -39.632  -64.536  -14.392 0.0000000000
15440  -40.533  -65.076  -14.581 0.0000000000
15465  -41.182  -64.954  -15.185 0.0000000000
10666  -40.411  -69.207  -4.873 0.0000000000
11584  -40.857  -68.957  -5.506 0.0000000000
11594  -40.208  -68.414  -6.109 0.0000000000
12492  -40.705  -67.544  -6.597 0.0000000000
12491  -39.605  -67.777  -6.561 0.0000000000
13415  -39.258  -66.812  -3.207 0.0000000000
12455  -39.505  -67.647  -3.453 0.0000000000
12454  -38.672  -67.190  -3.837 0.0000000000
13456  -36.982  -66.428  -6.135 0.0000000000
13442  -37.343  -66.841  -5.625 0.0000000000
13457  -37.605  -66.818  -6.531 0.0000000000
124946  -38.286  -66.817  -7.061 0.0000000000
14439  -37.392  -65.772  -7.699 0.0000000000
125813  -36.463  -65.624  -7.211 0.0000000000
15367  -35.123  -64.453  -7.829 0.0000000000
16327  -35.018  -63.357  -8.712 0.0000000000
137173  -34.793  -62.679  -8.785 0.0000000000
17153  -36.286  -62.074  -0.894 0.0000000000
18021  -34.214  -61.804  -2.336 0.0000000000
17166  -34.976  -62.230  -1.961 0.0000000000
17178  -34.563  -62.502  -2.719 0.0000000000
17193  -34.825  -63.072  -3.114 0.0000000000
17192  -34.217  -62.695  -3.464 0.0000000000
20950  -32.477  -58.563  -3.524 0.0000000000
133550  -32.782  -61.344  -5.254 0.0000000000
125264  -33.040  -61.993  -5.329 0.0000000000
17201  -33.476  -62.553  -4.915 0.0000000000
17214  -33.236  -62.493  -5.835 0.0000000000
16302  -33.507  -63.041  -6.376 0.0000000000
17229  -33.211  -62.310  -6.783 0.0000000000
18957  -33.924  -60.743  -7.680 0.0000000000
17241  -33.725  -62.330  -7.764 0.0000000000
18092  -34.053  -61.478  -8.097 0.0000000000
18109  -34.702  -61.394  -8.691 0.0000000000
9069  -43.654  -70.365  -8.142 0.0000000000
9897  -43.633  -69.913  -8.938 0.0000000000
9933  -41.703  -70.394  -10.128 0.0000000000
9916  -42.129  -70.736  -9.539 0.0000000000
9914  -40.252  -70.664  -9.001 0.0000000000
10746  -40.607  -70.099  -9.785 0.0000000000
11685  -42.885  -68.444  -12.814 0.0000000000
10804  -42.113  -69.178  -12.187 0.0000000000
11665  -40.737  -69.328  -12.052 0.0000000000
11663  -38.119  -68.458  -11.370 0.0000000000
11648  -38.906  -68.804  -10.871 0.0000000000
18182  -38.940  -61.823  -15.775 0.0000000000
17362  -40.696  -62.260  -17.283 0.0000000000
17348  -41.078  -62.994  -16.953 0.0000000000
17363  -41.437  -62.686  -17.631 0.0000000000
130468  -42.972  -62.665  -19.355 0.0000000000
17380  -42.235  -62.184  -19.122 0.0000000000
16464  -43.036  -63.576  -18.410 0.0000000000
16450  -43.511  -64.327  -18.084 0.0000000000
120148  -43.868  -64.014  -18.846 0.0000000000
15517  -44.501  -65.149  -20.266 0.0000000000
134379  -44.315  -65.881  -20.182 0.0000000000
17271  -37.062  -62.768  -10.117 0.0000000000
18141  -36.279  -61.269  -11.127 0.0000000000
23118  -32.355  -56.214  -3.778 0.0000000000
114144  -32.377  -55.131  -3.853 0.0000000000
9067  -42.276  -71.617  -8.042 0.0000000000
14511  -42.491  -66.101  -14.408 0.0000000000
12613  -43.277  -67.379  -15.716 0.0000000000
12614  -43.746  -67.032  -15.970 0.0000000000
13596  -44.033  -66.397  -16.859 0.0000000000
13460  -41.397  -66.707  -7.248 0.0000000000
13492  -40.789  -65.986  -8.887 0.0000000000
15407  -38.687  -64.260  -11.257 0.0000000000
15423  -39.191  -65.116  -12.890 0.0000000000
14500  -40.010  -65.743  -12.989 0.0000000000
116016  -39.180  -64.671  -13.716 0.0000000000
16386  -39.454  -63.846  -14.821 0.0000000000
10667  -40.584  -69.231  -4.130 0.0000000000
11574  -39.767  -68.762  -4.534 0.0000000000
14371  -37.430  -65.753  -3.979 0.0000000000
13428  -38.037  -67.064  -4.438 0.0000000000
14390  -36.694  -65.646  -4.660 0.0000000000
13441  -36.805  -66.178  -5.443 0.0000000000
14420  -36.382  -65.862  -6.201 0.0000000000
14419  -35.727  -65.278  -6.644 0.0000000000
15353  -35.089  -64.715  -7.011 0.0000000000
15366  -34.429  -64.034  -7.272 0.0000000000
19888  -34.619  -59.403  -0.324 0.0000000000
18873  -35.066  -61.046  -0.860 0.0000000000
18009  -35.438  -61.819  -1.213 0.0000000000
18872  -34.354  -60.654  -1.285 0.0000000000
18884  -33.900  -61.071  -1.984 0.0000000000
18020  -33.591  -61.364  -2.762 0.0000000000
19933  -32.515  -59.115  -4.873 0.0000000000
18909  -32.537  -59.968  -4.576 0.0000000000
18927  -32.625  -59.666  -5.433 0.0000000000
18075  -32.701  -61.016  -5.939 0.0000000000
18076  -32.950  -61.365  -6.630 0.0000000000
18956  -33.321  -60.695  -7.067 0.0000000000
134160  -43.576  -68.788  -9.818 0.0000000000
10748  -43.554  -69.372  -9.714 0.0000000000
10747  -43.256  -69.803  -10.185 0.0000000000
10768  -43.011  -69.702  -10.766 0.0000000000
10767  -42.168  -70.028  -10.835 0.0000000000
133774  -39.783  -68.974  -12.127 0.0000000000
20187  -44.379  -59.534  -21.660 0.0000000000
19154  -43.274  -60.304  -21.151 0.0000000000
18259  -42.397  -60.919  -20.567 0.0000000000
17382  -43.718  -62.921  -19.858 0.0000000000
16481  -44.189  -63.712  -19.630 0.0000000000
16499  -44.519  -64.039  -21.259 0.0000000000
15538  -44.360  -64.882  -21.111 0.0000000000
14459  -38.769  -65.262  -8.363 0.0000000000
14460  -39.344  -65.157  -8.651 0.0000000000
15380  -38.518  -64.695  -8.854 0.0000000000
15389  -38.675  -64.278  -9.585 0.0000000000
120712  -37.603  -63.132  -10.248 0.0000000000
16347  -37.844  -63.241  -10.588 0.0000000000
16348  -38.291  -63.620  -10.826 0.0000000000
16364  -37.633  -63.255  -12.258 0.0000000000
17308  -37.448  -62.504  -13.669 0.0000000000
123609  -38.749  -66.233  -3.319 0.0000000000
14372  -38.795  -65.473  -2.868 0.0000000000
116093  -38.144  -65.636  -3.408 0.0000000000
15316  -37.552  -64.970  -3.402 0.0000000000
15314  -35.901  -64.287  -3.822 0.0000000000
22040  -32.914  -57.174  -1.395 0.0000000000
20931  -32.935  -58.021  -1.746 0.0000000000
20940  -33.028  -58.920  -2.057 0.0000000000
20939  -32.638  -58.335  -2.655 0.0000000000
22062  -32.431  -57.747  -3.305 0.0000000000
120827  -32.399  -57.976  -3.977 0.0000000000
22073  -32.385  -57.214  -4.106 0.0000000000
127004  -32.488  -57.835  -4.590 0.0000000000
20980  -32.674  -58.241  -5.218 0.0000000000
20981  -33.059  -58.507  -5.829 0.0000000000
20998  -33.644  -58.508  -6.250 0.0000000000
12580  -43.115  -67.387  -12.291 0.0000000000
11686  -43.415  -67.834  -12.489 0.0000000000
136183  -43.459  -67.934  -13.026 0.0000000000
11702  -41.924  -68.515  -13.462 0.0000000000
116172  -40.170  -68.778  -13.617 0.0000000000
12612  -42.277  -67.990  -16.011 0.0000000000
11744  -41.385  -69.154  -19.086 0.0000000000
10688  -44.457  -69.101  -5.909 0.0000000000
9860  -44.257  -70.043  -7.170 0.0000000000
10704  -44.389  -69.167  -6.854 0.0000000000
135550  -44.227  -68.991  -7.539 0.0000000000
11623  -43.959  -68.790  -8.138 0.0000000000
12530  -43.022  -67.638  -8.140 0.0000000000
12549  -43.423  -68.405  -9.431 0.0000000000
12548  -43.017  -67.921  -9.700 0.0000000000
12564  -43.123  -67.889  -10.604 0.0000000000
14470  -39.884  -65.228  -9.241 0.0000000000
13532  -42.314  -67.078  -11.542 0.0000000000
13540  -42.679  -66.968  -12.351 0.0000000000
127598  -42.379  -66.743  -12.728 0.0000000000
14502  -42.067  -66.231  -13.844 0.0000000000
14510  -41.163  -65.758  -14.130 0.0000000000
14532  -42.166  -65.595  -15.060 0.0000000000
15466  -41.956  -65.056  -15.653 0.0000000000
15483  -42.036  -64.577  -16.307 0.0000000000
130231  -44.485  -69.574  -5.197 0.0000000000
11587  -44.205  -68.878  -5.572 0.0000000000
11596  -42.680  -68.003  -6.036 0.0000000000
11585  -42.136  -68.906  -5.433 0.0000000000
12493  -41.826  -67.268  -6.648 0.0000000000
132738  -41.014  -66.814  -6.950 0.0000000000
13459  -40.147  -66.938  -7.011 0.0000000000
13475  -39.727  -66.407  -7.508 0.0000000000
12464  -39.163  -68.109  -4.198 0.0000000000
11573  -39.009  -68.417  -4.987 0.0000000000
12462  -37.862  -67.306  -5.128 0.0000000000
12475  -38.466  -67.865  -5.460 0.0000000000
11582  -39.186  -68.325  -5.845 0.0000000000
114913  -38.248  -67.234  -6.590 0.0000000000
13474  -38.784  -66.377  -7.534 0.0000000000
14440  -38.376  -65.783  -7.937 0.0000000000
14458  -37.916  -65.203  -8.322 0.0000000000
15378  -36.590  -64.545  -8.675 0.0000000000
137814  -36.062  -64.226  -8.821 0.0000000000
115916  -35.830  -63.630  -9.124 0.0000000000
16336  -35.519  -62.727  -9.323 0.0000000000
17269  -35.557  -61.918  -9.574 0.0000000000
17167  -35.864  -62.507  -1.648 0.0000000000
132925  -36.068  -63.455  -2.724 0.0000000000
16265  -35.464  -63.588  -3.313 0.0000000000
16279  -35.147  -63.953  -4.127 0.0000000000
18882  -32.905  -60.178  -2.958 0.0000000000
18028  -33.049  -60.912  -3.364 0.0000000000
18041  -32.744  -60.901  -4.367 0.0000000000
119511  -33.118  -61.479  -3.931 0.0000000000
17191  -33.546  -62.181  -3.930 0.0000000000
17202  -34.002  -62.962  -4.229 0.0000000000
16278  -34.490  -63.579  -4.533 0.0000000000
15329  -34.905  -64.172  -4.919 0.0000000000
16290  -34.289  -63.721  -5.327 0.0000000000
16303  -34.072  -63.748  -6.310 0.0000000000
16326  -34.256  -63.064  -8.174 0.0000000000
18110  -35.254  -61.260  -9.315 0.0000000000
9068  -43.004  -71.065  -8.187 0.0000000000
9895  -42.432  -71.056  -8.829 0.0000000000
128882  -42.768  -70.547  -9.444 0.0000000000
9894  -41.410  -71.156  -8.885 0.0000000000
10785  -42.644  -69.455  -11.489 0.0000000000
11649  -39.786  -69.148  -11.385 0.0000000000
10783  -40.600  -69.555  -11.214 0.0000000000
10765  -39.877  -69.440  -10.426 0.0000000000
19004  -35.998  -60.654  -11.453 0.0000000000
17307  -36.888  -61.950  -13.242 0.0000000000
17317  -37.797  -62.286  -14.359 0.0000000000
17318  -38.469  -62.319  -14.985 0.0000000000
16406  -39.715  -63.391  -15.383 0.0000000000
17346  -39.647  -62.222  -16.251 0.0000000000
17331  -40.001  -62.957  -15.997 0.0000000000
16407  -40.346  -63.595  -15.750 0.0000000000
16429  -41.486  -63.772  -16.626 0.0000000000
16430  -42.310  -64.194  -16.992 0.0000000000
18243  -41.807  -61.343  -19.639 0.0000000000
18233  -41.416  -61.649  -18.713 0.0000000000
17372  -41.798  -62.425  -18.348 0.0000000000
17364  -42.207  -63.141  -18.017 0.0000000000
16449  -42.655  -63.873  -17.690 0.0000000000
15494  -44.004  -65.112  -17.724 0.0000000000
14578  -44.422  -65.729  -18.402 0.0000000000
15503  -44.516  -65.351  -19.344 0.0000000000
12683  -43.983  -66.715  -19.219 0.0000000000
12682  -43.125  -67.726  -19.770 0.0000000000
9844  -44.497  -69.700  -6.117 0.0000000000
9917  -43.249  -70.131  -9.621 0.0000000000
10787  -43.459  -68.702  -10.966 0.0000000000
11608  -44.081  -68.571  -7.145 0.0000000000
11745  -42.013  -68.762  -19.411 0.0000000000
12490  -38.664  -67.729  -6.281 0.0000000000
12531  -43.502  -68.304  -8.575 0.0000000000
12565  -43.392  -68.386  -10.204 0.0000000000
12632  -43.783  -66.931  -16.668 0.0000000000
13578  -43.851  -66.542  -16.078 0.0000000000
14408  -36.296  -65.650  -5.396 0.0000000000
14549  -43.366  -65.545  -16.341 0.0000000000
15368  -35.888  -64.657  -8.311 0.0000000000
15408  -39.237  -64.761  -10.708 0.0000000000
16289  -33.703  -63.169  -5.606 0.0000000000
16313  -34.644  -63.818  -8.088 0.0000000000
16365  -38.089  -63.820  -12.733 0.0000000000
17418  -44.765  -62.718  -22.502 0.0000000000
18859  -34.816  -60.213  -0.588 0.0000000000
20963  -32.457  -58.519  -4.370 0.0000000000
124643  -41.807  -71.597  -8.381 0.0000000000
125566  -43.714  -68.843  -9.120 0.0000000000
126516  -33.418  -61.603  -3.409 0.0000000000
137108  -42.972  -67.631  -15.333 0.0000000000
