#!ascii label  , from subject sub-v1s17x0050239_ses-1 vox2ras=TkReg
968
118921  49.883  39.981  30.073 0.0000000000
122057  53.739  45.810  33.451 0.0000000000
166496  56.600  34.449  30.932 0.0000000000
116999  45.135  38.258  27.690 0.0000000000
143627  48.114  36.915  25.605 0.0000000000
158361  53.392  42.185  26.481 0.0000000000
123872  49.041  48.721  32.925 0.0000000000
124518  50.841  50.220  27.420 0.0000000000
113104  55.122  31.092  32.219 0.0000000000
113143  55.801  31.130  25.744 0.0000000000
119549  54.506  41.750  30.802 0.0000000000
116386  52.767  36.751  31.378 0.0000000000
118881  57.471  40.060  34.865 0.0000000000
115760  54.846  35.582  35.435 0.0000000000
125164  50.741  50.638  21.920 0.0000000000
122099  52.710  45.249  26.448 0.0000000000
115835  52.579  35.563  24.565 0.0000000000
117660  47.653  38.565  29.458 0.0000000000
116997  46.629  37.362  26.788 0.0000000000
116984  48.286  37.128  29.131 0.0000000000
119566  51.351  41.986  28.788 0.0000000000
119561  48.019  41.108  29.093 0.0000000000
122665  47.896  46.853  30.072 0.0000000000
111570  52.846  29.449  33.807 0.0000000000
112389  53.342  30.564  29.360 0.0000000000
111583  51.406  29.613  30.252 0.0000000000
123990  53.334  48.566  19.223 0.0000000000
121479  55.827  44.057  31.880 0.0000000000
119542  55.922  41.650  32.919 0.0000000000
120813  55.429  44.005  34.807 0.0000000000
118246  50.636  39.414  33.882 0.0000000000
117621  53.112  38.510  35.306 0.0000000000
163783  51.559  36.441  34.236 0.0000000000
158060  53.674  33.784  34.195 0.0000000000
123905  52.394  49.336  30.856 0.0000000000
123932  52.279  49.627  27.387 0.0000000000
122089  52.454  45.806  29.598 0.0000000000
121494  55.358  43.865  28.564 0.0000000000
115791  54.756  35.431  30.640 0.0000000000
115802  52.165  34.920  27.934 0.0000000000
115189  54.735  34.590  27.398 0.0000000000
115840  46.518  35.929  25.329 0.0000000000
115217  47.358  34.720  24.229 0.0000000000
120260  54.639  42.150  24.170 0.0000000000
120262  51.970  42.586  24.565 0.0000000000
123862  52.286  48.310  34.025 0.0000000000
122026  53.411  45.181  34.863 0.0000000000
123974  44.099  49.151  23.840 0.0000000000
140284  47.916  49.517  23.895 0.0000000000
123906  50.430  49.306  30.555 0.0000000000
165962  56.998  32.620  31.509 0.0000000000
114518  56.064  33.510  27.903 0.0000000000
113123  54.879  31.615  28.469 0.0000000000
111604  54.680  29.711  26.823 0.0000000000
118916  51.801  40.480  30.600 0.0000000000
117653  51.157  38.488  30.840 0.0000000000
118907  53.706  40.099  32.074 0.0000000000
117640  55.304  38.701  33.208 0.0000000000
164875  56.857  36.703  33.762 0.0000000000
119495  55.061  42.166  36.097 0.0000000000
116941  56.942  37.665  36.400 0.0000000000
156661  57.303  34.640  34.206 0.0000000000
113785  57.131  31.652  35.196 0.0000000000
112348  54.687  30.397  36.415 0.0000000000
125191  50.462  50.011  18.395 0.0000000000
123982  52.204  48.656  21.517 0.0000000000
123356  51.695  48.532  24.292 0.0000000000
122104  52.431  45.127  23.993 0.0000000000
120860  54.720  43.176  26.305 0.0000000000
120206  54.106  42.110  28.734 0.0000000000
115803  50.246  35.560  28.439 0.0000000000
116438  50.227  36.479  24.456 0.0000000000
167038  49.331  34.361  22.905 0.0000000000
114549  54.778  33.459  24.886 0.0000000000
155909  48.496  38.880  29.785 0.0000000000
116985  47.727  37.721  29.192 0.0000000000
117658  49.194  38.656  30.014 0.0000000000
118920  50.443  40.645  29.876 0.0000000000
119559  49.888  41.314  29.250 0.0000000000
153292  49.459  40.566  29.648 0.0000000000
118278  48.086  39.568  29.631 0.0000000000
110768  51.560  28.864  34.167 0.0000000000
142183  52.051  29.623  32.083 0.0000000000
111576  50.773  29.062  32.384 0.0000000000
113869  45.805  32.386  23.782 0.0000000000
122063  54.498  45.192  32.753 0.0000000000
121456  55.953  44.143  33.345 0.0000000000
121458  54.682  44.889  34.100 0.0000000000
158072  50.470  37.982  33.768 0.0000000000
116955  51.197  37.745  34.201 0.0000000000
123273  52.534  47.183  32.275 0.0000000000
122664  51.935  47.418  30.156 0.0000000000
122065  53.195  45.653  31.623 0.0000000000
122075  54.492  44.860  30.848 0.0000000000
164289  55.661  35.327  30.818 0.0000000000
115795  54.662  35.160  29.816 0.0000000000
115171  55.920  34.654  29.478 0.0000000000
155768  44.730  37.934  26.988 0.0000000000
117009  45.345  37.536  26.545 0.0000000000
116423  47.383  37.115  26.231 0.0000000000
116433  46.655  36.811  25.581 0.0000000000
157374  47.400  36.979  25.497 0.0000000000
115850  47.037  35.327  24.789 0.0000000000
116440  48.160  36.440  24.538 0.0000000000
119595  54.266  41.847  25.129 0.0000000000
119603  53.499  41.681  24.083 0.0000000000
142672  52.650  42.362  25.985 0.0000000000
117666  45.546  38.883  28.689 0.0000000000
117678  44.232  38.412  27.580 0.0000000000
151560  51.136  49.143  33.789 0.0000000000
122637  51.196  46.966  34.405 0.0000000000
122643  50.230  46.868  33.716 0.0000000000
123893  48.640  48.786  32.274 0.0000000000
157630  49.220  47.795  30.369 0.0000000000
123878  50.165  49.516  32.543 0.0000000000
124487  51.556  50.150  32.918 0.0000000000
113112  55.846  31.684  31.627 0.0000000000
166171  56.084  32.366  30.221 0.0000000000
113115  54.679  31.465  30.313 0.0000000000
112398  52.850  30.060  28.856 0.0000000000
112407  54.027  30.140  27.639 0.0000000000
111605  53.770  29.418  27.224 0.0000000000
118914  53.266  41.152  30.833 0.0000000000
118912  52.395  40.135  31.183 0.0000000000
118910  54.119  40.881  31.876 0.0000000000
158263  57.138  41.361  34.046 0.0000000000
168137  55.768  40.100  33.458 0.0000000000
157458  56.630  39.021  33.968 0.0000000000
116960  56.328  37.596  33.441 0.0000000000
117631  57.256  38.330  34.523 0.0000000000
120806  52.690  43.900  35.568 0.0000000000
146036  53.889  43.258  35.678 0.0000000000
119502  53.799  42.394  35.775 0.0000000000
116948  54.391  37.218  35.721 0.0000000000
117619  54.742  38.560  36.104 0.0000000000
116345  55.835  36.918  36.348 0.0000000000
116351  57.045  36.488  35.750 0.0000000000
149935  56.405  34.929  35.778 0.0000000000
114481  57.333  33.097  34.863 0.0000000000
115136  56.022  34.229  35.701 0.0000000000
113794  52.514  32.492  33.658 0.0000000000
113788  53.606  31.707  34.996 0.0000000000
125180  50.459  50.132  20.040 0.0000000000
159204  51.972  49.397  20.243 0.0000000000
124572  51.648  50.024  21.914 0.0000000000
124533  49.647  49.998  25.258 0.0000000000
168509  48.701  49.940  23.673 0.0000000000
124531  50.695  50.781  25.790 0.0000000000
122710  51.692  46.993  27.473 0.0000000000
123326  51.744  48.316  26.054 0.0000000000
122724  51.536  47.166  25.532 0.0000000000
122105  51.714  45.971  24.257 0.0000000000
150314  52.746  45.078  25.749 0.0000000000
121509  53.994  44.040  25.021 0.0000000000
121502  54.255  44.201  26.241 0.0000000000
120202  55.523  42.863  30.029 0.0000000000
157504  55.184  42.759  28.741 0.0000000000
120205  54.855  42.342  29.378 0.0000000000
119556  52.719  41.641  29.568 0.0000000000
116977  51.651  37.702  31.064 0.0000000000
116392  50.712  36.840  30.387 0.0000000000
116395  51.087  35.965  30.238 0.0000000000
115812  52.266  35.119  26.780 0.0000000000
115813  51.329  35.242  27.204 0.0000000000
115836  51.708  35.765  24.950 0.0000000000
116444  49.903  36.366  23.336 0.0000000000
143343  51.340  35.816  22.779 0.0000000000
113830  55.843  32.508  26.748 0.0000000000
114528  55.388  33.873  26.249 0.0000000000
113839  55.144  32.719  25.224 0.0000000000
117665  46.311  38.544  28.921 0.0000000000
116998  45.839  37.754  27.181 0.0000000000
144610  46.654  37.460  27.998 0.0000000000
116414  47.494  36.942  27.547 0.0000000000
116413  48.388  36.459  27.795 0.0000000000
120211  51.999  42.310  28.203 0.0000000000
118280  46.372  39.376  29.195 0.0000000000
112370  53.967  30.062  33.414 0.0000000000
112380  54.025  30.893  30.798 0.0000000000
112381  53.297  30.333  31.346 0.0000000000
111582  52.107  29.848  30.529 0.0000000000
146766  55.581  42.734  30.788 0.0000000000
119545  55.466  42.030  32.046 0.0000000000
120198  56.153  43.404  32.195 0.0000000000
120185  56.693  43.022  33.690 0.0000000000
120153  57.104  42.091  35.027 0.0000000000
118883  51.599  40.652  34.578 0.0000000000
118869  52.909  40.980  35.300 0.0000000000
118244  52.016  39.291  34.663 0.0000000000
116950  52.708  37.783  35.016 0.0000000000
116360  53.158  36.264  34.859 0.0000000000
115142  54.160  34.446  34.612 0.0000000000
115145  52.353  34.940  34.006 0.0000000000
114489  51.880  33.275  33.361 0.0000000000
113796  50.696  32.143  33.085 0.0000000000
158604  49.257  50.324  21.679 0.0000000000
125111  52.150  50.370  28.942 0.0000000000
125129  52.217  50.678  26.912 0.0000000000
123916  52.295  49.029  28.842 0.0000000000
122694  51.762  46.851  28.479 0.0000000000
122093  52.911  45.363  28.182 0.0000000000
122092  53.786  44.914  27.597 0.0000000000
122087  54.418  44.853  29.765 0.0000000000
160264  55.664  44.031  30.275 0.0000000000
115788  54.192  35.982  31.365 0.0000000000
153150  52.676  35.502  30.424 0.0000000000
141446  53.647  35.106  29.848 0.0000000000
115178  53.179  34.776  28.119 0.0000000000
115190  53.957  34.781  26.819 0.0000000000
112424  55.807  29.890  24.795 0.0000000000
113151  54.246  30.883  24.511 0.0000000000
115204  44.209  34.571  26.412 0.0000000000
116425  45.947  37.154  25.997 0.0000000000
115828  45.125  35.718  26.097 0.0000000000
114539  44.997  33.825  25.629 0.0000000000
114555  45.584  33.621  25.027 0.0000000000
114554  46.255  33.633  24.414 0.0000000000
114566  46.397  33.049  23.785 0.0000000000
119613  54.380  41.612  22.779 0.0000000000
120268  52.196  42.371  23.079 0.0000000000
123250  52.934  46.932  33.854 0.0000000000
122030  53.761  45.289  34.524 0.0000000000
122635  52.756  46.730  34.479 0.0000000000
121446  51.645  45.090  34.995 0.0000000000
165143  50.951  43.731  35.045 0.0000000000
145105  50.233  42.421  34.636 0.0000000000
118885  49.969  41.049  34.014 0.0000000000
123972  45.702  49.145  23.840 0.0000000000
123952  47.527  48.381  25.352 0.0000000000
123941  49.458  48.730  26.672 0.0000000000
123924  50.681  49.497  28.989 0.0000000000
124505  51.722  50.282  30.418 0.0000000000
123877  52.333  49.264  32.937 0.0000000000
114507  56.814  33.545  30.673 0.0000000000
113816  56.260  33.689  28.783 0.0000000000
113814  56.376  33.088  29.155 0.0000000000
113122  55.800  32.263  28.071 0.0000000000
113131  55.784  31.992  27.146 0.0000000000
112388  54.033  31.113  28.886 0.0000000000
112406  54.843  30.648  27.156 0.0000000000
112411  55.906  30.543  26.072 0.0000000000
147049  51.093  40.346  30.308 0.0000000000
118274  50.519  38.862  30.530 0.0000000000
168468  51.804  39.804  31.008 0.0000000000
117651  51.910  38.515  31.255 0.0000000000
151698  53.101  38.012  31.851 0.0000000000
118906  54.511  40.410  32.511 0.0000000000
117642  54.024  38.737  32.506 0.0000000000
116968  53.891  37.802  32.284 0.0000000000
116384  55.029  36.391  31.919 0.0000000000
116383  55.899  36.055  31.976 0.0000000000
115780  56.534  35.632  32.335 0.0000000000
121434  54.311  44.298  35.136 0.0000000000
120148  55.067  43.252  35.645 0.0000000000
156282  56.712  41.227  36.318 0.0000000000
155431  54.056  40.281  35.862 0.0000000000
118858  55.619  40.502  36.474 0.0000000000
155893  57.321  39.124  36.149 0.0000000000
156866  57.392  37.221  35.016 0.0000000000
116373  57.027  36.100  34.077 0.0000000000
115164  57.069  34.136  31.888 0.0000000000
147307  57.539  32.972  32.516 0.0000000000
113089  57.448  31.974  33.671 0.0000000000
113091  56.331  31.126  33.772 0.0000000000
155090  55.314  32.823  35.139 0.0000000000
113781  55.476  31.315  35.942 0.0000000000
147533  55.081  30.211  35.055 0.0000000000
157878  54.087  29.591  35.686 0.0000000000
124612  51.969  49.395  18.827 0.0000000000
156289  52.597  48.763  20.044 0.0000000000
122739  52.913  46.833  21.319 0.0000000000
124526  52.319  50.403  26.115 0.0000000000
124558  51.580  50.237  22.885 0.0000000000
123372  51.864  48.736  22.558 0.0000000000
122732  52.019  46.283  22.677 0.0000000000
122107  52.593  45.154  22.918 0.0000000000
153431  53.831  43.884  23.668 0.0000000000
146483  54.613  43.035  25.214 0.0000000000
120234  54.516  42.481  26.176 0.0000000000
121498  54.805  43.963  27.179 0.0000000000
157495  54.674  42.545  27.585 0.0000000000
162321  53.929  42.159  27.446 0.0000000000
119565  52.428  42.024  28.831 0.0000000000
118919  51.347  40.999  29.978 0.0000000000
116981  49.698  37.450  30.083 0.0000000000
115800  49.313  36.297  28.904 0.0000000000
116421  49.005  36.150  27.208 0.0000000000
143029  51.106  35.198  28.273 0.0000000000
115814  50.438  35.483  27.509 0.0000000000
116431  48.805  36.832  24.936 0.0000000000
115847  49.145  36.329  23.685 0.0000000000
115227  48.866  34.631  23.063 0.0000000000
115188  55.624  34.180  27.591 0.0000000000
115201  54.757  34.469  26.443 0.0000000000
115216  53.763  34.495  24.083 0.0000000000
113851  53.882  32.641  24.366 0.0000000000
114561  51.941  34.276  22.840 0.0000000000
110782  49.962  28.940  31.088 0.0000000000
111598  50.864  29.353  28.890 0.0000000000
118277  49.070  39.639  29.909 0.0000000000
110773  51.233  29.079  33.128 0.0000000000
121469  54.992  44.876  33.348 0.0000000000
122056  54.330  45.305  33.769 0.0000000000
122660  53.061  46.213  32.614 0.0000000000
122661  52.531  46.335  31.392 0.0000000000
146333  54.081  45.199  31.708 0.0000000000
115789  56.279  34.849  30.697 0.0000000000
115790  55.583  35.047  30.044 0.0000000000
115168  56.183  34.599  29.980 0.0000000000
117010  44.529  37.314  26.698 0.0000000000
165909  45.250  37.933  26.993 0.0000000000
115839  47.407  36.425  24.954 0.0000000000
116432  48.113  36.893  24.935 0.0000000000
120251  53.689  41.908  25.648 0.0000000000
149677  50.229  48.826  33.345 0.0000000000
123252  50.904  48.030  33.970 0.0000000000
123253  49.731  47.853  33.322 0.0000000000
123879  49.204  48.994  32.665 0.0000000000
123892  49.460  49.122  32.061 0.0000000000
152510  49.869  49.163  32.918 0.0000000000
123871  50.574  49.571  33.244 0.0000000000
113103  56.080  31.443  32.665 0.0000000000
113113  54.843  31.335  31.257 0.0000000000
111595  53.229  29.802  28.021 0.0000000000
119550  53.781  41.519  30.466 0.0000000000
119547  53.892  41.226  31.158 0.0000000000
118894  57.318  40.816  34.464 0.0000000000
118895  57.047  40.612  34.020 0.0000000000
118250  57.091  39.614  34.232 0.0000000000
157202  57.085  38.852  34.324 0.0000000000
118243  57.375  39.235  34.697 0.0000000000
169623  52.652  42.919  35.569 0.0000000000
120157  53.130  42.735  35.631 0.0000000000
119503  53.016  41.862  35.470 0.0000000000
116353  54.589  36.423  35.598 0.0000000000
116352  55.578  36.100  36.023 0.0000000000
115759  56.228  35.615  36.067 0.0000000000
154293  55.760  35.162  35.808 0.0000000000
115135  56.659  34.002  35.605 0.0000000000
113092  52.196  31.686  34.004 0.0000000000
125173  49.779  50.285  20.530 0.0000000000
125181  49.540  50.132  19.666 0.0000000000
125172  50.667  50.406  20.987 0.0000000000
125179  51.308  49.977  20.455 0.0000000000
125171  51.308  50.293  21.513 0.0000000000
124532  49.963  49.691  26.200 0.0000000000
124527  50.791  50.488  26.640 0.0000000000
122717  51.996  46.070  26.920 0.0000000000
122718  51.616  47.107  26.508 0.0000000000
122723  51.885  45.955  25.909 0.0000000000
122098  53.507  44.638  26.012 0.0000000000
122095  53.629  44.777  26.732 0.0000000000
120203  55.058  42.297  30.360 0.0000000000
119554  54.391  41.918  30.119 0.0000000000
116387  52.108  37.033  31.154 0.0000000000
116391  51.495  36.747  30.745 0.0000000000
116390  52.305  36.240  30.955 0.0000000000
115824  52.445  35.405  25.692 0.0000000000
151658  51.773  35.901  23.647 0.0000000000
115855  52.087  35.442  22.800 0.0000000000
113139  55.775  31.559  26.402 0.0000000000
113838  55.591  32.299  25.875 0.0000000000
155362  55.259  31.737  25.201 0.0000000000
117661  46.855  38.706  29.231 0.0000000000
117664  46.879  37.936  28.937 0.0000000000
116987  47.463  37.251  28.608 0.0000000000
116401  48.013  36.773  28.392 0.0000000000
116400  48.660  36.551  28.629 0.0000000000
120212  50.893  42.412  28.036 0.0000000000
119567  50.327  41.948  28.724 0.0000000000
119560  48.944  41.217  29.165 0.0000000000
119568  49.362  41.850  28.674 0.0000000000
118279  47.237  39.438  29.409 0.0000000000
111569  53.541  29.671  33.891 0.0000000000
112378  53.636  30.251  32.418 0.0000000000
112382  52.823  29.924  32.176 0.0000000000
111579  51.528  29.582  31.238 0.0000000000
167704  51.945  29.784  29.838 0.0000000000
111587  51.450  29.591  29.421 0.0000000000
125203  52.318  49.536  18.008 0.0000000000
142722  52.762  49.985  17.368 0.0000000000
120851  55.840  43.485  30.910 0.0000000000
120199  55.843  42.775  31.581 0.0000000000
120827  55.696  44.172  34.086 0.0000000000
168019  56.227  43.764  33.684 0.0000000000
120826  56.155  43.671  34.380 0.0000000000
120165  57.001  42.369  34.270 0.0000000000
120812  55.921  43.493  35.186 0.0000000000
156005  51.080  40.069  34.165 0.0000000000
156716  51.667  39.902  34.497 0.0000000000
118245  51.318  39.298  34.279 0.0000000000
116362  51.727  37.098  34.456 0.0000000000
116954  51.992  37.813  34.633 0.0000000000
154831  52.336  37.226  34.753 0.0000000000
116355  52.930  37.016  35.044 0.0000000000
116361  52.302  36.482  34.571 0.0000000000
115766  52.691  35.648  34.453 0.0000000000
115150  51.533  34.841  33.685 0.0000000000
151692  51.265  34.028  33.323 0.0000000000
114490  51.004  33.098  33.055 0.0000000000
124504  52.411  50.122  29.353 0.0000000000
123923  52.465  49.797  28.905 0.0000000000
123915  52.406  49.359  29.721 0.0000000000
122663  52.084  46.495  30.216 0.0000000000
122679  51.782  47.163  29.402 0.0000000000
122678  51.984  46.395  29.282 0.0000000000
122693  52.284  45.910  28.732 0.0000000000
161462  52.881  45.433  28.991 0.0000000000
148585  53.866  45.051  28.677 0.0000000000
122088  53.272  45.314  29.730 0.0000000000
143568  54.911  44.725  31.597 0.0000000000
121489  55.174  44.494  30.475 0.0000000000
167248  55.809  44.013  31.037 0.0000000000
115792  53.736  35.517  30.649 0.0000000000
166945  54.181  35.300  30.255 0.0000000000
115173  54.401  34.932  29.043 0.0000000000
115177  54.125  34.771  28.227 0.0000000000
169073  53.816  34.751  27.571 0.0000000000
115829  44.535  35.238  26.384 0.0000000000
117008  46.054  37.425  26.401 0.0000000000
116434  45.870  36.406  25.795 0.0000000000
115841  45.747  35.323  25.682 0.0000000000
115213  44.970  34.704  26.006 0.0000000000
115212  45.626  34.392  25.472 0.0000000000
115218  46.706  34.396  24.609 0.0000000000
114565  47.124  33.828  23.798 0.0000000000
120901  54.618  42.635  23.663 0.0000000000
120267  54.642  41.932  23.223 0.0000000000
120252  52.779  42.137  24.706 0.0000000000
120261  52.537  42.215  23.933 0.0000000000
120263  51.099  43.054  24.802 0.0000000000
160251  52.647  47.721  33.865 0.0000000000
123245  52.696  47.317  34.193 0.0000000000
123246  52.309  47.617  34.423 0.0000000000
122032  52.222  45.906  34.926 0.0000000000
169505  51.459  44.292  35.177 0.0000000000
120168  50.490  43.065  34.887 0.0000000000
119514  50.532  41.720  34.510 0.0000000000
124550  44.620  49.374  23.182 0.0000000000
123973  44.912  49.103  23.847 0.0000000000
123953  46.538  48.219  25.196 0.0000000000
166035  48.315  48.398  25.805 0.0000000000
123907  49.910  48.405  30.056 0.0000000000
123918  50.056  48.505  29.177 0.0000000000
123925  50.085  48.749  28.272 0.0000000000
123917  50.465  49.164  29.721 0.0000000000
124506  51.185  49.952  29.844 0.0000000000
124499  51.056  49.955  31.005 0.0000000000
123870  51.828  49.216  33.764 0.0000000000
125097  51.914  50.238  32.558 0.0000000000
123869  52.212  49.088  33.566 0.0000000000
146992  52.464  48.417  33.493 0.0000000000
161043  57.034  32.974  31.098 0.0000000000
113812  56.604  32.945  30.159 0.0000000000
113117  55.478  32.127  28.975 0.0000000000
113815  56.095  32.539  29.471 0.0000000000
113132  55.234  31.521  27.551 0.0000000000
112385  53.304  30.508  30.303 0.0000000000
112384  53.940  31.064  29.831 0.0000000000
112396  54.291  31.044  28.001 0.0000000000
112412  55.570  30.088  26.407 0.0000000000
111613  55.958  29.600  25.745 0.0000000000
151837  51.283  39.805  30.694 0.0000000000
118269  52.982  39.559  31.707 0.0000000000
118270  52.186  39.317  31.326 0.0000000000
117650  52.639  38.636  31.630 0.0000000000
117649  53.343  38.679  32.038 0.0000000000
119543  54.974  41.221  32.339 0.0000000000
118905  55.362  40.687  32.986 0.0000000000
118262  55.046  39.693  33.057 0.0000000000
158391  54.623  38.964  32.853 0.0000000000
117641  54.688  38.173  32.801 0.0000000000
116385  54.100  36.786  31.984 0.0000000000
116967  54.951  37.204  32.520 0.0000000000
116965  56.483  36.880  33.285 0.0000000000
116375  56.243  36.408  32.653 0.0000000000
116374  56.611  36.249  33.076 0.0000000000
165015  54.056  45.019  34.588 0.0000000000
121435  53.839  44.451  35.228 0.0000000000
120150  54.523  42.740  35.826 0.0000000000
120156  54.594  43.302  35.621 0.0000000000
120149  55.095  42.793  35.871 0.0000000000
120147  55.940  42.489  36.079 0.0000000000
156358  55.540  41.529  36.350 0.0000000000
118868  53.218  40.236  35.401 0.0000000000
118234  53.545  39.351  35.549 0.0000000000
117607  55.655  38.557  36.475 0.0000000000
118223  55.211  39.435  36.328 0.0000000000
118222  56.107  39.476  36.638 0.0000000000
118221  56.905  39.471  36.566 0.0000000000
117605  57.151  38.522  36.342 0.0000000000
117618  57.450  38.505  35.821 0.0000000000
116940  57.325  37.923  36.077 0.0000000000
115758  56.992  35.621  35.300 0.0000000000
116359  57.222  36.458  34.961 0.0000000000
115772  57.155  35.026  33.488 0.0000000000
115156  57.272  34.168  32.690 0.0000000000
114504  57.365  33.493  32.179 0.0000000000
114494  57.525  33.437  32.934 0.0000000000
113779  57.202  32.187  35.222 0.0000000000
113792  57.516  32.453  34.267 0.0000000000
113076  57.305  31.740  34.654 0.0000000000
113102  56.987  31.687  33.154 0.0000000000
113077  56.962  31.337  35.091 0.0000000000
114482  54.679  33.721  34.740 0.0000000000
114483  54.404  33.009  34.493 0.0000000000
113079  54.254  31.277  35.965 0.0000000000
113078  54.947  31.409  35.931 0.0000000000
112347  55.479  30.845  36.082 0.0000000000
112361  55.746  30.676  35.464 0.0000000000
112362  55.078  30.304  35.994 0.0000000000
162353  54.676  29.882  35.617 0.0000000000
125192  49.763  50.119  18.420 0.0000000000
125206  48.742  50.586  17.406 0.0000000000
125205  49.783  50.337  17.667 0.0000000000
167685  51.452  49.630  19.053 0.0000000000
166923  52.149  49.150  20.669 0.0000000000
144817  52.572  48.497  20.698 0.0000000000
123381  53.251  47.882  20.517 0.0000000000
123377  52.706  47.766  21.205 0.0000000000
124525  52.264  50.848  26.276 0.0000000000
123940  52.164  49.522  26.487 0.0000000000
123342  51.693  48.362  25.121 0.0000000000
163825  52.134  50.259  24.937 0.0000000000
123971  51.897  49.836  24.175 0.0000000000
147153  51.766  49.677  23.186 0.0000000000
123363  51.713  48.720  23.437 0.0000000000
122728  51.643  46.706  23.549 0.0000000000
122108  51.964  45.784  23.457 0.0000000000
121533  53.482  44.296  22.956 0.0000000000
121521  53.226  44.461  23.760 0.0000000000
121504  54.561  43.446  25.835 0.0000000000
121508  54.383  43.603  25.318 0.0000000000
120872  54.624  42.664  25.653 0.0000000000
121495  54.634  44.470  27.862 0.0000000000
121497  55.097  43.911  27.769 0.0000000000
120209  54.741  42.476  28.338 0.0000000000
120208  55.075  42.837  28.033 0.0000000000
144308  54.288  42.282  27.825 0.0000000000
120210  53.429  42.175  28.245 0.0000000000
119564  53.267  41.958  29.039 0.0000000000
119552  52.201  41.197  30.121 0.0000000000
117654  50.594  38.185  30.548 0.0000000000
117655  49.931  38.276  30.284 0.0000000000
116396  50.333  36.237  29.908 0.0000000000
116393  50.109  36.938  30.155 0.0000000000
115799  49.959  35.952  29.160 0.0000000000
116412  49.101  36.126  28.131 0.0000000000
115804  49.643  35.884  28.484 0.0000000000
141966  52.606  35.025  29.514 0.0000000000
115793  51.743  35.361  29.909 0.0000000000
115797  51.791  35.002  29.005 0.0000000000
115837  50.834  35.910  25.347 0.0000000000
115826  50.618  35.614  26.467 0.0000000000
115838  49.988  36.179  25.685 0.0000000000
115827  49.768  35.863  26.789 0.0000000000
162522  49.491  36.647  24.977 0.0000000000
116439  48.722  36.684  24.377 0.0000000000
144422  49.485  36.644  24.168 0.0000000000
115226  49.745  34.930  22.666 0.0000000000
115857  49.490  35.660  23.050 0.0000000000
114564  47.953  33.763  23.273 0.0000000000
168093  48.814  33.655  23.207 0.0000000000
158627  55.936  34.152  28.240 0.0000000000
114538  55.288  33.307  25.617 0.0000000000
115209  54.773  34.212  25.449 0.0000000000
115210  53.994  34.771  24.898 0.0000000000
115215  54.366  34.130  24.570 0.0000000000
141980  53.131  30.839  24.388 0.0000000000
150924  54.502  31.740  24.666 0.0000000000
145458  53.532  31.606  24.518 0.0000000000
117659  48.511  37.997  29.634 0.0000000000
164515  49.275  37.933  29.959 0.0000000000
119558  50.840  41.448  29.351 0.0000000000
118922  48.529  40.446  29.511 0.0000000000
118923  47.628  40.318  29.379 0.0000000000
111571  52.046  29.244  33.583 0.0000000000
111574  52.449  29.573  32.890 0.0000000000
150944  51.805  29.394  32.763 0.0000000000
111575  51.342  29.345  32.191 0.0000000000
111580  50.739  29.213  31.603 0.0000000000
158011  55.292  44.586  32.326 0.0000000000
121468  55.641  44.417  32.907 0.0000000000
121457  55.329  44.558  33.750 0.0000000000
121443  55.019  44.470  34.449 0.0000000000
117634  50.215  38.745  33.652 0.0000000000
117628  50.913  38.615  34.033 0.0000000000
156476  52.323  48.272  31.576 0.0000000000
123292  52.212  48.322  30.488 0.0000000000
123283  52.122  47.229  31.051 0.0000000000
122077  52.730  45.714  30.579 0.0000000000
122076  53.661  45.249  30.719 0.0000000000
115172  55.301  34.862  29.225 0.0000000000
115176  55.201  34.645  28.331 0.0000000000
116424  46.658  37.229  25.970 0.0000000000
115211  46.314  34.885  25.213 0.0000000000
115849  47.883  35.610  24.258 0.0000000000
119601  54.489  41.932  24.634 0.0000000000
119602  54.207  41.651  24.316 0.0000000000
119596  53.695  41.740  24.888 0.0000000000
165295  52.986  42.125  25.325 0.0000000000
120253  51.971  42.599  25.350 0.0000000000
117667  44.604  38.915  28.286 0.0000000000
117000  43.881  37.771  27.180 0.0000000000
123251  51.779  48.449  34.198 0.0000000000
123247  51.760  47.686  34.472 0.0000000000
123284  48.421  47.501  30.661 0.0000000000
123295  48.694  47.217  29.739 0.0000000000
165101  48.885  48.199  31.254 0.0000000000
164421  49.622  48.672  31.070 0.0000000000
123891  50.255  49.488  31.572 0.0000000000
124493  50.902  50.004  31.995 0.0000000000
124480  51.342  49.801  33.388 0.0000000000
113811  56.846  32.135  32.034 0.0000000000
113813  56.500  32.400  31.034 0.0000000000
150723  55.543  31.851  30.705 0.0000000000
113118  54.678  31.567  29.392 0.0000000000
112397  53.569  30.475  28.478 0.0000000000
118915  52.624  40.862  30.756 0.0000000000
118911  53.239  40.588  31.389 0.0000000000
119534  56.768  41.553  33.629 0.0000000000
118896  56.239  40.802  33.541 0.0000000000
118252  55.880  39.299  33.571 0.0000000000
117633  56.125  38.409  33.563 0.0000000000
152874  55.548  37.825  33.108 0.0000000000
117632  56.827  38.146  33.976 0.0000000000
116959  57.071  37.554  34.229 0.0000000000
121436  53.139  44.558  35.349 0.0000000000
120805  53.560  43.937  35.540 0.0000000000
119496  54.387  42.027  35.963 0.0000000000
116949  53.551  37.669  35.444 0.0000000000
117620  53.913  38.546  35.690 0.0000000000
150102  54.324  37.922  35.831 0.0000000000
116943  55.159  37.661  36.200 0.0000000000
116942  56.154  37.713  36.512 0.0000000000
116344  56.893  36.839  36.171 0.0000000000
115754  56.422  36.342  36.227 0.0000000000
115753  56.667  35.752  35.838 0.0000000000
115141  57.165  34.706  34.955 0.0000000000
156770  57.378  33.924  34.524 0.0000000000
115134  57.099  33.904  35.270 0.0000000000
114475  56.901  33.051  35.423 0.0000000000
114476  56.283  33.137  35.559 0.0000000000
113793  53.549  32.611  34.152 0.0000000000
162718  52.940  31.930  34.218 0.0000000000
125182  48.662  50.066  19.277 0.0000000000
143815  49.280  50.117  18.820 0.0000000000
144664  50.117  50.034  19.125 0.0000000000
125190  50.986  49.882  19.323 0.0000000000
124585  51.755  49.788  21.061 0.0000000000
124571  51.999  49.303  21.318 0.0000000000
123963  47.794  49.074  24.591 0.0000000000
124539  48.874  49.752  24.375 0.0000000000
159892  49.802  50.616  24.498 0.0000000000
123312  51.770  48.300  27.128 0.0000000000
122726  51.517  47.209  24.505 0.0000000000
122102  51.645  46.278  25.050 0.0000000000
122101  52.374  45.301  24.993 0.0000000000
121510  53.242  44.530  24.598 0.0000000000
121506  53.373  44.575  25.338 0.0000000000
121505  54.127  44.101  25.614 0.0000000000
121491  55.539  43.850  29.330 0.0000000000
120855  55.392  43.315  28.785 0.0000000000
120204  55.443  42.934  29.295 0.0000000000
119555  53.733  41.807  29.656 0.0000000000
119551  53.029  41.384  30.255 0.0000000000
116979  50.991  37.621  30.658 0.0000000000
115825  51.512  35.458  26.105 0.0000000000
151868  51.055  36.154  24.301 0.0000000000
166953  50.065  36.532  23.754 0.0000000000
115846  50.688  36.276  23.418 0.0000000000
115856  50.467  35.681  22.702 0.0000000000
115225  50.494  34.888  22.503 0.0000000000
113825  56.049  32.784  27.527 0.0000000000
114527  55.788  33.443  27.037 0.0000000000
114537  55.626  33.099  26.295 0.0000000000
116988  46.027  38.097  28.300 0.0000000000
116422  48.203  36.639  26.728 0.0000000000
120220  52.991  42.320  27.494 0.0000000000
162468  52.264  42.505  26.812 0.0000000000
152022  46.903  40.121  29.291 0.0000000000
123285  47.462  47.441  31.054 0.0000000000
123274  48.097  48.212  31.615 0.0000000000
123880  48.197  48.829  32.856 0.0000000000
112377  54.510  30.521  32.798 0.0000000000
144075  54.224  30.715  31.782 0.0000000000
111578  52.420  29.898  31.335 0.0000000000
112386  52.736  30.128  30.670 0.0000000000
112390  52.615  30.095  29.817 0.0000000000
111596  52.440  29.614  28.321 0.0000000000
120200  55.228  42.196  31.206 0.0000000000
120196  56.155  42.581  32.466 0.0000000000
120840  56.064  43.972  32.659 0.0000000000
120195  56.524  43.036  32.890 0.0000000000
119541  56.596  42.380  33.226 0.0000000000
119533  57.020  42.074  33.810 0.0000000000
119532  57.231  41.656  34.347 0.0000000000
119512  57.379  41.280  34.810 0.0000000000
119513  51.424  41.555  34.785 0.0000000000
164033  52.253  41.268  35.057 0.0000000000
118882  52.359  40.232  34.908 0.0000000000
118235  52.758  39.329  35.110 0.0000000000
117627  51.625  38.538  34.455 0.0000000000
117626  52.376  38.529  34.843 0.0000000000
116354  53.728  36.764  35.319 0.0000000000
115761  53.948  35.978  35.140 0.0000000000
155957  54.122  35.200  34.858 0.0000000000
161078  53.426  35.606  34.719 0.0000000000
115143  53.304  34.865  34.367 0.0000000000
115144  52.830  34.272  33.922 0.0000000000
115149  52.099  34.168  33.612 0.0000000000
114484  52.779  33.454  33.683 0.0000000000
113795  51.609  32.300  33.368 0.0000000000
113093  51.223  31.448  33.867 0.0000000000
125165  49.935  50.478  21.375 0.0000000000
125117  51.552  50.494  27.905 0.0000000000
125122  51.592  50.735  27.035 0.0000000000
125115  52.173  50.454  28.192 0.0000000000
123931  52.424  49.740  28.230 0.0000000000
146229  52.070  48.778  28.036 0.0000000000
123293  52.056  48.197  29.551 0.0000000000
123300  51.816  47.962  28.707 0.0000000000
151712  51.722  47.744  27.953 0.0000000000
122709  52.136  46.034  27.841 0.0000000000
122096  52.811  45.320  27.291 0.0000000000
122091  54.757  44.601  28.784 0.0000000000
121492  55.281  44.305  29.339 0.0000000000
120853  55.621  43.465  29.744 0.0000000000
163730  53.473  36.515  31.536 0.0000000000
116389  53.149  35.990  31.130 0.0000000000
115801  52.605  34.852  28.719 0.0000000000
115796  53.418  34.868  28.926 0.0000000000
115191  53.086  34.860  27.273 0.0000000000
115203  53.200  35.099  26.316 0.0000000000
115823  53.315  35.250  25.287 0.0000000000
112419  55.682  30.698  25.262 0.0000000000
113150  55.184  30.870  24.831 0.0000000000
150977  43.887  33.808  26.257 0.0000000000
116426  45.096  36.750  26.255 0.0000000000
114540  44.494  34.027  26.065 0.0000000000
159887  44.297  33.407  25.697 0.0000000000
115219  46.103  34.159  24.995 0.0000000000
113855  45.519  32.892  24.216 0.0000000000
119607  54.108  41.451  23.327 0.0000000000
167327  53.864  41.374  22.803 0.0000000000
120236  51.569  42.744  26.274 0.0000000000
160134  53.213  46.409  33.551 0.0000000000
122641  53.334  46.193  34.013 0.0000000000
122634  53.240  45.903  34.402 0.0000000000
122031  52.828  46.002  34.729 0.0000000000
122636  52.165  46.815  34.723 0.0000000000
122027  52.659  45.239  35.092 0.0000000000
121437  52.255  44.497  35.351 0.0000000000
120807  51.779  43.796  35.385 0.0000000000
120167  51.179  42.501  35.017 0.0000000000
118884  50.823  40.885  34.284 0.0000000000
118897  50.314  40.225  33.853 0.0000000000
124548  46.445  49.290  23.696 0.0000000000
123965  46.232  48.774  24.449 0.0000000000
123964  47.018  48.697  24.721 0.0000000000
123951  48.557  49.016  25.172 0.0000000000
123950  49.127  48.916  25.897 0.0000000000
124519  50.162  49.466  26.982 0.0000000000
123302  48.907  47.344  28.691 0.0000000000
123934  49.727  48.629  27.436 0.0000000000
169483  50.297  49.352  27.639 0.0000000000
123933  50.797  49.882  28.175 0.0000000000
124512  51.433  50.268  28.786 0.0000000000
125112  52.134  50.317  29.967 0.0000000000
162479  52.206  50.245  30.587 0.0000000000
124498  51.594  50.246  31.429 0.0000000000
125104  52.004  50.349  31.817 0.0000000000
123890  52.395  49.314  31.958 0.0000000000
157267  52.487  48.332  32.639 0.0000000000
122652  52.908  46.879  33.226 0.0000000000
115165  56.851  34.080  31.133 0.0000000000
115167  56.559  34.188  30.359 0.0000000000
114509  56.524  33.603  29.752 0.0000000000
113817  56.241  32.996  28.312 0.0000000000
150536  56.087  32.661  28.743 0.0000000000
112405  55.599  31.071  26.715 0.0000000000
112418  56.009  30.115  25.489 0.0000000000
118917  50.582  39.733  30.380 0.0000000000
118275  49.874  39.203  30.222 0.0000000000
118273  51.004  39.221  30.706 0.0000000000
118271  51.522  39.201  31.018 0.0000000000
116976  52.463  37.703  31.475 0.0000000000
116975  53.271  37.251  31.775 0.0000000000
119546  54.685  41.530  31.594 0.0000000000
118263  54.212  39.556  32.563 0.0000000000
118264  53.607  39.338  32.189 0.0000000000
116966  55.908  37.081  32.874 0.0000000000
116376  55.638  36.603  32.402 0.0000000000
115787  55.297  35.748  31.370 0.0000000000
148725  56.159  35.421  31.425 0.0000000000
115786  56.657  34.766  31.549 0.0000000000
122040  54.157  45.170  34.328 0.0000000000
121444  54.393  44.699  34.651 0.0000000000
121433  54.799  44.183  35.019 0.0000000000
120804  54.186  43.850  35.459 0.0000000000
120803  54.673  43.761  35.392 0.0000000000
120802  55.198  43.670  35.355 0.0000000000
120154  56.328  42.760  35.518 0.0000000000
119493  56.578  41.947  35.904 0.0000000000
118856  57.185  40.607  36.127 0.0000000000
118867  53.735  41.309  35.724 0.0000000000
118859  54.766  41.179  36.122 0.0000000000
118233  54.362  39.380  35.951 0.0000000000
118866  54.810  40.172  36.166 0.0000000000
156308  56.389  40.257  36.606 0.0000000000
118857  56.810  40.455  36.510 0.0000000000
118232  57.515  39.344  35.459 0.0000000000
117625  57.520  38.476  35.095 0.0000000000
116953  57.380  37.734  34.782 0.0000000000
116367  57.194  36.993  34.473 0.0000000000
155011  57.309  37.060  35.445 0.0000000000
151114  56.839  35.766  33.204 0.0000000000
115779  56.943  34.902  32.490 0.0000000000
114505  57.127  33.498  31.461 0.0000000000
113810  57.329  32.851  31.873 0.0000000000
114488  57.561  33.261  33.877 0.0000000000
113802  57.580  32.730  33.253 0.0000000000
113803  57.358  32.387  32.703 0.0000000000
112376  55.410  30.824  33.258 0.0000000000
115137  55.026  34.581  35.207 0.0000000000
114477  55.483  33.688  35.288 0.0000000000
162333  55.999  32.100  35.742 0.0000000000
113787  54.567  32.086  35.122 0.0000000000
113786  55.367  31.900  35.622 0.0000000000
113067  56.127  31.493  35.729 0.0000000000
112360  56.499  30.939  34.855 0.0000000000
112369  55.682  30.612  34.391 0.0000000000
144375  54.817  30.290  33.884 0.0000000000
111565  54.263  29.788  34.599 0.0000000000
111566  53.434  29.418  34.784 0.0000000000
111567  52.463  29.079  34.812 0.0000000000
124611  52.856  49.079  18.604 0.0000000000
124599  51.649  49.564  19.602 0.0000000000
124598  52.372  49.076  19.438 0.0000000000
123985  53.324  48.217  19.991 0.0000000000
122746  53.418  47.190  20.724 0.0000000000
122738  53.432  46.196  21.032 0.0000000000
125157  49.934  50.646  22.170 0.0000000000
125130  52.081  50.924  26.595 0.0000000000
125134  52.059  51.128  25.820 0.0000000000
123949  52.118  49.663  25.558 0.0000000000
125155  51.338  50.856  23.433 0.0000000000
125163  51.253  50.542  22.467 0.0000000000
123979  51.872  49.417  22.188 0.0000000000
123371  52.124  48.084  21.959 0.0000000000
155756  51.606  47.719  23.713 0.0000000000
122733  51.781  47.576  22.781 0.0000000000
145631  52.318  47.038  21.917 0.0000000000
122119  52.707  45.872  21.823 0.0000000000
122110  53.276  44.784  22.088 0.0000000000
120902  54.322  43.361  24.062 0.0000000000
121520  53.871  43.945  24.350 0.0000000000
120886  54.359  43.466  24.791 0.0000000000
149008  54.600  42.809  24.530 0.0000000000
119588  54.469  42.149  25.406 0.0000000000
120235  54.242  42.051  26.047 0.0000000000
120219  53.802  42.161  26.930 0.0000000000
121499  54.394  44.366  26.970 0.0000000000
121501  54.658  43.706  26.560 0.0000000000
120857  55.156  43.347  27.877 0.0000000000
120858  54.888  43.424  27.101 0.0000000000
120218  54.360  42.348  26.938 0.0000000000
167366  52.690  42.255  28.229 0.0000000000
119557  51.787  41.565  29.444 0.0000000000
116983  49.044  37.309  29.640 0.0000000000
116397  49.605  36.684  29.638 0.0000000000
116398  48.948  36.762  29.239 0.0000000000
160559  51.818  35.867  30.522 0.0000000000
115798  50.834  35.483  29.347 0.0000000000
140921  49.025  36.469  25.973 0.0000000000
115848  48.527  36.175  24.083 0.0000000000
115858  48.661  35.522  23.583 0.0000000000
115228  47.993  34.614  23.615 0.0000000000
115170  56.296  34.195  29.501 0.0000000000
115175  55.902  34.415  28.875 0.0000000000
115200  55.354  34.219  26.913 0.0000000000
115202  54.044  34.846  25.887 0.0000000000
115834  53.332  35.193  24.286 0.0000000000
113850  54.655  32.665  24.707 0.0000000000
113852  52.959  32.537  24.254 0.0000000000
114550  54.057  33.603  24.183 0.0000000000
114559  53.293  34.264  23.618 0.0000000000
162327  52.770  34.737  23.220 0.0000000000
115854  52.610  35.105  23.064 0.0000000000
115224  51.436  35.122  22.469 0.0000000000
110778  50.169  28.841  32.054 0.0000000000
111584  50.717  29.331  30.683 0.0000000000
110790  50.014  29.039  30.146 0.0000000000
111588  50.731  29.355  29.764 0.0000000000
111573  53.194  29.817  33.069 0.0000000000
111586  52.142  29.795  29.142 0.0000000000
112333  54.201  30.394  36.562 0.0000000000
112346  56.320  31.160  35.539 0.0000000000
113066  56.810  31.621  35.490 0.0000000000
113068  54.737  30.826  36.332 0.0000000000
113090  57.046  31.375  34.235 0.0000000000
113114  55.398  31.974  29.850 0.0000000000
113780  56.620  32.199  35.605 0.0000000000
115148  57.414  34.083  33.569 0.0000000000
115222  53.143  34.908  23.539 0.0000000000
115223  52.272  34.883  22.752 0.0000000000
115765  57.139  35.440  34.515 0.0000000000
115815  49.674  35.759  27.766 0.0000000000
115845  52.647  35.430  23.576 0.0000000000
116343  57.239  37.275  35.957 0.0000000000
116346  55.110  36.859  35.991 0.0000000000
116363  51.085  36.881  34.067 0.0000000000
116947  57.446  37.740  35.473 0.0000000000
116980  50.345  37.566  30.373 0.0000000000
117606  56.552  38.558  36.589 0.0000000000
118220  57.281  39.874  36.160 0.0000000000
118251  56.496  39.914  33.829 0.0000000000
119494  55.685  42.174  36.203 0.0000000000
119501  57.269  41.189  35.584 0.0000000000
119606  54.429  41.755  23.757 0.0000000000
119608  53.257  41.695  23.180 0.0000000000
119614  54.138  41.388  22.441 0.0000000000
120155  55.596  43.117  35.695 0.0000000000
120158  52.103  43.147  35.474 0.0000000000
120166  56.586  42.947  34.672 0.0000000000
120217  54.804  42.817  27.097 0.0000000000
120250  54.593  42.386  24.963 0.0000000000
120274  54.608  41.790  22.192 0.0000000000
120839  56.335  43.566  33.048 0.0000000000
121445  53.979  44.841  34.855 0.0000000000
121480  55.551  44.268  31.251 0.0000000000
122041  53.778  45.626  34.134 0.0000000000
122064  53.714  45.609  32.477 0.0000000000
122642  53.002  46.583  34.210 0.0000000000
123261  52.708  47.591  33.313 0.0000000000
123962  51.912  49.380  24.808 0.0000000000
124479  51.992  49.849  33.171 0.0000000000
124488  50.956  50.041  32.827 0.0000000000
124491  52.239  50.020  32.327 0.0000000000
124492  51.511  50.231  32.304 0.0000000000
124497  52.304  50.097  31.231 0.0000000000
124510  52.404  50.203  28.532 0.0000000000
124511  51.812  50.392  29.361 0.0000000000
124516  52.317  50.338  27.639 0.0000000000
124517  52.316  50.359  26.783 0.0000000000
124540  47.064  49.171  24.138 0.0000000000
125106  52.049  50.351  30.911 0.0000000000
125116  51.915  50.563  28.454 0.0000000000
125121  52.038  50.655  27.506 0.0000000000
125131  51.598  51.085  26.213 0.0000000000
140497  51.357  49.775  18.334 0.0000000000
144544  49.188  50.244  18.111 0.0000000000
146925  56.786  34.814  35.466 0.0000000000
148326  57.291  40.070  34.470 0.0000000000
151117  53.049  43.356  35.629 0.0000000000
152420  56.175  41.199  36.527 0.0000000000
152897  52.398  50.054  30.257 0.0000000000
154406  56.177  41.832  36.327 0.0000000000
156932  57.453  40.278  35.526 0.0000000000
160113  56.501  37.069  36.377 0.0000000000
161722  56.750  37.360  33.773 0.0000000000
162733  55.447  42.776  35.889 0.0000000000
164201  57.491  40.702  34.964 0.0000000000
166133  49.139  48.720  31.679 0.0000000000
166982  55.126  44.247  28.436 0.0000000000
167103  56.791  36.360  36.038 0.0000000000
169114  52.048  48.758  22.037 0.0000000000
169209  49.869  38.147  33.494 0.0000000000
