#!ascii label  , from subject sub-v1s17x0050239_ses-1 vox2ras=TkReg
882
58958  28.975  -23.782  83.444 0.0000000000
75093  45.573  -7.221  65.677 0.0000000000
79024  51.815  -2.687  61.190 0.0000000000
71068  44.742  -11.315  76.363 0.0000000000
55977  35.587  -25.915  76.284 0.0000000000
54786  33.384  -27.337  80.932 0.0000000000
77948  50.350  -3.607  64.297 0.0000000000
76989  50.373  -5.381  69.485 0.0000000000
65242  42.915  -17.298  76.003 0.0000000000
54872  41.734  -27.718  76.714 0.0000000000
79139  57.319  -3.621  52.885 0.0000000000
143754  49.685  0.691  57.460 0.0000000000
71095  40.606  -11.124  72.064 0.0000000000
162784  43.964  -5.057  72.634 0.0000000000
57898  31.968  -24.601  79.654 0.0000000000
56907  31.635  -25.607  82.205 0.0000000000
76121  48.136  -6.112  65.145 0.0000000000
77914  50.825  -3.720  67.646 0.0000000000
77017  48.111  -5.361  68.171 0.0000000000
60082  46.703  -22.639  72.670 0.0000000000
53705  37.868  -28.864  78.011 0.0000000000
54875  38.968  -28.311  76.723 0.0000000000
51400  40.190  -30.368  76.818 0.0000000000
82305  56.785  -1.023  54.231 0.0000000000
79126  53.846  -3.190  53.259 0.0000000000
81195  54.005  -0.723  55.977 0.0000000000
81161  49.135  -0.846  60.560 0.0000000000
82271  48.505  0.203  58.037 0.0000000000
80106  49.875  -1.276  59.297 0.0000000000
79079  48.997  -3.471  57.070 0.0000000000
77986  49.890  -4.505  60.052 0.0000000000
165802  44.147  -13.751  77.451 0.0000000000
69094  41.744  -13.617  73.761 0.0000000000
155897  41.942  -10.858  75.523 0.0000000000
75025  41.002  -7.266  73.195 0.0000000000
75000  43.473  -7.273  76.084 0.0000000000
75009  45.882  -6.581  74.125 0.0000000000
73146  44.405  -9.285  73.883 0.0000000000
55934  35.051  -26.480  78.929 0.0000000000
79014  48.564  -3.174  61.811 0.0000000000
81123  51.771  -1.559  62.813 0.0000000000
77933  53.409  -3.819  65.714 0.0000000000
76105  52.091  -6.605  67.169 0.0000000000
57950  43.845  -24.034  75.126 0.0000000000
151325  45.098  -22.088  74.894 0.0000000000
64233  45.513  -18.559  74.746 0.0000000000
146418  45.399  -15.283  74.320 0.0000000000
69098  44.816  -13.541  72.652 0.0000000000
56997  41.730  -25.800  74.645 0.0000000000
152402  44.211  -26.971  76.365 0.0000000000
78102  55.647  -4.259  49.191 0.0000000000
83376  51.494  1.484  55.810 0.0000000000
81199  50.010  -1.358  55.750 0.0000000000
78044  48.341  -4.087  54.580 0.0000000000
146321  45.322  -6.954  69.085 0.0000000000
76963  47.392  -5.094  71.699 0.0000000000
150243  48.966  -8.043  71.707 0.0000000000
55887  29.463  -25.668  83.456 0.0000000000
159328  30.317  -24.676  83.028 0.0000000000
55898  30.823  -26.191  82.746 0.0000000000
76122  47.287  -6.492  65.505 0.0000000000
77024  48.129  -5.637  67.179 0.0000000000
76108  46.974  -6.666  67.019 0.0000000000
52552  38.935  -29.921  77.645 0.0000000000
82307  55.131  -0.021  53.681 0.0000000000
81193  55.429  -0.743  55.370 0.0000000000
83373  54.518  0.034  55.724 0.0000000000
81159  50.972  -1.217  60.909 0.0000000000
81169  49.893  -0.832  59.688 0.0000000000
80088  50.683  -1.630  60.509 0.0000000000
77994  49.917  -3.583  59.688 0.0000000000
70022  44.301  -12.505  77.267 0.0000000000
70035  42.873  -12.228  76.882 0.0000000000
72126  43.152  -10.554  77.179 0.0000000000
74095  42.550  -8.725  76.565 0.0000000000
73120  43.734  -9.220  76.687 0.0000000000
145047  44.400  -8.084  75.583 0.0000000000
72141  44.370  -9.822  75.813 0.0000000000
56942  33.922  -25.582  79.094 0.0000000000
55922  34.161  -26.662  80.245 0.0000000000
54798  35.489  -27.758  79.591 0.0000000000
77058  48.948  -5.200  63.515 0.0000000000
77978  47.634  -4.548  61.671 0.0000000000
77968  49.376  -3.768  63.088 0.0000000000
80045  49.941  -1.741  62.322 0.0000000000
78985  50.797  -2.725  63.873 0.0000000000
80006  52.752  -2.311  64.435 0.0000000000
78963  51.565  -3.005  65.774 0.0000000000
159038  50.878  -4.981  68.904 0.0000000000
77014  51.842  -5.131  68.004 0.0000000000
76080  51.337  -6.604  68.529 0.0000000000
163101  50.997  -7.971  68.074 0.0000000000
75069  50.859  -7.104  69.111 0.0000000000
56976  45.612  -24.926  75.535 0.0000000000
59048  44.902  -23.484  75.422 0.0000000000
59046  46.081  -23.714  75.065 0.0000000000
62141  46.273  -20.457  73.264 0.0000000000
66250  45.563  -16.463  74.544 0.0000000000
54874  40.039  -27.982  76.616 0.0000000000
152367  40.871  -26.907  75.665 0.0000000000
164352  41.789  -26.375  75.809 0.0000000000
55996  42.830  -26.290  76.269 0.0000000000
54871  42.606  -27.805  76.732 0.0000000000
80181  58.688  -2.883  52.076 0.0000000000
78081  56.070  -4.127  50.062 0.0000000000
79127  52.812  -3.064  53.227 0.0000000000
82270  49.157  0.436  58.211 0.0000000000
82289  47.786  0.015  56.567 0.0000000000
167117  49.215  1.267  56.928 0.0000000000
84467  49.768  1.763  55.398 0.0000000000
83365  50.319  1.214  56.500 0.0000000000
82287  51.465  0.054  56.407 0.0000000000
149726  49.955  -0.272  56.756 0.0000000000
78015  48.775  -4.402  57.358 0.0000000000
79093  48.818  -3.311  56.202 0.0000000000
64213  42.303  -18.667  75.508 0.0000000000
66252  42.306  -16.948  74.567 0.0000000000
70048  41.211  -12.026  73.089 0.0000000000
68114  41.206  -14.205  72.407 0.0000000000
76945  41.914  -6.002  73.053 0.0000000000
163583  40.884  -6.672  71.291 0.0000000000
76981  42.999  -5.835  71.226 0.0000000000
76070  43.704  -6.482  69.582 0.0000000000
76979  44.999  -5.471  71.420 0.0000000000
76048  46.298  -5.722  70.316 0.0000000000
154236  46.117  -4.878  72.460 0.0000000000
162287  46.778  -7.823  73.035 0.0000000000
75036  47.625  -7.283  72.714 0.0000000000
74161  48.068  -8.525  72.162 0.0000000000
73190  49.178  -9.599  70.945 0.0000000000
57873  31.938  -25.285  81.588 0.0000000000
55909  32.434  -26.373  81.679 0.0000000000
54800  32.183  -27.674  81.172 0.0000000000
54777  31.333  -26.756  82.263 0.0000000000
77033  49.439  -5.122  65.156 0.0000000000
77925  50.860  -3.505  66.253 0.0000000000
77022  49.453  -4.760  66.236 0.0000000000
77916  49.518  -4.251  68.149 0.0000000000
77898  49.353  -4.463  68.857 0.0000000000
55958  36.979  -27.559  77.768 0.0000000000
54877  36.742  -27.327  76.113 0.0000000000
54853  38.506  -28.646  77.300 0.0000000000
156021  39.745  -28.871  77.064 0.0000000000
53728  41.365  -29.037  76.848 0.0000000000
52559  42.167  -29.354  76.498 0.0000000000
51419  41.258  -30.401  76.044 0.0000000000
80162  57.332  -2.670  53.929 0.0000000000
79140  56.206  -3.540  53.063 0.0000000000
80163  56.555  -2.626  54.292 0.0000000000
80149  54.152  -2.241  54.929 0.0000000000
80151  52.132  -2.186  54.663 0.0000000000
80108  48.082  -1.809  59.801 0.0000000000
81170  48.548  -0.913  59.547 0.0000000000
82263  49.412  -0.110  58.670 0.0000000000
81181  49.642  -0.243  58.353 0.0000000000
80125  49.461  -1.321  57.522 0.0000000000
79059  49.623  -2.426  58.630 0.0000000000
78005  49.475  -3.733  58.901 0.0000000000
67180  43.802  -15.760  77.001 0.0000000000
67197  42.312  -15.270  74.705 0.0000000000
69082  42.417  -13.675  75.864 0.0000000000
70043  41.934  -12.188  74.904 0.0000000000
72153  41.516  -10.520  73.912 0.0000000000
73160  40.837  -9.275  72.834 0.0000000000
155111  41.576  -8.782  74.954 0.0000000000
75012  41.767  -7.062  74.979 0.0000000000
165084  43.297  -5.787  74.724 0.0000000000
76941  45.474  -5.443  74.027 0.0000000000
75011  44.540  -6.735  75.107 0.0000000000
74126  45.222  -7.795  74.193 0.0000000000
162344  44.764  -8.828  72.711 0.0000000000
57910  32.124  -24.640  77.946 0.0000000000
56954  34.334  -25.348  77.919 0.0000000000
147143  35.249  -25.821  77.569 0.0000000000
54834  36.493  -27.582  78.522 0.0000000000
52533  36.703  -29.508  78.893 0.0000000000
80069  48.869  -1.511  61.173 0.0000000000
81135  50.984  -1.114  62.101 0.0000000000
81133  52.451  -1.837  62.167 0.0000000000
80021  53.711  -2.418  63.050 0.0000000000
77947  54.088  -4.041  64.678 0.0000000000
76119  53.568  -5.955  64.960 0.0000000000
77924  52.050  -3.878  67.321 0.0000000000
77021  52.675  -5.135  66.766 0.0000000000
59071  42.888  -23.442  73.827 0.0000000000
61069  42.719  -21.406  74.673 0.0000000000
61054  43.467  -20.856  75.212 0.0000000000
62092  43.773  -19.445  75.512 0.0000000000
60062  46.686  -22.875  73.932 0.0000000000
63189  44.919  -19.804  74.990 0.0000000000
65228  44.382  -17.460  76.358 0.0000000000
143632  45.240  -16.176  76.474 0.0000000000
68099  45.414  -14.250  76.072 0.0000000000
69087  45.404  -13.577  75.638 0.0000000000
70045  45.142  -12.522  74.214 0.0000000000
69097  45.133  -13.965  73.266 0.0000000000
146782  42.979  -25.019  75.266 0.0000000000
56978  44.209  -25.521  76.145 0.0000000000
56016  45.371  -26.704  75.268 0.0000000000
152963  43.478  -29.271  75.637 0.0000000000
54906  44.666  -28.218  75.093 0.0000000000
78119  57.182  -4.328  48.268 0.0000000000
167478  52.355  0.924  54.295 0.0000000000
82286  52.918  0.347  56.167 0.0000000000
81197  52.037  -0.675  56.023 0.0000000000
80153  50.273  -2.409  54.332 0.0000000000
80134  49.058  -2.430  56.081 0.0000000000
80155  49.043  -2.932  54.940 0.0000000000
79116  48.798  -3.418  54.207 0.0000000000
67207  42.100  -15.205  73.596 0.0000000000
76097  44.090  -7.093  67.881 0.0000000000
75083  45.511  -7.299  67.334 0.0000000000
76083  46.668  -6.470  68.790 0.0000000000
76992  47.953  -4.927  70.027 0.0000000000
76974  49.161  -5.151  70.333 0.0000000000
76016  46.845  -5.825  73.121 0.0000000000
76037  48.458  -6.098  71.740 0.0000000000
76046  49.918  -6.672  70.486 0.0000000000
74175  50.075  -8.691  70.199 0.0000000000
71087  44.420  -11.331  73.289 0.0000000000
72162  43.823  -10.209  72.186 0.0000000000
57848  29.504  -24.499  83.623 0.0000000000
56900  29.002  -25.140  83.907 0.0000000000
57849  28.688  -24.354  83.984 0.0000000000
57863  29.729  -23.879  83.006 0.0000000000
56899  29.862  -25.280  83.454 0.0000000000
76123  46.255  -6.919  65.345 0.0000000000
76107  47.467  -6.332  66.601 0.0000000000
155206  46.705  -6.800  66.244 0.0000000000
83384  54.743  0.188  55.152 0.0000000000
83396  54.018  0.417  54.393 0.0000000000
80087  51.394  -1.714  61.070 0.0000000000
79025  50.988  -2.594  60.599 0.0000000000
77984  51.206  -3.729  60.857 0.0000000000
71055  44.564  -11.879  76.998 0.0000000000
71056  43.985  -11.577  77.258 0.0000000000
145998  44.145  -10.844  77.009 0.0000000000
72125  43.723  -10.029  76.996 0.0000000000
72124  44.048  -9.925  76.673 0.0000000000
150328  44.412  -10.526  76.405 0.0000000000
55908  33.128  -26.549  81.159 0.0000000000
55923  33.610  -26.400  80.597 0.0000000000
54785  33.694  -26.794  80.721 0.0000000000
53671  33.259  -28.142  80.660 0.0000000000
77959  49.549  -4.404  63.718 0.0000000000
77969  48.812  -4.560  62.882 0.0000000000
78986  49.993  -3.240  63.531 0.0000000000
78974  51.369  -2.790  64.692 0.0000000000
77934  50.687  -3.651  65.199 0.0000000000
76081  51.040  -6.003  69.171 0.0000000000
76064  50.442  -6.612  69.811 0.0000000000
56995  46.169  -25.388  74.976 0.0000000000
57935  45.665  -24.229  75.470 0.0000000000
56994  46.552  -24.852  74.452 0.0000000000
54873  40.943  -27.807  76.650 0.0000000000
54893  40.712  -27.450  76.330 0.0000000000
55974  41.394  -27.149  76.429 0.0000000000
55973  42.262  -26.975  76.623 0.0000000000
79138  58.033  -3.425  53.015 0.0000000000
79149  58.719  -3.543  51.636 0.0000000000
79150  58.128  -3.691  52.262 0.0000000000
79169  57.021  -4.004  50.626 0.0000000000
79151  57.161  -3.866  51.728 0.0000000000
83359  49.262  0.800  57.674 0.0000000000
158720  49.055  1.159  57.285 0.0000000000
83366  49.530  1.068  56.948 0.0000000000
84454  49.944  1.438  56.437 0.0000000000
82278  50.113  0.761  56.870 0.0000000000
77114  48.355  -5.193  57.716 0.0000000000
77124  48.264  -5.029  56.819 0.0000000000
65231  42.670  -18.052  75.775 0.0000000000
65243  42.369  -17.997  75.584 0.0000000000
66239  42.471  -17.143  75.536 0.0000000000
155233  40.769  -11.923  72.375 0.0000000000
156182  40.478  -11.768  71.771 0.0000000000
151922  43.126  -5.281  73.494 0.0000000000
76968  42.716  -5.678  72.057 0.0000000000
76967  43.556  -5.463  71.972 0.0000000000
76980  43.991  -5.751  71.247 0.0000000000
76966  44.421  -5.157  72.077 0.0000000000
76965  45.348  -4.895  72.315 0.0000000000
74162  46.577  -8.461  72.516 0.0000000000
166395  47.492  -8.291  72.491 0.0000000000
73175  47.479  -8.920  71.926 0.0000000000
73174  48.387  -9.116  71.644 0.0000000000
57874  30.868  -24.429  82.130 0.0000000000
148333  31.493  -24.642  81.381 0.0000000000
159453  31.423  -25.013  82.046 0.0000000000
56915  32.259  -25.839  81.744 0.0000000000
55896  32.001  -26.115  82.099 0.0000000000
55910  31.944  -26.615  82.015 0.0000000000
55897  31.528  -26.152  82.401 0.0000000000
76139  47.565  -6.383  64.544 0.0000000000
76148  47.867  -6.245  63.959 0.0000000000
76138  48.186  -6.118  64.414 0.0000000000
145262  48.498  -5.825  63.855 0.0000000000
77049  48.758  -5.747  64.706 0.0000000000
77034  48.774  -5.518  65.664 0.0000000000
77016  48.829  -4.790  67.904 0.0000000000
77005  48.638  -4.776  68.780 0.0000000000
161657  37.324  -27.988  77.959 0.0000000000
54854  37.664  -28.194  77.587 0.0000000000
54832  37.823  -28.545  77.734 0.0000000000
51401  39.416  -30.460  77.250 0.0000000000
53718  39.157  -29.271  77.400 0.0000000000
148342  39.935  -29.264  77.136 0.0000000000
53717  40.586  -28.931  76.957 0.0000000000
52550  40.447  -29.604  76.984 0.0000000000
164464  41.148  -29.880  76.593 0.0000000000
82316  56.958  -0.839  53.472 0.0000000000
169243  57.325  -1.355  53.656 0.0000000000
81223  57.915  -2.067  53.575 0.0000000000
81217  57.091  -1.789  54.107 0.0000000000
159761  56.628  -2.022  54.511 0.0000000000
81194  54.863  -0.687  55.679 0.0000000000
80148  55.168  -2.127  54.989 0.0000000000
81205  54.655  -1.447  55.523 0.0000000000
80150  53.156  -2.248  54.836 0.0000000000
81206  53.801  -1.653  55.479 0.0000000000
80107  48.660  -1.020  60.102 0.0000000000
82256  49.589  -0.511  59.226 0.0000000000
81175  49.754  -0.525  59.061 0.0000000000
80118  49.670  -1.194  58.519 0.0000000000
77995  49.537  -4.405  59.460 0.0000000000
77996  49.048  -4.831  59.060 0.0000000000
77092  49.336  -5.181  59.765 0.0000000000
152163  43.908  -14.898  77.294 0.0000000000
68096  42.806  -14.396  76.495 0.0000000000
69078  43.068  -13.522  76.877 0.0000000000
154305  42.508  -11.674  76.519 0.0000000000
70036  42.262  -12.277  75.946 0.0000000000
71070  42.058  -11.546  75.662 0.0000000000
156040  41.760  -11.275  74.566 0.0000000000
72142  41.723  -10.318  74.906 0.0000000000
73147  41.476  -9.537  74.278 0.0000000000
73137  41.756  -9.437  75.425 0.0000000000
74105  42.578  -8.026  76.410 0.0000000000
75002  42.073  -7.494  75.788 0.0000000000
75001  42.776  -7.288  76.099 0.0000000000
76008  42.881  -6.201  75.078 0.0000000000
75996  43.136  -6.662  75.647 0.0000000000
76006  44.299  -6.087  74.916 0.0000000000
75995  43.864  -6.671  75.531 0.0000000000
73136  44.417  -9.043  75.109 0.0000000000
74115  44.799  -7.616  74.915 0.0000000000
74127  44.628  -8.428  74.561 0.0000000000
157676  44.707  -8.685  73.509 0.0000000000
164298  31.738  -24.508  78.765 0.0000000000
57897  32.518  -24.773  78.945 0.0000000000
56931  34.319  -26.031  79.245 0.0000000000
57908  33.820  -25.272  78.480 0.0000000000
56941  34.380  -25.707  78.603 0.0000000000
56965  34.778  -25.381  77.401 0.0000000000
56940  35.174  -26.285  78.469 0.0000000000
55945  36.067  -27.007  78.318 0.0000000000
55933  35.752  -27.042  78.825 0.0000000000
79015  48.000  -3.745  61.377 0.0000000000
79027  47.756  -3.523  60.730 0.0000000000
79026  48.279  -2.708  61.060 0.0000000000
78999  50.646  -2.041  63.078 0.0000000000
81134  51.959  -1.344  62.046 0.0000000000
80044  52.553  -1.792  62.629 0.0000000000
80043  53.268  -2.325  62.590 0.0000000000
80022  53.090  -2.139  63.274 0.0000000000
78972  53.198  -2.724  64.977 0.0000000000
78971  53.866  -3.104  64.321 0.0000000000
78961  53.518  -3.218  65.224 0.0000000000
77031  53.637  -4.874  65.377 0.0000000000
155491  51.001  -3.471  67.029 0.0000000000
78952  51.642  -3.215  66.623 0.0000000000
78941  51.560  -3.586  67.256 0.0000000000
76092  52.284  -5.661  67.363 0.0000000000
77013  52.205  -4.631  67.447 0.0000000000
76104  52.616  -6.091  66.584 0.0000000000
75091  52.361  -6.949  66.338 0.0000000000
59057  43.535  -23.409  74.582 0.0000000000
60064  43.141  -22.459  74.251 0.0000000000
60063  43.820  -22.703  74.854 0.0000000000
60050  44.958  -22.559  75.066 0.0000000000
148413  44.226  -21.579  75.027 0.0000000000
61053  44.516  -21.321  74.972 0.0000000000
62108  43.489  -20.170  75.374 0.0000000000
62107  44.088  -20.327  75.243 0.0000000000
59070  46.844  -23.551  73.615 0.0000000000
60072  46.794  -22.931  73.284 0.0000000000
63201  45.897  -19.856  73.962 0.0000000000
157132  46.041  -20.612  73.914 0.0000000000
63202  45.487  -19.376  74.604 0.0000000000
64222  45.049  -18.845  75.267 0.0000000000
145042  45.257  -18.079  75.447 0.0000000000
66225  44.810  -16.861  76.525 0.0000000000
162724  45.449  -17.465  75.498 0.0000000000
147806  45.444  -16.003  74.170 0.0000000000
67196  45.523  -15.137  75.478 0.0000000000
68102  45.480  -14.385  74.968 0.0000000000
69092  45.354  -13.560  74.368 0.0000000000
68108  45.314  -14.547  73.887 0.0000000000
54876  37.419  -27.866  75.946 0.0000000000
54897  36.805  -27.617  75.163 0.0000000000
54895  38.253  -28.108  75.790 0.0000000000
160760  41.196  -26.031  73.966 0.0000000000
147677  41.565  -25.479  73.678 0.0000000000
57011  41.854  -24.838  73.385 0.0000000000
57965  42.407  -24.233  73.560 0.0000000000
56996  42.334  -25.050  74.300 0.0000000000
55995  43.798  -26.278  76.410 0.0000000000
56979  43.372  -25.599  75.964 0.0000000000
55994  44.700  -26.252  76.062 0.0000000000
54891  44.906  -27.323  75.846 0.0000000000
52566  42.979  -29.327  76.133 0.0000000000
54920  44.371  -28.024  73.880 0.0000000000
78101  56.776  -4.175  49.629 0.0000000000
144341  56.503  -4.301  48.739 0.0000000000
78120  55.706  -4.360  48.260 0.0000000000
168678  55.380  -3.413  53.163 0.0000000000
81182  47.982  -0.644  58.220 0.0000000000
81183  47.508  -1.564  57.535 0.0000000000
81188  47.737  -0.648  57.237 0.0000000000
84466  50.570  1.812  55.583 0.0000000000
83388  50.186  1.681  54.666 0.0000000000
83387  51.174  1.658  54.871 0.0000000000
83398  51.612  0.999  53.897 0.0000000000
83386  52.259  1.242  55.090 0.0000000000
157246  53.120  0.792  55.532 0.0000000000
83375  52.593  0.919  55.912 0.0000000000
81198  50.894  -0.940  55.875 0.0000000000
81208  51.561  -1.581  55.278 0.0000000000
81209  50.530  -1.829  55.062 0.0000000000
80126  49.129  -2.445  56.821 0.0000000000
164435  49.344  -1.640  56.685 0.0000000000
78032  48.506  -4.029  55.501 0.0000000000
79104  48.843  -3.130  55.503 0.0000000000
156970  48.663  -3.513  54.924 0.0000000000
80154  49.520  -2.762  54.391 0.0000000000
68104  42.102  -14.425  74.175 0.0000000000
74129  40.884  -8.262  73.233 0.0000000000
76053  41.339  -6.466  70.768 0.0000000000
76069  44.582  -6.721  69.425 0.0000000000
76086  43.868  -6.779  68.748 0.0000000000
76085  44.591  -7.025  68.654 0.0000000000
75076  45.183  -7.240  68.129 0.0000000000
76084  45.914  -7.021  68.713 0.0000000000
76096  46.112  -7.151  67.965 0.0000000000
76068  46.083  -6.522  69.439 0.0000000000
76977  46.819  -4.980  71.155 0.0000000000
76993  47.178  -5.233  70.279 0.0000000000
76976  47.673  -4.995  70.881 0.0000000000
76975  48.391  -5.032  70.538 0.0000000000
76962  48.073  -5.244  71.343 0.0000000000
76018  45.872  -5.940  74.009 0.0000000000
76940  46.187  -5.522  73.542 0.0000000000
76017  46.428  -6.273  73.616 0.0000000000
74142  48.258  -7.935  72.279 0.0000000000
75035  48.107  -6.778  72.338 0.0000000000
75047  48.692  -7.174  71.900 0.0000000000
160073  49.050  -6.563  71.424 0.0000000000
168824  49.485  -7.390  71.125 0.0000000000
75060  50.018  -7.624  70.365 0.0000000000
74176  49.631  -8.411  70.875 0.0000000000
73203  49.636  -10.088  70.355 0.0000000000
69093  45.029  -13.087  73.333 0.0000000000
145440  44.853  -11.754  73.999 0.0000000000
70046  44.735  -12.221  73.296 0.0000000000
57862  31.013  -25.165  82.565 0.0000000000
168740  31.157  -25.708  82.647 0.0000000000
56908  30.586  -25.522  83.004 0.0000000000
56909  30.132  -25.941  83.197 0.0000000000
76140  46.773  -6.676  64.573 0.0000000000
76106  48.101  -5.929  66.130 0.0000000000
76094  47.520  -6.139  67.538 0.0000000000
52542  37.777  -29.350  78.293 0.0000000000
52541  38.403  -29.388  77.844 0.0000000000
51384  38.177  -30.008  78.111 0.0000000000
51402  38.704  -30.526  77.587 0.0000000000
82306  56.176  -0.383  53.988 0.0000000000
82296  56.517  -1.387  54.586 0.0000000000
82297  56.036  -0.725  54.890 0.0000000000
83372  55.206  -0.300  55.378 0.0000000000
82285  54.336  -0.180  55.928 0.0000000000
144944  50.380  -0.910  60.688 0.0000000000
81160  49.854  -0.814  60.317 0.0000000000
81168  50.337  -1.084  60.328 0.0000000000
80105  50.143  -1.497  59.936 0.0000000000
79038  49.925  -2.468  59.401 0.0000000000
79037  50.320  -2.529  60.075 0.0000000000
152274  50.457  -3.631  60.280 0.0000000000
69076  44.587  -13.429  77.306 0.0000000000
156447  43.288  -12.817  77.063 0.0000000000
70023  43.704  -12.261  77.286 0.0000000000
71057  43.278  -11.367  77.205 0.0000000000
71069  42.448  -10.887  76.538 0.0000000000
72133  41.986  -10.154  76.027 0.0000000000
165232  42.664  -10.011  76.853 0.0000000000
73121  43.439  -9.309  76.850 0.0000000000
74093  43.522  -8.545  76.641 0.0000000000
74999  44.055  -7.433  75.803 0.0000000000
74103  43.887  -8.338  76.319 0.0000000000
73127  44.169  -9.022  76.201 0.0000000000
72152  44.392  -9.949  74.573 0.0000000000
57896  33.329  -25.172  79.127 0.0000000000
151400  33.545  -25.618  79.855 0.0000000000
56922  33.897  -26.186  80.046 0.0000000000
55935  34.574  -26.533  79.572 0.0000000000
161620  35.177  -26.861  79.266 0.0000000000
55921  34.856  -27.140  79.791 0.0000000000
77970  47.968  -4.966  62.386 0.0000000000
77977  48.302  -4.099  62.113 0.0000000000
79001  48.939  -3.512  62.496 0.0000000000
79013  49.147  -2.515  62.171 0.0000000000
79000  49.607  -2.798  62.833 0.0000000000
80024  51.555  -2.079  63.758 0.0000000000
80023  52.374  -1.932  63.536 0.0000000000
80007  52.128  -2.202  64.391 0.0000000000
165440  52.735  -2.635  65.407 0.0000000000
78950  52.978  -3.020  65.941 0.0000000000
77904  50.667  -4.211  68.362 0.0000000000
77913  51.506  -4.163  67.855 0.0000000000
77003  51.308  -4.738  68.413 0.0000000000
145798  51.454  -5.583  68.564 0.0000000000
76093  51.861  -6.162  67.965 0.0000000000
75081  51.488  -7.193  67.794 0.0000000000
75074  51.003  -7.532  68.515 0.0000000000
75075  50.715  -7.988  69.059 0.0000000000
57937  44.494  -24.180  75.578 0.0000000000
59056  44.246  -23.387  75.181 0.0000000000
57936  45.124  -24.345  75.782 0.0000000000
59047  45.362  -23.563  75.377 0.0000000000
60049  45.537  -22.832  75.024 0.0000000000
142078  46.557  -21.400  73.084 0.0000000000
65252  45.733  -18.239  74.115 0.0000000000
65253  45.587  -17.790  74.841 0.0000000000
65262  45.714  -17.965  73.517 0.0000000000
65263  45.557  -17.314  73.222 0.0000000000
145025  39.196  -27.972  76.055 0.0000000000
56018  40.289  -26.929  74.606 0.0000000000
56017  41.089  -26.412  74.726 0.0000000000
56980  42.478  -25.633  75.454 0.0000000000
55972  43.346  -27.131  76.678 0.0000000000
79183  58.117  -4.085  50.181 0.0000000000
82279  48.301  0.346  57.405 0.0000000000
83360  48.852  0.815  57.749 0.0000000000
83368  48.508  0.819  57.006 0.0000000000
83367  48.866  1.281  56.548 0.0000000000
84461  49.307  1.595  55.947 0.0000000000
84460  49.966  1.760  56.099 0.0000000000
83364  51.064  1.242  56.241 0.0000000000
82276  51.907  0.810  56.285 0.0000000000
82277  50.945  0.795  56.555 0.0000000000
82288  50.527  -0.119  56.539 0.0000000000
78024  48.618  -4.242  56.463 0.0000000000
63191  42.173  -19.260  75.332 0.0000000000
70054  41.443  -12.817  73.412 0.0000000000
69099  41.295  -13.527  72.929 0.0000000000
70055  40.984  -12.724  72.643 0.0000000000
69100  40.859  -13.421  72.192 0.0000000000
75037  41.328  -6.570  73.008 0.0000000000
75038  40.811  -7.021  72.453 0.0000000000
165147  41.419  -6.292  72.409 0.0000000000
76038  42.067  -6.022  71.401 0.0000000000
76052  42.363  -6.196  70.504 0.0000000000
155795  42.782  -6.379  69.665 0.0000000000
76051  43.394  -6.138  70.415 0.0000000000
76050  44.550  -6.188  70.423 0.0000000000
157950  45.441  -6.409  69.937 0.0000000000
76049  45.590  -5.693  70.781 0.0000000000
76978  46.000  -4.956  71.605 0.0000000000
76964  46.714  -4.900  72.076 0.0000000000
75022  46.511  -7.099  73.596 0.0000000000
75021  47.029  -6.731  73.150 0.0000000000
162945  47.116  -7.452  72.978 0.0000000000
74143  47.607  -7.977  72.606 0.0000000000
74160  48.576  -8.705  71.784 0.0000000000
74159  49.155  -8.884  71.325 0.0000000000
57885  31.403  -24.342  80.375 0.0000000000
57884  32.204  -24.966  80.704 0.0000000000
56924  32.575  -25.601  81.159 0.0000000000
56914  32.748  -26.050  81.338 0.0000000000
54787  32.541  -27.098  81.501 0.0000000000
53657  32.773  -27.751  81.041 0.0000000000
54788  31.826  -27.211  81.765 0.0000000000
77065  48.290  -5.456  63.084 0.0000000000
77048  49.265  -5.260  64.212 0.0000000000
77949  49.925  -4.484  64.661 0.0000000000
77935  50.077  -4.231  65.724 0.0000000000
77926  50.218  -3.888  66.930 0.0000000000
77023  48.774  -5.183  66.740 0.0000000000
77015  49.459  -4.423  67.333 0.0000000000
77915  50.072  -3.927  67.888 0.0000000000
77905  49.954  -4.178  68.500 0.0000000000
77004  50.137  -4.545  69.008 0.0000000000
76990  49.595  -4.893  69.585 0.0000000000
57010  46.332  -25.557  74.128 0.0000000000
55976  36.559  -26.986  77.108 0.0000000000
143677  36.125  -26.518  76.247 0.0000000000
55975  37.256  -27.720  76.963 0.0000000000
140710  37.995  -28.286  76.795 0.0000000000
53719  38.474  -28.958  77.598 0.0000000000
163699  39.028  -28.915  77.248 0.0000000000
54852  39.448  -28.591  76.930 0.0000000000
54851  40.358  -28.392  76.784 0.0000000000
53729  41.185  -28.342  76.808 0.0000000000
145514  42.009  -28.479  76.781 0.0000000000
52568  41.853  -30.023  76.053 0.0000000000
51434  41.546  -30.447  75.510 0.0000000000
80177  57.959  -2.998  53.531 0.0000000000
79123  56.988  -3.218  53.721 0.0000000000
79124  56.033  -3.149  53.838 0.0000000000
79125  55.009  -3.167  53.691 0.0000000000
80147  56.048  -2.051  54.864 0.0000000000
80165  54.574  -2.765  54.282 0.0000000000
80166  53.501  -2.745  54.071 0.0000000000
80167  52.509  -2.691  53.943 0.0000000000
80168  51.548  -2.656  53.820 0.0000000000
150749  47.883  -1.777  59.086 0.0000000000
81177  48.336  -0.789  58.912 0.0000000000
142774  49.371  -0.553  59.833 0.0000000000
81176  49.132  -0.234  59.241 0.0000000000
82264  48.817  0.017  58.684 0.0000000000
82269  49.459  0.382  58.082 0.0000000000
81187  49.668  -0.402  57.277 0.0000000000
79078  49.361  -2.425  57.725 0.0000000000
79060  49.227  -3.569  57.957 0.0000000000
78006  48.915  -4.559  58.249 0.0000000000
77103  48.472  -5.414  58.583 0.0000000000
66228  43.415  -16.509  76.509 0.0000000000
66238  42.804  -16.386  76.080 0.0000000000
67189  42.625  -15.372  76.014 0.0000000000
68103  42.343  -14.471  75.325 0.0000000000
69088  42.101  -13.675  74.744 0.0000000000
155749  42.594  -12.930  76.372 0.0000000000
69083  42.165  -12.953  75.317 0.0000000000
143492  41.827  -12.897  74.301 0.0000000000
70047  41.618  -12.093  73.921 0.0000000000
71088  41.436  -11.314  73.528 0.0000000000
71089  41.018  -11.237  72.779 0.0000000000
72163  40.833  -10.280  72.519 0.0000000000
157006  41.224  -9.918  73.339 0.0000000000
73148  41.127  -9.120  73.555 0.0000000000
74128  41.299  -8.528  74.184 0.0000000000
74106  41.924  -8.478  75.928 0.0000000000
74116  41.574  -7.927  75.047 0.0000000000
153931  41.324  -7.597  74.126 0.0000000000
76009  42.218  -6.409  74.735 0.0000000000
76019  42.758  -5.869  74.480 0.0000000000
76933  43.370  -5.356  74.235 0.0000000000
76942  44.827  -5.038  73.853 0.0000000000
76931  44.676  -5.510  74.452 0.0000000000
76005  45.191  -6.111  74.529 0.0000000000
147297  44.604  -7.277  75.258 0.0000000000
75010  45.236  -6.947  74.713 0.0000000000
75023  45.833  -7.145  74.130 0.0000000000
74125  46.004  -7.547  73.672 0.0000000000
74144  45.563  -8.255  73.194 0.0000000000
56981  35.102  -25.560  75.748 0.0000000000
57909  33.055  -24.899  78.281 0.0000000000
57925  34.181  -25.005  77.116 0.0000000000
143829  35.125  -25.510  76.752 0.0000000000
56964  35.803  -26.221  77.189 0.0000000000
55959  36.298  -26.918  77.878 0.0000000000
55944  36.753  -27.533  78.145 0.0000000000
54833  37.221  -28.190  78.199 0.0000000000
159847  35.899  -27.743  79.315 0.0000000000
53688  36.797  -28.816  78.961 0.0000000000
52532  37.258  -29.252  78.657 0.0000000000
80089  48.421  -1.756  60.494 0.0000000000
80068  49.395  -1.559  61.724 0.0000000000
81147  49.768  -0.867  61.078 0.0000000000
81146  50.670  -0.977  61.254 0.0000000000
81158  51.580  -1.415  61.362 0.0000000000
80067  52.145  -1.881  61.682 0.0000000000
79012  52.755  -2.858  61.758 0.0000000000
80066  53.049  -2.430  62.228 0.0000000000
79010  53.670  -2.887  62.348 0.0000000000
78997  54.376  -3.506  62.806 0.0000000000
80005  53.455  -2.533  63.875 0.0000000000
78984  54.110  -2.900  63.318 0.0000000000
77922  52.881  -3.686  66.370 0.0000000000
77923  52.559  -4.161  66.866 0.0000000000
77020  53.075  -4.543  66.212 0.0000000000
77032  53.095  -5.538  65.956 0.0000000000
60065  42.308  -21.856  73.888 0.0000000000
168537  42.398  -20.864  74.936 0.0000000000
60051  44.465  -22.553  75.045 0.0000000000
60052  43.599  -21.735  74.941 0.0000000000
62109  42.785  -20.172  75.335 0.0000000000
63190  42.584  -19.457  75.479 0.0000000000
63178  42.971  -18.972  75.767 0.0000000000
64211  43.475  -18.269  75.925 0.0000000000
57964  46.806  -24.245  74.015 0.0000000000
59055  46.618  -23.618  74.345 0.0000000000
61051  45.618  -21.937  74.713 0.0000000000
142851  46.352  -21.326  73.670 0.0000000000
156977  45.857  -21.188  74.272 0.0000000000
62106  45.224  -20.857  74.716 0.0000000000
64223  44.378  -19.075  75.469 0.0000000000
149464  44.025  -17.962  76.150 0.0000000000
65229  43.851  -17.418  76.379 0.0000000000
66227  43.902  -16.648  76.730 0.0000000000
66226  44.478  -16.169  77.001 0.0000000000
67179  44.432  -15.219  77.269 0.0000000000
146047  45.534  -16.107  75.485 0.0000000000
67188  45.433  -15.513  76.213 0.0000000000
68093  45.113  -14.162  76.999 0.0000000000
69081  45.170  -13.507  76.613 0.0000000000
70033  45.246  -12.969  76.244 0.0000000000
70034  45.116  -12.217  76.300 0.0000000000
70042  45.037  -11.732  75.147 0.0000000000
70041  45.306  -12.774  75.341 0.0000000000
68112  45.056  -14.765  72.972 0.0000000000
55997  36.194  -26.945  75.320 0.0000000000
142051  38.096  -28.016  74.816 0.0000000000
59072  42.234  -23.384  73.110 0.0000000000
57951  43.120  -24.283  74.570 0.0000000000
57938  43.818  -24.798  75.608 0.0000000000
56977  44.938  -25.272  75.939 0.0000000000
55993  45.502  -25.813  75.510 0.0000000000
56015  45.899  -26.163  74.653 0.0000000000
53727  42.831  -28.652  76.591 0.0000000000
53726  43.352  -28.058  76.591 0.0000000000
54892  44.218  -27.985  76.293 0.0000000000
53744  44.080  -28.857  75.433 0.0000000000
54905  45.073  -27.501  74.623 0.0000000000
58945  28.311  -23.855  83.756 0.0000000000
159111  56.829  -4.390  47.451 0.0000000000
83385  53.936  0.519  55.395 0.0000000000
83374  53.632  0.315  55.936 0.0000000000
143016  53.686  -0.033  56.161 0.0000000000
148360  52.346  0.107  56.311 0.0000000000
81196  53.052  -0.326  56.151 0.0000000000
81207  52.851  -1.394  55.618 0.0000000000
80152  51.125  -2.231  54.455 0.0000000000
80169  50.754  -2.637  53.824 0.0000000000
80133  49.496  -1.593  56.137 0.0000000000
80141  49.174  -2.511  55.555 0.0000000000
80140  49.514  -2.279  55.248 0.0000000000
81210  49.910  -2.172  54.914 0.0000000000
163804  48.776  -3.635  53.457 0.0000000000
75107  44.816  -7.410  65.514 0.0000000000
66251  42.429  -16.178  75.229 0.0000000000
66262  42.325  -16.071  74.046 0.0000000000
144732  43.096  -6.565  68.906 0.0000000000
143124  43.944  -7.213  67.031 0.0000000000
159174  45.315  -7.318  66.449 0.0000000000
75082  46.242  -7.115  66.975 0.0000000000
76095  46.856  -6.643  67.788 0.0000000000
76082  47.451  -5.890  68.471 0.0000000000
76067  46.717  -5.920  69.652 0.0000000000
76066  47.358  -5.543  69.404 0.0000000000
77006  48.056  -5.078  69.106 0.0000000000
76991  48.754  -4.797  69.630 0.0000000000
76065  49.904  -5.703  70.158 0.0000000000
76954  45.669  -4.990  73.227 0.0000000000
76953  46.491  -5.196  72.854 0.0000000000
76952  47.163  -5.408  72.483 0.0000000000
76027  47.469  -6.279  72.711 0.0000000000
76026  47.811  -5.721  72.101 0.0000000000
76036  48.797  -5.500  71.074 0.0000000000
76047  49.464  -6.079  70.832 0.0000000000
75070  50.431  -7.844  69.641 0.0000000000
74181  50.489  -8.928  69.417 0.0000000000
73189  49.637  -9.293  70.668 0.0000000000
73202  50.099  -9.670  70.018 0.0000000000
154996  44.632  -10.698  75.469 0.0000000000
71080  44.570  -10.951  74.257 0.0000000000
147461  44.284  -11.827  72.665 0.0000000000
72161  44.236  -10.276  73.252 0.0000000000
73158  44.288  -9.469  72.705 0.0000000000
52543  37.460  -29.759  78.500 0.0000000000
52549  40.905  -29.337  76.878 0.0000000000
52551  39.710  -29.824  77.288 0.0000000000
53669  35.406  -28.384  79.667 0.0000000000
53689  36.173  -28.208  79.295 0.0000000000
53706  37.318  -28.776  78.477 0.0000000000
53736  43.584  -28.759  76.216 0.0000000000
54812  36.754  -28.181  78.741 0.0000000000
54813  36.188  -27.645  79.031 0.0000000000
54814  35.582  -27.348  79.293 0.0000000000
55946  35.525  -26.610  78.512 0.0000000000
56952  35.598  -26.349  78.067 0.0000000000
56953  34.921  -25.851  78.129 0.0000000000
57948  46.536  -24.259  74.617 0.0000000000
57949  46.202  -24.588  75.099 0.0000000000
59099  46.466  -23.120  71.996 0.0000000000
60048  46.173  -22.846  74.597 0.0000000000
60073  42.564  -22.719  73.532 0.0000000000
61052  44.974  -21.382  74.842 0.0000000000
61055  42.818  -20.885  75.117 0.0000000000
61056  42.296  -20.462  75.040 0.0000000000
61068  46.300  -22.063  74.133 0.0000000000
61083  46.673  -22.163  73.353 0.0000000000
61096  46.590  -21.877  72.567 0.0000000000
62093  43.137  -19.521  75.581 0.0000000000
62110  42.191  -19.875  75.206 0.0000000000
62125  45.572  -20.263  74.415 0.0000000000
63177  43.430  -18.946  75.713 0.0000000000
63179  42.513  -18.976  75.604 0.0000000000
64209  44.548  -18.197  75.849 0.0000000000
64210  43.910  -18.601  75.786 0.0000000000
64212  42.811  -18.464  75.789 0.0000000000
64232  45.832  -19.032  74.071 0.0000000000
65230  43.219  -17.759  76.037 0.0000000000
65241  45.017  -17.508  76.019 0.0000000000
65254  42.031  -17.823  75.045 0.0000000000
66237  45.377  -16.865  75.907 0.0000000000
66249  45.677  -17.338  74.135 0.0000000000
66261  45.497  -16.598  73.729 0.0000000000
67178  45.106  -15.455  76.946 0.0000000000
67181  43.184  -15.819  76.596 0.0000000000
67215  44.909  -15.666  72.713 0.0000000000
68094  44.397  -14.326  77.408 0.0000000000
68095  43.682  -14.148  77.254 0.0000000000
69075  44.927  -12.732  76.934 0.0000000000
69077  43.880  -13.192  77.377 0.0000000000
69105  40.565  -13.428  71.461 0.0000000000
72127  42.930  -9.302  76.890 0.0000000000
72154  41.242  -10.669  73.182 0.0000000000
73128  42.239  -9.332  76.398 0.0000000000
73173  48.808  -9.228  71.399 0.0000000000
74094  43.101  -8.614  76.745 0.0000000000
74104  43.649  -7.907  76.355 0.0000000000
74991  43.228  -7.916  76.514 0.0000000000
75024  41.610  -6.817  74.014 0.0000000000
75084  44.713  -7.297  67.195 0.0000000000
75997  42.432  -6.771  75.479 0.0000000000
76007  43.544  -6.136  75.096 0.0000000000
76020  42.030  -6.158  73.906 0.0000000000
76028  40.915  -6.684  72.005 0.0000000000
76039  41.359  -6.313  71.698 0.0000000000
76087  42.543  -6.658  68.401 0.0000000000
76932  43.883  -5.610  74.654 0.0000000000
76943  43.901  -4.979  73.521 0.0000000000
76944  42.606  -5.648  73.745 0.0000000000
76955  44.708  -4.848  72.965 0.0000000000
76956  43.284  -5.286  72.747 0.0000000000
76957  42.570  -5.615  72.893 0.0000000000
76969  41.936  -5.935  72.244 0.0000000000
78951  52.311  -3.355  66.721 0.0000000000
78962  52.319  -2.888  66.049 0.0000000000
78973  52.233  -2.556  65.215 0.0000000000
78998  53.982  -2.872  62.651 0.0000000000
79115  49.338  -3.233  53.592 0.0000000000
79122  57.661  -3.240  53.488 0.0000000000
79137  58.418  -3.388  52.417 0.0000000000
80164  55.661  -2.693  54.440 0.0000000000
80176  58.359  -2.753  52.907 0.0000000000
81136  50.156  -1.095  61.692 0.0000000000
81145  51.906  -1.475  61.700 0.0000000000
81204  56.073  -1.359  54.970 0.0000000000
82284  54.843  -0.353  55.615 0.0000000000
83383  55.492  -0.073  54.743 0.0000000000
84455  49.476  1.407  56.528 0.0000000000
84459  50.559  1.602  56.129 0.0000000000
143396  34.785  -27.789  80.063 0.0000000000
143801  44.976  -14.791  77.191 0.0000000000
144401  34.773  -26.106  78.669 0.0000000000
144662  43.538  -17.127  76.361 0.0000000000
146460  44.621  -20.565  74.986 0.0000000000
147039  45.600  -17.004  75.066 0.0000000000
148120  42.225  -30.030  75.634 0.0000000000
149889  45.354  -14.860  76.544 0.0000000000
154308  44.554  -24.851  75.911 0.0000000000
154864  55.470  -1.339  55.310 0.0000000000
155353  43.363  -9.986  77.083 0.0000000000
155588  44.326  -19.813  75.267 0.0000000000
155999  43.349  -15.073  76.885 0.0000000000
156555  51.461  -1.190  61.453 0.0000000000
156678  43.650  -10.704  77.180 0.0000000000
158767  43.945  -20.826  75.188 0.0000000000
159579  54.536  -3.431  52.788 0.0000000000
159848  46.020  -7.134  66.125 0.0000000000
159921  45.510  -15.777  74.783 0.0000000000
161167  56.395  -4.360  48.034 0.0000000000
161995  34.591  -25.131  76.716 0.0000000000
162750  44.247  -16.899  76.669 0.0000000000
162783  58.462  -2.215  52.340 0.0000000000
163564  41.981  -19.102  75.215 0.0000000000
165194  45.200  -15.247  73.481 0.0000000000
165411  48.804  -2.292  61.616 0.0000000000
167303  49.080  -7.325  71.582 0.0000000000
168533  44.150  -5.189  74.260 0.0000000000
168917  49.306  -8.245  71.304 0.0000000000
169728  46.189  -5.226  70.964 0.0000000000
