#!ascii label  , from subject sub-v1s17x0050252_ses-1 vox2ras=TkReg
852
11117  -34.881  -76.893  10.885 0.5000000000
11732  -34.037  -76.306  10.678 0.8000000119
143473  -32.873  -74.524  10.976 0.8000000119
12339  -33.367  -75.413  10.755 0.8000000119
12342  -34.294  -75.327  10.461 0.8000000119
11105  -35.434  -77.174  11.722 0.5000000000
11116  -33.774  -76.856  11.083 0.5000000000
11734  -35.142  -76.174  10.450 0.6000000238
13579  -32.674  -72.376  10.968 0.6999999881
138313  -32.761  -73.363  10.985 0.6999999881
13019  -34.537  -74.294  10.371 0.8000000119
12343  -35.267  -75.175  10.222 0.6999999881
133680  -36.113  -77.204  12.562 0.6000000238
11118  -35.949  -76.911  11.052 0.5000000000
11736  -36.706  -76.159  10.781 0.6000000238
14117  -31.596  -71.657  11.339 0.6999999881
144291  -35.529  -76.659  10.717 0.6000000238
121226  -36.566  -75.662  10.395 0.6000000238
14119  -32.976  -71.161  11.079 0.6999999881
13577  -32.003  -72.449  11.108 0.6999999881
129339  -33.868  -73.379  10.643 0.6999999881
12344  -36.190  -75.036  10.050 0.6000000238
12347  -37.373  -74.142  9.942 0.6000000238
132720  -34.807  -73.355  10.287 0.8000000119
124425  -35.499  -74.232  10.016 0.8000000119
13021  -36.545  -74.107  9.784 0.6999999881
11107  -36.655  -76.552  12.159 0.4000000060
11733  -37.003  -75.938  11.135 0.6000000238
15226  -32.814  -69.917  11.690 0.6999999881
12346  -37.647  -74.282  10.316 0.6000000238
14659  -33.277  -70.343  11.266 0.6999999881
14121  -32.983  -71.887  10.920 0.6999999881
13018  -33.342  -72.524  10.804 0.6999999881
13580  -34.208  -72.506  10.551 0.6999999881
13581  -35.091  -72.495  10.218 0.6000000238
13024  -36.441  -73.235  9.642 0.6999999881
14669  -38.956  -70.592  9.577 0.5000000000
14123  -34.544  -71.663  10.520 0.6000000238
14124  -35.419  -71.696  10.151 0.6000000238
14128  -36.241  -71.773  9.734 0.6000000238
140035  -37.343  -71.189  9.519 0.6000000238
14667  -37.021  -70.495  9.705 0.6000000238
15238  -38.146  -69.908  9.544 0.5000000000
12322  -36.782  -74.992  12.375 0.4000000060
12329  -37.199  -75.205  11.422 0.5000000000
15819  -33.505  -68.538  12.184 0.6999999881
12330  -37.633  -74.488  10.937 0.6000000238
12341  -37.959  -73.744  10.563 0.6000000238
14660  -33.926  -70.059  11.109 0.6999999881
13027  -38.406  -73.100  9.987 0.6000000238
14663  -34.580  -70.128  10.822 0.6999999881
13586  -38.630  -72.327  9.854 0.5000000000
14132  -39.506  -71.070  9.868 0.6000000238
14664  -35.399  -70.196  10.498 0.6999999881
14665  -36.236  -70.322  10.142 0.6000000238
15239  -39.056  -69.735  9.517 0.5000000000
15240  -39.932  -69.481  9.663 0.5000000000
15234  -37.398  -69.331  9.927 0.5000000000
16446  -32.123  -67.745  13.782 0.6000000238
16448  -33.367  -66.821  13.259 0.6000000238
13002  -36.351  -73.953  12.801 0.5000000000
13569  -36.617  -73.008  12.525 0.5000000000
16455  -33.107  -68.259  12.755 0.6999999881
15818  -32.818  -68.857  12.560 0.6999999881
13009  -37.163  -74.071  11.860 0.5000000000
13571  -38.099  -72.464  11.365 0.5000000000
14652  -38.600  -70.604  11.651 0.4000000060
15216  -33.183  -69.241  11.941 0.6999999881
14112  -38.460  -71.664  11.348 0.5000000000
15227  -33.562  -69.646  11.446 0.6999999881
15228  -34.310  -69.484  11.186 0.6999999881
14113  -39.273  -71.130  10.924 0.5000000000
15231  -35.048  -69.504  10.866 0.6999999881
15232  -35.859  -69.483  10.550 0.6000000238
14666  -39.951  -70.590  10.126 0.5000000000
15233  -36.748  -69.742  10.104 0.6000000238
15235  -40.330  -69.892  9.991 0.5000000000
16467  -37.588  -67.679  10.304 0.5000000000
15832  -37.466  -68.522  10.150 0.5000000000
15833  -38.253  -68.229  9.827 0.5000000000
15837  -40.059  -68.515  9.565 0.5000000000
15836  -39.085  -68.856  9.521 0.5000000000
139762  -41.712  -66.225  9.494 0.3000000119
15217  -37.241  -70.161  12.608 0.3000000119
135634  -31.749  -67.143  14.109 0.6000000238
130815  -32.445  -66.993  13.779 0.6000000238
129332  -36.892  -72.221  12.344 0.4000000060
14651  -37.600  -70.881  12.139 0.4000000060
17195  -34.156  -67.052  12.531 0.6000000238
15820  -34.251  -68.122  11.878 0.6999999881
15827  -34.947  -67.883  11.560 0.6999999881
14661  -39.730  -70.667  10.560 0.5000000000
15830  -35.727  -68.730  10.874 0.5000000000
15829  -40.914  -68.574  10.393 0.5000000000
16466  -36.843  -68.001  10.584 0.5000000000
16469  -41.274  -68.159  10.066 0.4000000060
15838  -40.959  -68.401  9.846 0.3000000119
17209  -41.707  -66.774  9.826 0.4000000060
16471  -39.528  -67.520  9.527 0.5000000000
17208  -41.098  -66.844  9.472 0.4000000060
142588  -32.515  -65.088  13.717 0.6000000238
17188  -32.543  -66.091  13.817 0.6000000238
17974  -33.353  -65.730  13.528 0.6000000238
17975  -33.991  -65.292  13.276 0.6000000238
17982  -34.585  -65.665  12.783 0.6000000238
15219  -38.819  -69.677  11.915 0.3000000119
15220  -39.710  -69.447  11.451 0.4000000060
16457  -34.651  -67.394  11.978 0.6000000238
145817  -39.922  -68.708  11.627 0.3000000119
16461  -35.464  -67.147  11.585 0.6000000238
15828  -35.574  -68.031  11.211 0.6999999881
16460  -40.923  -67.334  11.238 0.3000000119
15221  -40.433  -69.090  10.900 0.3000000119
17200  -36.194  -66.687  11.345 0.6000000238
121257  -41.667  -65.522  10.561 0.3000000119
16463  -41.239  -67.836  10.497 0.3000000119
17986  -36.562  -66.026  11.290 0.5000000000
16462  -36.295  -67.448  11.052 0.5000000000
124932  -37.012  -67.310  10.694 0.5000000000
18767  -42.282  -65.304  9.682 0.3000000119
17990  -42.109  -65.937  9.923 0.3000000119
17203  -37.594  -66.717  10.496 0.5000000000
17204  -38.283  -66.387  10.099 0.5000000000
122554  -42.306  -65.276  9.219 0.3000000119
133670  -37.842  -65.759  10.367 0.5000000000
17993  -41.249  -65.930  9.069 0.4000000060
17996  -42.032  -65.332  8.743 0.3000000119
19525  -32.229  -63.776  13.358 0.5000000000
18743  -32.666  -64.261  13.557 0.6000000238
18744  -33.302  -64.815  13.569 0.5000000000
17983  -35.215  -65.482  12.375 0.6000000238
18754  -35.348  -64.687  12.472 0.5000000000
19551  -41.090  -63.515  10.404 0.3000000119
17985  -35.799  -66.067  11.757 0.6000000238
21110  -41.203  -62.279  9.480 0.3000000119
18763  -41.904  -64.926  10.269 0.3000000119
143560  -36.335  -65.451  11.524 0.6000000238
17988  -37.200  -65.921  10.844 0.5000000000
18769  -38.429  -64.261  9.384 0.5000000000
17992  -40.140  -65.619  9.005 0.4000000060
18773  -40.293  -64.376  8.223 0.4000000060
20284  -32.995  -62.951  13.281 0.5000000000
20285  -33.569  -63.351  13.341 0.5000000000
136639  -34.413  -63.204  13.069 0.5000000000
18745  -33.888  -64.569  13.376 0.5000000000
135745  -35.274  -63.200  12.514 0.5000000000
20313  -39.506  -61.834  10.949 0.3000000119
20314  -40.422  -62.574  10.472 0.3000000119
18760  -35.884  -65.104  11.950 0.6000000238
18761  -36.467  -64.729  11.478 0.6000000238
133900  -36.869  -65.284  11.125 0.5000000000
18766  -38.036  -64.856  10.044 0.5000000000
145958  -42.576  -64.440  8.060 0.4000000060
19559  -41.246  -63.485  7.443 0.4000000060
20291  -33.624  -62.496  12.996 0.5000000000
21090  -34.075  -61.742  12.516 0.5000000000
21091  -34.946  -61.863  12.262 0.5000000000
21108  -39.340  -61.015  10.462 0.4000000060
20300  -36.069  -63.074  11.740 0.5000000000
19535  -35.887  -64.096  12.087 0.5000000000
21833  -40.086  -60.915  9.592 0.4000000060
21118  -40.875  -61.557  9.286 0.3000000119
20310  -36.422  -62.463  11.030 0.4000000060
21834  -41.323  -61.032  8.610 0.3000000119
19542  -36.593  -63.903  11.298 0.5000000000
19549  -37.107  -63.736  10.636 0.4000000060
18765  -37.503  -64.290  10.356 0.4000000060
20324  -40.033  -63.105  7.549 0.4000000060
21097  -33.624  -61.095  12.065 0.5000000000
21815  -34.278  -60.557  11.611 0.5000000000
21816  -35.211  -60.914  11.468 0.5000000000
22512  -38.573  -59.705  10.406 0.4000000060
128475  -35.690  -62.147  11.733 0.5000000000
135045  -35.883  -60.858  10.585 0.4000000060
23204  -39.192  -58.835  9.009 0.4000000060
22524  -40.179  -60.197  9.060 0.4000000060
21106  -35.910  -61.598  11.160 0.4000000060
20301  -36.711  -63.226  10.991 0.4000000060
22536  -40.241  -59.456  8.543 0.4000000060
20311  -37.093  -62.899  10.311 0.4000000060
20312  -37.530  -63.061  9.694 0.4000000060
20319  -37.825  -62.892  9.126 0.4000000060
19553  -38.400  -63.491  8.911 0.4000000060
20320  -38.369  -62.790  8.472 0.4000000060
21125  -42.989  -62.215  6.671 0.4000000060
21124  -41.174  -61.906  6.763 0.4000000060
21814  -33.158  -60.484  11.353 0.5000000000
21822  -34.061  -59.971  11.061 0.4000000060
23196  -37.739  -58.273  10.371 0.4000000060
22523  -38.738  -59.240  9.759 0.4000000060
21823  -35.034  -60.236  11.049 0.5000000000
22510  -35.497  -60.103  10.398 0.4000000060
21107  -36.646  -61.837  10.255 0.4000000060
23212  -39.950  -58.577  8.234 0.4000000060
21116  -37.035  -61.562  9.348 0.4000000060
21117  -37.694  -62.060  8.712 0.4000000060
21129  -43.393  -61.725  6.769 0.3000000119
20323  -39.014  -62.752  7.875 0.4000000060
22508  -33.893  -59.423  10.560 0.4000000060
22520  -34.699  -59.043  10.120 0.5000000000
22521  -35.553  -59.559  9.834 0.4000000060
23862  -38.399  -57.583  8.931 0.4000000060
22533  -35.911  -59.140  9.014 0.4000000060
21831  -36.097  -60.387  9.830 0.4000000060
22534  -36.559  -59.569  8.401 0.4000000060
21832  -36.711  -60.766  9.206 0.4000000060
21836  -36.935  -60.350  8.545 0.4000000060
21837  -37.544  -60.620  8.073 0.4000000060
20322  -38.464  -62.118  7.974 0.4000000060
21128  -42.461  -61.513  6.528 0.4000000060
131129  -39.685  -61.402  6.951 0.4000000060
23200  -34.564  -58.471  9.566 0.4000000060
23210  -35.368  -58.322  8.847 0.4000000060
23211  -36.197  -58.767  8.217 0.4000000060
22539  -37.551  -59.564  7.371 0.4000000060
21845  -43.032  -61.018  6.624 0.4000000060
146108  -37.726  -60.186  7.602 0.4000000060
21840  -38.881  -60.768  7.101 0.4000000060
22544  -38.787  -59.489  6.531 0.4000000060
21842  -39.203  -60.227  6.666 0.4000000060
21843  -40.339  -60.505  6.334 0.4000000060
23872  -34.980  -57.546  8.351 0.4000000060
122205  -35.809  -57.992  7.914 0.4000000060
23215  -36.296  -57.635  7.195 0.4000000060
23218  -37.051  -58.029  6.862 0.4000000060
122107  -36.873  -59.202  7.710 0.4000000060
23884  -37.563  -57.645  6.359 0.4000000060
22538  -37.300  -58.805  7.125 0.4000000060
22543  -37.995  -59.179  6.818 0.4000000060
23220  -38.493  -58.711  6.334 0.4000000060
21844  -41.915  -60.823  6.248 0.3000000119
22549  -40.417  -59.281  5.763 0.4000000060
22546  -41.238  -60.102  5.927 0.4000000060
24586  -35.180  -56.515  7.179 0.4000000060
23877  -35.459  -57.224  7.564 0.4000000060
23882  -35.983  -56.902  6.899 0.4000000060
23883  -36.825  -57.196  6.556 0.4000000060
23219  -37.758  -58.399  6.583 0.4000000060
23888  -38.767  -57.505  5.619 0.4000000060
23217  -43.450  -59.205  5.864 0.4000000060
135645  -43.247  -59.558  5.833 0.3000000119
23221  -39.316  -59.012  6.066 0.4000000060
22550  -42.027  -59.493  5.574 0.4000000060
23224  -39.785  -58.588  5.677 0.5000000000
25298  -34.865  -55.258  6.702 0.4000000060
25299  -35.601  -55.311  6.438 0.4000000060
24591  -35.774  -56.163  6.635 0.4000000060
26027  -36.274  -55.031  6.043 0.4000000060
25300  -36.483  -55.788  6.142 0.4000000060
24598  -39.290  -56.947  5.178 0.4000000060
23225  -40.852  -58.570  5.386 0.5000000000
144882  -35.389  -54.002  6.353 0.4000000060
26026  -35.818  -54.504  6.211 0.4000000060
26035  -36.547  -54.431  5.788 0.4000000060
23893  -40.191  -57.122  4.940 0.4000000060
23894  -41.205  -57.349  4.716 0.5000000000
27488  -34.996  -52.881  6.842 0.4000000060
26737  -35.971  -52.837  6.341 0.4000000060
26746  -36.610  -53.074  5.819 0.4000000060
24602  -40.737  -56.553  4.507 0.5000000000
29078  -35.184  -50.529  7.561 0.4000000060
27482  -34.805  -52.005  7.321 0.4000000060
28255  -35.426  -51.350  7.231 0.4000000060
27489  -35.605  -52.119  6.805 0.4000000060
28263  -36.111  -51.457  6.718 0.4000000060
28264  -36.721  -51.609  6.186 0.5000000000
28254  -34.662  -51.189  7.721 0.4000000060
17989  -38.495  -65.692  9.862 0.5000000000
18770  -39.448  -64.885  8.976 0.5000000000
17995  -40.822  -65.214  8.604 0.4000000060
11104  -34.361  -77.080  12.071 0.5000000000
135011  -32.543  -75.319  11.084 0.8000000119
134036  -32.123  -74.265  11.198 0.8000000119
13016  -31.639  -73.266  11.179 0.6999999881
10503  -36.218  -77.225  13.544 0.5000000000
13576  -31.143  -72.439  11.258 0.6999999881
14656  -31.152  -71.231  11.722 0.6999999881
11719  -36.613  -75.910  12.878 0.4000000060
14649  -32.054  -70.258  11.980 0.6999999881
16447  -32.906  -67.679  13.267 0.6999999881
12321  -36.259  -74.789  13.259 0.4000000060
13562  -35.705  -72.990  13.275 0.4000000060
16436  -31.339  -67.688  14.186 0.6000000238
14650  -36.870  -70.646  12.672 0.4000000060
17973  -31.545  -65.432  13.798 0.6000000238
18742  -31.732  -64.415  13.436 0.5000000000
19533  -32.353  -63.171  13.111 0.5000000000
20290  -32.666  -62.488  12.819 0.5000000000
21096  -32.658  -61.296  11.759 0.4000000060
144954  -33.284  -59.900  10.798 0.4000000060
23199  -33.575  -58.296  9.452 0.4000000060
22519  -33.686  -58.861  10.023 0.4000000060
23871  -34.178  -57.381  8.554 0.4000000060
23876  -34.384  -56.823  7.895 0.4000000060
24590  -35.034  -55.836  6.826 0.4000000060
138503  -34.465  -55.539  6.966 0.4000000060
26735  -34.694  -53.766  6.679 0.4000000060
26728  -34.238  -53.249  6.995 0.4000000060
29068  -34.491  -50.425  8.022 0.4000000060
132188  -33.067  -76.240  10.945 0.8000000119
13017  -33.603  -74.364  10.709 0.8000000119
11106  -36.300  -77.048  11.888 0.5000000000
14122  -33.650  -71.738  10.768 0.6999999881
12340  -37.207  -75.316  10.657 0.6000000238
13025  -37.227  -73.487  9.695 0.6999999881
13020  -35.691  -73.328  9.858 0.6999999881
13023  -38.383  -73.145  10.344 0.6000000238
13585  -37.862  -72.781  9.657 0.6000000238
133674  -37.145  -71.877  9.510 0.6000000238
139121  -34.198  -67.601  12.216 0.6999999881
13582  -38.774  -72.527  10.164 0.5000000000
17189  -34.105  -66.205  12.995 0.6000000238
14111  -37.529  -71.903  11.908 0.5000000000
17206  -39.109  -66.535  9.633 0.5000000000
18753  -34.623  -64.797  12.966 0.6000000238
131756  -37.435  -65.083  10.634 0.5000000000
17991  -39.269  -65.665  9.397 0.5000000000
19555  -39.230  -63.482  8.192 0.4000000060
18768  -37.849  -64.086  9.864 0.4000000060
19560  -42.681  -63.519  7.372 0.4000000060
21839  -38.149  -60.738  7.579 0.4000000060
23209  -34.419  -57.875  9.032 0.4000000060
140115  -36.252  -52.100  6.422 0.4000000060
123688  -23.055  -83.895  16.626 0.4000000060
7121  -24.468  -83.963  16.762 0.4000000060
121621  -26.039  -83.718  16.953 0.4000000060
7123  -26.690  -83.602  16.660 0.4000000060
7088  -26.026  -83.052  18.177 0.4000000060
141021  -26.419  -83.329  17.487 0.4000000060
7106  -27.202  -83.088  17.263 0.4000000060
7686  -27.483  -82.389  17.787 0.4000000060
138402  -28.587  -81.793  17.041 0.5000000000
7668  -26.310  -82.372  18.586 0.4000000060
7685  -26.775  -82.746  18.011 0.4000000060
8233  -27.660  -81.653  18.115 0.5000000000
8234  -28.197  -81.310  17.795 0.5000000000
8786  -28.967  -80.313  17.273 0.6000000238
7649  -25.841  -82.064  19.027 0.4000000060
8222  -26.385  -81.530  18.832 0.4000000060
8772  -27.315  -80.596  18.272 0.4000000060
8235  -28.692  -80.981  17.422 0.5000000000
11718  -36.383  -76.443  13.655 0.3000000119
133848  -36.214  -75.497  13.704 0.4000000060
8797  -29.597  -80.266  16.607 0.5000000000
10501  -34.678  -77.826  14.129 0.5000000000
10490  -36.045  -77.628  14.484 0.4000000060
8783  -25.283  -80.172  18.232 0.4000000060
8785  -28.154  -80.482  17.851 0.5000000000
8221  -25.735  -80.820  18.868 0.4000000060
8771  -26.680  -80.854  18.613 0.4000000060
9327  -29.855  -79.618  16.350 0.6000000238
9884  -30.588  -78.745  15.700 0.6999999881
9337  -30.488  -79.567  15.748 0.6999999881
142447  -32.179  -78.356  14.821 0.6999999881
9885  -31.377  -78.360  15.233 0.6999999881
9894  -31.768  -77.693  14.915 0.6999999881
9326  -27.652  -79.076  17.045 0.5000000000
9311  -28.391  -79.632  17.403 0.6000000238
9868  -28.614  -78.891  16.771 0.6000000238
139448  -29.039  -78.426  16.270 0.6000000238
9309  -26.049  -79.771  17.610 0.4000000060
124309  -26.561  -79.249  16.980 0.5000000000
9867  -27.786  -78.626  16.409 0.6000000238
9869  -29.455  -78.977  16.451 0.6000000238
9883  -29.736  -78.298  15.935 0.6000000238
132793  -30.429  -77.828  15.483 0.6000000238
14105  -36.076  -71.956  12.891 0.3000000119
9870  -30.057  -79.037  16.104 0.6000000238
11093  -34.637  -77.208  13.348 0.6000000238
11094  -35.540  -77.268  12.880 0.5000000000
9879  -24.991  -79.023  14.729 0.6000000238
9880  -26.269  -78.723  15.114 0.6000000238
9892  -26.967  -78.350  14.485 0.6999999881
9893  -27.946  -78.014  15.083 0.6000000238
9882  -28.288  -78.307  16.040 0.6000000238
139097  -30.239  -77.140  15.000 0.6000000238
9336  -25.632  -79.160  15.886 0.5000000000
10487  -31.867  -77.037  14.554 0.6999999881
11083  -32.430  -76.754  14.111 0.6999999881
11084  -33.402  -76.959  13.802 0.6999999881
9891  -25.676  -78.574  13.906 0.6000000238
9905  -26.666  -78.178  13.416 0.6999999881
10498  -27.438  -77.774  12.940 0.6999999881
10483  -27.658  -77.808  14.014 0.6999999881
10485  -29.484  -76.930  14.240 0.6000000238
142919  -34.570  -77.070  11.283 0.5000000000
10486  -30.747  -76.689  14.394 0.6999999881
11082  -31.626  -76.484  13.977 0.6999999881
126410  -33.403  -76.742  12.833 0.6000000238
11111  -28.964  -76.829  11.773 0.6999999881
11113  -31.037  -76.306  11.669 0.6999999881
123188  -29.805  -76.843  12.264 0.6000000238
11101  -30.579  -76.656  11.944 0.5000000000
10499  -28.429  -77.419  13.502 0.6999999881
10500  -29.154  -77.096  12.863 0.6000000238
11091  -31.341  -76.463  12.819 0.6999999881
133326  -33.275  -76.798  11.679 0.5000000000
141104  -31.885  -76.502  12.390 0.6999999881
11092  -32.364  -76.509  13.302 0.6000000238
12337  -30.858  -75.134  11.426 0.6999999881
142406  -30.697  -75.948  11.464 0.6999999881
13015  -31.203  -74.143  11.334 0.6999999881
11115  -32.771  -76.489  11.358 0.6000000238
11731  -32.213  -76.007  11.295 0.6999999881
10502  -35.776  -77.645  13.903 0.5000000000
11102  -31.503  -76.533  11.904 0.6000000238
130407  -25.024  -83.711  17.459 0.4000000060
140315  -28.050  -81.991  17.624 0.4000000060
8208  -25.485  -81.559  19.242 0.4000000060
7669  -27.053  -82.016  18.431 0.4000000060
9310  -27.299  -79.812  17.733 0.4000000060
8784  -26.476  -80.338  18.282 0.4000000060
9895  -32.604  -77.785  14.627 0.6999999881
10488  -33.088  -77.320  14.270 0.6999999881
10474  -28.852  -77.904  15.631 0.6000000238
9866  -26.896  -78.825  16.202 0.6000000238
10484  -28.625  -77.509  14.659 0.6000000238
10508  -28.236  -77.405  12.444 0.6999999881
11080  -30.072  -76.622  13.375 0.6000000238
11112  -29.668  -76.743  11.860 0.6000000238
10497  -26.394  -77.959  12.615 0.5000000000
9335  -24.323  -79.341  15.388 0.4000000060
10510  -27.036  -77.242  11.877 0.6000000238
9323  -23.584  -79.530  16.059 0.4000000060
9345  -23.204  -79.071  14.934 0.5000000000
9346  -23.884  -79.089  14.707 0.5000000000
9903  -24.796  -78.378  13.099 0.5000000000
10506  -26.041  -77.586  12.129 0.5000000000
10509  -26.191  -76.744  11.788 0.5000000000
9904  -25.753  -78.295  13.010 0.5000000000
11099  -28.089  -77.121  11.859 0.6000000238
11727  -28.387  -76.257  11.615 0.5000000000
11110  -27.378  -76.607  11.657 0.5000000000
12335  -28.934  -75.297  11.546 0.6999999881
12334  -27.990  -75.100  11.567 0.6000000238
135513  -30.011  -73.070  11.362 0.6000000238
9878  -22.908  -79.068  15.298 0.5000000000
10482  -23.774  -78.228  13.897 0.5000000000
10495  -23.936  -77.764  12.985 0.5000000000
11109  -25.066  -76.458  11.896 0.5000000000
10505  -24.845  -77.614  12.276 0.5000000000
13014  -30.200  -74.051  11.415 0.6000000238
12333  -27.062  -74.942  11.728 0.6000000238
13013  -28.726  -73.548  11.518 0.5000000000
13575  -30.326  -72.457  11.422 0.6000000238
10473  -23.504  -78.005  14.587 0.5000000000
11078  -24.040  -77.426  13.474 0.5000000000
11708  -24.266  -76.273  13.039 0.5000000000
11108  -24.454  -76.322  12.176 0.5000000000
12332  -26.069  -74.944  11.918 0.5000000000
13012  -28.011  -73.422  11.704 0.5000000000
13574  -29.534  -72.555  11.551 0.6000000238
10463  -23.262  -78.022  15.621 0.5000000000
145425  -24.241  -77.253  14.407 0.5000000000
11079  -24.717  -76.493  13.942 0.5000000000
12320  -25.118  -74.261  13.233 0.5000000000
12999  -25.386  -73.435  13.327 0.6000000238
11717  -24.638  -75.409  12.786 0.4000000060
14101  -27.148  -71.915  13.935 0.4000000060
13000  -25.883  -72.961  13.208 0.5000000000
13007  -25.949  -73.518  12.617 0.5000000000
12327  -25.540  -74.345  12.345 0.4000000060
14093  -27.743  -71.339  14.368 0.4000000060
14102  -28.095  -71.688  13.548 0.5000000000
13561  -28.302  -72.062  12.701 0.5000000000
14633  -29.012  -70.290  14.525 0.4000000060
141490  -28.318  -72.450  12.131 0.6000000238
13568  -29.054  -72.078  12.072 0.6000000238
14115  -29.933  -71.885  11.746 0.6000000238
14648  -31.295  -70.689  12.148 0.6000000238
13560  -27.447  -72.232  13.131 0.5000000000
15195  -29.974  -69.849  14.219 0.5000000000
14639  -29.526  -70.698  13.749 0.5000000000
14103  -29.067  -71.455  13.050 0.5000000000
15196  -29.927  -69.025  14.546 0.4000000060
15796  -30.909  -68.240  14.240 0.5000000000
122071  -30.246  -70.421  13.502 0.6000000238
14647  -30.004  -71.029  12.959 0.6000000238
14640  -30.751  -70.541  12.827 0.6000000238
15806  -30.732  -69.036  14.115 0.5000000000
17972  -30.618  -65.432  13.672 0.3000000119
17186  -30.893  -66.049  14.053 0.4000000060
16435  -30.538  -67.614  14.396 0.4000000060
15207  -31.378  -69.297  13.486 0.5000000000
15817  -32.083  -69.109  13.049 0.6000000238
21821  -32.533  -60.227  10.581 0.3000000119
21105  -32.189  -60.994  10.894 0.3000000119
20299  -32.245  -62.071  12.080 0.4000000060
19532  -31.520  -63.611  12.821 0.4000000060
22518  -32.632  -58.978  9.608 0.3000000119
144469  -33.619  -56.658  8.047 0.3000000119
23208  -33.535  -57.724  8.939 0.3000000119
130388  -33.679  -56.246  7.699 0.3000000119
24585  -34.415  -56.088  7.288 0.3000000119
25290  -33.745  -55.498  7.261 0.3000000119
26734  -33.695  -53.805  7.021 0.3000000119
142096  -33.668  -53.112  7.267 0.3000000119
27481  -34.169  -52.621  7.352 0.3000000119
17172  -30.964  -66.883  14.282 0.5000000000
11728  -29.410  -76.304  11.601 0.5000000000
9902  -24.053  -78.248  13.412 0.5000000000
13008  -27.093  -73.441  12.122 0.5000000000
14109  -29.705  -71.537  12.336 0.6000000238
10489  -35.818  -78.257  14.736 0.3000000119
132694  -33.119  -78.823  14.613 0.6000000238
9896  -33.918  -78.279  14.433 0.6000000238
12305  -34.689  -74.811  15.592 0.3000000119
11701  -35.065  -75.697  15.535 0.3000000119
11702  -35.740  -76.292  15.051 0.3000000119
11711  -35.868  -75.698  14.438 0.3000000119
131735  -35.530  -77.604  15.728 0.3000000119
11085  -36.223  -76.891  14.379 0.3000000119
9897  -35.094  -78.772  14.740 0.5000000000
12292  -34.193  -74.542  16.255 0.3000000119
11710  -35.280  -75.426  15.113 0.3000000119
12315  -35.573  -74.534  14.041 0.3000000119
10478  -36.078  -77.980  15.033 0.3000000119
9324  -24.739  -79.487  16.219 0.4000000060
12291  -33.862  -74.788  16.899 0.3000000119
12975  -34.196  -73.922  15.823 0.3000000119
134529  -34.581  -74.084  15.211 0.3000000119
12995  -34.809  -73.809  14.588 0.3000000119
7138  -27.708  -83.544  15.278 0.5000000000
7139  -28.445  -83.262  14.922 0.5000000000
7122  -25.362  -83.898  16.793 0.4000000060
6581  -25.972  -84.018  15.988 0.4000000060
7137  -26.896  -83.814  15.654 0.4000000060
6594  -27.169  -83.973  14.551 0.5000000000
8259  -30.276  -81.878  14.478 0.5000000000
7711  -29.487  -82.284  15.027 0.5000000000
7125  -28.161  -83.032  15.913 0.5000000000
125946  -28.792  -82.677  15.479 0.5000000000
7124  -27.475  -83.336  16.332 0.4000000060
8811  -31.559  -80.978  14.329 0.6000000238
8252  -30.535  -81.044  15.057 0.5000000000
7700  -27.977  -82.647  16.950 0.3000000119
7701  -28.529  -82.452  16.318 0.4000000060
7702  -29.095  -81.997  16.066 0.5000000000
124780  -32.636  -80.390  14.424 0.6000000238
8804  -30.986  -80.267  15.097 0.6000000238
8251  -29.744  -81.525  15.571 0.5000000000
9348  -33.346  -79.978  14.554 0.6000000238
10477  -35.723  -78.400  15.335 0.3000000119
9340  -35.033  -79.416  15.037 0.4000000060
9347  -32.248  -79.386  14.702 0.6000000238
8798  -30.222  -80.269  15.875 0.4000000060
10465  -35.206  -78.354  16.100 0.3000000119
11072  -35.291  -76.512  15.671 0.3000000119
9871  -35.394  -78.873  15.144 0.3000000119
9349  -34.334  -79.481  14.758 0.5000000000
9338  -31.267  -79.434  15.181 0.6000000238
8805  -31.854  -80.279  14.562 0.6000000238
9329  -34.975  -79.473  15.521 0.3000000119
8812  -32.417  -81.060  14.178 0.5000000000
8813  -33.235  -81.004  14.505 0.5000000000
8263  -33.689  -80.998  14.902 0.4000000060
8814  -33.987  -80.423  14.861 0.5000000000
127897  -32.762  -81.747  14.079 0.5000000000
8261  -32.097  -81.665  13.732 0.5000000000
8262  -33.194  -81.654  14.676 0.4000000060
8254  -33.655  -81.220  15.285 0.4000000060
8806  -34.136  -80.614  15.230 0.4000000060
8260  -31.212  -81.649  13.934 0.5000000000
9339  -34.631  -80.014  15.118 0.4000000060
5189  -22.999  -88.239  13.111 0.3000000119
130786  -22.433  -88.937  13.602 0.3000000119
4720  -23.869  -88.821  12.800 0.3000000119
133359  -25.296  -87.298  12.590 0.3000000119
5195  -26.493  -88.044  12.624 0.4000000060
5193  -24.466  -87.492  12.652 0.3000000119
5658  -24.194  -86.339  12.789 0.3000000119
5196  -27.429  -87.739  12.610 0.4000000060
132208  -26.140  -87.153  12.578 0.4000000060
6111  -24.698  -85.235  12.782 0.3000000119
5197  -28.369  -87.368  12.565 0.4000000060
145541  -28.608  -86.494  12.392 0.4000000060
5661  -26.742  -86.152  12.449 0.4000000060
5660  -25.807  -86.210  12.541 0.4000000060
6112  -25.511  -85.298  12.644 0.4000000060
129716  -30.112  -86.537  13.439 0.3000000119
5198  -29.223  -86.976  12.598 0.4000000060
5664  -29.773  -86.133  12.554 0.4000000060
5663  -29.178  -85.922  12.283 0.4000000060
6113  -27.844  -85.181  12.353 0.4000000060
134745  -26.937  -85.268  12.499 0.4000000060
6109  -26.169  -84.808  12.747 0.4000000060
6098  -30.647  -85.377  13.814 0.3000000119
6110  -30.525  -85.646  13.063 0.4000000060
6630  -30.417  -84.838  12.263 0.4000000060
6114  -29.832  -85.346  12.150 0.4000000060
141528  -28.923  -85.094  12.087 0.4000000060
6624  -29.162  -84.319  12.359 0.4000000060
6628  -28.145  -84.716  12.469 0.4000000060
6627  -27.204  -84.822  12.654 0.4000000060
6622  -26.700  -84.491  13.005 0.4000000060
6625  -31.156  -84.831  13.176 0.4000000060
137977  -30.868  -84.857  12.628 0.4000000060
7164  -29.851  -83.630  12.616 0.4000000060
7163  -28.892  -83.658  13.145 0.4000000060
6607  -27.375  -84.213  13.490 0.4000000060
126811  -27.499  -84.508  12.833 0.4000000060
6621  -25.658  -84.439  13.234 0.4000000060
130874  -31.354  -83.751  12.741 0.4000000060
7165  -30.776  -83.660  12.553 0.4000000060
7152  -29.493  -83.159  13.482 0.4000000060
7151  -28.802  -83.357  14.038 0.4000000060
6606  -26.519  -84.301  13.801 0.4000000060
7150  -28.071  -83.733  14.072 0.4000000060
7724  -31.398  -83.037  12.899 0.4000000060
7719  -30.851  -82.351  13.460 0.4000000060
7718  -29.915  -82.555  13.936 0.4000000060
7720  -32.721  -82.318  14.210 0.4000000060
8268  -31.738  -82.329  13.381 0.4000000060
8253  -33.172  -81.850  15.318 0.3000000119
8799  -33.915  -80.758  15.875 0.3000000119
7710  -29.149  -82.913  14.500 0.4000000060
7725  -32.383  -82.356  13.661 0.4000000060
9328  -34.489  -80.170  15.687 0.3000000119
129835  -27.720  -86.588  12.441 0.4000000060
139619  -27.512  -85.727  12.369 0.4000000060
5657  -30.068  -86.368  12.957 0.4000000060
6091  -30.361  -85.489  14.947 0.3000000119
6608  -31.027  -84.741  14.160 0.3000000119
7168  -30.224  -84.270  12.309 0.4000000060
6626  -31.400  -84.209  12.870 0.4000000060
7723  -30.406  -82.996  12.969 0.4000000060
7167  -32.051  -82.876  13.322 0.4000000060
4711  -30.157  -88.639  13.758 0.3000000119
4295  -27.925  -90.211  13.112 0.3000000119
4299  -26.854  -89.998  13.045 0.3000000119
4724  -28.509  -89.075  12.861 0.3000000119
4718  -29.325  -88.685  12.998 0.3000000119
4723  -26.925  -88.959  12.721 0.3000000119
124426  -28.009  -88.431  12.709 0.3000000119
5190  -29.755  -88.180  13.315 0.3000000119
138115  -29.445  -87.806  12.921 0.3000000119
5191  -30.003  -87.447  13.526 0.3000000119
6609  -31.644  -84.112  13.521 0.3000000119
7153  -32.166  -83.488  13.962 0.3000000119
7154  -32.386  -82.928  13.745 0.3000000119
145485  -32.963  -82.238  14.727 0.3000000119
5181  -30.152  -87.054  14.176 0.3000000119
7166  -31.864  -83.497  13.229 0.3000000119
4725  -28.907  -88.065  12.729 0.3000000119
5192  -23.747  -87.569  12.804 0.3000000119
5647  -30.210  -86.079  14.047 0.3000000119
5656  -29.716  -87.122  13.003 0.4000000060
5659  -24.995  -86.264  12.638 0.4000000060
5662  -28.316  -85.778  12.269 0.4000000060
6115  -30.323  -85.500  12.483 0.4000000060
6623  -28.185  -84.171  12.958 0.4000000060
6629  -29.769  -84.768  12.101 0.4000000060
7103  -23.649  -83.810  17.240 0.4000000060
7105  -25.683  -83.523  17.555 0.4000000060
7169  -30.940  -84.274  12.468 0.4000000060
8223  -27.193  -81.273  18.465 0.4000000060
8224  -27.759  -81.045  18.189 0.5000000000
8245  -29.276  -81.095  16.664 0.5000000000
8803  -29.863  -80.822  16.010 0.4000000060
9308  -24.610  -79.742  17.167 0.4000000060
9312  -29.215  -79.593  16.930 0.6000000238
9325  -25.552  -79.457  16.791 0.5000000000
9333  -22.993  -79.281  15.540 0.5000000000
9334  -23.431  -79.292  15.245 0.4000000060
9865  -22.784  -79.178  15.899 0.5000000000
9881  -27.369  -78.451  15.566 0.6000000238
9888  -23.322  -78.738  14.748 0.5000000000
9889  -23.705  -78.613  14.321 0.5000000000
9890  -24.386  -78.624  13.946 0.5000000000
9906  -25.295  -78.055  12.534 0.5000000000
10472  -23.041  -78.655  15.181 0.5000000000
10475  -29.534  -77.478  15.271 0.6000000238
10476  -31.070  -77.347  15.063 0.6000000238
10496  -24.347  -77.978  12.689 0.5000000000
10504  -24.207  -77.382  12.513 0.5000000000
10507  -27.212  -77.536  12.244 0.6000000238
11073  -36.046  -77.288  15.040 0.3000000119
11081  -30.879  -76.441  13.564 0.6999999881
11089  -24.108  -77.018  12.682 0.5000000000
11090  -30.529  -76.585  12.717 0.6000000238
11095  -36.453  -76.848  12.794 0.4000000060
11096  -24.225  -76.814  12.384 0.5000000000
11097  -24.550  -77.021  12.130 0.5000000000
11098  -25.302  -77.164  11.964 0.5000000000
11100  -29.005  -77.100  12.038 0.6999999881
11103  -32.391  -76.625  11.990 0.6000000238
11114  -31.890  -76.282  11.609 0.6999999881
11119  -36.615  -76.556  11.332 0.6000000238
11120  -36.375  -76.567  10.890 0.6000000238
11688  -34.516  -75.497  16.217 0.3000000119
11709  -25.154  -75.336  13.552 0.5000000000
11716  -24.325  -76.290  12.499 0.5000000000
11722  -24.676  -75.644  12.348 0.4000000060
11723  -36.893  -75.933  11.871 0.5000000000
11724  -24.834  -75.787  11.979 0.5000000000
11725  -26.679  -75.783  11.715 0.5000000000
11726  -27.537  -75.747  11.618 0.6000000238
11729  -30.241  -76.351  11.632 0.6000000238
11730  -31.384  -75.916  11.432 0.8000000119
11735  -36.080  -76.381  10.570 0.6000000238
12314  -35.101  -74.702  14.843 0.3000000119
12326  -24.992  -74.777  12.611 0.4000000060
12328  -26.489  -74.140  12.016 0.5000000000
12331  -25.156  -75.126  12.122 0.5000000000
12336  -29.972  -75.419  11.479 0.5000000000
12338  -31.710  -75.153  11.330 0.6999999881
12345  -37.008  -74.824  10.171 0.6000000238
13006  -25.265  -74.004  12.841 0.4000000060
13010  -37.772  -73.732  11.210 0.5000000000
13011  -38.220  -73.183  11.007 0.6000000238
13022  -38.069  -73.589  10.182 0.6000000238
13026  -37.891  -73.645  9.949 0.6000000238
13559  -26.441  -72.453  13.529 0.4000000060
13566  -26.872  -72.820  12.689 0.5000000000
13567  -27.756  -72.482  12.495 0.5000000000
13570  -37.479  -72.938  11.756 0.5000000000
13572  -27.781  -72.861  12.044 0.5000000000
13573  -28.652  -72.812  11.659 0.5000000000
13578  -38.595  -72.540  10.735 0.6000000238
13583  -35.915  -72.514  9.776 0.6999999881
13584  -36.810  -72.635  9.548 0.6000000238
14094  -28.661  -71.063  14.062 0.4000000060
14110  -30.500  -71.239  12.135 0.6000000238
14116  -30.741  -71.784  11.544 0.6999999881
14118  -32.380  -71.764  11.105 0.6999999881
14120  -39.027  -71.864  10.497 0.5000000000
14125  -35.801  -70.976  10.131 0.6000000238
14126  -39.193  -71.839  9.998 0.5000000000
14127  -39.503  -71.205  10.252 0.5000000000
14129  -36.589  -71.073  9.711 0.6000000238
14130  -38.040  -71.782  9.542 0.5000000000
14131  -38.828  -71.464  9.698 0.6000000238
14653  -39.489  -70.312  11.227 0.4000000060
14657  -31.766  -70.904  11.613 0.6999999881
14658  -32.502  -70.613  11.475 0.6999999881
14662  -33.980  -70.828  10.886 0.6999999881
14668  -37.987  -70.788  9.494 0.6000000238
14670  -39.751  -70.303  9.787 0.5000000000
15206  -30.802  -69.858  13.531 0.5000000000
15214  -31.562  -69.914  12.765 0.6000000238
15215  -32.429  -69.554  12.312 0.6999999881
15229  -40.132  -69.959  10.574 0.5000000000
15230  -40.619  -69.254  10.202 0.5000000000
15236  -40.612  -69.131  9.869 0.3000000119
15237  -37.427  -70.028  9.706 0.5000000000
15795  -30.231  -68.345  14.483 0.4000000060
15807  -31.600  -68.511  13.768 0.6000000238
15808  -32.481  -68.381  13.236 0.6999999881
15823  -40.563  -68.176  11.291 0.3000000119
15826  -33.921  -68.934  11.592 0.6999999881
15831  -36.590  -68.851  10.437 0.5000000000
15834  -40.979  -68.750  10.028 0.4000000060
15835  -38.191  -69.072  9.679 0.5000000000
16456  -33.656  -67.739  12.555 0.6999999881
16464  -41.527  -67.075  10.524 0.3000000119
16465  -36.194  -68.215  10.845 0.5000000000
16468  -38.441  -67.293  9.933 0.5000000000
16470  -41.586  -67.390  10.072 0.4000000060
16472  -40.608  -67.704  9.581 0.5000000000
16473  -41.348  -67.622  9.836 0.3000000119
17187  -31.718  -66.421  14.053 0.6000000238
17196  -34.862  -66.449  12.256 0.6000000238
17199  -41.112  -66.605  11.215 0.3000000119
17201  -41.693  -66.337  10.522 0.3000000119
17202  -36.807  -66.688  10.968 0.5000000000
17205  -41.896  -66.610  10.008 0.3000000119
17207  -40.137  -66.296  9.277 0.5000000000
17994  -42.036  -65.964  9.634 0.4000000060
18764  -37.033  -64.499  10.919 0.5000000000
18771  -42.610  -64.770  9.131 0.3000000119
18772  -39.065  -64.083  8.742 0.4000000060
18774  -41.819  -64.778  8.207 0.4000000060
19526  -32.862  -63.566  13.441 0.5000000000
19527  -33.401  -64.066  13.495 0.5000000000
19528  -34.173  -63.971  13.297 0.5000000000
19534  -35.008  -63.981  12.826 0.6000000238
19545  -41.577  -64.309  10.359 0.3000000119
19550  -37.506  -63.593  10.048 0.4000000060
19552  -37.889  -63.550  9.497 0.4000000060
19556  -40.403  -63.741  7.767 0.4000000060
19557  -41.850  -64.176  7.711 0.4000000060
19561  -43.304  -62.849  7.041 0.3000000119
20289  -31.860  -62.809  12.427 0.4000000060
20292  -34.618  -62.453  12.673 0.5000000000
20293  -35.346  -62.509  12.248 0.5000000000
20315  -41.684  -63.142  9.603 0.3000000119
20318  -37.316  -62.390  9.560 0.4000000060
20326  -39.651  -62.230  7.329 0.4000000060
20327  -41.593  -62.811  7.042 0.4000000060
21089  -33.120  -61.777  12.486 0.5000000000
21098  -34.569  -61.218  12.034 0.5000000000
21099  -35.282  -61.506  11.784 0.4000000060
21109  -40.146  -61.680  10.063 0.3000000119
21120  -37.314  -61.132  8.659 0.4000000060
21121  -37.945  -61.360  8.082 0.4000000060
21123  -38.698  -61.445  7.486 0.4000000060
21127  -40.818  -61.195  6.491 0.4000000060
21824  -36.509  -61.090  9.831 0.4000000060
21825  -38.682  -60.362  10.793 0.4000000060
22507  -32.946  -59.480  10.318 0.4000000060
22509  -34.824  -59.652  10.576 0.5000000000
22511  -38.136  -59.051  10.538 0.4000000060
22513  -39.212  -60.153  9.891 0.4000000060
22522  -36.313  -59.959  9.138 0.4000000060
22535  -37.177  -59.939  7.921 0.4000000060
22540  -38.287  -60.027  7.094 0.4000000060
22545  -39.801  -59.764  6.232 0.4000000060
22547  -42.894  -60.279  5.997 0.3000000119
22548  -43.271  -59.771  5.988 0.4000000060
23198  -32.742  -58.219  9.138 0.3000000119
23201  -35.276  -58.857  9.520 0.4000000060
23203  -38.293  -58.580  9.834 0.4000000060
23216  -36.587  -58.416  7.478 0.4000000060
23223  -39.012  -58.264  5.854 0.4000000060
23226  -42.081  -58.806  5.299 0.4000000060
23870  -33.439  -57.106  8.436 0.3000000119
23885  -38.263  -57.955  6.117 0.4000000060
23889  -39.738  -57.819  5.390 0.4000000060
23890  -40.684  -57.789  5.100 0.5000000000
25297  -34.282  -54.990  6.827 0.3000000119
25318  -41.031  -55.200  3.825 0.5000000000
26024  -34.223  -54.357  6.781 0.4000000060
26025  -34.973  -54.591  6.551 0.4000000060
26034  -36.111  -53.718  6.046 0.4000000060
26736  -35.439  -53.457  6.453 0.4000000060
124115  -34.945  -70.890  10.510 0.6999999881
126348  -42.304  -64.744  9.756 0.3000000119
126546  -34.879  -68.720  11.259 0.6999999881
130302  -27.649  -89.384  12.851 0.3000000119
130897  -38.679  -65.052  9.540 0.5000000000
131487  -26.219  -85.436  12.520 0.4000000060
131709  -36.829  -71.391  12.514 0.4000000060
131951  -29.278  -74.292  11.506 0.6000000238
132414  -36.425  -56.517  6.468 0.4000000060
132483  -29.375  -73.321  11.421 0.6000000238
132873  -39.439  -59.571  9.258 0.4000000060
133113  -27.502  -74.161  11.730 0.6000000238
133373  -35.911  -75.786  10.242 0.6000000238
133566  -28.408  -74.265  11.563 0.6000000238
133668  -40.090  -67.006  9.424 0.5000000000
134598  -32.219  -71.207  11.321 0.6999999881
135127  -39.026  -68.065  9.563 0.5000000000
135518  -30.732  -73.196  11.289 0.6000000238
136543  -25.643  -75.764  11.854 0.5000000000
141047  -38.580  -58.278  9.237 0.4000000060
141448  -26.905  -87.114  12.545 0.4000000060
143056  -43.415  -59.346  5.880 0.4000000060
145023  -39.666  -60.827  6.684 0.4000000060
145097  -38.677  -58.725  9.467 0.4000000060
145916  -35.363  -69.103  10.896 0.6999999881
146145  -42.186  -65.601  9.570 0.3000000119
146274  -41.999  -65.721  9.252 0.3000000119
