#!ascii label  , from subject sub-v1s17x0050242_ses-1 vox2ras=TkReg
2091
29828  39.583  -58.674  4.409 0.6000000238
29839  41.301  -58.708  3.886 0.5000000000
31614  38.551  -55.947  4.626 0.6999999881
125975  37.594  -55.972  4.384 0.6000000238
31629  36.941  -56.044  4.017 0.6000000238
32508  36.762  -55.371  3.673 0.6000000238
30771  40.390  -57.503  4.320 0.6999999881
30772  39.470  -57.222  4.548 0.6000000238
122658  38.297  -57.310  4.551 0.5000000000
31615  37.318  -56.824  4.285 0.5000000000
30774  36.803  -57.489  4.057 0.5000000000
31630  36.603  -56.135  3.459 0.6000000238
32509  36.500  -55.521  2.984 0.6000000238
30770  41.154  -57.765  4.020 0.5000000000
133306  40.482  -58.424  4.212 0.5000000000
29829  38.649  -58.743  4.539 0.6000000238
32520  36.644  -55.653  2.102 0.6000000238
27993  43.092  -59.886  3.314 0.5000000000
130631  43.846  -59.951  3.026 0.5000000000
125160  37.135  -53.088  3.911 0.6000000238
35323  36.755  -52.900  3.231 0.6999999881
32490  39.705  -55.086  4.440 0.6000000238
32491  38.813  -55.137  4.643 0.6999999881
34354  37.221  -53.810  4.146 0.6000000238
34355  36.749  -53.825  3.461 0.6000000238
31612  40.202  -55.833  4.374 0.6000000238
31613  39.481  -56.348  4.582 0.6999999881
33465  36.602  -54.340  1.971 0.6000000238
30782  41.661  -57.072  3.748 0.5000000000
142585  40.774  -56.296  4.139 0.5000000000
131921  36.740  -55.062  1.606 0.6000000238
124059  42.002  -58.790  3.656 0.5000000000
32553  37.022  -55.268  0.869 0.6000000238
28927  42.998  -59.068  3.362 0.5000000000
32552  37.281  -55.501  0.292 0.6000000238
32573  37.609  -55.293  -1.198 0.6999999881
130256  37.635  -55.891  -0.672 0.6000000238
32572  38.079  -55.793  -1.877 0.6999999881
31684  37.900  -56.209  -1.190 0.6000000238
31683  38.375  -56.761  -1.739 0.6000000238
31689  39.224  -56.968  -2.908 0.6000000238
130237  38.819  -57.058  -2.340 0.6000000238
29924  43.246  -59.459  -7.411 0.5000000000
31718  41.574  -57.789  -8.127 0.6999999881
29931  42.741  -59.675  -7.619 0.6000000238
142333  40.912  -57.158  -8.100 0.8000000119
31719  40.892  -57.864  -7.775 0.6999999881
36315  37.441  -51.665  3.884 0.6000000238
35331  36.870  -52.057  3.108 0.6999999881
34336  38.615  -53.746  4.610 0.6999999881
131631  38.181  -53.223  4.592 0.6999999881
35307  38.144  -52.561  4.567 0.6000000238
34363  36.579  -53.530  2.422 0.6999999881
35332  36.606  -52.567  2.334 0.6999999881
32507  40.484  -55.050  4.055 0.6000000238
34335  39.499  -53.679  4.417 0.6000000238
34394  36.618  -52.721  0.698 0.8000000119
32505  41.603  -55.631  3.435 0.5000000000
32506  41.183  -54.964  3.618 0.5000000000
34407  36.803  -53.039  -0.024 0.8000000119
127460  36.751  -53.671  0.639 0.6000000238
31627  42.007  -56.347  3.352 0.5000000000
31628  41.338  -56.328  3.780 0.5000000000
34393  37.052  -53.828  -0.254 0.8000000119
33479  37.102  -54.667  0.234 0.6000000238
28940  43.599  -59.225  3.055 0.5000000000
139811  37.289  -53.858  -0.918 0.8000000119
33515  37.619  -54.053  -2.018 0.8000000119
33493  37.332  -54.549  -0.647 0.6999999881
32585  38.743  -55.423  -3.130 0.6999999881
133034  38.214  -54.739  -2.792 0.6999999881
32592  40.548  -55.925  -4.646 0.6999999881
32584  39.403  -55.806  -3.675 0.6999999881
32578  38.289  -55.397  -2.481 0.6999999881
31695  39.759  -56.830  -3.653 0.6000000238
31696  39.157  -56.235  -3.173 0.6000000238
31711  42.688  -57.566  -6.130 0.6999999881
31698  40.966  -56.953  -4.838 0.6999999881
31699  40.462  -56.944  -4.351 0.6000000238
31709  44.197  -58.115  -7.272 0.6999999881
30858  42.383  -58.834  -6.254 0.6000000238
30868  43.263  -57.968  -8.580 0.8000000119
29930  43.784  -58.662  -7.973 0.8000000119
30857  43.334  -59.114  -6.827 0.6000000238
31722  42.110  -57.387  -8.775 0.8999999762
31713  39.439  -56.998  -6.812 0.6999999881
31723  41.128  -56.737  -8.501 0.8000000119
31720  39.975  -56.830  -7.458 0.6999999881
36322  37.053  -51.204  3.029 0.6000000238
36332  36.771  -50.809  2.147 0.6999999881
123822  36.838  -49.945  2.017 0.6999999881
37196  37.992  -50.951  4.341 0.6000000238
37224  36.631  -50.517  1.309 0.6000000238
37193  39.994  -50.670  4.490 0.4000000060
131930  39.575  -52.188  4.469 0.6000000238
37195  38.644  -51.067  4.688 0.6000000238
36333  36.588  -51.360  1.372 0.6999999881
132766  40.431  -52.237  4.056 0.6000000238
35363  36.575  -51.909  0.672 0.8000000119
33447  42.069  -54.071  2.874 0.4000000060
34353  41.053  -53.519  3.657 0.5000000000
34334  40.324  -53.653  4.042 0.6000000238
35380  36.845  -52.429  -0.500 0.8000000119
32518  42.311  -55.548  2.833 0.5000000000
35396  37.155  -52.548  -1.234 0.8000000119
31637  42.645  -56.425  2.809 0.4000000060
34428  37.682  -53.439  -2.470 0.8000000119
125307  43.590  -57.839  2.649 0.5000000000
33528  38.743  -54.099  -3.784 0.8000000119
33531  41.283  -54.679  -5.408 0.8000000119
32593  40.196  -54.945  -4.593 0.6999999881
34427  38.104  -53.957  -3.161 0.8000000119
133716  42.378  -56.346  -5.878 0.8000000119
127306  40.727  -55.059  -4.932 0.6999999881
32602  43.379  -55.714  -6.717 0.8999999762
130365  43.119  -56.659  -6.425 0.8999999762
32596  41.841  -55.595  -5.628 0.6999999881
31717  44.275  -56.994  -7.104 0.8999999762
31703  41.867  -56.658  -5.489 0.6999999881
31710  43.755  -58.052  -6.758 0.6000000238
30867  44.001  -57.956  -8.271 0.8999999762
33538  38.985  -55.302  -7.197 0.8000000119
32594  37.951  -55.447  -6.043 0.8000000119
32597  39.384  -56.110  -7.082 0.8000000119
32598  38.705  -56.009  -6.514 0.8000000119
32608  40.494  -55.672  -8.470 0.8000000119
32603  40.425  -56.590  -8.045 0.6999999881
38123  37.190  -49.452  2.613 0.6999999881
38132  36.933  -48.937  1.789 0.6000000238
37209  37.831  -50.157  4.033 0.6000000238
38117  37.652  -49.284  3.533 0.5000000000
38149  36.631  -49.303  0.693 0.6999999881
38102  40.146  -49.827  4.463 0.4000000060
37194  39.291  -50.298  4.757 0.5000000000
37208  38.476  -50.235  4.578 0.6000000238
36345  36.566  -51.076  0.566 0.6999999881
36301  40.408  -51.347  4.141 0.5000000000
36353  36.867  -51.695  -0.959 0.6999999881
36321  42.122  -51.706  2.768 0.5000000000
35322  40.614  -53.006  3.909 0.6000000238
130752  42.744  -52.761  1.940 0.4000000060
35330  41.990  -52.509  2.970 0.4000000060
35419  38.078  -52.550  -3.410 0.8000000119
35411  37.428  -52.643  -2.009 0.8000000119
34376  42.917  -53.422  1.839 0.4000000060
34434  38.386  -53.292  -3.636 0.8000000119
34435  37.910  -53.177  -3.140 0.8000000119
34415  37.410  -53.430  -1.539 0.8000000119
31636  43.320  -56.459  2.307 0.3000000119
131342  41.923  -53.912  -5.919 0.8000000119
34451  40.492  -53.193  -5.011 0.8000000119
34442  39.036  -53.380  -4.184 0.8000000119
33536  42.662  -54.727  -6.327 0.8000000119
33532  40.450  -54.156  -4.874 0.8000000119
32601  44.452  -55.796  -7.428 0.8999999762
32595  42.514  -55.595  -6.098 0.8999999762
32600  45.189  -55.656  -8.115 0.8999999762
133605  44.801  -56.480  -7.737 0.8999999762
31724  44.967  -56.101  -8.830 0.8999999762
31715  44.891  -56.300  -8.198 0.8999999762
31725  44.351  -56.822  -9.101 0.8999999762
33533  37.240  -54.980  -5.647 0.8000000119
122660  43.656  -56.417  -9.544 0.8999999762
31721  42.775  -56.927  -9.391 0.8999999762
32604  39.676  -55.689  -7.822 0.8000000119
126006  41.707  -56.103  -9.132 0.8000000119
39010  37.672  -48.362  3.419 0.6000000238
125375  37.358  -48.842  2.772 0.6000000238
39051  36.713  -48.362  0.789 0.6000000238
38998  38.160  -48.538  4.208 0.6000000238
38115  40.678  -49.060  3.778 0.4000000060
126294  39.888  -48.867  4.640 0.4000000060
38997  38.927  -48.787  4.761 0.4000000060
38116  38.288  -49.415  4.402 0.5000000000
38168  36.585  -49.731  -0.196 0.6999999881
139803  40.822  -49.897  3.706 0.4000000060
124401  36.912  -50.946  -1.268 0.6999999881
132484  41.809  -49.943  2.657 0.5000000000
37206  41.389  -50.435  3.288 0.4000000060
36365  37.262  -51.221  -1.956 0.6999999881
37223  42.261  -49.878  1.961 0.5000000000
36388  38.313  -51.769  -3.694 0.8000000119
130018  37.586  -51.294  -2.648 0.8000000119
34450  40.924  -52.924  -5.350 0.8000000119
35429  38.643  -52.570  -3.979 0.8000000119
34460  42.947  -53.772  -6.506 0.8000000119
33542  44.811  -54.748  -7.704 0.8999999762
33543  43.639  -54.721  -6.952 0.8999999762
33541  45.646  -54.612  -8.553 0.8999999762
32611  44.639  -55.861  -9.443 0.8999999762
32612  43.908  -55.459  -9.806 1.0000000000
33540  37.887  -54.476  -6.363 0.8000000119
32607  42.826  -55.841  -9.611 1.0000000000
33539  38.594  -54.554  -7.087 0.8000000119
32613  42.178  -54.951  -9.419 1.0000000000
32609  39.753  -55.018  -8.214 0.8000000119
39033  37.085  -47.662  1.619 0.6000000238
128539  36.789  -47.554  0.697 0.6000000238
40955  37.887  -47.054  3.462 0.6000000238
119171  36.641  -47.887  -0.007 0.6999999881
39009  40.277  -48.174  4.173 0.4000000060
39968  39.523  -48.054  4.600 0.4000000060
39969  38.703  -47.877  4.464 0.4000000060
38122  41.264  -48.854  2.991 0.4000000060
37240  36.731  -50.096  -1.036 0.6999999881
38131  42.388  -49.135  1.372 0.5000000000
40010  41.849  -47.967  2.338 0.4000000060
37274  37.479  -50.592  -2.511 0.8000000119
36399  38.956  -51.814  -4.261 0.8000000119
127013  37.710  -49.980  -2.984 0.8000000119
35449  41.026  -52.307  -5.490 0.8000000119
35437  40.074  -52.558  -4.806 0.8000000119
132669  43.407  -52.790  -6.841 0.8000000119
34462  41.483  -52.940  -5.725 0.8000000119
34468  44.063  -53.709  -7.220 0.8999999762
32605  45.682  -54.666  -9.275 0.8999999762
34466  46.143  -53.533  -8.981 0.8999999762
33548  44.990  -54.906  -9.840 1.0000000000
33549  44.198  -54.494  -10.010 1.0000000000
33550  43.192  -54.959  -9.749 1.0000000000
34470  38.747  -54.020  -7.475 0.8000000119
33534  36.511  -54.584  -5.298 0.8000000119
34474  41.662  -53.952  -9.243 1.0000000000
34476  39.693  -54.238  -8.288 0.8000000119
33547  41.078  -54.876  -8.892 0.8000000119
40971  37.718  -46.406  2.927 0.6000000238
39016  37.353  -48.130  2.574 0.6000000238
39062  36.703  -48.314  -0.768 0.6999999881
136414  36.957  -47.990  -1.343 0.6999999881
40969  40.826  -46.796  3.488 0.4000000060
39979  39.339  -47.281  4.303 0.5000000000
139047  38.547  -47.076  4.022 0.5000000000
38184  36.941  -49.524  -1.629 0.8000000119
125661  37.268  -48.210  -1.986 0.8000000119
39015  40.915  -48.258  3.281 0.4000000060
38194  37.324  -49.788  -2.320 0.8000000119
39991  42.797  -47.456  2.420 0.4000000060
39992  42.026  -47.435  2.528 0.4000000060
36398  39.303  -51.215  -4.506 0.8000000119
130874  38.666  -50.885  -4.055 0.8000000119
132951  40.443  -51.815  -5.120 0.8000000119
34461  42.340  -52.892  -6.227 0.8000000119
34467  45.314  -53.662  -8.098 0.8999999762
131202  44.722  -52.630  -7.665 0.8000000119
33545  45.790  -54.041  -9.661 1.0000000000
129177  45.161  -54.034  -10.107 1.0000000000
34471  46.211  -52.944  -9.923 1.0000000000
130943  40.378  -53.002  -8.750 1.0000000000
35450  38.618  -53.328  -7.503 0.8999999762
34452  37.117  -54.051  -5.785 0.8000000119
34465  36.933  -53.149  -5.860 0.8999999762
125436  39.715  -53.344  -8.417 1.0000000000
143006  38.515  -52.662  -7.448 1.0000000000
139507  38.108  -52.971  -6.956 1.0000000000
35465  39.902  -52.373  -8.509 1.0000000000
36432  39.801  -51.479  -8.352 1.0000000000
131838  39.284  -52.020  -8.074 1.0000000000
36425  38.461  -51.519  -7.336 1.0000000000
37330  39.760  -50.663  -8.219 1.0000000000
36424  39.080  -51.288  -7.780 1.0000000000
40980  37.311  -46.156  1.112 0.6999999881
40023  36.795  -47.021  0.142 0.6999999881
41838  37.380  -45.611  -0.181 0.6999999881
41802  38.119  -45.134  2.919 0.6000000238
41803  37.721  -45.702  2.477 0.6000000238
40033  36.850  -47.342  -0.774 0.6999999881
40954  38.276  -46.330  3.566 0.6000000238
40951  41.178  -45.902  3.532 0.5000000000
40055  37.533  -47.637  -2.441 0.8000000119
40967  42.461  -46.847  2.928 0.4000000060
39090  37.632  -48.524  -2.769 0.8000000119
127288  38.834  -49.942  -4.211 0.8000000119
36407  39.911  -51.040  -4.894 0.8000000119
35448  41.783  -51.980  -5.961 0.8000000119
132652  41.064  -51.592  -5.594 0.8000000119
35447  42.858  -51.951  -6.553 0.8000000119
35455  45.963  -52.572  -8.712 0.8999999762
35456  45.683  -51.388  -8.589 0.8000000119
129769  46.387  -52.650  -9.463 0.8999999762
35461  46.460  -51.759  -9.584 1.0000000000
34478  44.627  -53.397  -10.240 1.0000000000
35466  46.178  -52.320  -10.193 1.0000000000
36433  45.511  -50.937  -10.683 1.0000000000
34479  43.888  -52.653  -10.093 1.0000000000
36434  44.144  -50.864  -10.510 1.0000000000
35462  43.204  -51.966  -9.874 1.0000000000
36430  41.666  -51.490  -9.272 1.0000000000
35464  40.883  -52.305  -8.927 1.0000000000
35451  37.428  -52.507  -6.427 1.0000000000
138396  36.779  -52.411  -5.897 1.0000000000
129320  40.427  -50.893  -8.624 1.0000000000
131204  38.739  -52.082  -7.616 1.0000000000
127635  37.533  -51.719  -6.612 1.0000000000
135165  37.257  -50.938  -6.447 1.0000000000
37324  39.105  -50.350  -7.699 1.0000000000
37325  38.473  -50.818  -7.323 1.0000000000
41823  37.460  -45.569  0.742 0.6999999881
41005  37.079  -46.426  -0.415 0.6999999881
41801  38.906  -44.656  3.207 0.5000000000
41811  37.843  -44.972  2.119 0.6999999881
40044  37.220  -47.406  -1.673 0.6999999881
41792  38.616  -45.554  3.468 0.6000000238
41790  40.383  -45.117  3.626 0.5000000000
41791  39.496  -45.346  3.635 0.5000000000
39089  38.130  -48.510  -3.512 0.8000000119
38210  38.470  -49.243  -3.859 0.8000000119
38209  39.021  -49.194  -4.405 0.6999999881
37306  39.986  -50.061  -5.074 0.8000000119
36417  41.509  -51.008  -5.941 0.8000000119
36406  40.695  -50.812  -5.430 0.8000000119
35457  44.050  -51.778  -7.351 0.6999999881
36416  42.400  -51.118  -6.453 0.6999999881
36423  44.664  -50.813  -7.935 0.8999999762
37322  44.188  -49.699  -7.924 0.8000000119
38232  44.143  -48.993  -8.175 0.8000000119
40090  43.648  -47.623  -8.374 0.8000000119
36422  45.838  -50.366  -9.086 0.8999999762
37321  45.014  -50.001  -8.568 0.8000000119
38231  45.091  -49.246  -9.298 0.8000000119
36428  46.295  -50.714  -9.814 1.0000000000
37328  45.791  -49.878  -9.986 0.8999999762
38241  44.936  -49.193  -10.251 0.8999999762
39118  44.380  -48.024  -9.522 0.8000000119
37327  45.927  -50.523  -10.336 0.8999999762
37331  45.275  -49.957  -10.670 1.0000000000
36429  42.673  -51.467  -9.718 1.0000000000
35463  41.913  -52.233  -9.340 1.0000000000
123893  41.519  -50.592  -9.253 1.0000000000
37329  40.596  -50.141  -8.690 1.0000000000
37317  36.659  -50.303  -6.080 1.0000000000
38239  40.629  -49.281  -8.791 1.0000000000
38240  39.783  -49.790  -8.184 1.0000000000
37316  37.248  -49.965  -6.539 1.0000000000
125226  39.743  -48.811  -8.193 1.0000000000
39115  38.086  -48.798  -7.085 1.0000000000
42611  38.310  -44.284  1.667 0.6999999881
42617  38.054  -44.464  0.813 0.6999999881
42618  37.686  -44.922  0.367 0.6999999881
41854  37.512  -45.471  -1.123 0.6999999881
43487  39.558  -43.546  2.446 0.6000000238
41025  37.506  -46.799  -2.204 0.6999999881
139065  39.756  -44.617  3.414 0.5000000000
135633  37.713  -47.113  -2.842 0.6999999881
42586  41.229  -44.843  3.593 0.5000000000
40061  38.289  -47.750  -3.805 0.8000000119
39097  38.634  -48.485  -4.133 0.6999999881
38216  40.290  -49.215  -5.342 0.6999999881
39096  39.220  -48.472  -4.673 0.6999999881
37305  40.756  -49.848  -5.559 0.6999999881
37314  42.092  -50.178  -6.402 0.6999999881
142086  44.050  -50.403  -7.586 0.6999999881
37313  43.176  -50.358  -6.987 0.6999999881
38233  43.073  -48.788  -7.300 0.8000000119
40091  42.588  -47.249  -7.479 0.8000000119
41060  42.283  -46.331  -7.613 0.8000000119
39113  42.861  -48.066  -7.397 0.8000000119
41059  43.328  -46.805  -8.465 0.8000000119
40097  44.024  -47.344  -9.505 0.8000000119
39117  44.380  -48.493  -10.153 0.8999999762
41066  43.813  -47.055  -10.194 0.8000000119
39120  44.048  -48.153  -10.385 1.0000000000
41071  43.601  -46.633  -10.593 0.8000000119
127395  44.216  -50.000  -10.638 1.0000000000
37332  44.570  -49.452  -10.579 1.0000000000
36435  42.865  -50.684  -9.927 1.0000000000
38238  41.625  -48.833  -9.504 1.0000000000
39119  40.716  -48.460  -8.950 1.0000000000
38227  36.651  -49.492  -6.137 1.0000000000
38219  35.706  -49.710  -5.266 1.0000000000
124570  40.044  -48.057  -8.511 1.0000000000
40092  39.287  -47.877  -7.962 1.0000000000
122465  38.413  -47.999  -7.324 1.0000000000
124075  37.287  -48.970  -6.565 1.0000000000
41062  38.674  -47.130  -7.573 1.0000000000
43515  38.539  -43.879  0.741 0.6999999881
133077  38.119  -44.322  0.083 0.6999999881
41853  37.813  -45.010  -1.898 0.6000000238
41860  38.001  -45.401  -2.659 0.6000000238
41024  37.854  -46.330  -2.900 0.6000000238
123085  38.401  -46.952  -4.087 0.6999999881
40068  39.415  -47.714  -4.999 0.6999999881
40069  38.787  -47.689  -4.438 0.6999999881
39101  40.587  -48.513  -5.631 0.6999999881
139273  40.895  -49.156  -5.718 0.6999999881
40081  41.824  -47.751  -6.628 0.8000000119
38225  42.186  -49.218  -6.581 0.6999999881
39108  42.243  -48.506  -6.752 0.8000000119
41897  43.043  -45.846  -8.481 0.8000000119
41905  43.770  -46.183  -10.380 0.8000000119
40100  43.625  -47.368  -10.479 0.8000000119
41913  43.522  -45.975  -10.932 0.8000000119
141553  42.394  -48.530  -10.054 1.0000000000
40101  42.786  -47.537  -10.451 1.0000000000
41075  42.988  -46.208  -11.049 0.6999999881
40102  41.643  -47.105  -9.946 1.0000000000
41073  42.062  -46.327  -10.500 0.8999999762
40098  40.704  -47.673  -9.104 1.0000000000
41068  40.338  -46.811  -9.012 1.0000000000
41908  39.844  -45.392  -8.813 1.0000000000
38220  35.230  -49.132  -4.804 1.0000000000
41061  39.439  -46.957  -8.234 1.0000000000
41070  38.903  -46.260  -7.854 1.0000000000
124575  36.966  -48.088  -6.367 1.0000000000
39110  36.528  -48.657  -6.049 1.0000000000
122625  35.609  -48.897  -5.243 1.0000000000
40093  37.907  -47.327  -7.023 1.0000000000
42632  38.234  -44.218  -0.771 0.6999999881
41038  38.489  -46.039  -4.189 0.6000000238
41037  38.956  -46.727  -4.831 0.6999999881
40075  40.903  -47.788  -5.982 0.6999999881
135990  39.638  -47.068  -5.343 0.6999999881
125255  41.429  -48.644  -6.144 0.6999999881
40082  41.120  -47.121  -6.293 0.8000000119
41049  41.660  -46.789  -6.840 0.6999999881
41898  41.979  -45.388  -7.633 0.6999999881
42726  43.617  -44.435  -10.143 0.6999999881
41910  43.636  -45.304  -10.607 0.6999999881
134105  43.387  -45.070  -10.975 0.6999999881
42727  41.639  -44.106  -10.423 0.8000000119
42732  42.693  -44.747  -10.955 0.6999999881
41074  41.024  -46.241  -9.740 0.8999999762
127502  40.251  -46.007  -9.150 1.0000000000
42720  40.027  -44.607  -9.113 1.0000000000
39104  35.199  -48.224  -4.995 1.0000000000
41909  39.137  -45.458  -8.185 1.0000000000
126780  36.388  -47.939  -5.950 1.0000000000
41051  37.301  -46.803  -6.662 1.0000000000
43555  38.857  -43.615  -1.109 0.6000000238
42650  38.373  -44.237  -1.751 0.6000000238
42672  38.400  -44.829  -3.182 0.6000000238
133829  38.871  -44.233  -3.640 0.6000000238
41869  38.240  -45.685  -3.430 0.6000000238
41875  38.565  -45.059  -4.028 0.6000000238
41874  38.977  -45.418  -4.914 0.6000000238
41044  39.559  -46.197  -5.433 0.6000000238
41043  40.354  -46.875  -5.809 0.6000000238
41889  40.703  -45.338  -6.413 0.6999999881
41888  41.247  -44.921  -6.942 0.6999999881
42710  42.401  -44.082  -8.003 0.6999999881
42719  43.192  -44.311  -9.037 0.6999999881
43644  43.367  -43.554  -9.456 0.6999999881
43652  43.506  -43.493  -10.393 0.6999999881
43656  43.269  -43.326  -10.794 0.6999999881
138338  49.456  -38.661  -7.626 0.3000000119
124148  42.600  -43.603  -10.843 0.6999999881
43657  43.097  -43.007  -10.942 0.6999999881
48782  49.861  -37.818  -7.699 0.3000000119
128570  41.492  -43.032  -10.216 0.8000000119
38150  34.328  -48.905  0.193 0.8999999762
42728  40.773  -44.428  -9.791 1.0000000000
119345  34.497  -48.454  -1.959 1.0000000000
39091  34.622  -48.944  -3.676 1.0000000000
120080  34.508  -48.459  -2.837 1.0000000000
120930  38.867  -43.928  -8.375 1.0000000000
41900  37.673  -45.409  -7.125 1.0000000000
41063  38.005  -46.350  -7.240 1.0000000000
40083  37.311  -47.526  -6.599 1.0000000000
39103  35.870  -48.262  -5.538 1.0000000000
41052  36.622  -46.354  -6.250 1.0000000000
43578  39.155  -43.589  -2.014 0.6000000238
42660  38.748  -44.031  -2.753 0.6000000238
120832  40.112  -43.315  -3.283 0.6000000238
43593  39.498  -43.750  -3.956 0.6000000238
43592  40.807  -43.297  -3.972 0.6000000238
43607  40.477  -43.449  -4.795 0.6999999881
42691  40.214  -43.903  -5.607 0.6999999881
42692  39.537  -44.515  -5.244 0.6000000238
42704  40.675  -44.412  -6.331 0.6999999881
42701  48.054  -45.327  -6.926 0.3000000119
42702  47.250  -44.845  -6.495 0.3000000119
42703  41.211  -44.115  -6.874 0.6999999881
42711  41.794  -44.516  -7.493 0.6999999881
47719  49.319  -39.547  -7.980 0.3000000119
48783  48.747  -39.116  -7.429 0.4000000060
48771  49.005  -38.171  -7.171 0.4000000060
49840  48.467  -37.563  -6.528 0.4000000060
39053  34.004  -48.644  0.995 0.6999999881
39034  33.404  -48.433  1.603 0.6999999881
51990  46.953  -34.827  -5.013 0.3000000119
49839  49.271  -37.241  -7.128 0.3000000119
44589  41.597  -41.928  -10.182 0.6999999881
39052  34.266  -48.074  0.378 0.8999999762
53070  47.159  -34.323  -5.782 0.3000000119
50870  48.313  -36.616  -6.226 0.3000000119
43653  40.900  -43.678  -9.865 0.8000000119
40045  34.466  -47.933  -1.283 0.8999999762
50871  47.774  -36.260  -5.677 0.3000000119
49830  47.796  -37.216  -5.882 0.3000000119
42729  40.134  -43.654  -9.297 0.8000000119
43645  39.246  -43.111  -8.802 1.0000000000
122162  34.544  -47.991  -3.834 1.0000000000
42722  38.093  -43.874  -7.930 1.0000000000
40077  35.392  -47.558  -5.340 1.0000000000
40078  34.912  -47.237  -5.015 1.0000000000
42712  37.933  -44.664  -7.444 1.0000000000
120714  36.104  -46.694  -5.776 1.0000000000
41891  36.538  -45.506  -6.394 1.0000000000
41053  35.859  -45.878  -5.818 1.0000000000
135063  35.928  -45.095  -6.177 1.0000000000
43606  41.331  -43.238  -4.593 0.6999999881
43619  41.859  -43.079  -5.246 0.6999999881
42690  46.918  -45.037  -5.599 0.3000000119
43617  46.316  -44.295  -5.519 0.4000000060
129447  41.514  -43.232  -6.143 0.6999999881
43627  41.406  -43.610  -6.718 0.6999999881
43635  41.740  -43.796  -7.302 0.6999999881
43625  47.091  -43.517  -7.173 0.4000000060
44574  43.114  -42.927  -8.421 0.6999999881
43632  48.265  -43.375  -8.619 0.3000000119
44566  46.468  -42.802  -6.840 0.5000000000
44581  43.670  -42.364  -8.830 0.6999999881
43643  43.565  -42.727  -9.646 0.6999999881
44571  47.654  -42.856  -8.429 0.5000000000
44588  43.466  -42.470  -10.532 0.6999999881
46561  48.217  -41.522  -10.072 0.4000000060
46562  47.629  -41.010  -10.393 0.6000000238
46547  47.455  -40.305  -9.059 0.5000000000
44596  43.215  -42.285  -10.817 0.6999999881
46545  49.033  -40.688  -8.752 0.3000000119
140959  42.951  -42.123  -10.932 0.6999999881
50848  44.668  -36.623  -3.209 0.4000000060
47708  47.507  -39.530  -7.013 0.4000000060
45520  42.362  -41.458  -10.720 0.6999999881
40013  32.327  -47.663  2.094 0.6999999881
51957  45.188  -35.914  -3.437 0.4000000060
48772  48.125  -38.756  -6.800 0.4000000060
47692  47.296  -38.981  -6.358 0.4000000060
39017  32.191  -48.495  2.353 0.6000000238
51972  46.110  -34.584  -4.549 0.3000000119
128776  46.500  -35.456  -4.413 0.3000000119
50862  46.029  -36.170  -3.843 0.4000000060
48773  47.673  -38.144  -6.142 0.4000000060
48759  47.133  -38.517  -5.806 0.4000000060
46579  41.557  -40.710  -9.805 0.6999999881
40025  33.808  -47.784  1.147 0.6999999881
49824  46.117  -37.333  -4.187 0.4000000060
49831  47.247  -37.784  -5.531 0.4000000060
48760  46.714  -38.326  -5.327 0.4000000060
44590  40.772  -42.254  -9.696 0.8000000119
50872  47.194  -35.815  -5.064 0.3000000119
131592  47.253  -36.855  -5.274 0.3000000119
49823  46.742  -37.492  -4.938 0.4000000060
45513  40.110  -41.586  -9.240 0.8000000119
40063  34.489  -47.472  -2.945 1.0000000000
44582  39.214  -42.041  -9.014 0.8999999762
43646  38.353  -43.096  -8.434 1.0000000000
41045  35.336  -46.697  -5.522 1.0000000000
42714  36.314  -43.584  -7.178 1.0000000000
127260  37.296  -44.734  -7.067 1.0000000000
43647  37.432  -42.995  -8.165 1.0000000000
41892  35.193  -45.205  -6.027 1.0000000000
41046  34.828  -46.151  -5.304 1.0000000000
42706  34.949  -44.493  -6.147 1.0000000000
41881  34.872  -45.310  -5.747 1.0000000000
43591  41.683  -43.193  -3.740 0.6000000238
44542  43.457  -42.616  -4.589 0.6000000238
44543  42.729  -42.743  -4.947 0.6000000238
44557  43.489  -42.304  -5.501 0.6999999881
44540  45.021  -43.429  -4.703 0.5000000000
120444  44.692  -42.610  -5.283 0.6000000238
44558  42.431  -42.672  -6.088 0.6999999881
44554  46.013  -43.312  -5.939 0.5000000000
44559  41.912  -43.178  -6.906 0.6999999881
43634  42.389  -43.396  -7.683 0.6999999881
44567  45.643  -42.243  -6.579 0.6000000238
44573  43.471  -42.307  -7.779 0.6999999881
45469  46.263  -42.100  -7.620 0.6000000238
45482  47.338  -42.157  -9.864 0.6000000238
45509  44.709  -41.330  -10.952 0.6999999881
45494  47.576  -41.661  -10.473 0.5000000000
46563  46.950  -40.481  -10.174 0.6000000238
120903  46.379  -40.660  -10.746 0.6000000238
45510  43.767  -41.501  -10.917 0.6000000238
48745  43.785  -38.719  -3.080 0.4000000060
47721  47.802  -40.064  -7.896 0.4000000060
122112  46.158  -39.982  -9.612 0.5000000000
119759  45.638  -40.151  -10.301 0.6000000238
46585  43.451  -40.903  -11.086 0.6999999881
49815  44.158  -37.204  -2.951 0.4000000060
46531  47.011  -39.797  -7.517 0.5000000000
46586  42.664  -40.856  -10.890 0.6999999881
50847  45.439  -36.886  -3.540 0.4000000060
128386  44.214  -38.057  -3.068 0.5000000000
126933  46.939  -39.447  -6.622 0.4000000060
47709  46.325  -39.427  -6.632 0.4000000060
46587  42.028  -40.819  -10.458 0.6999999881
40024  34.078  -47.200  0.492 0.8999999762
40981  33.429  -46.883  1.208 0.6999999881
133827  46.679  -36.521  -4.592 0.4000000060
48761  46.102  -38.808  -5.182 0.4000000060
46568  40.413  -40.692  -8.828 0.6999999881
45512  40.789  -40.966  -9.423 0.6999999881
48749  46.318  -38.092  -4.757 0.4000000060
41006  34.428  -46.997  -1.033 0.8999999762
136087  38.586  -41.805  -8.721 0.8999999762
41017  34.487  -46.907  -2.031 0.8999999762
121756  34.520  -47.055  -3.767 1.0000000000
41039  34.621  -46.658  -4.549 1.0000000000
43637  36.545  -42.907  -7.773 1.0000000000
125657  34.574  -45.777  -4.621 1.0000000000
41033  34.518  -46.166  -3.794 1.0000000000
44575  36.214  -42.193  -7.722 1.0000000000
45463  34.715  -41.434  -5.845 0.8999999762
45489  35.073  -41.846  -6.868 1.0000000000
43630  34.830  -42.924  -6.813 1.0000000000
42693  34.608  -44.505  -5.541 1.0000000000
42682  34.514  -44.886  -4.660 1.0000000000
140736  34.658  -42.402  -6.630 1.0000000000
43621  34.290  -42.903  -5.743 1.0000000000
43610  34.016  -43.057  -4.799 0.8999999762
44569  34.251  -42.148  -6.111 1.0000000000
44560  33.777  -42.302  -5.377 0.8999999762
44556  44.264  -42.246  -5.520 0.6000000238
45456  44.120  -42.013  -6.286 0.6999999881
44568  43.351  -42.241  -6.664 0.6999999881
45470  44.804  -41.855  -6.972 0.6999999881
45485  44.822  -41.789  -8.211 0.6999999881
45484  45.575  -41.793  -7.915 0.6000000238
45483  46.432  -41.880  -9.310 0.6000000238
45497  44.845  -41.753  -9.690 0.6999999881
45496  45.549  -41.701  -9.419 0.6999999881
127286  45.548  -41.358  -10.854 0.6000000238
134207  45.181  -41.005  -11.193 0.6000000238
138570  44.391  -40.257  -10.583 0.6000000238
49798  43.241  -37.679  -2.156 0.3000000119
45495  46.830  -41.625  -10.648 0.6000000238
45508  46.269  -41.175  -11.055 0.6000000238
46565  43.814  -39.818  -9.884 0.6000000238
48729  43.245  -38.569  -2.519 0.4000000060
48730  42.788  -38.431  -1.851 0.4000000060
46549  45.903  -39.643  -8.483 0.6000000238
137642  44.734  -39.822  -9.983 0.6000000238
47722  45.328  -39.510  -7.720 0.5000000000
126565  42.995  -39.943  -10.038 0.6000000238
47710  45.507  -39.486  -6.687 0.4000000060
46566  42.483  -40.067  -9.456 0.6000000238
47672  43.784  -39.437  -3.778 0.5000000000
47695  44.881  -39.579  -5.813 0.4000000060
47694  45.797  -39.358  -5.834 0.4000000060
46552  42.449  -40.141  -8.645 0.6000000238
47679  45.393  -39.200  -5.011 0.4000000060
46554  40.999  -40.464  -8.552 0.6000000238
48751  45.040  -39.002  -4.220 0.4000000060
118830  44.200  -39.687  -5.352 0.4000000060
40993  34.251  -46.821  -0.170 0.8999999762
45499  39.174  -41.308  -8.712 0.8999999762
46580  40.010  -41.019  -8.927 0.8000000119
41007  34.206  -46.186  -0.469 0.8999999762
41839  34.358  -46.128  -1.304 0.8999999762
42661  34.356  -44.986  -2.208 0.8999999762
118994  34.433  -45.908  -2.148 0.8999999762
44583  36.948  -42.200  -8.192 1.0000000000
44576  35.543  -42.039  -7.297 1.0000000000
132364  34.519  -45.244  -3.810 1.0000000000
43609  34.383  -43.973  -4.683 0.8999999762
45478  34.076  -41.429  -5.817 1.0000000000
45464  33.607  -41.538  -5.589 1.0000000000
119364  33.364  -42.454  -4.704 0.8999999762
46539  33.221  -40.620  -5.636 1.0000000000
45465  32.764  -41.132  -5.468 0.8999999762
127931  43.166  -36.829  -1.852 0.3000000119
49787  42.753  -37.568  -1.460 0.3000000119
48713  42.322  -38.309  -1.133 0.3000000119
46550  44.053  -39.573  -8.802 0.6000000238
47663  42.713  -39.245  -2.342 0.5000000000
46476  42.094  -39.846  -2.202 0.4000000060
47723  44.614  -39.557  -7.952 0.5000000000
47711  44.668  -39.629  -6.959 0.5000000000
47712  43.910  -39.779  -7.516 0.5000000000
46551  43.196  -39.994  -8.143 0.5000000000
47662  43.168  -39.343  -3.071 0.5000000000
47696  43.890  -39.840  -6.303 0.5000000000
46533  43.166  -40.152  -7.090 0.5000000000
47673  42.938  -39.876  -3.760 0.5000000000
123518  43.546  -39.925  -5.332 0.5000000000
46553  41.746  -40.329  -8.181 0.6000000238
47682  43.310  -39.892  -4.498 0.5000000000
47681  44.018  -39.638  -4.617 0.5000000000
123069  40.195  -40.540  -8.083 0.6999999881
120277  42.126  -40.357  -3.882 0.5000000000
119384  42.149  -40.455  -4.916 0.5000000000
46535  40.088  -40.606  -7.105 0.6000000238
46570  38.709  -40.939  -8.236 0.8999999762
124094  37.421  -41.584  -8.188 0.8999999762
135546  37.869  -42.160  -8.527 0.8999999762
45488  37.153  -41.355  -7.678 0.8999999762
127675  34.949  -41.323  -4.961 0.8999999762
45462  35.631  -41.537  -5.607 0.8999999762
45475  36.024  -41.604  -6.545 0.8999999762
42673  34.386  -44.661  -2.988 0.8999999762
41862  34.482  -45.598  -2.980 0.8999999762
44529  34.024  -43.532  -3.911 0.8999999762
120119  34.150  -40.958  -5.283 0.8000000119
46510  33.846  -40.251  -4.466 0.6999999881
143379  33.530  -43.310  -3.305 0.8999999762
44561  33.000  -41.887  -5.025 0.8999999762
44544  33.276  -42.835  -3.942 0.8999999762
50826  42.999  -36.094  -1.491 0.3000000119
49771  42.159  -37.285  -0.581 0.3000000119
49772  41.234  -37.661  -0.035 0.3000000119
48714  41.678  -38.325  -0.581 0.3000000119
48698  40.858  -38.500  -0.138 0.4000000060
47644  41.513  -39.682  -1.445 0.4000000060
122060  43.133  -39.806  -9.176 0.6000000238
46493  41.783  -40.351  -2.957 0.5000000000
46477  41.359  -40.322  -2.237 0.4000000060
46534  42.419  -40.363  -6.773 0.5000000000
125858  42.473  -40.255  -7.703 0.5000000000
130835  41.281  -40.754  -3.639 0.5000000000
46507  42.837  -40.206  -5.185 0.5000000000
137593  41.861  -40.386  -7.348 0.5000000000
46520  41.517  -40.639  -5.613 0.5000000000
119524  41.044  -40.458  -7.484 0.5000000000
46509  41.400  -40.742  -4.608 0.5000000000
119933  40.853  -40.669  -6.387 0.5000000000
46521  40.721  -40.949  -5.362 0.5000000000
45457  39.872  -41.283  -5.143 0.6000000238
46555  39.221  -40.683  -7.689 0.6000000238
45440  38.539  -41.510  -4.557 0.6999999881
45472  38.691  -41.108  -6.282 0.6999999881
45487  37.915  -41.098  -7.995 0.6999999881
125999  37.867  -41.524  -4.850 0.6999999881
45460  37.486  -41.424  -5.643 0.8000000119
45473  37.982  -41.200  -6.425 0.8000000119
42662  33.955  -44.116  -2.170 0.8999999762
122629  36.276  -41.554  -4.926 0.8999999762
45461  36.578  -41.515  -5.700 0.8999999762
45444  34.469  -40.950  -4.463 0.6999999881
43595  32.873  -42.887  -3.044 0.8999999762
44545  32.619  -42.190  -4.331 0.8999999762
47713  32.830  -39.868  -5.576 1.0000000000
49756  40.706  -37.054  0.525 0.3000000119
50802  40.262  -36.352  0.835 0.3000000119
122724  40.670  -39.812  -0.937 0.4000000060
48684  39.664  -38.168  0.666 0.3000000119
46456  40.751  -40.312  -1.677 0.4000000060
47625  40.428  -39.272  -0.274 0.4000000060
126788  39.764  -39.332  0.107 0.4000000060
141649  41.157  -40.685  -2.900 0.4000000060
138915  40.117  -40.314  -1.222 0.4000000060
46457  39.311  -40.697  -1.178 0.4000000060
46494  40.591  -41.048  -3.264 0.4000000060
46478  39.814  -41.166  -2.723 0.4000000060
45439  39.396  -41.444  -4.246 0.5000000000
45438  40.505  -41.188  -4.268 0.5000000000
45441  37.813  -41.593  -3.931 0.6000000238
45442  37.046  -41.568  -4.684 0.8000000119
45443  35.712  -41.450  -4.477 0.6999999881
45445  32.236  -41.480  -4.716 0.8999999762
45466  31.960  -40.776  -5.112 0.8999999762
48753  32.463  -38.343  -4.620 0.8999999762
48762  31.919  -38.459  -5.151 0.8000000119
46541  32.069  -39.705  -5.496 0.8000000119
49832  31.926  -37.568  -4.749 0.6999999881
49833  31.556  -36.705  -5.197 0.8000000119
51915  39.871  -35.620  0.933 0.3000000119
49757  39.751  -37.296  0.891 0.3000000119
47612  39.277  -38.904  0.476 0.3000000119
49758  39.009  -37.958  0.794 0.4000000060
46440  38.923  -40.221  -0.360 0.4000000060
47627  38.597  -39.466  0.065 0.4000000060
46441  38.124  -40.122  -0.541 0.5000000000
120722  39.340  -41.116  -1.986 0.5000000000
45394  37.749  -41.212  -1.598 0.5000000000
46459  37.624  -40.620  -1.143 0.5000000000
45393  38.582  -41.245  -1.688 0.5000000000
45406  37.149  -41.384  -2.229 0.5000000000
45405  37.983  -41.528  -2.265 0.5000000000
124952  36.884  -41.594  -3.647 0.6000000238
135149  36.384  -41.544  -4.210 0.6999999881
141318  36.007  -41.377  -3.441 0.6999999881
46496  34.546  -40.650  -3.613 0.6999999881
47666  34.551  -39.122  -2.721 0.6999999881
137156  34.054  -38.849  -3.220 0.6999999881
48733  34.500  -38.150  -2.833 0.6999999881
48752  33.104  -38.204  -4.032 0.8000000119
49825  33.490  -37.135  -3.631 0.6999999881
51914  40.740  -35.483  0.691 0.3000000119
131832  39.489  -35.053  0.844 0.3000000119
125737  38.857  -34.938  0.639 0.4000000060
132976  39.070  -37.111  1.005 0.3000000119
49759  38.473  -37.264  0.549 0.4000000060
137278  38.310  -37.987  0.375 0.4000000060
47628  37.750  -39.296  -0.385 0.4000000060
48701  37.227  -38.677  -0.706 0.3000000119
47646  37.031  -39.315  -0.982 0.5000000000
45395  36.983  -40.941  -1.704 0.6000000238
48715  36.653  -38.486  -1.398 0.3000000119
47647  36.405  -39.428  -1.462 0.5000000000
48716  36.116  -38.772  -1.811 0.4000000060
45423  36.712  -41.469  -2.876 0.6999999881
46479  36.261  -40.359  -1.770 0.6999999881
47664  35.781  -39.512  -1.874 0.6000000238
46495  35.270  -41.003  -2.983 0.6999999881
45424  35.097  -41.256  -3.913 0.6999999881
47665  35.190  -39.395  -2.305 0.6999999881
48732  35.165  -38.413  -2.522 0.6000000238
50816  37.926  -36.507  -0.042 0.3000000119
49774  37.758  -37.495  -0.125 0.3000000119
49775  37.166  -37.909  -0.834 0.3000000119
140222  37.518  -36.256  -0.781 0.3000000119
51939  37.361  -36.115  -1.539 0.3000000119
51951  37.437  -35.970  -2.730 0.3000000119
49788  36.902  -37.570  -1.921 0.3000000119
50835  37.252  -36.829  -2.398 0.4000000060
48731  35.730  -38.640  -2.236 0.5000000000
49799  36.389  -37.960  -2.455 0.5000000000
50836  37.117  -37.333  -3.136 0.5000000000
49800  35.978  -37.962  -2.912 0.6000000238
49801  35.224  -37.585  -2.897 0.6000000238
55155  39.718  -32.884  0.494 0.4000000060
55177  38.926  -32.777  0.176 0.3000000119
53012  38.217  -34.811  -0.048 0.3000000119
131055  38.081  -33.994  -0.411 0.3000000119
51927  37.703  -35.580  -0.614 0.3000000119
53013  37.657  -34.619  -0.930 0.3000000119
53023  37.377  -34.300  -1.916 0.3000000119
53031  37.343  -35.039  -2.574 0.3000000119
50850  37.385  -36.706  -3.343 0.4000000060
53039  37.401  -35.394  -3.436 0.4000000060
50837  36.098  -37.462  -3.491 0.6000000238
50851  37.093  -36.744  -3.981 0.4000000060
142764  36.758  -36.081  -4.460 0.4000000060
50863  36.481  -36.426  -4.379 0.5000000000
50853  35.335  -36.839  -3.521 0.6000000238
50873  31.970  -35.833  -4.988 0.6999999881
49842  30.808  -36.646  -5.804 0.8000000119
55176  39.420  -32.115  0.182 0.4000000060
140520  38.376  -32.747  -0.324 0.3000000119
54080  37.880  -33.169  -0.778 0.3000000119
54094  37.476  -33.406  -1.651 0.3000000119
141395  37.278  -33.645  -2.416 0.3000000119
131596  37.243  -34.349  -3.065 0.4000000060
53040  37.190  -34.856  -4.027 0.4000000060
51976  36.694  -35.230  -4.716 0.4000000060
51977  36.099  -35.753  -4.947 0.4000000060
51962  35.726  -36.325  -4.392 0.5000000000
53053  36.100  -34.917  -5.380 0.4000000060
50854  34.422  -36.453  -3.535 0.6000000238
51978  35.124  -35.507  -4.925 0.4000000060
50865  32.788  -35.870  -4.401 0.6999999881
51979  33.814  -35.291  -4.620 0.4000000060
53078  33.797  -34.542  -6.032 0.4000000060
51980  32.669  -35.066  -4.953 0.6000000238
53079  32.704  -34.619  -5.715 0.5000000000
51992  31.838  -35.161  -5.584 0.6000000238
50874  31.281  -35.889  -5.672 0.6999999881
51993  31.179  -35.333  -6.119 0.6999999881
124955  39.541  -30.796  -0.294 0.3000000119
56190  38.316  -31.537  -0.820 0.3000000119
123945  37.600  -32.611  -1.498 0.3000000119
54102  37.289  -32.928  -2.276 0.3000000119
54103  37.032  -33.299  -3.135 0.3000000119
54111  37.118  -33.996  -3.843 0.4000000060
119550  36.809  -34.291  -4.515 0.3000000119
129631  36.278  -33.041  -4.878 0.3000000119
143095  36.475  -34.525  -5.113 0.3000000119
54122  36.076  -33.420  -5.621 0.3000000119
53054  34.464  -34.910  -5.499 0.4000000060
53076  35.658  -34.424  -5.935 0.3000000119
54138  35.314  -33.882  -6.446 0.3000000119
53077  34.848  -34.502  -6.271 0.3000000119
53093  34.633  -33.811  -6.848 0.3000000119
53094  34.010  -34.139  -6.664 0.3000000119
54153  34.000  -33.623  -7.359 0.4000000060
53095  32.934  -34.124  -6.303 0.5000000000
120555  31.667  -34.622  -6.272 0.5000000000
53097  30.847  -34.887  -6.786 0.5000000000
56204  38.780  -30.657  -0.873 0.3000000119
56205  37.924  -30.977  -1.462 0.3000000119
129728  37.490  -31.367  -2.186 0.3000000119
55202  37.115  -32.519  -2.792 0.3000000119
55210  36.770  -32.437  -3.468 0.3000000119
55219  35.883  -32.425  -5.244 0.3000000119
123768  35.689  -33.380  -6.176 0.3000000119
137359  34.848  -33.405  -6.952 0.3000000119
119952  34.446  -33.226  -7.572 0.3000000119
54164  33.177  -33.423  -7.699 0.4000000060
54165  32.068  -33.637  -6.877 0.5000000000
128599  31.301  -33.493  -7.555 0.5000000000
53108  30.960  -34.086  -7.062 0.5000000000
57214  38.194  -30.133  -1.597 0.3000000119
57232  37.634  -30.524  -2.223 0.3000000119
128655  37.253  -30.977  -2.941 0.3000000119
56230  36.723  -31.449  -3.686 0.3000000119
55218  36.348  -32.314  -4.317 0.3000000119
55236  35.405  -32.538  -6.113 0.3000000119
54181  32.153  -33.241  -8.157 0.4000000060
54182  30.902  -33.067  -8.413 0.4000000060
132531  30.875  -32.466  -9.027 0.4000000060
59171  39.921  -28.484  -0.997 0.3000000119
58131  38.991  -29.703  -1.199 0.3000000119
57243  37.421  -30.057  -3.053 0.3000000119
56223  37.026  -30.623  -3.554 0.3000000119
57253  36.656  -30.693  -4.101 0.3000000119
56231  36.198  -31.298  -4.694 0.3000000119
56241  35.534  -31.478  -5.576 0.3000000119
54152  34.690  -32.975  -7.554 0.3000000119
55247  34.593  -32.366  -8.228 0.3000000119
54179  34.161  -33.099  -8.972 0.3000000119
55261  32.732  -33.026  -9.183 0.4000000060
55262  31.714  -32.760  -9.083 0.3000000119
58139  39.174  -28.764  -1.461 0.3000000119
58140  38.372  -29.306  -1.766 0.3000000119
60275  38.473  -27.751  -2.430 0.3000000119
138457  37.813  -29.698  -2.244 0.3000000119
126479  37.388  -29.380  -3.492 0.3000000119
129556  36.999  -29.907  -3.963 0.3000000119
58169  37.181  -29.034  -4.076 0.3000000119
57266  36.489  -30.214  -4.703 0.3000000119
58185  36.727  -29.318  -4.671 0.3000000119
55237  34.756  -32.412  -6.983 0.3000000119
60274  39.314  -27.259  -1.977 0.3000000119
59198  37.937  -28.491  -2.643 0.3000000119
60290  38.227  -27.104  -3.005 0.3000000119
60276  37.872  -27.854  -3.154 0.3000000119
131951  37.537  -27.976  -3.788 0.3000000119
57267  35.936  -30.489  -5.356 0.3000000119
57281  35.273  -30.616  -6.016 0.3000000119
56252  34.561  -31.522  -7.282 0.3000000119
126480  38.737  -26.976  -2.499 0.3000000119
61281  38.584  -26.382  -2.843 0.3000000119
60291  37.739  -27.250  -3.793 0.3000000119
61292  38.102  -26.470  -3.490 0.4000000060
59224  37.312  -28.393  -4.100 0.3000000119
59225  36.959  -28.514  -4.643 0.3000000119
58201  36.272  -29.566  -5.332 0.3000000119
61293  37.717  -26.532  -4.178 0.4000000060
62326  37.980  -25.855  -3.939 0.4000000060
132074  37.468  -27.059  -4.487 0.4000000060
63383  38.653  -24.421  -3.527 0.3000000119
62343  37.842  -25.294  -4.547 0.4000000060
128896  41.222  -53.070  -9.056 1.0000000000
34475  40.522  -53.886  -8.717 0.8999999762
47683  33.535  -39.126  -4.013 0.6999999881
49826  32.635  -37.443  -4.207 0.8000000119
126615  32.210  -36.675  -4.515 0.8000000119
132297  32.910  -36.641  -4.080 0.6999999881
32492  37.905  -55.213  4.568 0.6000000238
32493  37.199  -55.267  4.164 0.6000000238
34377  36.573  -53.087  1.475 0.6000000238
118931  42.013  -57.969  3.719 0.5000000000
141393  43.133  -57.819  2.933 0.5000000000
36303  38.766  -51.952  4.675 0.6000000238
31716  44.476  -57.218  -7.687 0.8999999762
36302  39.503  -51.321  4.610 0.5000000000
122610  42.347  -54.718  2.645 0.4000000060
141514  41.682  -51.963  3.263 0.5000000000
32517  42.958  -55.807  2.385 0.4000000060
123540  37.187  -51.921  -1.672 0.6999999881
124461  42.007  -54.863  -5.853 0.8999999762
39063  36.590  -48.796  -0.070 0.6999999881
36313  41.631  -51.279  3.218 0.5000000000
36320  42.503  -51.465  2.018 0.5000000000
37290  37.920  -50.914  -3.272 0.8000000119
32535  43.517  -55.670  1.727 0.4000000060
34441  39.822  -53.364  -4.599 0.8000000119
38167  36.670  -49.194  -0.879 0.6999999881
122909  41.808  -49.139  2.348 0.4000000060
34464  37.622  -53.483  -6.391 0.8000000119
39995  37.501  -47.246  2.629 0.6000000238
40968  41.643  -46.825  3.104 0.4000000060
40009  42.388  -47.948  2.012 0.4000000060
37289  38.238  -50.038  -3.624 0.8000000119
34480  43.120  -53.923  -9.714 1.0000000000
40950  42.100  -46.131  3.309 0.5000000000
40953  39.209  -46.315  3.915 0.5000000000
35458  39.035  -52.804  -8.040 1.0000000000
42602  38.358  -44.559  2.544 0.6999999881
35467  45.415  -52.128  -10.511 1.0000000000
34473  42.424  -52.976  -9.483 1.0000000000
38236  37.887  -49.593  -6.959 1.0000000000
39114  38.838  -48.720  -7.565 1.0000000000
37323  43.128  -49.548  -7.133 0.8000000119
41067  43.789  -46.459  -9.546 0.8000000119
39121  43.275  -48.192  -10.418 1.0000000000
38243  42.772  -48.935  -10.211 1.0000000000
41050  40.883  -46.310  -6.362 0.6999999881
41911  41.552  -45.022  -10.371 0.8000000119
123786  39.346  -44.691  -8.498 1.0000000000
41899  38.409  -45.475  -7.593 1.0000000000
42681  39.122  -44.401  -4.463 0.6000000238
133360  40.058  -44.807  -5.898 0.6999999881
130553  49.199  -41.720  -9.362 0.4000000060
39064  34.421  -48.427  -0.495 1.0000000000
40056  34.499  -47.785  -2.131 1.0000000000
47720  48.485  -40.013  -7.982 0.4000000060
137969  35.793  -43.801  -6.800 1.0000000000
44579  48.486  -42.548  -9.414 0.4000000060
46546  48.186  -40.716  -9.157 0.5000000000
45493  48.066  -41.956  -10.265 0.5000000000
49814  44.837  -37.678  -3.340 0.4000000060
49813  45.467  -37.723  -3.810 0.4000000060
118748  34.670  -43.570  -6.172 1.0000000000
46532  46.137  -39.551  -7.558 0.5000000000
138106  32.639  -39.961  -5.585 0.8000000119
46519  42.282  -40.451  -5.851 0.5000000000
46522  40.040  -40.964  -6.098 0.5000000000
46537  38.532  -40.867  -7.039 0.6999999881
126716  39.099  -41.418  -5.039 0.6000000238
45420  39.151  -41.435  -3.329 0.5000000000
45421  38.303  -41.565  -3.113 0.5000000000
48746  33.754  -38.111  -3.359 0.6999999881
49817  34.415  -37.270  -3.119 0.6999999881
51963  34.649  -35.865  -4.097 0.6000000238
127340  36.655  -33.293  -4.157 0.3000000119
30846  39.706  -57.794  -3.264 0.5000000000
30849  40.461  -58.038  -4.152 0.5000000000
133626  41.645  -57.616  -5.351 0.5000000000
29898  39.005  -58.805  -2.345 0.5000000000
29909  40.034  -58.794  -3.695 0.5000000000
29886  37.924  -58.686  -1.213 0.5000000000
133124  39.002  -58.198  -2.236 0.5000000000
29897  39.434  -58.431  -2.826 0.5000000000
29876  37.482  -58.355  -0.518 0.5000000000
30811  36.921  -57.734  0.896 0.4000000060
31675  37.741  -56.544  -0.588 0.5000000000
120576  36.654  -57.257  1.828 0.4000000060
31665  37.511  -56.895  0.083 0.5000000000
31638  36.521  -56.409  2.609 0.5000000000
31652  37.211  -56.132  0.722 0.5000000000
121107  34.299  -52.274  -0.247 0.6999999881
35364  33.857  -52.323  0.617 0.6999999881
131534  34.552  -53.034  -2.534 0.8000000119
35431  34.994  -52.816  -4.165 0.8000000119
134929  34.647  -53.491  -3.133 0.8000000119
35439  36.194  -52.793  -5.396 0.8999999762
36346  34.108  -51.491  0.239 0.6999999881
35412  34.604  -52.163  -3.013 0.8999999762
129248  34.499  -52.203  -2.087 0.8999999762
132949  35.239  -52.076  -4.484 0.8999999762
132748  35.759  -52.024  -5.110 0.8999999762
37235  33.846  -50.838  0.665 0.6000000238
36355  34.369  -51.414  -0.687 0.8000000119
36390  34.684  -51.391  -3.455 0.8999999762
131419  34.980  -51.371  -4.169 0.8999999762
36408  35.938  -51.225  -5.382 0.8999999762
36418  36.558  -51.096  -5.879 0.8999999762
44494  41.747  -42.516  -0.361 0.5000000000
43529  40.246  -42.778  -0.807 0.5000000000
43554  39.696  -43.184  -1.410 0.5000000000
121736  39.889  -42.903  1.065 0.6000000238
43514  39.259  -43.314  0.473 0.5000000000
43530  39.440  -43.204  -0.502 0.5000000000
43503  39.166  -43.506  1.587 0.6000000238
38133  33.529  -49.410  1.413 0.6000000238
37234  34.275  -50.566  -0.121 0.8999999762
36378  34.536  -51.401  -2.595 0.8999999762
36366  34.458  -51.391  -1.664 0.8999999762
37301  34.791  -50.672  -3.843 0.8999999762
37300  35.158  -50.656  -4.451 0.8999999762
37307  36.104  -50.455  -5.582 0.8999999762
43552  41.468  -42.768  -1.927 0.5000000000
43575  41.849  -43.040  -2.837 0.5000000000
122006  42.425  -42.941  -2.064 0.5000000000
43553  40.547  -42.849  -1.690 0.5000000000
120176  39.967  -43.212  -2.282 0.5000000000
43551  43.068  -42.942  -1.370 0.5000000000
44504  41.131  -42.570  -1.058 0.5000000000
37242  34.401  -49.930  -0.644 0.8999999762
126907  34.313  -49.684  0.046 0.6999999881
37258  34.438  -50.507  -1.227 0.8999999762
38195  34.538  -49.940  -2.669 0.8999999762
38204  34.662  -49.861  -3.557 0.8999999762
38211  35.240  -49.928  -4.669 0.8999999762
43589  43.520  -43.224  -3.011 0.5000000000
130125  41.069  -43.114  -3.288 0.5000000000
43574  43.339  -43.183  -2.159 0.5000000000
43573  44.302  -43.378  -2.289 0.5000000000
38185  34.466  -49.621  -1.315 0.8999999762
119387  34.542  -49.287  -3.002 0.8999999762
43590  42.616  -43.116  -3.448 0.5000000000
43603  44.502  -43.353  -4.052 0.5000000000
44528  43.805  -42.979  -3.869 0.5000000000
43588  44.627  -43.574  -3.164 0.5000000000
40982  32.420  -46.734  1.766 0.6000000238
41813  31.494  -45.424  1.642 0.6000000238
40995  32.902  -45.966  1.211 0.8000000119
41825  32.179  -45.079  1.150 0.6999999881
130032  31.119  -44.773  1.314 0.6999999881
42619  30.545  -44.305  0.599 0.6999999881
42637  29.944  -43.936  -0.090 0.6999999881
41824  33.118  -45.345  0.553 0.8000000119
40994  33.757  -46.237  0.430 0.8000000119
41842  31.622  -44.259  0.601 0.6999999881
42636  30.990  -43.698  -0.181 0.6999999881
43533  30.149  -43.499  -0.824 0.6999999881
43532  30.844  -43.330  -0.944 0.6999999881
43583  29.848  -42.732  -1.927 0.6999999881
42634  33.070  -44.278  -0.347 0.8000000119
42653  32.731  -43.627  -0.860 0.8000000119
139831  34.103  -45.562  -0.757 0.8000000119
43582  30.678  -42.684  -1.986 0.6999999881
43558  31.208  -42.990  -1.416 0.6999999881
43557  32.203  -43.113  -1.462 0.8000000119
42652  33.618  -44.254  -1.203 0.8000000119
44516  31.088  -42.473  -2.656 0.6999999881
130083  31.534  -42.297  -3.228 0.8000000119
45447  30.414  -41.117  -4.168 0.6000000238
43579  33.396  -43.396  -2.568 0.8000000119
43580  32.582  -42.950  -2.230 0.8000000119
46511  31.079  -40.526  -4.741 0.6000000238
46512  30.148  -40.382  -4.469 0.6000000238
48763  29.924  -38.295  -5.491 0.6000000238
45446  31.347  -41.222  -4.396 0.8000000119
46526  30.780  -39.685  -5.064 0.6000000238
126081  30.217  -39.011  -5.119 0.6000000238
44530  32.330  -42.423  -3.528 0.8000000119
48776  30.051  -37.665  -5.824 0.6000000238
48775  30.770  -38.036  -5.543 0.6000000238
129726  30.201  -36.254  -6.416 0.6999999881
49852  29.727  -36.427  -6.933 0.6000000238
49843  30.128  -36.971  -6.065 0.6000000238
50884  30.124  -35.862  -6.846 0.6000000238
47715  31.486  -38.971  -5.417 0.6999999881
49841  31.366  -37.572  -5.332 0.6999999881
30783  36.478  -57.399  3.530 0.4000000060
32537  36.880  -55.702  1.342 0.5000000000
30830  38.302  -57.497  -1.290 0.5000000000
30840  38.728  -57.605  -1.946 0.5000000000
35452  36.962  -51.763  -6.182 0.8999999762
43602  45.760  -44.202  -4.416 0.3000000119
41840  33.746  -45.496  -0.114 0.8000000119
29885  38.550  -58.299  -1.637 0.5000000000
29865  37.165  -58.077  0.180 0.5000000000
125715  34.441  -52.217  -1.163 0.8000000119
44495  40.812  -42.556  -0.153 0.5000000000
41841  32.614  -44.558  0.354 0.8000000119
42635  32.174  -43.836  -0.113 0.6999999881
43556  33.166  -43.477  -1.689 0.8000000119
44517  30.175  -42.473  -2.589 0.6999999881
45425  30.753  -41.596  -3.801 0.6999999881
40949  42.961  -46.205  3.294 0.4000000060
41786  44.217  -45.331  3.538 0.4000000060
42585  42.047  -44.661  3.554 0.4000000060
41787  43.380  -45.424  3.490 0.4000000060
43469  41.454  -43.956  3.451 0.5000000000
42582  44.514  -44.451  3.507 0.4000000060
41785  45.817  -45.255  3.506 0.4000000060
43501  40.940  -42.858  2.460 0.5000000000
43502  40.018  -43.030  2.023 0.5000000000
43485  42.654  -43.227  2.958 0.5000000000
43466  43.995  -43.761  3.307 0.4000000060
43468  42.323  -43.840  3.391 0.4000000060
132061  45.338  -44.407  3.519 0.4000000060
43465  44.822  -43.629  3.360 0.4000000060
42583  43.700  -44.542  3.500 0.4000000060
42580  47.038  -44.569  3.484 0.4000000060
44479  40.697  -42.648  1.473 0.5000000000
121880  41.721  -43.170  2.984 0.5000000000
43482  45.151  -42.808  3.058 0.4000000060
43464  46.138  -42.781  3.349 0.4000000060
128883  48.698  -41.615  2.521 0.4000000060
44425  47.566  -42.227  3.192 0.4000000060
43463  47.099  -42.918  3.431 0.4000000060
44432  49.222  -42.414  2.377 0.4000000060
44433  48.424  -42.377  2.832 0.4000000060
44457  41.641  -42.544  1.798 0.5000000000
44438  42.197  -42.744  2.445 0.5000000000
136199  43.031  -42.838  2.385 0.4000000060
49811  48.005  -37.342  -3.223 0.3000000119
43483  44.298  -43.140  2.957 0.4000000060
49796  47.699  -37.464  -1.553 0.3000000119
45348  45.754  -42.078  2.829 0.4000000060
49770  48.121  -37.116  -0.759 0.3000000119
48696  48.202  -37.732  -0.193 0.3000000119
47609  48.475  -39.152  1.110 0.3000000119
47602  48.066  -39.654  1.589 0.3000000119
46421  47.705  -40.305  2.021 0.4000000060
45355  47.359  -40.966  2.531 0.4000000060
44434  46.656  -42.057  3.217 0.4000000060
47608  49.209  -39.494  1.133 0.3000000119
47601  48.688  -39.702  1.562 0.3000000119
45346  48.984  -40.956  2.160 0.4000000060
136167  42.182  -42.462  1.086 0.4000000060
44456  42.568  -42.569  1.724 0.4000000060
44436  44.494  -42.706  2.522 0.4000000060
44454  44.263  -42.537  1.681 0.4000000060
48741  48.470  -38.131  -4.085 0.3000000119
129959  47.950  -39.107  -3.921 0.3000000119
49812  47.703  -37.631  -2.526 0.3000000119
48712  47.347  -38.405  -1.212 0.3000000119
122050  47.176  -38.823  -0.544 0.3000000119
47611  47.013  -39.628  0.487 0.4000000060
46427  47.313  -39.903  1.291 0.4000000060
45356  46.376  -41.359  2.472 0.4000000060
48697  47.633  -38.253  -0.233 0.3000000119
47622  47.384  -38.882  0.207 0.3000000119
44478  41.410  -42.486  0.684 0.4000000060
46491  47.109  -41.147  -3.390 0.3000000119
137371  46.688  -41.880  -2.528 0.3000000119
119963  46.217  -41.113  -1.052 0.4000000060
45383  45.944  -42.141  -0.988 0.4000000060
45384  45.500  -41.874  -0.083 0.4000000060
44475  44.435  -42.490  0.625 0.4000000060
47678  48.101  -39.991  -4.441 0.3000000119
120791  47.150  -40.054  -2.849 0.3000000119
132164  46.824  -40.797  -2.569 0.3000000119
45369  45.310  -41.633  0.962 0.4000000060
44453  44.833  -42.130  1.328 0.4000000060
47670  47.491  -39.165  -3.079 0.3000000119
46474  46.845  -40.061  -1.977 0.3000000119
46439  46.383  -40.342  -0.140 0.4000000060
45368  45.891  -40.889  0.623 0.4000000060
45357  45.454  -41.702  1.964 0.4000000060
47661  47.164  -39.206  -2.135 0.3000000119
47642  46.913  -39.311  -1.226 0.3000000119
46422  46.688  -40.614  1.641 0.4000000060
127426  45.857  -41.146  1.549 0.4000000060
43550  44.048  -43.130  -1.503 0.4000000060
43548  45.664  -43.569  -1.847 0.4000000060
43528  42.734  -42.665  -0.540 0.4000000060
44527  46.754  -43.067  -2.650 0.3000000119
43525  45.347  -43.242  -1.179 0.4000000060
44493  44.572  -42.786  -0.219 0.4000000060
121553  43.291  -42.633  0.161 0.4000000060
140916  46.194  -42.569  -1.501 0.4000000060
44474  45.028  -42.428  0.147 0.4000000060
44476  43.751  -42.612  0.853 0.4000000060
44532  29.745  -42.194  -3.016 0.6000000238
44518  29.403  -42.379  -2.425 0.6000000238
46527  29.844  -39.599  -4.706 0.5000000000
45426  29.788  -41.702  -3.575 0.5000000000
47701  29.538  -38.831  -4.981 0.5000000000
48777  29.456  -37.520  -6.069 0.5000000000
49844  29.521  -37.056  -6.803 0.5000000000
50894  29.764  -36.230  -7.400 0.5000000000
52004  30.170  -35.571  -7.063 0.4000000060
58216  34.566  -29.764  -7.305 0.3000000119
59267  34.973  -29.005  -7.068 0.3000000119
57299  33.954  -29.645  -8.287 0.3000000119
60311  36.797  -27.882  -5.222 0.3000000119
59247  36.013  -28.911  -5.973 0.3000000119
59266  35.521  -28.290  -6.819 0.3000000119
59278  34.367  -28.819  -7.953 0.3000000119
58240  33.345  -28.975  -9.218 0.3000000119
140205  34.036  -27.853  -8.661 0.3000000119
132386  37.418  -25.877  -5.130 0.3000000119
61329  37.039  -26.492  -5.550 0.3000000119
59265  36.290  -27.968  -6.086 0.3000000119
60347  36.257  -27.182  -6.523 0.3000000119
60348  35.816  -27.510  -6.883 0.3000000119
61339  35.750  -26.774  -7.348 0.3000000119
60363  35.096  -27.317  -7.874 0.3000000119
60364  34.353  -27.387  -8.543 0.3000000119
61354  33.916  -25.978  -9.391 0.3000000119
131491  37.655  -26.019  -4.520 0.3000000119
62366  37.066  -25.743  -5.930 0.3000000119
61330  36.494  -26.399  -6.538 0.3000000119
62383  36.638  -25.492  -6.816 0.3000000119
63454  36.330  -25.071  -7.637 0.3000000119
62398  35.779  -25.849  -7.850 0.3000000119
61353  34.867  -26.331  -8.560 0.3000000119
61369  34.587  -25.489  -9.037 0.3000000119
63408  37.880  -24.510  -4.927 0.3000000119
64458  37.650  -23.733  -6.021 0.3000000119
62382  37.194  -25.013  -6.203 0.3000000119
63438  36.855  -24.856  -6.866 0.3000000119
64472  36.855  -23.798  -7.759 0.3000000119
63467  36.126  -24.528  -8.393 0.3000000119
122289  36.318  -23.498  -9.010 0.3000000119
142716  37.912  -23.218  -5.524 0.3000000119
65406  37.721  -22.893  -6.223 0.3000000119
64466  37.328  -23.636  -6.920 0.3000000119
140046  37.206  -23.342  -7.469 0.3000000119
65439  36.813  -22.767  -8.893 0.3000000119
65428  37.535  -22.092  -7.570 0.3000000119
66400  37.589  -21.213  -7.910 0.3000000119
65438  37.343  -21.985  -8.534 0.3000000119
66388  37.696  -21.304  -7.026 0.3000000119
67385  37.603  -20.402  -8.244 0.3000000119
67370  37.637  -20.538  -7.389 0.3000000119
42579  47.533  -43.884  3.357 0.4000000060
40948  43.941  -46.298  3.370 0.4000000060
40947  45.429  -46.048  3.455 0.4000000060
42600  47.798  -44.826  3.175 0.4000000060
41784  46.635  -45.283  3.467 0.4000000060
43500  49.751  -43.204  2.096 0.4000000060
43481  48.967  -43.381  2.627 0.4000000060
42599  48.448  -44.208  2.887 0.4000000060
49785  48.125  -36.589  -1.447 0.3000000119
49769  48.728  -37.233  -0.414 0.3000000119
48682  49.028  -38.679  0.655 0.3000000119
46426  49.921  -40.224  0.845 0.3000000119
45367  49.975  -40.887  1.228 0.3000000119
45354  49.650  -41.292  1.695 0.3000000119
49795  47.879  -36.852  -2.279 0.3000000119
48748  49.249  -38.473  -4.876 0.3000000119
47677  48.711  -39.173  -4.596 0.3000000119
43572  45.252  -43.742  -2.370 0.4000000060
43571  46.028  -43.998  -2.534 0.4000000060
43547  46.204  -43.598  -2.119 0.4000000060
45437  47.504  -42.066  -3.928 0.3000000119
43587  45.693  -44.141  -3.108 0.4000000060
43560  29.603  -43.132  -1.324 0.6000000238
64442  38.278  -23.873  -4.509 0.3000000119
65405  38.067  -22.553  -5.390 0.3000000119
65419  37.892  -22.102  -5.909 0.3000000119
67369  37.706  -20.595  -6.516 0.3000000119
49822  49.122  -37.615  -4.663 0.3000000119
41789  41.824  -45.406  3.511 0.4000000060
132014  40.951  -43.439  3.123 0.5000000000
48742  47.779  -38.272  -3.249 0.3000000119
43527  43.802  -42.847  -0.618 0.4000000060
62365  37.505  -25.147  -5.404 0.3000000119
63455  35.535  -25.183  -8.528 0.3000000119
64481  37.052  -23.040  -8.096 0.3000000119
68295  37.622  -19.909  -6.863 0.3000000119
40966  43.315  -46.956  2.978 0.3000000119
40965  44.870  -46.788  3.216 0.3000000119
139370  38.034  -57.104  -5.918 0.6000000238
31705  38.023  -56.360  -5.908 0.6999999881
31707  36.492  -56.587  -5.110 0.6999999881
40946  46.277  -46.056  3.420 0.3000000119
33464  43.152  -54.193  1.670 0.3000000119
35344  43.110  -52.808  1.291 0.3000000119
32579  34.664  -55.343  -2.929 0.6999999881
39990  43.690  -47.622  2.411 0.3000000119
124606  34.876  -55.780  -3.556 0.6999999881
31700  35.822  -56.042  -4.706 0.6999999881
39989  45.425  -47.484  2.772 0.3000000119
40964  45.850  -46.802  3.194 0.3000000119
32588  36.535  -55.506  -5.154 0.6999999881
39988  46.302  -47.453  2.719 0.3000000119
40979  48.854  -46.951  2.040 0.3000000119
39986  48.081  -47.180  2.409 0.3000000119
40963  46.739  -46.746  3.120 0.3000000119
127537  49.667  -45.875  1.841 0.3000000119
41798  49.144  -45.597  2.366 0.3000000119
40961  48.488  -46.240  2.574 0.3000000119
36331  42.801  -51.306  1.092 0.3000000119
39050  42.737  -48.918  0.726 0.4000000060
33516  34.600  -54.687  -2.693 0.6999999881
39029  44.622  -48.415  1.672 0.3000000119
143393  43.126  -48.320  1.344 0.3000000119
32590  35.216  -55.112  -4.173 0.6999999881
138090  35.536  -55.547  -4.462 0.6999999881
40007  45.833  -48.067  2.230 0.3000000119
40005  47.637  -47.943  2.033 0.3000000119
40004  48.488  -47.749  1.817 0.3000000119
40945  47.095  -45.981  3.324 0.3000000119
40002  50.080  -47.177  1.009 0.3000000119
37222  42.511  -50.590  1.555 0.4000000060
33505  34.492  -54.413  -1.784 0.6999999881
38145  44.615  -49.153  0.194 0.3000000119
39048  44.093  -48.709  0.869 0.3000000119
39028  46.082  -48.674  1.476 0.3000000119
39047  45.091  -48.838  1.145 0.3000000119
33530  34.956  -54.246  -4.010 0.6999999881
39026  48.076  -48.458  1.415 0.3000000119
32589  35.880  -55.044  -4.748 0.6999999881
42598  49.105  -44.755  2.513 0.3000000119
41799  48.494  -45.240  2.771 0.3000000119
41809  50.216  -45.385  1.496 0.3000000119
41810  49.685  -45.073  2.065 0.3000000119
33524  34.699  -54.124  -3.295 0.6999999881
133967  45.670  -49.201  0.545 0.3000000119
34443  35.247  -53.533  -4.378 0.6999999881
38142  48.102  -49.389  0.115 0.3000000119
39045  47.616  -49.046  0.797 0.3000000119
33535  36.000  -54.235  -4.993 0.6999999881
42609  50.180  -44.579  1.684 0.3000000119
38144  46.198  -49.438  -0.012 0.3000000119
34454  35.796  -53.559  -4.923 0.6999999881
123493  50.138  -43.843  1.769 0.3000000119
42669  47.157  -44.396  -3.387 0.3000000119
30861  39.468  -58.272  -7.080 0.5000000000
30855  35.928  -57.546  -5.124 0.6999999881
30853  37.651  -57.653  -5.810 0.6000000238
30854  36.852  -57.518  -5.404 0.6000000238
135404  34.472  -56.051  -1.425 0.6999999881
32574  34.537  -55.448  -2.108 0.6999999881
35362  43.141  -52.081  0.708 0.3000000119
33494  34.414  -54.338  -0.963 0.6999999881
37232  42.740  -50.342  0.493 0.4000000060
34416  34.444  -53.691  -1.252 0.6999999881
38165  43.476  -49.563  -0.510 0.4000000060
38147  43.009  -49.112  0.077 0.4000000060
130778  34.404  -53.021  -0.757 0.6999999881
38163  45.256  -49.545  -0.628 0.3000000119
38162  46.222  -49.655  -0.910 0.3000000119
38180  46.339  -49.968  -1.914 0.3000000119
132686  44.086  -47.105  3.056 0.3000000119
34429  34.493  -53.607  -1.937 0.6999999881
31706  37.405  -56.828  -5.541 0.6000000238
38161  47.659  -49.681  -0.815 0.3000000119
38183  43.891  -49.934  -1.221 0.3000000119
29913  40.596  -59.065  -4.615 0.5000000000
29916  42.203  -60.304  -7.068 0.5000000000
29917  41.579  -60.433  -6.767 0.5000000000
30848  41.031  -57.900  -4.949 0.4000000060
26193  33.821  -62.625  -4.022 0.4000000060
125012  32.730  -64.390  -2.701 0.5000000000
133591  41.693  -59.077  -5.910 0.5000000000
29932  42.169  -60.166  -7.356 0.5000000000
23178  31.504  -65.799  -2.798 0.4000000060
23179  30.649  -65.424  -3.416 0.4000000060
25218  33.417  -63.111  -3.191 0.5000000000
30860  40.691  -59.846  -7.589 0.4000000060
24270  30.220  -64.578  -3.578 0.4000000060
141964  30.104  -64.856  -4.084 0.4000000060
24236  32.026  -64.435  -1.974 0.4000000060
26185  32.982  -62.870  -2.276 0.5000000000
25202  32.251  -63.528  -1.616 0.4000000060
27131  33.890  -61.739  -3.839 0.5000000000
29017  34.391  -59.668  -5.043 0.4000000060
30852  38.442  -57.886  -6.355 0.5000000000
29920  36.382  -58.421  -5.622 0.4000000060
29022  34.875  -59.331  -5.364 0.4000000060
130044  37.220  -58.178  -5.758 0.4000000060
131517  29.622  -64.367  -4.060 0.4000000060
138474  27.952  -62.340  -3.132 0.4000000060
138904  31.561  -63.910  -1.367 0.4000000060
27113  29.503  -61.355  -1.695 0.4000000060
27121  33.209  -62.057  -2.066 0.5000000000
26172  32.493  -62.684  -1.366 0.4000000060
27104  29.705  -61.474  -0.343 0.4000000060
28968  30.473  -59.605  0.933 0.4000000060
28969  30.015  -60.080  0.513 0.4000000060
27120  33.643  -61.433  -2.840 0.5000000000
29011  34.163  -59.931  -3.353 0.5000000000
29868  30.454  -58.711  1.065 0.4000000060
30813  29.905  -57.765  0.656 0.4000000060
28089  34.042  -60.852  -3.614 0.5000000000
29010  34.409  -59.153  -4.140 0.6000000238
29922  34.560  -58.748  -4.962 0.6000000238
29921  35.254  -58.385  -5.206 0.5000000000
123451  28.211  -62.896  -3.224 0.4000000060
123527  29.163  -62.053  -3.120 0.4000000060
24257  30.466  -64.432  -2.586 0.4000000060
26175  29.648  -62.198  -2.307 0.4000000060
27112  32.762  -61.832  -1.134 0.5000000000
26160  31.936  -62.453  -0.477 0.4000000060
26163  29.943  -62.251  -0.821 0.4000000060
27111  33.388  -61.204  -1.843 0.5000000000
28036  30.690  -60.460  1.061 0.4000000060
28047  30.147  -60.881  0.681 0.4000000060
28080  33.804  -60.574  -2.595 0.5000000000
29000  34.298  -59.025  -2.940 0.5000000000
30803  30.604  -57.805  1.524 0.4000000060
29910  34.527  -58.307  -3.452 0.6000000238
29914  34.950  -58.117  -4.775 0.6000000238
128525  29.459  -62.655  -3.193 0.4000000060
26161  31.139  -62.757  -0.286 0.4000000060
25204  29.980  -63.110  -2.281 0.4000000060
26174  30.163  -62.901  -1.296 0.4000000060
27094  31.117  -61.473  0.799 0.4000000060
28069  33.554  -60.346  -1.580 0.5000000000
28035  31.311  -60.214  1.280 0.4000000060
28957  30.991  -59.527  1.377 0.4000000060
29001  33.984  -59.720  -2.282 0.5000000000
29860  31.295  -58.519  1.667 0.4000000060
31701  35.363  -56.801  -4.454 0.6000000238
30847  34.729  -57.494  -3.617 0.6000000238
29899  34.426  -58.121  -2.466 0.6000000238
24271  29.794  -63.830  -3.560 0.4000000060
25220  30.297  -63.839  -2.362 0.4000000060
26145  30.799  -62.142  0.333 0.4000000060
26146  30.197  -62.056  0.209 0.4000000060
28070  33.041  -60.976  -0.873 0.5000000000
27102  32.278  -61.577  -0.216 0.5000000000
27093  31.823  -61.222  0.564 0.5000000000
28980  32.839  -59.835  0.191 0.5000000000
28967  32.449  -59.531  0.989 0.5000000000
28989  33.710  -59.502  -1.307 0.5000000000
28979  33.398  -59.268  -0.429 0.5000000000
28966  33.033  -59.000  0.399 0.5000000000
28956  31.672  -59.391  1.530 0.4000000060
29900  34.170  -58.883  -1.897 0.6000000238
29859  32.049  -58.628  1.785 0.5000000000
30791  31.325  -57.037  2.196 0.4000000060
31702  34.978  -56.685  -3.933 0.6000000238
30841  34.551  -57.313  -2.716 0.6000000238
30823  34.041  -57.950  -0.691 0.6000000238
29878  33.546  -58.473  -0.200 0.5000000000
29858  32.617  -58.606  1.225 0.5000000000
30831  34.443  -57.398  -1.849 0.6000000238
30812  33.653  -57.681  0.049 0.6000000238
29867  33.218  -58.266  0.508 0.5000000000
130291  34.533  -56.505  -2.176 0.6000000238
127114  34.646  -55.930  -2.781 0.6000000238
34378  33.289  -53.537  1.375 0.5000000000
33466  33.427  -54.398  1.145 0.6000000238
132245  33.022  -55.045  1.551 0.5000000000
33481  34.272  -54.573  -0.284 0.6000000238
125481  33.553  -55.225  0.890 0.6000000238
32538  33.157  -55.827  1.339 0.5000000000
31639  32.221  -56.212  2.158 0.5000000000
129063  34.123  -57.156  -0.549 0.6000000238
30800  33.115  -57.545  0.956 0.5000000000
30801  32.398  -57.810  1.709 0.5000000000
30790  32.132  -56.982  2.067 0.5000000000
31640  31.652  -56.311  2.364 0.5000000000
34396  33.765  -53.785  0.684 0.5000000000
133079  33.155  -52.460  1.507 0.5000000000
124407  34.155  -53.175  0.148 0.6000000238
34395  34.150  -53.980  0.121 0.6000000238
32555  33.571  -55.972  0.733 0.6000000238
31655  32.684  -56.401  1.709 0.5000000000
32565  34.432  -55.227  -0.998 0.6000000238
32554  34.072  -55.512  0.100 0.6000000238
118820  40.803  -60.905  -7.412 0.4000000060
130999  39.018  -59.136  -7.071 0.4000000060
30866  41.964  -59.235  -7.925 0.5000000000
30859  41.390  -59.651  -7.706 0.4000000060
31676  34.288  -56.250  -0.622 0.6000000238
29912  41.091  -59.078  -5.290 0.5000000000
28101  40.002  -61.657  -7.057 0.5000000000
29014  40.715  -60.079  -5.897 0.5000000000
29023  41.078  -61.022  -7.191 0.5000000000
26184  33.493  -62.270  -3.042 0.5000000000
24237  31.224  -64.492  -1.703 0.4000000060
24238  30.809  -64.315  -1.711 0.4000000060
28071  29.411  -60.522  -1.072 0.4000000060
127567  29.889  -59.189  0.380 0.4000000060
25203  30.570  -63.558  -1.342 0.4000000060
27103  31.424  -62.010  0.241 0.4000000060
25235  29.273  -63.201  -3.621 0.4000000060
31666  33.754  -56.679  0.259 0.6000000238
27122  29.053  -61.299  -2.607 0.3000000119
136500  29.510  -59.644  -0.528 0.3000000119
28081  29.150  -60.395  -2.055 0.3000000119
130046  29.555  -58.027  -0.192 0.3000000119
28990  29.242  -59.579  -1.692 0.3000000119
127722  29.343  -57.988  -1.190 0.3000000119
29901  29.069  -58.836  -2.049 0.3000000119
23164  30.910  -65.082  -2.344 0.4000000060
23194  30.320  -65.569  -4.107 0.4000000060
24256  31.605  -65.169  -2.316 0.4000000060
25191  31.053  -63.646  -1.017 0.4000000060
25219  32.808  -63.688  -2.479 0.5000000000
25221  29.765  -63.242  -3.203 0.4000000060
25234  33.284  -63.927  -3.343 0.5000000000
26162  30.579  -62.830  -0.444 0.4000000060
26173  31.664  -63.254  -0.889 0.4000000060
26186  28.813  -62.574  -3.423 0.4000000060
27082  31.022  -60.956  1.105 0.4000000060
27095  30.571  -61.418  0.745 0.4000000060
27096  29.975  -61.413  0.427 0.4000000060
27123  28.553  -61.805  -3.133 0.3000000119
28016  43.621  -60.635  2.969 0.5000000000
28034  31.927  -59.967  1.332 0.4000000060
28045  32.211  -60.382  0.803 0.5000000000
28046  31.514  -60.727  1.043 0.4000000060
28058  33.245  -60.112  -0.649 0.5000000000
28059  32.594  -60.702  -0.003 0.5000000000
28060  29.678  -60.724  0.053 0.4000000060
28088  34.260  -60.233  -4.410 0.4000000060
28928  42.424  -59.300  3.487 0.5000000000
28955  32.150  -59.271  1.496 0.4000000060
29018  40.541  -61.310  -6.866 0.5000000000
29838  42.560  -58.555  3.442 0.5000000000
29847  43.999  -58.576  2.685 0.5000000000
29869  29.794  -58.473  0.345 0.3000000119
29875  38.028  -57.990  -0.870 0.5000000000
29879  29.526  -58.681  -0.435 0.3000000119
29887  34.284  -58.106  -1.474 0.6000000238
29888  33.879  -58.698  -0.995 0.5000000000
29889  29.173  -58.289  -1.848 0.3000000119
29915  34.744  -58.238  -4.305 0.6000000238
29923  43.602  -59.073  -7.577 0.8000000119
29925  42.797  -59.910  -7.269 0.5000000000
29926  41.540  -60.605  -7.292 0.5000000000
30773  39.012  -58.011  4.575 0.6000000238
30780  43.223  -58.407  3.065 0.5000000000
30781  42.368  -57.137  3.316 0.5000000000
30787  43.735  -57.189  2.249 0.3000000119
30788  43.056  -57.237  2.781 0.4000000060
30799  37.149  -56.992  0.930 0.4000000060
30802  31.742  -57.793  1.974 0.4000000060
30821  37.867  -57.266  -0.652 0.5000000000
30822  37.562  -57.689  -0.228 0.5000000000
30839  39.183  -57.696  -2.557 0.5000000000
30850  35.329  -57.567  -4.773 0.6000000238
30851  35.042  -57.514  -4.361 0.6000000238
30856  43.806  -58.932  -7.157 0.6999999881
30862  44.438  -57.151  -8.296 0.8999999762
30863  44.141  -58.047  -7.757 0.8000000119
30864  43.265  -59.105  -7.909 0.6000000238
30865  42.533  -58.622  -8.167 0.5000000000
30869  43.975  -57.490  -8.750 0.8999999762
31611  40.954  -56.942  4.089 0.5000000000
31616  36.755  -56.760  3.813 0.5000000000
31653  36.819  -56.360  1.575 0.5000000000
31654  33.206  -56.591  1.097 0.5000000000
31674  38.056  -56.873  -1.073 0.5000000000
31685  34.386  -56.814  -1.278 0.6000000238
31690  38.650  -56.230  -2.529 0.6999999881
31697  34.697  -56.603  -3.149 0.6000000238
31704  41.242  -56.527  -5.052 0.6000000238
31708  35.747  -56.912  -4.786 0.6999999881
31712  40.250  -58.189  -7.487 0.5000000000
31714  38.667  -57.027  -6.362 0.6000000238
31726  43.577  -57.189  -9.199 0.8999999762
32519  41.817  -54.867  3.123 0.5000000000
32521  32.000  -55.611  2.385 0.5000000000
32536  42.908  -54.981  2.156 0.4000000060
32539  32.584  -55.676  1.907 0.5000000000
32564  37.422  -55.328  -0.338 0.6000000238
32586  34.800  -54.882  -3.485 0.6999999881
32587  39.760  -55.343  -4.202 0.6999999881
32591  41.231  -55.704  -5.169 0.6999999881
32599  38.413  -55.131  -6.648 0.8000000119
32606  45.463  -55.259  -8.859 0.8999999762
32610  45.399  -55.126  -9.270 0.8999999762
33416  40.016  -54.375  4.243 0.6000000238
33417  39.155  -54.417  4.563 0.6000000238
33418  38.256  -54.467  4.635 0.6999999881
33419  37.488  -54.509  4.363 0.6000000238
33432  41.440  -54.179  3.380 0.5000000000
33433  40.753  -54.303  3.809 0.6000000238
33434  36.934  -54.569  3.890 0.6000000238
33435  36.620  -54.728  3.279 0.6000000238
33446  42.632  -54.091  2.291 0.4000000060
33448  36.565  -54.253  2.765 0.6000000238
33480  36.795  -54.478  1.107 0.6000000238
33482  33.900  -54.580  0.444 0.6000000238
33503  37.811  -54.843  -2.071 0.6999999881
33504  37.499  -54.335  -1.406 0.8000000119
33514  37.838  -54.210  -2.528 0.6999999881
33522  39.049  -54.958  -3.818 0.6999999881
33523  38.550  -54.635  -3.358 0.6999999881
33527  39.560  -54.319  -4.307 0.6999999881
33529  35.508  -54.286  -4.534 0.6999999881
33537  41.078  -53.624  -5.380 0.8000000119
33544  39.164  -54.666  -7.781 0.8000000119
33546  45.874  -54.253  -9.243 0.8999999762
34337  37.830  -53.805  4.538 0.6999999881
34352  41.723  -53.342  3.176 0.4000000060
34362  42.376  -53.204  2.510 0.4000000060
34406  37.119  -53.183  -0.740 0.8000000119
34408  34.338  -53.795  -0.492 0.6999999881
34436  34.564  -53.899  -2.555 0.6999999881
34444  34.820  -53.510  -3.790 0.6999999881
34453  36.403  -53.720  -5.386 0.8000000119
34463  38.290  -53.794  -6.943 0.8000000119
34469  39.117  -53.740  -7.961 0.8999999762
34472  46.178  -53.227  -9.581 0.8999999762
34477  45.713  -53.138  -10.225 1.0000000000
35305  39.907  -52.952  4.268 0.6000000238
35306  38.930  -52.899  4.594 0.6999999881
35308  37.586  -52.441  4.221 0.6000000238
35321  41.274  -52.613  3.552 0.6000000238
35329  42.446  -52.292  2.331 0.4000000060
35345  42.774  -52.124  1.573 0.3000000119
35346  36.567  -52.215  1.438 0.8000000119
35381  36.662  -52.368  0.130 0.8000000119
35420  37.706  -52.599  -2.758 0.8000000119
35421  34.706  -52.851  -3.451 0.8000000119
35428  39.349  -52.590  -4.435 0.8000000119
35430  35.523  -52.803  -4.761 0.8999999762
35436  40.591  -52.560  -5.141 0.8000000119
35438  36.365  -51.886  -5.644 0.8999999762
35459  38.112  -52.104  -7.038 1.0000000000
35460  46.407  -52.324  -9.887 1.0000000000
35468  44.542  -51.630  -10.532 1.0000000000
36304  38.069  -51.761  4.492 0.6000000238
36314  41.071  -51.075  3.663 0.5000000000
36323  36.675  -51.682  2.224 0.6999999881
36344  43.108  -51.218  0.125 0.3000000119
36354  36.637  -51.715  -0.092 0.8000000119
36377  37.483  -51.926  -2.357 0.8000000119
36389  37.821  -51.846  -3.047 0.8000000119
36409  35.449  -51.318  -4.784 0.8999999762
36415  43.446  -51.094  -7.062 0.6999999881
36426  37.958  -51.259  -6.928 1.0000000000
36427  46.217  -51.411  -10.199 1.0000000000
36431  40.651  -51.543  -8.782 1.0000000000
37207  40.632  -50.556  3.958 0.4000000060
37214  42.118  -50.752  2.548 0.5000000000
37215  37.238  -50.239  3.018 0.6000000238
37233  36.583  -50.195  0.545 0.6999999881
37241  36.637  -50.783  -0.362 0.6999999881
37257  37.098  -50.368  -1.787 0.8000000119
37275  34.503  -50.640  -2.206 0.8999999762
37291  34.586  -50.649  -3.078 0.8999999762
37299  39.341  -50.490  -4.579 0.8000000119
37308  35.586  -50.549  -5.045 0.8999999762
37315  41.273  -50.286  -5.845 0.6999999881
37326  37.873  -50.435  -6.916 1.0000000000
37333  43.168  -49.693  -10.228 1.0000000000
38103  39.429  -49.465  4.755 0.4000000060
38104  38.853  -49.616  4.749 0.4000000060
38114  41.317  -49.547  3.124 0.4000000060
38143  47.080  -49.488  -0.092 0.3000000119
38146  43.631  -49.086  0.039 0.3000000119
38148  42.708  -49.449  0.521 0.4000000060
38151  33.905  -50.075  0.702 0.6999999881
38164  44.166  -49.513  -0.684 0.3000000119
38166  42.991  -49.766  -0.186 0.4000000060
38169  34.425  -49.240  -0.591 0.8999999762
38202  37.931  -49.265  -3.269 0.8000000119
38203  37.560  -49.304  -2.716 0.8000000119
38212  34.867  -49.434  -4.253 0.8999999762
38217  39.632  -49.207  -4.889 0.6999999881
38218  36.241  -49.831  -5.750 1.0000000000
38226  41.419  -49.558  -6.010 0.6999999881
38228  36.112  -49.146  -5.642 1.0000000000
38234  39.069  -49.501  -7.660 1.0000000000
38235  38.454  -50.008  -7.316 1.0000000000
38237  44.764  -48.606  -9.510 0.8000000119
38242  44.105  -48.764  -10.490 1.0000000000
39013  45.042  -48.050  2.277 0.3000000119
39014  41.537  -48.382  2.595 0.4000000060
39027  47.143  -48.590  1.470 0.3000000119
39030  43.705  -48.246  1.578 0.3000000119
39031  42.685  -48.466  1.376 0.3000000119
39032  42.130  -48.512  2.004 0.4000000060
39046  46.651  -49.147  0.752 0.3000000119
39049  43.192  -48.670  0.775 0.3000000119
39072  36.906  -48.700  -1.483 0.8000000119
39073  34.469  -48.825  -1.309 1.0000000000
39081  37.224  -49.000  -2.184 0.8000000119
39082  34.508  -49.227  -2.157 0.8999999762
39098  34.812  -48.612  -4.402 1.0000000000
39102  39.871  -48.490  -5.184 0.6999999881
39109  37.675  -48.125  -6.808 1.0000000000
39978  39.967  -47.522  4.311 0.4000000060
39980  38.041  -47.738  3.913 0.6000000238
39981  37.659  -47.696  3.237 0.6000000238
39987  47.194  -47.362  2.605 0.3000000119
39993  41.326  -47.617  2.951 0.4000000060
39994  40.547  -47.512  3.665 0.4000000060
40006  46.715  -48.067  2.143 0.3000000119
40008  43.039  -47.944  1.786 0.4000000060
40011  37.027  -46.846  0.975 0.6999999881
40012  33.087  -47.605  1.691 0.6999999881
40034  34.369  -47.569  -0.346 0.8999999762
40062  37.865  -47.765  -3.146 0.8000000119
40070  34.633  -47.384  -4.388 1.0000000000
40076  40.122  -47.755  -5.493 0.6999999881
40084  36.665  -47.265  -6.169 1.0000000000
40085  35.957  -47.399  -5.640 1.0000000000
40096  44.076  -47.868  -10.142 0.8999999762
40099  39.925  -47.476  -8.544 1.0000000000
40103  43.426  -46.579  -10.776 0.8000000119
40952  40.196  -46.020  3.783 0.5000000000
40960  49.168  -46.280  2.134 0.3000000119
40962  47.594  -46.563  2.899 0.3000000119
40970  37.983  -45.772  3.153 0.6000000238
40977  50.200  -46.221  1.262 0.3000000119
40992  37.148  -46.257  0.392 0.6999999881
40996  32.100  -45.841  1.622 0.6999999881
41016  37.260  -46.459  -1.290 0.6999999881
41026  34.490  -46.539  -2.954 1.0000000000
41032  38.009  -47.054  -3.421 0.8000000119
41054  35.114  -45.848  -5.689 1.0000000000
41069  39.640  -46.157  -8.522 1.0000000000
41072  42.887  -46.862  -10.712 1.0000000000
41076  42.345  -45.625  -10.778 0.6999999881
41783  47.299  -45.288  3.331 0.3000000119
41788  42.539  -45.425  3.476 0.4000000060
41800  47.823  -45.712  3.054 0.3000000119
41812  37.559  -45.622  1.593 0.6999999881
41822  37.749  -44.937  1.222 0.6999999881
41855  34.199  -45.168  -1.384 0.8000000119
41856  33.706  -44.908  -0.602 0.8000000119
41861  37.592  -45.885  -2.030 0.6999999881
41876  34.641  -45.372  -5.273 1.0000000000
41880  39.594  -45.308  -5.528 0.6999999881
41890  37.205  -45.955  -6.757 1.0000000000
41901  37.065  -45.227  -6.784 1.0000000000
41906  43.588  -45.364  -9.613 0.6999999881
41907  42.654  -44.909  -8.340 0.6999999881
41912  40.646  -45.365  -9.627 1.0000000000
41914  43.116  -45.568  -11.120 0.8000000119
42581  46.192  -44.454  3.521 0.4000000060
42584  42.871  -44.606  3.500 0.4000000060
42587  40.490  -44.138  3.409 0.5000000000
42588  39.596  -43.987  3.064 0.5000000000
42601  38.912  -43.992  2.510 0.6000000238
42610  49.586  -44.151  2.225 0.3000000119
42633  37.723  -44.834  -0.473 0.6999999881
42651  37.861  -44.718  -1.207 0.6999999881
42654  31.712  -43.374  -0.791 0.6999999881
42670  46.501  -44.316  -3.259 0.4000000060
42671  39.300  -43.718  -3.283 0.6000000238
42674  34.040  -43.843  -3.093 0.8999999762
42705  35.472  -44.455  -6.393 1.0000000000
42713  36.473  -44.524  -6.727 1.0000000000
42721  38.640  -44.690  -7.976 1.0000000000
42725  43.443  -44.374  -10.773 0.6999999881
42731  43.245  -44.063  -11.015 0.6999999881
43462  48.037  -43.156  3.128 0.4000000060
43467  43.175  -43.817  3.336 0.4000000060
43484  43.492  -43.244  2.923 0.5000000000
43486  40.222  -43.425  2.830 0.5000000000
43513  39.988  -42.812  0.107 0.5000000000
43526  44.708  -43.145  -0.920 0.4000000060
43531  38.679  -43.702  -0.182 0.6999999881
43534  29.380  -43.560  -0.643 0.6000000238
43549  44.948  -43.468  -1.622 0.4000000060
43559  30.336  -43.074  -1.420 0.6999999881
43576  40.828  -42.970  -2.566 0.5000000000
43577  39.443  -43.532  -2.724 0.6000000238
43581  31.632  -42.712  -2.047 0.8000000119
43594  34.394  -44.328  -3.831 0.8999999762
43604  43.010  -42.890  -4.087 0.6000000238
43605  42.214  -43.107  -4.319 0.6000000238
43608  39.731  -43.803  -4.767 0.6000000238
43618  45.757  -43.909  -5.150 0.4000000060
43620  40.977  -43.372  -5.481 0.6999999881
43626  46.594  -44.057  -6.247 0.3000000119
43628  40.927  -43.738  -6.229 0.6999999881
43629  35.107  -43.683  -6.666 1.0000000000
43636  37.156  -43.888  -7.485 1.0000000000
43638  34.984  -42.280  -7.005 1.0000000000
44435  44.982  -42.295  2.292 0.4000000060
44437  43.825  -42.825  2.389 0.4000000060
44455  43.406  -42.631  1.650 0.4000000060
44477  42.936  -42.540  0.941 0.4000000060
44492  45.482  -42.726  -0.720 0.4000000060
44502  45.976  -43.115  -1.401 0.4000000060
44503  42.081  -42.661  -1.245 0.5000000000
44514  46.418  -42.880  -1.990 0.3000000119
44515  32.021  -42.561  -2.767 0.8000000119
44526  47.200  -43.620  -3.141 0.4000000060
44531  30.633  -42.137  -3.276 0.6999999881
44541  44.202  -42.598  -4.712 0.6000000238
44546  31.635  -41.883  -3.867 0.8000000119
44555  45.301  -42.875  -5.591 0.6000000238
44572  46.948  -42.431  -8.091 0.6000000238
44580  47.969  -42.337  -9.850 0.4000000060
44591  39.992  -42.596  -9.279 0.8000000119
44597  42.436  -42.523  -10.655 0.6999999881
45345  49.320  -41.696  2.136 0.3000000119
45347  47.943  -41.535  2.905 0.4000000060
45392  46.336  -41.943  -1.665 0.4000000060
45404  38.855  -41.398  -2.498 0.5000000000
45418  47.077  -42.461  -3.259 0.3000000119
45419  39.920  -41.316  -3.569 0.5000000000
45422  37.446  -41.591  -2.958 0.5000000000
45448  29.482  -40.995  -3.996 0.5000000000
45455  44.807  -42.155  -5.976 0.6000000238
45458  39.239  -41.190  -5.782 0.6000000238
45459  38.419  -41.367  -5.500 0.6999999881
45471  44.099  -41.926  -7.323 0.6999999881
45474  37.012  -41.334  -6.720 0.8999999762
45476  35.224  -41.632  -6.479 1.0000000000
45477  34.640  -41.640  -6.255 0.8999999762
45479  33.251  -40.951  -5.725 1.0000000000
45486  44.174  -41.988  -8.542 0.6999999881
45498  44.124  -42.016  -9.974 0.6999999881
45500  38.250  -41.413  -8.401 0.8999999762
45501  36.751  -41.751  -7.923 0.8999999762
45507  46.941  -41.181  -10.797 0.6000000238
45511  41.542  -41.111  -10.114 0.6999999881
45518  45.698  -40.993  -11.213 0.6000000238
45519  43.116  -41.485  -11.034 0.6999999881
46414  48.231  -40.865  2.479 0.4000000060
46419  49.291  -40.344  1.596 0.3000000119
46420  48.520  -40.234  2.004 0.4000000060
46428  46.622  -40.238  0.777 0.4000000060
46455  46.558  -40.164  -1.110 0.3000000119
46458  38.374  -40.799  -1.004 0.5000000000
46460  36.965  -40.121  -1.320 0.6000000238
46475  46.540  -40.973  -1.852 0.3000000119
46480  35.529  -40.363  -2.298 0.6999999881
46481  34.774  -40.159  -2.786 0.6999999881
46492  42.521  -39.921  -2.998 0.5000000000
46508  42.685  -40.180  -4.436 0.5000000000
46518  43.043  -40.251  -6.091 0.5000000000
46523  34.026  -41.184  -5.762 0.8000000119
46524  33.428  -40.444  -5.441 0.6999999881
46525  31.683  -40.079  -5.350 0.8000000119
46536  39.298  -40.842  -6.683 0.6000000238
46538  37.794  -41.045  -7.327 0.8000000119
46540  32.572  -40.409  -5.555 0.8999999762
46548  46.649  -39.887  -8.734 0.5000000000
46556  38.405  -40.851  -7.724 0.6999999881
46564  45.209  -39.611  -8.967 0.6000000238
46567  41.747  -40.334  -9.193 0.6000000238
46569  39.595  -40.812  -8.487 0.8000000119
46575  45.904  -40.765  -11.068 0.6000000238
46576  45.188  -40.571  -10.930 0.6000000238
46577  43.677  -40.343  -10.617 0.6000000238
46578  42.289  -40.367  -10.158 0.6999999881
47610  47.743  -39.206  0.939 0.3000000119
47623  46.832  -39.468  -0.369 0.4000000060
47624  41.235  -39.131  -0.689 0.4000000060
47626  39.270  -39.627  0.069 0.4000000060
47643  42.287  -39.121  -1.605 0.3000000119
47645  39.795  -39.962  -0.452 0.4000000060
47671  44.452  -39.316  -4.150 0.4000000060
47674  34.134  -39.743  -3.397 0.6999999881
47680  44.689  -39.453  -4.816 0.4000000060
47684  32.947  -38.926  -4.587 0.8000000119
47693  46.613  -39.083  -5.920 0.4000000060
47697  33.142  -39.649  -4.998 0.6999999881
47698  32.525  -39.172  -5.152 1.0000000000
47699  31.428  -39.448  -5.359 0.6999999881
47700  30.741  -38.721  -5.388 0.6000000238
47707  48.105  -39.557  -7.347 0.4000000060
47714  32.143  -39.283  -5.440 0.8000000119
48683  48.180  -38.451  0.476 0.3000000119
48685  38.543  -38.667  0.378 0.4000000060
48695  48.815  -37.912  0.121 0.3000000119
48699  40.074  -38.721  0.313 0.3000000119
48700  37.800  -38.442  -0.108 0.4000000060
48728  47.485  -38.349  -2.308 0.3000000119
48743  45.139  -38.348  -3.823 0.4000000060
48744  44.508  -38.728  -3.579 0.4000000060
48750  45.674  -38.381  -4.406 0.4000000060
48764  29.217  -38.153  -5.504 0.5000000000
48774  31.400  -38.365  -5.347 0.6999999881
49773  40.382  -37.912  0.455 0.3000000119
49786  47.754  -37.726  -0.709 0.3000000119
49816  36.600  -37.390  -3.450 0.6000000238
49851  49.876  -36.908  -7.728 0.3000000119
49853  29.762  -36.962  -7.702 0.5000000000
50803  39.455  -36.428  1.012 0.3000000119
50804  38.745  -36.453  0.782 0.4000000060
50817  37.261  -36.921  -1.041 0.3000000119
50832  48.232  -36.093  -2.105 0.3000000119
50834  43.454  -35.973  -2.234 0.3000000119
50852  36.379  -36.993  -4.030 0.5000000000
50864  33.638  -36.103  -3.928 0.6999999881
50883  30.640  -35.818  -6.266 0.6999999881
51916  39.111  -35.693  0.914 0.3000000119
51926  38.421  -35.662  0.373 0.3000000119
51960  37.469  -36.230  -3.691 0.4000000060
51961  37.271  -35.866  -4.185 0.4000000060
51989  47.658  -35.251  -5.726 0.3000000119
51991  35.440  -35.029  -5.569 0.4000000060
52003  30.704  -35.311  -6.584 0.6000000238
52992  38.693  -34.153  0.294 0.3000000119
53055  33.474  -34.806  -5.330 0.6000000238
53075  36.173  -34.213  -5.628 0.3000000119
53096  31.393  -34.268  -6.660 0.5000000000
54056  39.177  -33.524  0.486 0.4000000060
54079  38.509  -33.387  -0.059 0.3000000119
54121  36.458  -33.806  -5.033 0.3000000119
54137  35.875  -33.913  -6.055 0.3000000119
54151  35.182  -33.214  -6.731 0.3000000119
54154  33.240  -33.746  -6.922 0.4000000060
54162  34.459  -32.924  -8.446 0.3000000119
54163  34.074  -33.279  -8.307 0.3000000119
54180  33.432  -33.310  -8.830 0.4000000060
55178  38.020  -32.312  -0.800 0.3000000119
55201  37.384  -32.161  -2.181 0.3000000119
55259  34.482  -32.581  -8.921 0.3000000119
56217  37.125  -31.814  -2.880 0.3000000119
56269  34.440  -31.478  -8.135 0.3000000119
58130  39.778  -29.210  -0.805 0.3000000119
58153  37.666  -29.214  -2.836 0.3000000119
58215  35.096  -29.822  -6.519 0.3000000119
58239  33.672  -28.425  -8.861 0.3000000119
59197  38.439  -28.560  -2.041 0.3000000119
59208  37.556  -28.626  -3.444 0.3000000119
59246  36.517  -28.694  -5.318 0.3000000119
59277  34.771  -28.135  -7.779 0.3000000119
60260  39.005  -28.059  -1.871 0.3000000119
60310  37.289  -27.759  -4.461 0.3000000119
60328  37.127  -27.164  -5.073 0.3000000119
60329  36.661  -27.182  -5.810 0.3000000119
61307  37.405  -26.535  -4.832 0.4000000060
62325  38.446  -25.740  -3.267 0.3000000119
62342  38.322  -25.134  -3.747 0.4000000060
63421  37.586  -24.430  -5.713 0.3000000119
63437  37.280  -24.350  -6.505 0.3000000119
63453  36.822  -24.380  -7.329 0.3000000119
65420  37.716  -22.095  -6.668 0.3000000119
66387  37.826  -21.313  -6.040 0.3000000119
68308  37.596  -19.794  -7.734 0.3000000119
118529  48.624  -42.070  -9.676 0.4000000060
118851  40.000  -40.713  -1.906 0.4000000060
120009  40.255  -56.691  4.394 0.6000000238
120161  46.620  -43.670  3.526 0.4000000060
120278  36.273  -41.682  -7.364 1.0000000000
120423  38.240  -44.687  -2.461 0.6000000238
120497  37.731  -31.806  -1.452 0.3000000119
120918  45.079  -42.941  -0.611 0.4000000060
121154  40.237  -59.635  -4.673 0.5000000000
121617  41.661  -40.500  -6.577 0.5000000000
121929  47.181  -41.576  2.967 0.4000000060
123267  36.504  -56.779  3.281 0.5000000000
123573  35.490  -29.160  -6.425 0.3000000119
123658  32.719  -57.076  1.529 0.5000000000
124648  42.873  -43.618  -8.489 0.6999999881
124717  41.409  -45.848  -6.955 0.6999999881
124720  41.449  -36.891  0.088 0.3000000119
124997  40.625  -43.054  -9.654 0.8000000119
124999  50.614  -44.878  1.154 0.3000000119
125216  37.399  -35.258  -1.712 0.3000000119
125928  42.728  -36.815  -1.220 0.3000000119
125958  37.521  -50.847  3.708 0.6000000238
126112  36.686  -49.774  1.268 0.6000000238
126185  34.775  -47.899  -4.569 1.0000000000
126214  37.313  -55.925  -5.489 0.8000000119
126524  41.661  -49.602  -9.433 1.0000000000
126942  34.911  -50.109  -4.180 0.8999999762
127004  38.634  -42.418  -8.715 0.8999999762
127019  39.956  -56.153  -4.112 0.6000000238
127499  37.497  -56.058  -0.067 0.5000000000
127551  42.384  -42.507  0.309 0.4000000060
127663  40.167  -45.800  -5.928 0.6999999881
127684  42.485  -49.841  1.130 0.4000000060
127721  29.315  -58.816  -1.410 0.3000000119
127819  27.408  -62.915  -2.772 0.4000000060
127911  45.271  -44.005  -3.831 0.3000000119
128002  47.507  -40.040  -3.724 0.3000000119
128104  34.513  -49.986  -1.924 0.8999999762
128353  36.440  -23.840  -8.486 0.3000000119
128450  40.030  -46.850  4.024 0.5000000000
128533  37.424  -46.522  1.898 0.6000000238
128549  38.653  -32.138  -0.267 0.3000000119
128735  43.413  -54.854  1.475 0.3000000119
128792  48.843  -36.753  -6.696 0.3000000119
128796  46.188  -41.538  -10.467 0.6999999881
129295  42.671  -42.710  -7.260 0.6999999881
129352  37.640  -33.883  -1.110 0.3000000119
129589  34.932  -31.534  -6.366 0.3000000119
129740  41.893  -38.960  -1.019 0.3000000119
129848  34.475  -52.969  -1.609 0.6999999881
130043  46.626  -43.941  -2.727 0.4000000060
130084  39.382  -55.674  4.583 0.6999999881
130132  43.959  -48.319  -8.291 0.8000000119
130194  45.887  -41.229  -0.362 0.4000000060
130830  33.294  -44.876  0.007 0.8000000119
131016  32.833  -48.228  2.006 0.6999999881
131471  33.674  -53.052  0.894 0.5000000000
131483  38.636  -41.531  -3.828 0.5000000000
131515  45.693  -43.572  3.455 0.4000000060
131731  41.059  -40.603  -9.206 0.6999999881
131847  30.861  -37.519  -5.609 0.8000000119
131942  34.418  -43.604  -5.413 1.0000000000
132054  43.004  -40.449  -10.619 0.6999999881
132119  37.491  -39.928  -0.847 0.5000000000
132232  35.285  -55.988  -4.217 0.6999999881
132235  38.289  -23.082  -4.785 0.3000000119
132580  37.649  -53.150  4.363 0.6000000238
132603  39.820  -57.967  4.441 0.6000000238
132626  36.625  -53.823  1.490 0.6000000238
133012  36.574  -54.916  2.464 0.6000000238
133566  34.801  -52.111  -3.838 0.8999999762
133621  44.591  -47.532  2.690 0.3000000119
134954  44.021  -42.734  0.152 0.4000000060
134998  37.148  -52.430  3.709 0.6000000238
135070  34.542  -42.776  -6.376 1.0000000000
135438  35.573  -41.730  -7.013 1.0000000000
135492  37.471  -22.866  -7.159 0.3000000119
135495  45.352  -48.448  1.792 0.3000000119
135581  39.677  -51.839  -4.661 0.8000000119
135701  34.301  -57.496  -1.142 0.6000000238
135840  41.125  -51.749  3.666 0.5000000000
136032  38.191  -46.418  -3.609 0.6999999881
136381  42.749  -43.146  -2.710 0.5000000000
136474  35.576  -42.860  -7.232 1.0000000000
136590  34.654  -41.936  -6.523 1.0000000000
136718  38.066  -56.554  4.541 0.5000000000
136976  37.421  -57.743  4.383 0.5000000000
137001  40.960  -55.685  3.925 0.5000000000
137026  39.364  -49.781  -4.641 0.6999999881
137039  44.347  -47.997  2.156 0.3000000119
137098  37.286  -57.489  0.372 0.5000000000
137216  42.725  -57.843  3.236 0.5000000000
137317  40.530  -42.635  0.640 0.6000000238
137360  40.092  -43.485  -4.170 0.6000000238
138070  39.518  -44.011  -8.774 1.0000000000
138309  36.222  -41.109  -2.394 0.6999999881
138367  40.962  -41.484  -9.709 0.6999999881
138479  41.854  -48.075  -9.816 1.0000000000
138848  34.079  -49.345  0.690 0.6999999881
138942  40.252  -54.736  -8.505 0.8000000119
138961  37.062  -51.452  -1.462 0.6999999881
139112  40.624  -40.726  -2.464 0.4000000060
139173  31.133  -57.640  1.929 0.4000000060
139214  34.531  -57.801  -3.065 0.6000000238
139291  45.010  -45.243  3.535 0.4000000060
139812  44.402  -40.871  -11.077 0.6000000238
140120  37.931  -23.810  -5.245 0.3000000119
140400  40.744  -59.008  4.029 0.5000000000
140529  39.984  -51.779  4.354 0.4000000060
140553  41.609  -42.758  2.463 0.5000000000
140871  35.835  -32.967  -5.839 0.3000000119
140958  46.489  -43.441  -2.358 0.4000000060
141336  35.055  -36.245  -3.766 0.5000000000
141425  38.452  -49.328  -7.315 1.0000000000
141591  43.890  -58.655  -7.491 0.8000000119
141833  42.142  -57.612  -5.716 0.5000000000
142058  38.159  -38.996  0.063 0.4000000060
142144  41.474  -45.735  -10.231 0.8999999762
142376  46.909  -49.732  -1.078 0.3000000119
142486  37.288  -45.976  -0.751 0.6999999881
142499  38.788  -56.687  4.610 0.6000000238
142651  44.702  -45.968  3.481 0.4000000060
142856  43.247  -43.069  -3.591 0.5000000000
142897  34.085  -44.608  -1.718 0.8000000119
143032  49.049  -44.139  2.572 0.3000000119
143352  37.974  -29.037  -2.252 0.3000000119
143473  34.484  -47.416  -1.629 1.0000000000
