#!ascii label  , from subject sub-v1s17x0050233_ses-1 vox2ras=TkReg
1778
150168  -48.241  -33.373  64.298 0.0000000000
51705  -38.813  -42.493  73.650 0.0000000000
155020  -54.251  -30.241  56.500 0.0000000000
63283  -40.279  -31.099  54.910 0.0000000000
68492  -48.605  -26.437  62.456 0.0000000000
51831  -45.391  -42.169  65.909 0.0000000000
55217  -33.486  -39.383  61.569 0.0000000000
56328  -36.737  -38.671  55.301 0.0000000000
48592  -30.145  -46.012  75.920 0.0000000000
75800  -55.092  -19.241  56.790 0.0000000000
48713  -25.687  -45.560  63.123 0.0000000000
61235  -45.703  -33.047  59.185 0.0000000000
66254  -44.734  -28.194  59.417 0.0000000000
65194  -47.211  -29.692  64.322 0.0000000000
57264  -46.027  -37.831  65.634 0.0000000000
54095  -41.981  -40.470  61.628 0.0000000000
58369  -42.136  -36.003  60.306 0.0000000000
59388  -38.459  -35.350  55.009 0.0000000000
77735  -56.250  -17.381  53.307 0.0000000000
53846  -34.675  -40.083  76.839 0.0000000000
50728  -27.514  -43.744  71.005 0.0000000000
53948  -32.647  -40.238  70.692 0.0000000000
67419  -51.301  -27.972  58.684 0.0000000000
48657  -41.518  -45.139  69.533 0.0000000000
154666  -36.559  -42.048  68.066 0.0000000000
50844  -39.566  -43.132  63.914 0.0000000000
144331  -35.406  -41.048  57.996 0.0000000000
46708  -26.865  -47.174  75.167 0.0000000000
68469  -53.403  -25.679  64.214 0.0000000000
68526  -54.870  -26.909  61.531 0.0000000000
73834  -57.024  -21.257  60.333 0.0000000000
69687  -53.318  -25.381  57.347 0.0000000000
70853  -52.562  -24.535  52.365 0.0000000000
44707  -27.627  -50.038  69.011 0.0000000000
55173  -28.817  -39.807  64.343 0.0000000000
61213  -46.786  -33.137  61.559 0.0000000000
64240  -47.963  -30.958  61.117 0.0000000000
64223  -49.259  -31.299  62.992 0.0000000000
59270  -46.987  -35.184  65.118 0.0000000000
164255  -44.403  -36.295  63.650 0.0000000000
59290  -44.918  -34.724  63.045 0.0000000000
60269  -44.186  -34.286  60.350 0.0000000000
65301  -54.451  -29.394  54.026 0.0000000000
65277  -56.275  -29.365  56.830 0.0000000000
53890  -36.277  -40.613  73.486 0.0000000000
53908  -33.192  -40.256  73.266 0.0000000000
51729  -35.343  -42.019  72.286 0.0000000000
66299  -41.816  -28.885  54.085 0.0000000000
68520  -46.775  -26.927  60.702 0.0000000000
68549  -46.335  -26.827  58.607 0.0000000000
68538  -48.476  -26.563  59.248 0.0000000000
67417  -49.780  -27.076  57.645 0.0000000000
165055  -50.067  -26.407  60.364 0.0000000000
49759  -44.029  -43.950  67.192 0.0000000000
166871  -40.803  -43.850  66.382 0.0000000000
50829  -42.406  -42.982  64.674 0.0000000000
55278  -39.383  -39.417  58.420 0.0000000000
52991  -39.275  -41.389  59.858 0.0000000000
54181  -35.772  -40.667  56.445 0.0000000000
61265  -39.066  -33.330  54.977 0.0000000000
68498  -54.448  -26.685  62.530 0.0000000000
71865  -55.337  -23.439  58.526 0.0000000000
72890  -53.896  -22.645  56.323 0.0000000000
70815  -52.598  -24.592  55.103 0.0000000000
147628  -53.263  -20.776  54.489 0.0000000000
75865  -55.255  -19.597  51.521 0.0000000000
45716  -29.683  -47.994  75.327 0.0000000000
44663  -29.078  -50.276  72.714 0.0000000000
46737  -29.045  -47.783  72.358 0.0000000000
49737  -26.076  -44.461  67.605 0.0000000000
45812  -25.408  -48.165  65.283 0.0000000000
45871  -26.647  -48.294  61.457 0.0000000000
54053  -34.417  -40.544  64.555 0.0000000000
54018  -33.237  -40.575  66.595 0.0000000000
55203  -31.086  -38.956  62.793 0.0000000000
62236  -43.344  -32.366  56.669 0.0000000000
167214  -43.108  -30.102  56.097 0.0000000000
64256  -45.959  -30.790  59.024 0.0000000000
65233  -45.623  -29.138  61.705 0.0000000000
152334  -46.881  -27.301  63.186 0.0000000000
54046  -46.173  -40.068  66.016 0.0000000000
52924  -43.939  -41.181  63.945 0.0000000000
56234  -43.867  -38.796  63.714 0.0000000000
57310  -41.895  -37.908  61.662 0.0000000000
57348  -39.805  -37.451  58.567 0.0000000000
57414  -37.042  -37.338  55.049 0.0000000000
59351  -40.894  -35.698  57.142 0.0000000000
60300  -42.569  -34.569  57.120 0.0000000000
77709  -54.727  -17.306  55.440 0.0000000000
79672  -58.152  -15.229  56.341 0.0000000000
52744  -31.284  -41.418  77.386 0.0000000000
50697  -28.822  -43.806  74.104 0.0000000000
53885  -30.069  -40.448  74.335 0.0000000000
148261  -29.271  -40.719  71.442 0.0000000000
51810  -27.975  -42.046  67.941 0.0000000000
167647  -43.849  -27.625  55.841 0.0000000000
66283  -50.992  -28.323  56.074 0.0000000000
65267  -52.797  -29.795  58.404 0.0000000000
49682  -39.688  -44.085  72.704 0.0000000000
50750  -36.786  -42.953  71.106 0.0000000000
49727  -39.382  -43.882  68.307 0.0000000000
50805  -38.254  -43.203  65.539 0.0000000000
51876  -36.709  -42.285  62.684 0.0000000000
51881  -41.477  -42.055  62.641 0.0000000000
51900  -37.556  -42.406  61.631 0.0000000000
55257  -34.218  -39.685  59.717 0.0000000000
63171  -50.685  -31.620  67.267 0.0000000000
52764  -41.217  -41.631  74.711 0.0000000000
48661  -45.082  -44.623  70.517 0.0000000000
51801  -46.974  -42.810  68.568 0.0000000000
65169  -49.025  -29.739  66.555 0.0000000000
142007  -47.310  -27.007  66.148 0.0000000000
68452  -49.036  -26.040  65.238 0.0000000000
69574  -51.076  -25.092  66.350 0.0000000000
159291  -51.074  -25.975  63.756 0.0000000000
142141  -52.587  -26.810  61.793 0.0000000000
67387  -53.718  -28.209  60.664 0.0000000000
66258  -54.031  -29.308  59.370 0.0000000000
70760  -56.841  -23.839  60.173 0.0000000000
68554  -54.094  -26.432  59.233 0.0000000000
67436  -53.956  -27.516  57.465 0.0000000000
67455  -54.714  -27.529  56.383 0.0000000000
75837  -52.833  -19.477  52.690 0.0000000000
45752  -25.529  -49.225  71.871 0.0000000000
145080  -26.700  -52.780  64.213 0.0000000000
47665  -26.397  -46.870  69.801 0.0000000000
43579  -26.964  -50.447  64.611 0.0000000000
52835  -34.282  -41.409  69.834 0.0000000000
53993  -30.800  -40.458  67.298 0.0000000000
51842  -26.842  -42.083  64.711 0.0000000000
48715  -29.429  -45.194  63.189 0.0000000000
145359  -47.506  -33.140  62.940 0.0000000000
62187  -48.873  -31.851  62.297 0.0000000000
62168  -49.069  -32.139  63.061 0.0000000000
60224  -47.054  -34.523  64.568 0.0000000000
59281  -46.261  -34.636  64.046 0.0000000000
60236  -46.604  -33.825  63.375 0.0000000000
163859  -46.040  -33.590  62.040 0.0000000000
65283  -53.487  -29.845  55.833 0.0000000000
148828  -54.318  -30.023  55.525 0.0000000000
65294  -55.699  -29.872  55.392 0.0000000000
65276  -55.574  -29.974  57.079 0.0000000000
53891  -37.113  -41.081  73.370 0.0000000000
53911  -35.672  -41.292  73.210 0.0000000000
51717  -36.827  -42.593  72.793 0.0000000000
63287  -39.028  -30.700  53.785 0.0000000000
64280  -40.765  -29.848  54.323 0.0000000000
158871  -47.397  -26.725  61.085 0.0000000000
68521  -47.551  -26.651  60.353 0.0000000000
145405  -48.154  -26.526  60.921 0.0000000000
68539  -49.208  -26.469  59.760 0.0000000000
68506  -49.712  -26.272  61.258 0.0000000000
151591  -44.738  -43.147  66.398 0.0000000000
49777  -43.071  -43.581  66.151 0.0000000000
50831  -44.010  -42.561  65.162 0.0000000000
55311  -38.062  -39.555  56.707 0.0000000000
54184  -38.129  -40.105  57.146 0.0000000000
54204  -36.962  -39.926  56.130 0.0000000000
54201  -34.726  -40.626  55.680 0.0000000000
62247  -39.878  -31.870  55.079 0.0000000000
62245  -38.065  -32.393  54.133 0.0000000000
63281  -38.619  -31.600  54.147 0.0000000000
73847  -55.698  -21.438  57.455 0.0000000000
73856  -54.803  -21.186  56.531 0.0000000000
73855  -54.001  -21.815  55.922 0.0000000000
75799  -54.520  -19.363  56.015 0.0000000000
162546  -30.145  -47.209  76.096 0.0000000000
46730  -29.786  -47.886  73.764 0.0000000000
47639  -29.563  -46.535  74.505 0.0000000000
49770  -25.569  -44.746  65.245 0.0000000000
47702  -25.288  -46.562  64.382 0.0000000000
46803  -25.929  -47.185  62.174 0.0000000000
44835  -28.329  -48.856  59.723 0.0000000000
46828  -27.403  -47.266  60.746 0.0000000000
54077  -34.230  -40.203  63.147 0.0000000000
55178  -33.029  -39.870  64.116 0.0000000000
55215  -31.839  -38.886  62.119 0.0000000000
62232  -45.243  -32.593  58.106 0.0000000000
63269  -44.661  -31.690  57.444 0.0000000000
63266  -45.751  -31.857  58.390 0.0000000000
65218  -47.276  -30.218  62.511 0.0000000000
64220  -47.193  -30.404  61.661 0.0000000000
145108  -46.656  -29.627  63.083 0.0000000000
67355  -46.308  -27.824  62.877 0.0000000000
66209  -46.558  -28.692  64.211 0.0000000000
56217  -45.867  -38.672  65.605 0.0000000000
55181  -44.750  -39.814  64.549 0.0000000000
57279  -44.963  -38.066  64.713 0.0000000000
58337  -43.612  -35.935  62.523 0.0000000000
57303  -43.065  -37.288  62.895 0.0000000000
57323  -41.678  -36.996  60.994 0.0000000000
57322  -41.052  -37.479  60.359 0.0000000000
58368  -41.385  -36.625  60.036 0.0000000000
58413  -40.354  -36.199  57.586 0.0000000000
59326  -41.626  -35.670  58.831 0.0000000000
61234  -44.894  -33.670  59.151 0.0000000000
60288  -43.264  -34.567  58.365 0.0000000000
60295  -43.990  -33.830  57.729 0.0000000000
61253  -43.075  -33.337  56.749 0.0000000000
53824  -32.795  -40.733  77.500 0.0000000000
53842  -30.906  -40.778  76.618 0.0000000000
53865  -32.328  -39.831  75.671 0.0000000000
53921  -33.083  -40.339  72.477 0.0000000000
55066  -31.447  -39.419  72.717 0.0000000000
53946  -30.181  -39.847  70.642 0.0000000000
52831  -28.484  -41.574  69.429 0.0000000000
53960  -29.545  -40.502  69.296 0.0000000000
65265  -43.836  -29.146  57.548 0.0000000000
148111  -43.386  -28.693  56.198 0.0000000000
67431  -44.388  -27.714  57.644 0.0000000000
68565  -47.308  -26.605  57.455 0.0000000000
142023  -45.984  -26.625  56.209 0.0000000000
68586  -46.874  -26.561  56.050 0.0000000000
67418  -50.533  -27.460  58.134 0.0000000000
67434  -50.447  -27.676  57.287 0.0000000000
67435  -51.112  -28.214  57.828 0.0000000000
66277  -51.680  -28.932  57.598 0.0000000000
66268  -51.772  -28.796  58.386 0.0000000000
165809  -40.603  -44.968  71.003 0.0000000000
49720  -39.666  -44.389  69.953 0.0000000000
142632  -40.168  -44.570  69.110 0.0000000000
49792  -40.216  -43.589  65.301 0.0000000000
49774  -39.465  -43.634  65.843 0.0000000000
50807  -39.074  -43.517  65.041 0.0000000000
51844  -37.533  -42.923  64.149 0.0000000000
50843  -38.222  -43.171  63.766 0.0000000000
52939  -43.046  -41.083  62.887 0.0000000000
52922  -42.843  -41.719  63.107 0.0000000000
52937  -41.806  -41.640  62.188 0.0000000000
53001  -36.614  -41.383  58.461 0.0000000000
52972  -38.756  -41.724  60.522 0.0000000000
51931  -36.950  -41.816  60.084 0.0000000000
52970  -36.059  -41.537  60.815 0.0000000000
58459  -38.046  -36.018  55.014 0.0000000000
49733  -46.262  -44.106  69.504 0.0000000000
147211  -47.271  -39.256  68.386 0.0000000000
64170  -50.484  -30.722  66.614 0.0000000000
68424  -47.589  -26.549  67.692 0.0000000000
69557  -47.855  -25.828  67.287 0.0000000000
68451  -47.969  -26.319  65.877 0.0000000000
69591  -48.767  -25.736  66.194 0.0000000000
69611  -52.446  -25.166  65.605 0.0000000000
69609  -51.062  -25.786  64.943 0.0000000000
68481  -52.087  -25.951  63.579 0.0000000000
142252  -51.246  -26.258  61.978 0.0000000000
68482  -53.103  -26.259  63.110 0.0000000000
68508  -54.620  -26.858  62.085 0.0000000000
68507  -54.104  -27.164  62.079 0.0000000000
67371  -54.202  -27.567  61.371 0.0000000000
66245  -53.800  -28.709  59.978 0.0000000000
68542  -54.333  -27.877  60.207 0.0000000000
71857  -57.497  -22.921  60.447 0.0000000000
70790  -54.302  -23.825  57.866 0.0000000000
70776  -54.661  -24.326  58.722 0.0000000000
69673  -53.663  -25.897  58.314 0.0000000000
67420  -54.022  -27.602  58.337 0.0000000000
68568  -53.531  -26.576  57.610 0.0000000000
67444  -54.010  -27.419  56.729 0.0000000000
156855  -53.085  -26.094  56.057 0.0000000000
70841  -52.441  -24.565  53.358 0.0000000000
69729  -53.241  -25.913  54.320 0.0000000000
160326  -53.543  -25.601  52.835 0.0000000000
78683  -55.133  -16.828  54.412 0.0000000000
76789  -53.782  -18.217  53.558 0.0000000000
76790  -54.475  -17.803  53.130 0.0000000000
44684  -29.299  -49.997  70.887 0.0000000000
43497  -29.073  -50.730  70.686 0.0000000000
43547  -28.279  -51.374  67.945 0.0000000000
41402  -27.610  -52.839  66.046 0.0000000000
42471  -27.739  -51.707  65.628 0.0000000000
50711  -28.218  -43.503  72.699 0.0000000000
48636  -27.442  -45.450  71.619 0.0000000000
49708  -26.735  -45.184  70.272 0.0000000000
44766  -25.615  -48.847  65.644 0.0000000000
41520  -27.703  -52.203  57.193 0.0000000000
51800  -37.215  -42.631  69.140 0.0000000000
146258  -35.522  -42.201  70.311 0.0000000000
52855  -35.164  -41.599  68.900 0.0000000000
55158  -31.071  -39.772  65.101 0.0000000000
54017  -31.848  -40.401  66.571 0.0000000000
55140  -29.841  -40.098  65.746 0.0000000000
52896  -28.157  -41.162  65.740 0.0000000000
54049  -27.544  -40.853  63.954 0.0000000000
47720  -29.171  -45.869  62.290 0.0000000000
170584  -46.342  -33.051  60.244 0.0000000000
62221  -47.389  -31.874  60.039 0.0000000000
62212  -47.765  -32.015  60.602 0.0000000000
64222  -48.851  -31.109  62.326 0.0000000000
64192  -48.338  -30.396  63.646 0.0000000000
58294  -46.849  -36.311  65.827 0.0000000000
58311  -44.804  -37.001  64.380 0.0000000000
58327  -45.111  -35.950  64.096 0.0000000000
58326  -44.661  -35.497  63.408 0.0000000000
59302  -43.879  -35.114  61.885 0.0000000000
59312  -42.820  -35.195  60.065 0.0000000000
60259  -44.357  -34.393  61.277 0.0000000000
61225  -45.810  -33.419  60.746 0.0000000000
66287  -57.223  -28.706  56.716 0.0000000000
53868  -35.207  -39.747  74.693 0.0000000000
53866  -34.200  -39.882  75.188 0.0000000000
53888  -34.557  -40.368  73.962 0.0000000000
52784  -34.499  -41.286  72.733 0.0000000000
52796  -33.566  -40.922  71.142 0.0000000000
67400  -45.277  -27.718  59.856 0.0000000000
67416  -45.445  -27.215  58.583 0.0000000000
171204  -46.450  -26.899  59.389 0.0000000000
141816  -47.076  -26.690  59.063 0.0000000000
68566  -47.899  -26.596  57.996 0.0000000000
68567  -48.956  -26.857  57.179 0.0000000000
142151  -49.220  -26.604  58.902 0.0000000000
68540  -50.010  -26.605  59.382 0.0000000000
68541  -50.870  -26.782  59.859 0.0000000000
48674  -43.269  -44.666  68.064 0.0000000000
49741  -41.431  -44.585  67.868 0.0000000000
49757  -42.518  -44.029  66.823 0.0000000000
49775  -41.323  -43.688  65.882 0.0000000000
50828  -41.546  -43.123  64.574 0.0000000000
55237  -41.154  -40.059  60.672 0.0000000000
52975  -40.932  -41.182  60.921 0.0000000000
54150  -39.475  -40.647  58.956 0.0000000000
53016  -38.047  -40.918  58.161 0.0000000000
143214  -35.386  -40.960  57.325 0.0000000000
53025  -33.807  -41.085  56.303 0.0000000000
53041  -34.316  -41.016  56.038 0.0000000000
158963  -38.604  -33.993  54.826 0.0000000000
60327  -37.108  -33.620  53.940 0.0000000000
69596  -53.890  -24.967  65.133 0.0000000000
68483  -53.769  -26.135  63.500 0.0000000000
69622  -54.881  -25.635  63.783 0.0000000000
68499  -55.492  -25.948  62.652 0.0000000000
69630  -55.980  -25.513  62.310 0.0000000000
74776  -57.027  -20.370  59.756 0.0000000000
72873  -56.941  -22.220  58.981 0.0000000000
72882  -56.427  -21.900  58.260 0.0000000000
72881  -55.340  -22.350  57.635 0.0000000000
71886  -53.524  -23.460  56.544 0.0000000000
70799  -52.772  -24.575  55.912 0.0000000000
71899  -53.269  -23.095  55.757 0.0000000000
147772  -52.507  -23.210  54.233 0.0000000000
144867  -52.483  -21.821  53.620 0.0000000000
77736  -57.526  -18.109  53.457 0.0000000000
76804  -55.876  -18.544  52.436 0.0000000000
76805  -56.572  -18.747  52.379 0.0000000000
45714  -28.608  -48.517  75.111 0.0000000000
45738  -27.772  -49.062  73.666 0.0000000000
45739  -29.564  -49.280  73.881 0.0000000000
45754  -29.803  -49.377  72.160 0.0000000000
45759  -28.070  -49.132  70.319 0.0000000000
50761  -26.700  -44.103  68.987 0.0000000000
48664  -26.045  -45.510  68.727 0.0000000000
47684  -25.234  -46.354  66.131 0.0000000000
45842  -25.557  -47.960  63.452 0.0000000000
44817  -27.453  -49.728  60.875 0.0000000000
42599  -28.250  -51.824  57.721 0.0000000000
43682  -29.094  -50.797  58.567 0.0000000000
52888  -35.627  -41.296  66.421 0.0000000000
146725  -34.997  -41.121  67.081 0.0000000000
147458  -34.142  -40.570  65.414 0.0000000000
55176  -31.360  -39.507  64.371 0.0000000000
55187  -29.351  -39.309  63.324 0.0000000000
63278  -41.578  -31.755  55.664 0.0000000000
64275  -41.869  -30.441  55.379 0.0000000000
155524  -43.748  -30.873  56.652 0.0000000000
146464  -44.311  -30.104  57.623 0.0000000000
65256  -44.595  -29.691  58.876 0.0000000000
64248  -47.037  -30.831  60.068 0.0000000000
65240  -46.125  -30.270  60.582 0.0000000000
66233  -45.297  -28.810  60.967 0.0000000000
67368  -45.607  -28.190  61.552 0.0000000000
67356  -46.863  -27.119  62.450 0.0000000000
68491  -47.686  -26.773  62.991 0.0000000000
151844  -45.927  -40.863  65.890 0.0000000000
51847  -44.398  -41.932  64.848 0.0000000000
54056  -44.990  -40.661  64.861 0.0000000000
54065  -43.644  -40.599  63.510 0.0000000000
54080  -43.068  -40.201  62.878 0.0000000000
156763  -44.234  -37.927  64.097 0.0000000000
56241  -42.771  -38.725  62.669 0.0000000000
56248  -41.725  -38.934  61.469 0.0000000000
56259  -40.780  -38.439  60.400 0.0000000000
56286  -39.485  -38.435  58.515 0.0000000000
57379  -38.317  -38.022  56.339 0.0000000000
56329  -37.281  -38.010  55.341 0.0000000000
57396  -38.831  -37.114  56.317 0.0000000000
156095  -39.573  -36.419  56.517 0.0000000000
147540  -39.595  -35.637  55.639 0.0000000000
59339  -42.493  -34.968  58.398 0.0000000000
59353  -42.219  -34.933  57.583 0.0000000000
59377  -40.414  -35.188  55.792 0.0000000000
169879  -41.354  -34.002  55.955 0.0000000000
149448  -41.138  -32.652  55.662 0.0000000000
77702  -54.865  -17.541  56.256 0.0000000000
78652  -55.903  -16.300  57.311 0.0000000000
78660  -56.488  -15.885  55.258 0.0000000000
151850  -57.538  -15.982  54.991 0.0000000000
78670  -58.198  -17.481  54.241 0.0000000000
77738  -59.174  -18.050  54.126 0.0000000000
50671  -30.634  -43.381  77.199 0.0000000000
49630  -29.567  -44.146  75.528 0.0000000000
50678  -29.615  -42.990  75.568 0.0000000000
51704  -29.310  -42.290  74.715 0.0000000000
51727  -28.729  -42.138  72.919 0.0000000000
55026  -31.472  -39.565  74.456 0.0000000000
53919  -29.410  -40.630  72.324 0.0000000000
51762  -28.098  -42.402  70.809 0.0000000000
51779  -27.585  -42.922  69.156 0.0000000000
50783  -26.975  -43.223  67.792 0.0000000000
50804  -26.238  -43.465  65.471 0.0000000000
65280  -42.326  -29.695  55.280 0.0000000000
66300  -42.494  -28.540  54.403 0.0000000000
67441  -44.767  -27.226  57.047 0.0000000000
66285  -52.338  -29.472  56.700 0.0000000000
149812  -53.273  -30.112  57.935 0.0000000000
50700  -38.794  -43.530  73.024 0.0000000000
50714  -37.724  -43.282  72.529 0.0000000000
49680  -38.233  -43.597  72.252 0.0000000000
50765  -38.384  -43.516  70.152 0.0000000000
50774  -38.021  -43.020  68.524 0.0000000000
49739  -39.879  -44.023  67.453 0.0000000000
166007  -38.748  -43.430  66.909 0.0000000000
151003  -37.617  -42.606  66.958 0.0000000000
52898  -36.412  -41.716  65.076 0.0000000000
52906  -35.815  -41.388  63.975 0.0000000000
54078  -34.627  -40.260  62.395 0.0000000000
51846  -43.606  -42.236  64.444 0.0000000000
50847  -42.125  -42.703  63.947 0.0000000000
50866  -40.018  -42.611  63.197 0.0000000000
52952  -40.715  -41.560  61.359 0.0000000000
51879  -39.559  -42.364  62.414 0.0000000000
50865  -39.057  -42.840  63.169 0.0000000000
171116  -36.868  -42.380  62.134 0.0000000000
54093  -35.515  -40.945  61.261 0.0000000000
57412  -35.262  -37.777  54.458 0.0000000000
60217  -49.071  -33.843  65.885 0.0000000000
62141  -50.178  -32.436  65.478 0.0000000000
46691  -29.523  -47.589  77.316 0.0000000000
49620  -31.246  -44.895  77.964 0.0000000000
144017  -32.703  -43.002  78.672 0.0000000000
52736  -34.407  -41.204  78.286 0.0000000000
55013  -37.432  -38.507  75.209 0.0000000000
55029  -38.521  -39.455  74.496 0.0000000000
53893  -39.417  -40.461  74.584 0.0000000000
51706  -39.931  -42.524  74.151 0.0000000000
50702  -40.423  -43.658  73.500 0.0000000000
48612  -41.294  -44.326  72.958 0.0000000000
142801  -42.124  -45.210  71.192 0.0000000000
147662  -43.977  -44.740  71.682 0.0000000000
48659  -43.657  -45.102  70.181 0.0000000000
49731  -44.735  -44.490  68.508 0.0000000000
50787  -45.546  -43.552  67.608 0.0000000000
50795  -46.029  -42.853  67.247 0.0000000000
52892  -46.475  -41.538  66.828 0.0000000000
54024  -46.999  -40.218  67.388 0.0000000000
56205  -46.587  -38.780  66.701 0.0000000000
59255  -47.961  -35.040  66.002 0.0000000000
63202  -50.275  -31.328  64.654 0.0000000000
64180  -49.499  -30.419  64.886 0.0000000000
65182  -47.533  -29.503  65.287 0.0000000000
66179  -48.358  -27.986  68.577 0.0000000000
160993  -47.426  -28.615  66.570 0.0000000000
66204  -47.035  -28.633  65.758 0.0000000000
67339  -47.111  -27.361  64.733 0.0000000000
68478  -47.954  -26.672  63.783 0.0000000000
153587  -48.582  -26.456  63.342 0.0000000000
69592  -49.944  -25.545  65.996 0.0000000000
68465  -49.638  -26.131  64.348 0.0000000000
68479  -49.375  -26.279  62.927 0.0000000000
142253  -50.250  -26.216  61.797 0.0000000000
142459  -51.589  -26.685  61.134 0.0000000000
68524  -51.626  -27.110  60.430 0.0000000000
68497  -53.894  -26.664  62.709 0.0000000000
68525  -52.454  -27.392  61.010 0.0000000000
67404  -52.558  -28.466  59.984 0.0000000000
66256  -52.860  -29.119  59.508 0.0000000000
65249  -53.729  -29.671  59.100 0.0000000000
65268  -54.037  -30.193  58.230 0.0000000000
70725  -57.049  -24.068  61.683 0.0000000000
69652  -55.798  -25.504  60.893 0.0000000000
70777  -55.874  -23.892  59.355 0.0000000000
69661  -55.817  -24.722  60.085 0.0000000000
157407  -54.539  -27.043  60.137 0.0000000000
67405  -54.204  -27.670  59.335 0.0000000000
67421  -54.269  -28.617  59.012 0.0000000000
66279  -54.829  -29.380  57.964 0.0000000000
66286  -55.501  -29.226  57.341 0.0000000000
146174  -55.486  -28.419  56.945 0.0000000000
67457  -56.827  -27.665  56.551 0.0000000000
69718  -53.118  -26.037  55.198 0.0000000000
149478  -55.224  -26.796  55.086 0.0000000000
68593  -57.075  -27.020  56.072 0.0000000000
75813  -53.734  -19.138  54.803 0.0000000000
74860  -52.978  -20.270  53.959 0.0000000000
73917  -51.918  -21.846  51.395 0.0000000000
75863  -53.698  -19.281  51.648 0.0000000000
74916  -52.736  -20.902  50.772 0.0000000000
71963  -52.823  -23.751  50.708 0.0000000000
44662  -27.975  -50.155  72.436 0.0000000000
48622  -28.714  -46.235  73.158 0.0000000000
46741  -27.774  -47.237  71.438 0.0000000000
45767  -26.597  -48.641  69.177 0.0000000000
47667  -25.650  -46.930  68.183 0.0000000000
45785  -25.876  -48.970  67.291 0.0000000000
43559  -26.922  -50.383  66.493 0.0000000000
42502  -27.395  -52.047  63.790 0.0000000000
50712  -36.407  -42.847  71.840 0.0000000000
52818  -34.673  -41.765  71.117 0.0000000000
52816  -33.222  -40.773  70.211 0.0000000000
52853  -33.799  -40.927  68.074 0.0000000000
53978  -32.443  -40.625  68.607 0.0000000000
144288  -31.018  -40.334  68.729 0.0000000000
53975  -29.752  -40.553  68.076 0.0000000000
51827  -27.085  -42.244  65.639 0.0000000000
50823  -26.089  -43.353  64.528 0.0000000000
55212  -28.691  -39.544  61.806 0.0000000000
52948  -27.520  -41.328  61.611 0.0000000000
52935  -27.116  -41.698  62.253 0.0000000000
50857  -26.560  -43.003  62.716 0.0000000000
48722  -27.119  -45.181  62.204 0.0000000000
47718  -26.849  -45.974  61.893 0.0000000000
61183  -48.281  -32.901  63.476 0.0000000000
62153  -49.071  -32.679  64.169 0.0000000000
60225  -47.873  -34.055  64.804 0.0000000000
170114  -46.802  -34.147  64.013 0.0000000000
60237  -47.425  -33.670  63.964 0.0000000000
65284  -55.087  -30.266  56.442 0.0000000000
65275  -54.864  -30.253  57.202 0.0000000000
52761  -37.882  -41.830  73.491 0.0000000000
52776  -36.894  -42.123  73.168 0.0000000000
51718  -37.631  -42.732  73.152 0.0000000000
64279  -39.940  -30.348  54.227 0.0000000000
163713  -40.670  -30.479  54.742 0.0000000000
143159  -47.738  -26.645  61.866 0.0000000000
142437  -48.789  -26.379  61.537 0.0000000000
68523  -49.055  -26.364  60.640 0.0000000000
50812  -45.065  -42.705  66.148 0.0000000000
50811  -44.384  -42.910  65.850 0.0000000000
51830  -44.737  -42.361  65.524 0.0000000000
55326  -37.232  -39.224  55.795 0.0000000000
55310  -37.559  -39.567  56.290 0.0000000000
163992  -39.234  -31.949  54.699 0.0000000000
63282  -39.480  -31.244  54.494 0.0000000000
75787  -55.980  -18.991  57.896 0.0000000000
74806  -55.643  -19.971  57.337 0.0000000000
74820  -54.806  -20.194  56.380 0.0000000000
169394  -29.845  -46.987  75.024 0.0000000000
48603  -29.770  -46.238  75.193 0.0000000000
49786  -25.590  -44.570  64.489 0.0000000000
145943  -25.373  -45.853  63.895 0.0000000000
47716  -25.746  -46.597  62.622 0.0000000000
47729  -26.608  -46.883  61.474 0.0000000000
47717  -26.172  -46.381  62.208 0.0000000000
55205  -33.791  -39.787  62.472 0.0000000000
55204  -32.801  -39.295  62.489 0.0000000000
55216  -32.506  -38.900  61.490 0.0000000000
61245  -45.183  -33.188  58.535 0.0000000000
62228  -45.812  -32.546  58.703 0.0000000000
65207  -47.316  -30.041  63.365 0.0000000000
65206  -46.675  -29.419  63.698 0.0000000000
66215  -46.229  -28.796  63.251 0.0000000000
56227  -45.526  -38.192  65.225 0.0000000000
59301  -43.145  -35.727  61.633 0.0000000000
58353  -42.836  -36.612  62.245 0.0000000000
58352  -42.463  -36.326  61.307 0.0000000000
58386  -41.670  -35.997  59.529 0.0000000000
61244  -44.518  -33.755  58.382 0.0000000000
61249  -44.687  -33.264  57.893 0.0000000000
170983  -34.323  -40.403  77.191 0.0000000000
53844  -32.472  -40.125  76.658 0.0000000000
53845  -34.151  -40.102  76.333 0.0000000000
53933  -32.941  -40.290  71.627 0.0000000000
53932  -31.927  -39.641  71.327 0.0000000000
53947  -31.379  -39.721  70.402 0.0000000000
145704  -29.784  -40.219  69.991 0.0000000000
152539  -30.566  -39.899  69.945 0.0000000000
157042  -44.396  -28.765  58.830 0.0000000000
66267  -44.119  -28.470  58.056 0.0000000000
67415  -44.638  -27.792  58.553 0.0000000000
68577  -47.501  -26.620  56.662 0.0000000000
143433  -46.656  -26.622  56.873 0.0000000000
67402  -50.746  -27.099  58.991 0.0000000000
48648  -40.891  -45.064  70.203 0.0000000000
49721  -40.301  -44.797  69.802 0.0000000000
48656  -40.804  -44.933  69.282 0.0000000000
50826  -39.626  -43.459  64.749 0.0000000000
49791  -39.680  -43.603  65.412 0.0000000000
147063  -38.900  -43.366  64.251 0.0000000000
50825  -38.451  -43.309  64.448 0.0000000000
146351  -38.736  -43.151  63.655 0.0000000000
161774  -42.514  -40.577  62.228 0.0000000000
52938  -42.435  -41.416  62.466 0.0000000000
52954  -41.999  -41.139  61.800 0.0000000000
53000  -35.936  -41.361  58.616 0.0000000000
51938  -36.968  -41.620  59.196 0.0000000000
52988  -35.907  -41.380  59.382 0.0000000000
52999  -35.364  -41.029  58.768 0.0000000000
59387  -37.606  -35.309  54.651 0.0000000000
68437  -48.040  -25.910  66.602 0.0000000000
69595  -53.182  -25.065  65.367 0.0000000000
161348  -52.893  -25.449  64.953 0.0000000000
69610  -51.933  -25.543  65.152 0.0000000000
68468  -52.520  -25.691  64.379 0.0000000000
163313  -53.040  -25.873  63.747 0.0000000000
67388  -54.126  -28.192  60.567 0.0000000000
150401  -54.570  -27.461  60.847 0.0000000000
72865  -57.327  -21.984  60.233 0.0000000000
70789  -53.576  -24.435  57.472 0.0000000000
70775  -53.807  -24.839  58.155 0.0000000000
142300  -53.208  -26.042  56.788 0.0000000000
68580  -53.503  -26.745  56.700 0.0000000000
154381  -52.240  -23.949  52.866 0.0000000000
69758  -52.879  -25.237  53.014 0.0000000000
69759  -53.257  -25.239  52.219 0.0000000000
70854  -53.076  -24.689  51.429 0.0000000000
78684  -55.876  -16.646  53.997 0.0000000000
77734  -55.061  -17.217  53.653 0.0000000000
77755  -55.469  -17.774  52.848 0.0000000000
165842  -26.743  -47.551  74.453 0.0000000000
44692  -28.115  -49.761  69.806 0.0000000000
43508  -28.461  -50.668  69.421 0.0000000000
43525  -28.046  -50.764  68.517 0.0000000000
42440  -28.001  -51.282  67.273 0.0000000000
43546  -27.733  -50.796  67.685 0.0000000000
50729  -27.809  -43.862  71.933 0.0000000000
49697  -27.447  -44.558  71.406 0.0000000000
49709  -27.141  -44.392  70.632 0.0000000000
41504  -26.872  -52.123  57.495 0.0000000000
51799  -36.543  -42.197  68.807 0.0000000000
51798  -35.916  -41.791  68.470 0.0000000000
163735  -29.914  -39.494  64.521 0.0000000000
54037  -30.700  -40.064  65.820 0.0000000000
55156  -29.406  -39.821  64.927 0.0000000000
55155  -28.635  -40.216  64.889 0.0000000000
54050  -28.134  -40.235  64.014 0.0000000000
61226  -46.630  -33.050  60.810 0.0000000000
62211  -47.051  -32.514  60.218 0.0000000000
61214  -47.385  -32.567  60.997 0.0000000000
62188  -49.251  -31.626  62.951 0.0000000000
63223  -48.856  -31.492  62.292 0.0000000000
64206  -49.173  -30.888  63.092 0.0000000000
58313  -46.520  -35.869  65.192 0.0000000000
58312  -45.727  -36.447  64.795 0.0000000000
60235  -45.717  -34.325  63.280 0.0000000000
59280  -45.385  -35.075  63.743 0.0000000000
59289  -44.283  -35.270  62.701 0.0000000000
60246  -44.638  -34.552  62.192 0.0000000000
60260  -45.282  -33.846  61.561 0.0000000000
170665  -46.110  -33.418  61.340 0.0000000000
65285  -55.815  -29.987  56.354 0.0000000000
55027  -36.202  -39.548  74.213 0.0000000000
152805  -34.888  -40.259  74.104 0.0000000000
53889  -35.423  -40.379  73.756 0.0000000000
51715  -35.331  -41.802  72.613 0.0000000000
52773  -34.929  -41.389  72.908 0.0000000000
52785  -34.990  -41.661  72.536 0.0000000000
150831  -34.258  -41.352  72.275 0.0000000000
51728  -34.745  -41.659  72.218 0.0000000000
65299  -41.094  -29.200  53.816 0.0000000000
67384  -46.073  -27.228  60.148 0.0000000000
68537  -47.702  -26.618  59.550 0.0000000000
68550  -47.806  -26.609  58.760 0.0000000000
68551  -48.524  -26.596  58.460 0.0000000000
49730  -43.987  -44.440  67.929 0.0000000000
49742  -42.450  -44.569  67.723 0.0000000000
49758  -43.275  -44.297  67.403 0.0000000000
50809  -42.731  -43.281  65.412 0.0000000000
49776  -42.180  -43.692  66.004 0.0000000000
50808  -41.871  -43.411  65.277 0.0000000000
55258  -40.245  -39.722  59.595 0.0000000000
148368  -40.607  -40.262  60.160 0.0000000000
55279  -39.790  -39.998  58.936 0.0000000000
54182  -36.590  -40.537  56.669 0.0000000000
54165  -37.790  -40.583  57.462 0.0000000000
54164  -37.044  -40.717  57.264 0.0000000000
53014  -36.541  -41.068  57.646 0.0000000000
53028  -35.996  -40.956  57.136 0.0000000000
53027  -35.370  -40.882  56.800 0.0000000000
53042  -35.050  -40.794  56.276 0.0000000000
149494  -37.795  -33.812  54.417 0.0000000000
61264  -38.305  -33.167  54.533 0.0000000000
69597  -54.454  -24.820  64.883 0.0000000000
152769  -54.335  -25.341  64.490 0.0000000000
70691  -55.982  -24.642  63.451 0.0000000000
70707  -55.950  -25.365  62.880 0.0000000000
69631  -56.536  -24.780  62.297 0.0000000000
76745  -56.748  -19.206  59.775 0.0000000000
76739  -56.448  -19.104  60.257 0.0000000000
75757  -56.837  -19.753  59.941 0.0000000000
74791  -57.139  -20.801  59.217 0.0000000000
73841  -57.144  -21.515  59.082 0.0000000000
73840  -56.706  -21.160  58.380 0.0000000000
72891  -54.664  -22.062  56.828 0.0000000000
71887  -54.371  -23.043  57.131 0.0000000000
71885  -53.014  -23.877  56.096 0.0000000000
73869  -53.609  -21.323  55.123 0.0000000000
72901  -53.296  -22.273  55.191 0.0000000000
73880  -53.006  -21.606  54.453 0.0000000000
72912  -52.713  -22.472  54.349 0.0000000000
77756  -57.881  -18.345  53.285 0.0000000000
147623  -57.222  -18.526  52.932 0.0000000000
46710  -28.919  -48.217  75.841 0.0000000000
45725  -29.174  -48.999  74.539 0.0000000000
45726  -29.581  -48.607  74.449 0.0000000000
46738  -29.678  -48.299  73.014 0.0000000000
45749  -29.620  -48.687  72.397 0.0000000000
45753  -29.142  -48.600  71.725 0.0000000000
46742  -28.497  -47.703  71.731 0.0000000000
50772  -26.583  -43.925  68.135 0.0000000000
49726  -26.237  -44.668  68.464 0.0000000000
49736  -25.640  -45.016  67.058 0.0000000000
45857  -25.730  -47.793  62.719 0.0000000000
46791  -25.355  -47.266  63.952 0.0000000000
44805  -26.692  -49.138  62.199 0.0000000000
44816  -27.150  -49.053  61.212 0.0000000000
44834  -27.782  -49.578  60.019 0.0000000000
151665  -27.612  -48.872  60.375 0.0000000000
44857  -29.642  -49.320  59.275 0.0000000000
43659  -29.410  -50.057  58.942 0.0000000000
150980  -35.653  -41.219  65.563 0.0000000000
52887  -34.779  -40.883  66.133 0.0000000000
54041  -35.040  -40.816  65.123 0.0000000000
161921  -31.652  -39.295  63.605 0.0000000000
55177  -32.181  -39.623  64.261 0.0000000000
55188  -30.124  -39.078  63.072 0.0000000000
62242  -42.198  -31.974  56.057 0.0000000000
63272  -42.810  -31.736  56.354 0.0000000000
63273  -43.562  -31.523  56.638 0.0000000000
64264  -45.644  -31.098  58.449 0.0000000000
64267  -44.633  -30.925  57.466 0.0000000000
64263  -44.935  -30.724  58.058 0.0000000000
171022  -44.592  -30.111  58.298 0.0000000000
65247  -45.167  -30.085  59.400 0.0000000000
63250  -47.753  -31.548  60.563 0.0000000000
63259  -47.350  -31.363  60.020 0.0000000000
64249  -47.672  -31.139  60.534 0.0000000000
65234  -46.168  -29.972  61.428 0.0000000000
145675  -45.600  -29.583  61.040 0.0000000000
166672  -45.284  -29.605  60.280 0.0000000000
165087  -45.431  -41.000  65.386 0.0000000000
54045  -45.599  -40.361  65.460 0.0000000000
56235  -44.522  -38.898  64.335 0.0000000000
55193  -44.120  -39.738  63.921 0.0000000000
55192  -43.511  -39.599  63.347 0.0000000000
57293  -44.009  -37.055  63.703 0.0000000000
57302  -42.519  -37.745  62.366 0.0000000000
156764  -42.978  -38.054  62.960 0.0000000000
56249  -42.263  -38.787  62.086 0.0000000000
56260  -41.211  -39.148  60.856 0.0000000000
165049  -41.309  -38.123  61.023 0.0000000000
58384  -40.376  -37.207  59.197 0.0000000000
57335  -40.489  -37.816  59.833 0.0000000000
57366  -39.294  -37.708  57.855 0.0000000000
58425  -39.289  -37.019  57.177 0.0000000000
58400  -41.050  -35.815  58.124 0.0000000000
167350  -39.823  -36.456  57.194 0.0000000000
58426  -40.255  -35.988  56.760 0.0000000000
58445  -40.044  -35.874  56.089 0.0000000000
60268  -43.531  -34.611  59.829 0.0000000000
59327  -42.982  -34.832  59.142 0.0000000000
60287  -42.906  -34.606  57.703 0.0000000000
59365  -41.856  -34.852  56.816 0.0000000000
59364  -41.171  -35.011  56.256 0.0000000000
60299  -41.571  -34.428  56.306 0.0000000000
60306  -40.973  -34.488  55.842 0.0000000000
61252  -42.184  -33.362  56.364 0.0000000000
62235  -42.560  -32.572  56.390 0.0000000000
62241  -41.837  -32.628  56.051 0.0000000000
79671  -57.038  -15.241  56.279 0.0000000000
146206  -58.740  -16.715  54.840 0.0000000000
77720  -59.007  -17.771  54.409 0.0000000000
78686  -59.664  -17.613  54.349 0.0000000000
51691  -30.876  -42.316  77.363 0.0000000000
50679  -30.038  -43.757  76.364 0.0000000000
51690  -30.172  -42.435  76.413 0.0000000000
52759  -30.263  -40.607  75.224 0.0000000000
52758  -29.828  -41.317  74.962 0.0000000000
51714  -29.002  -42.184  73.741 0.0000000000
149241  -29.445  -41.332  74.061 0.0000000000
53887  -33.896  -40.177  74.321 0.0000000000
147092  -33.066  -39.865  74.974 0.0000000000
55049  -32.397  -39.637  73.870 0.0000000000
53931  -30.013  -39.867  72.092 0.0000000000
53920  -30.023  -39.955  72.837 0.0000000000
52795  -28.942  -41.335  71.741 0.0000000000
52782  -28.539  -41.864  71.243 0.0000000000
52814  -28.497  -41.708  70.381 0.0000000000
52851  -28.474  -41.475  68.470 0.0000000000
51797  -28.025  -42.200  68.858 0.0000000000
51809  -27.416  -42.563  67.429 0.0000000000
51808  -26.853  -43.056  66.918 0.0000000000
51819  -27.284  -42.415  66.538 0.0000000000
64276  -42.597  -30.310  55.756 0.0000000000
156798  -42.860  -29.570  55.715 0.0000000000
66282  -43.697  -28.045  56.468 0.0000000000
66291  -43.385  -28.254  55.628 0.0000000000
67432  -45.072  -27.201  57.844 0.0000000000
68563  -45.816  -26.883  57.977 0.0000000000
147742  -45.359  -26.686  55.469 0.0000000000
142008  -49.164  -26.700  58.074 0.0000000000
67443  -50.419  -27.793  56.472 0.0000000000
170144  -51.505  -28.724  56.012 0.0000000000
65266  -52.371  -29.605  57.545 0.0000000000
65273  -53.023  -29.911  57.070 0.0000000000
49660  -39.237  -43.778  72.901 0.0000000000
49659  -38.487  -43.537  72.702 0.0000000000
49681  -38.974  -43.828  72.486 0.0000000000
49719  -39.141  -43.896  69.508 0.0000000000
49711  -38.965  -43.883  70.679 0.0000000000
50775  -38.603  -43.508  68.987 0.0000000000
49756  -41.064  -44.160  67.081 0.0000000000
49740  -40.546  -44.298  67.643 0.0000000000
49755  -40.323  -43.980  66.846 0.0000000000
50806  -38.898  -43.514  65.634 0.0000000000
49753  -39.192  -43.617  66.368 0.0000000000
170608  -38.683  -43.409  66.159 0.0000000000
50792  -38.219  -43.095  66.481 0.0000000000
51821  -37.672  -42.708  66.005 0.0000000000
51820  -36.987  -42.166  65.658 0.0000000000
51829  -37.609  -42.808  65.058 0.0000000000
51860  -36.740  -42.300  63.442 0.0000000000
52907  -36.453  -41.909  64.127 0.0000000000
52921  -36.148  -41.706  63.282 0.0000000000
149700  -35.037  -40.671  62.987 0.0000000000
155629  -35.642  -41.226  62.879 0.0000000000
51866  -43.814  -41.679  64.155 0.0000000000
51882  -42.207  -41.931  62.809 0.0000000000
51864  -42.572  -42.218  63.437 0.0000000000
51863  -41.824  -42.371  63.284 0.0000000000
50846  -41.268  -42.789  63.885 0.0000000000
51862  -40.972  -42.458  63.216 0.0000000000
52992  -39.966  -41.218  59.990 0.0000000000
52974  -40.319  -41.360  60.703 0.0000000000
52973  -39.611  -41.538  60.557 0.0000000000
51901  -38.336  -42.161  61.287 0.0000000000
51921  -39.179  -41.841  61.211 0.0000000000
146474  -38.867  -42.258  61.870 0.0000000000
51878  -38.562  -42.651  62.539 0.0000000000
167422  -38.161  -42.491  61.991 0.0000000000
50879  -37.872  -42.709  62.503 0.0000000000
51899  -36.899  -42.280  61.612 0.0000000000
52969  -35.506  -40.885  60.429 0.0000000000
54109  -35.003  -40.308  60.831 0.0000000000
164177  -34.468  -39.833  60.445 0.0000000000
57394  -37.751  -37.378  55.452 0.0000000000
56345  -36.677  -37.932  55.023 0.0000000000
57413  -36.169  -37.348  54.686 0.0000000000
46690  -28.655  -47.428  77.189 0.0000000000
50656  -33.131  -43.135  78.877 0.0000000000
55012  -36.570  -38.858  75.152 0.0000000000
52763  -40.574  -41.651  74.690 0.0000000000
50686  -40.153  -43.194  73.853 0.0000000000
51707  -40.730  -42.497  74.447 0.0000000000
48640  -41.630  -45.071  71.899 0.0000000000
48641  -42.527  -45.087  71.993 0.0000000000
49701  -45.066  -44.227  71.199 0.0000000000
48642  -44.420  -44.464  71.542 0.0000000000
48651  -44.411  -44.811  71.036 0.0000000000
142499  -43.541  -45.069  71.160 0.0000000000
48660  -44.416  -44.908  70.035 0.0000000000
48668  -43.836  -44.852  68.979 0.0000000000
49722  -44.922  -44.710  69.487 0.0000000000
50777  -46.696  -43.523  69.021 0.0000000000
50776  -46.011  -43.870  68.542 0.0000000000
50788  -46.376  -43.235  68.078 0.0000000000
51814  -46.679  -42.508  67.730 0.0000000000
52878  -46.862  -41.816  67.516 0.0000000000
52893  -46.944  -41.072  67.392 0.0000000000
54023  -46.503  -40.703  66.613 0.0000000000
55145  -46.932  -39.282  67.507 0.0000000000
56206  -46.717  -38.375  67.220 0.0000000000
162800  -48.331  -34.367  65.582 0.0000000000
61154  -50.385  -32.508  66.262 0.0000000000
62155  -50.350  -31.741  64.929 0.0000000000
63182  -50.642  -31.276  66.392 0.0000000000
65170  -50.071  -30.165  66.840 0.0000000000
163995  -50.250  -30.606  66.021 0.0000000000
65184  -49.726  -30.268  65.822 0.0000000000
65183  -48.666  -29.948  65.579 0.0000000000
67324  -47.317  -27.210  67.005 0.0000000000
66185  -47.488  -28.111  67.165 0.0000000000
146179  -47.124  -27.846  66.385 0.0000000000
67334  -47.046  -27.616  65.546 0.0000000000
66203  -46.779  -28.158  64.936 0.0000000000
147629  -48.144  -26.473  65.023 0.0000000000
68464  -48.615  -26.382  64.263 0.0000000000
69575  -52.040  -24.873  66.246 0.0000000000
69593  -51.018  -25.553  65.579 0.0000000000
68466  -50.594  -25.976  64.343 0.0000000000
68480  -50.167  -26.136  63.505 0.0000000000
68494  -50.254  -26.157  62.538 0.0000000000
68495  -52.234  -26.279  62.637 0.0000000000
68484  -54.520  -26.255  63.186 0.0000000000
67370  -53.492  -27.583  61.412 0.0000000000
67386  -53.060  -28.150  60.635 0.0000000000
67385  -52.267  -27.824  60.405 0.0000000000
66244  -53.325  -28.705  60.050 0.0000000000
66257  -53.537  -29.228  59.499 0.0000000000
65259  -54.087  -29.888  58.821 0.0000000000
70744  -57.200  -23.806  60.947 0.0000000000
71845  -57.446  -23.167  61.211 0.0000000000
69653  -56.599  -24.728  61.361 0.0000000000
70743  -56.530  -24.510  60.704 0.0000000000
71866  -56.557  -23.012  59.003 0.0000000000
69674  -54.201  -25.328  58.988 0.0000000000
70759  -54.982  -24.785  59.430 0.0000000000
69660  -54.841  -25.772  59.973 0.0000000000
67437  -54.462  -28.477  58.240 0.0000000000
170047  -55.139  -29.066  57.713 0.0000000000
67456  -55.787  -27.765  56.438 0.0000000000
164143  -55.215  -27.224  55.708 0.0000000000
69717  -52.777  -25.337  55.579 0.0000000000
69728  -52.727  -25.290  54.736 0.0000000000
68604  -53.964  -26.292  53.959 0.0000000000
68605  -54.655  -26.559  54.525 0.0000000000
68592  -56.074  -27.083  55.613 0.0000000000
76766  -54.152  -18.851  55.395 0.0000000000
152614  -54.364  -17.960  55.413 0.0000000000
75838  -53.290  -18.822  53.135 0.0000000000
75825  -53.435  -18.930  54.049 0.0000000000
73894  -52.276  -21.027  52.902 0.0000000000
74890  -52.384  -20.219  52.282 0.0000000000
76813  -55.275  -18.876  51.966 0.0000000000
76812  -54.197  -18.658  52.018 0.0000000000
74905  -54.319  -19.773  51.301 0.0000000000
73932  -53.118  -21.648  50.477 0.0000000000
158088  -52.732  -23.074  50.550 0.0000000000
44654  -28.443  -49.789  73.227 0.0000000000
45748  -27.288  -49.278  72.824 0.0000000000
42399  -28.728  -51.948  69.476 0.0000000000
42363  -28.730  -51.265  70.573 0.0000000000
40357  -27.967  -53.463  67.554 0.0000000000
163930  -27.149  -52.989  64.882 0.0000000000
40373  -26.905  -53.013  65.132 0.0000000000
41435  -25.994  -52.597  63.338 0.0000000000
162521  -25.326  -52.402  62.737 0.0000000000
49642  -29.152  -44.509  74.786 0.0000000000
48611  -29.014  -45.903  73.959 0.0000000000
48610  -28.529  -45.160  73.368 0.0000000000
163720  -26.714  -46.786  70.381 0.0000000000
47658  -27.533  -46.372  71.598 0.0000000000
46745  -26.911  -47.367  70.418 0.0000000000
46751  -27.581  -48.268  70.501 0.0000000000
46750  -26.688  -47.947  69.844 0.0000000000
47671  -25.464  -46.514  67.457 0.0000000000
45803  -25.403  -47.722  66.751 0.0000000000
149716  -26.348  -49.856  64.955 0.0000000000
44750  -25.800  -49.120  66.384 0.0000000000
159231  -26.367  -49.843  66.197 0.0000000000
44751  -26.391  -49.715  66.920 0.0000000000
43569  -26.793  -50.339  65.572 0.0000000000
43570  -27.445  -51.098  65.097 0.0000000000
43580  -27.401  -51.229  64.188 0.0000000000
41505  -29.173  -52.106  57.861 0.0000000000
41521  -28.596  -52.366  57.109 0.0000000000
50732  -37.471  -43.353  71.901 0.0000000000
50713  -37.017  -43.048  72.301 0.0000000000
50731  -36.766  -43.073  71.843 0.0000000000
51781  -34.960  -41.784  69.838 0.0000000000
51763  -35.047  -41.979  70.719 0.0000000000
171228  -34.586  -41.669  70.444 0.0000000000
52817  -34.051  -41.353  70.613 0.0000000000
52834  -33.629  -41.018  69.668 0.0000000000
53997  -34.079  -40.821  67.031 0.0000000000
151943  -34.553  -41.067  67.742 0.0000000000
53996  -33.285  -40.733  67.360 0.0000000000
53994  -31.590  -40.523  67.220 0.0000000000
164569  -32.055  -40.626  67.901 0.0000000000
53977  -31.286  -40.510  67.960 0.0000000000
170765  -31.745  -40.502  68.465 0.0000000000
53976  -30.499  -40.458  68.050 0.0000000000
166831  -29.491  -40.640  67.528 0.0000000000
52895  -27.499  -41.597  65.232 0.0000000000
52885  -27.734  -41.789  66.136 0.0000000000
51826  -26.544  -42.770  65.102 0.0000000000
50839  -26.164  -43.345  63.521 0.0000000000
52949  -28.036  -40.977  61.037 0.0000000000
54076  -27.993  -39.980  62.113 0.0000000000
51896  -28.047  -41.955  61.203 0.0000000000
49814  -28.419  -44.383  62.165 0.0000000000
50874  -27.601  -42.773  61.705 0.0000000000
51874  -27.008  -42.568  62.131 0.0000000000
49813  -27.432  -44.426  62.169 0.0000000000
46804  -29.838  -46.520  62.292 0.0000000000
47719  -27.981  -45.561  61.861 0.0000000000
169998  -29.280  -46.365  61.631 0.0000000000
47731  -28.486  -46.185  61.435 0.0000000000
61199  -47.650  -32.682  61.907 0.0000000000
61200  -48.381  -32.454  62.524 0.0000000000
157897  -46.537  -35.144  64.689 0.0000000000
60247  -45.401  -34.114  62.504 0.0000000000
60248  -46.060  -33.793  62.753 0.0000000000
152151  -46.777  -33.368  62.421 0.0000000000
65292  -53.343  -29.558  54.942 0.0000000000
65293  -54.814  -29.842  54.904 0.0000000000
65302  -55.303  -29.538  54.356 0.0000000000
153986  -55.190  -30.142  55.728 0.0000000000
157205  -37.285  -39.928  73.762 0.0000000000
53912  -36.322  -41.540  73.211 0.0000000000
52775  -36.090  -41.758  73.059 0.0000000000
51716  -35.922  -42.191  72.611 0.0000000000
65289  -41.478  -29.520  54.471 0.0000000000
67369  -46.776  -27.022  61.580 0.0000000000
68522  -48.368  -26.515  60.067 0.0000000000
50786  -44.755  -43.529  66.989 0.0000000000
164205  -43.374  -43.865  66.769 0.0000000000
50793  -44.017  -43.448  66.391 0.0000000000
50810  -43.592  -43.110  65.616 0.0000000000
50830  -43.216  -42.775  64.880 0.0000000000
55294  -38.965  -39.806  57.920 0.0000000000
55293  -38.544  -39.598  57.313 0.0000000000
54183  -37.496  -40.187  56.761 0.0000000000
54203  -36.200  -40.238  55.960 0.0000000000
54202  -35.445  -40.453  55.851 0.0000000000
54221  -35.087  -40.141  55.447 0.0000000000
54220  -34.411  -40.118  55.061 0.0000000000
62246  -39.496  -32.631  55.086 0.0000000000
149263  -38.777  -32.492  54.621 0.0000000000
74790  -56.468  -19.900  58.273 0.0000000000
73848  -56.211  -20.647  57.779 0.0000000000
74821  -55.429  -20.711  57.069 0.0000000000
74841  -54.168  -20.836  55.720 0.0000000000
158639  -53.696  -20.546  55.059 0.0000000000
46711  -29.921  -47.570  75.899 0.0000000000
46720  -29.799  -48.097  74.479 0.0000000000
46721  -29.862  -47.503  75.303 0.0000000000
146354  -29.787  -47.407  74.474 0.0000000000
47653  -29.249  -47.365  73.138 0.0000000000
49752  -25.986  -44.304  66.722 0.0000000000
48696  -25.315  -45.603  65.514 0.0000000000
164816  -25.261  -45.941  64.716 0.0000000000
47710  -25.381  -46.603  63.685 0.0000000000
46814  -26.352  -47.623  61.627 0.0000000000
45872  -27.141  -48.171  60.735 0.0000000000
46815  -26.752  -47.634  61.128 0.0000000000
45886  -28.810  -48.018  59.830 0.0000000000
45903  -29.887  -48.750  59.518 0.0000000000
54063  -34.714  -40.568  63.748 0.0000000000
55191  -33.373  -39.797  63.279 0.0000000000
149768  -31.994  -39.116  62.920 0.0000000000
160201  -43.870  -32.883  57.031 0.0000000000
148913  -44.069  -32.057  57.000 0.0000000000
155900  -45.148  -32.020  57.835 0.0000000000
63267  -46.332  -31.402  58.944 0.0000000000
64221  -48.207  -30.774  61.870 0.0000000000
64239  -47.147  -30.618  60.819 0.0000000000
65217  -46.258  -29.563  62.365 0.0000000000
66221  -45.862  -28.520  62.376 0.0000000000
67346  -46.547  -27.867  63.647 0.0000000000
55166  -46.264  -39.176  66.107 0.0000000000
163411  -45.270  -39.894  65.077 0.0000000000
55182  -45.235  -39.014  65.007 0.0000000000
58325  -43.816  -36.444  63.187 0.0000000000
164510  -43.519  -37.009  63.248 0.0000000000
165140  -43.359  -36.625  62.828 0.0000000000
57311  -42.235  -37.066  61.744 0.0000000000
57336  -40.837  -37.059  59.738 0.0000000000
57367  -39.752  -36.840  57.855 0.0000000000
58385  -41.018  -36.382  59.152 0.0000000000
60280  -44.227  -34.177  59.489 0.0000000000
60279  -43.714  -34.431  58.971 0.0000000000
162907  -44.273  -34.084  58.834 0.0000000000
60289  -43.909  -34.209  58.317 0.0000000000
60294  -43.193  -34.101  57.239 0.0000000000
145852  -42.376  -34.164  56.644 0.0000000000
165660  -43.685  -33.518  57.215 0.0000000000
61248  -44.199  -33.255  57.439 0.0000000000
52733  -32.217  -41.378  77.836 0.0000000000
52743  -30.614  -41.574  76.776 0.0000000000
53843  -31.748  -40.614  77.167 0.0000000000
53864  -31.449  -40.101  76.184 0.0000000000
170449  -31.038  -39.989  75.600 0.0000000000
55067  -32.353  -39.690  73.021 0.0000000000
55080  -32.254  -39.691  72.170 0.0000000000
55078  -30.688  -39.561  71.441 0.0000000000
53945  -29.438  -40.456  70.747 0.0000000000
52832  -29.039  -40.896  69.979 0.0000000000
52852  -28.926  -40.931  68.999 0.0000000000
163954  -43.811  -29.721  56.930 0.0000000000
64277  -43.334  -29.454  56.291 0.0000000000
65264  -43.569  -28.857  56.810 0.0000000000
66275  -43.884  -28.276  57.274 0.0000000000
67440  -44.170  -27.700  56.970 0.0000000000
68564  -46.506  -26.686  57.714 0.0000000000
68576  -45.690  -26.806  57.142 0.0000000000
68552  -49.903  -26.836  58.509 0.0000000000
66276  -51.064  -28.319  56.973 0.0000000000
66284  -51.673  -28.963  56.690 0.0000000000
66278  -52.184  -29.383  58.167 0.0000000000
48638  -40.073  -44.657  71.482 0.0000000000
49712  -39.487  -44.329  71.108 0.0000000000
48647  -40.133  -44.762  70.570 0.0000000000
156172  -39.680  -44.221  69.011 0.0000000000
167578  -40.647  -43.676  65.786 0.0000000000
160324  -40.094  -43.756  66.027 0.0000000000
159156  -38.559  -43.378  65.031 0.0000000000
50824  -38.060  -43.190  64.668 0.0000000000
170146  -37.970  -43.198  64.101 0.0000000000
51861  -37.293  -42.688  63.331 0.0000000000
52923  -43.433  -41.439  63.519 0.0000000000
52990  -38.456  -41.552  59.720 0.0000000000
51932  -37.616  -41.648  59.512 0.0000000000
51920  -37.759  -41.993  60.523 0.0000000000
166985  -37.095  -42.162  60.956 0.0000000000
51919  -36.642  -41.932  60.847 0.0000000000
52971  -36.357  -41.587  60.100 0.0000000000
52987  -35.411  -40.888  59.605 0.0000000000
58458  -37.537  -36.681  55.087 0.0000000000
51708  -41.422  -42.554  74.445 0.0000000000
166755  -41.735  -41.978  74.534 0.0000000000
49713  -45.531  -44.289  70.826 0.0000000000
49723  -45.685  -44.472  70.026 0.0000000000
49724  -46.187  -44.078  70.420 0.0000000000
55129  -47.337  -39.884  68.197 0.0000000000
151667  -50.611  -31.308  67.723 0.0000000000
149074  -50.657  -30.948  67.229 0.0000000000
163623  -50.373  -30.445  67.412 0.0000000000
65156  -50.063  -29.913  67.808 0.0000000000
65155  -49.433  -29.510  67.519 0.0000000000
68436  -47.587  -26.433  66.771 0.0000000000
69576  -52.760  -24.655  66.013 0.0000000000
69594  -51.758  -25.285  65.813 0.0000000000
68467  -51.534  -25.812  64.385 0.0000000000
145402  -51.150  -26.070  62.988 0.0000000000
165586  -54.958  -26.390  62.645 0.0000000000
67406  -54.137  -28.535  59.829 0.0000000000
72857  -57.399  -22.440  60.908 0.0000000000
68553  -53.825  -26.822  58.543 0.0000000000
152679  -54.742  -28.407  57.445 0.0000000000
155462  -53.731  -26.764  55.842 0.0000000000
70829  -52.490  -24.554  54.247 0.0000000000
69743  -52.746  -25.258  53.869 0.0000000000
69744  -53.389  -25.750  53.514 0.0000000000
68622  -54.131  -26.016  53.169 0.0000000000
78667  -54.933  -16.878  55.069 0.0000000000
76775  -54.517  -17.393  54.625 0.0000000000
77733  -54.261  -17.677  53.871 0.0000000000
76802  -53.915  -18.329  52.693 0.0000000000
74906  -55.128  -20.390  51.133 0.0000000000
171239  -54.149  -20.393  50.924 0.0000000000
45736  -25.689  -48.021  72.951 0.0000000000
43486  -29.525  -50.230  71.499 0.0000000000
43485  -29.223  -50.770  71.389 0.0000000000
43509  -28.873  -51.177  69.810 0.0000000000
42420  -28.584  -52.187  68.062 0.0000000000
41390  -28.389  -52.535  67.253 0.0000000000
42457  -28.210  -52.191  66.758 0.0000000000
41415  -27.911  -52.280  66.143 0.0000000000
41425  -27.323  -52.590  64.436 0.0000000000
49657  -28.494  -44.128  73.399 0.0000000000
48621  -28.211  -45.362  72.778 0.0000000000
49698  -27.780  -44.946  72.175 0.0000000000
48646  -26.991  -45.817  71.019 0.0000000000
48645  -26.659  -46.186  70.343 0.0000000000
154172  -25.427  -48.277  66.131 0.0000000000
43593  -27.035  -50.405  63.706 0.0000000000
42514  -27.209  -51.821  62.835 0.0000000000
41502  -25.385  -52.436  58.514 0.0000000000
41503  -26.062  -52.146  57.958 0.0000000000
41537  -27.127  -52.692  56.842 0.0000000000
40489  -28.338  -53.383  56.414 0.0000000000
50763  -37.001  -42.793  70.151 0.0000000000
51765  -36.152  -42.565  70.570 0.0000000000
51782  -36.421  -42.413  69.659 0.0000000000
146431  -35.786  -42.014  69.435 0.0000000000
153313  -34.571  -41.449  69.221 0.0000000000
54038  -31.639  -40.108  65.829 0.0000000000
154039  -32.453  -40.353  66.215 0.0000000000
54016  -31.136  -40.322  66.550 0.0000000000
54015  -30.228  -40.329  66.605 0.0000000000
165821  -29.636  -40.546  66.998 0.0000000000
54035  -28.527  -40.639  65.455 0.0000000000
54034  -27.972  -40.883  64.807 0.0000000000
52905  -27.215  -41.426  64.293 0.0000000000
47712  -30.135  -46.227  63.899 0.0000000000
48724  -28.947  -45.342  62.506 0.0000000000
61236  -46.337  -32.802  59.702 0.0000000000
62220  -46.810  -32.234  59.580 0.0000000000
63241  -48.123  -31.612  61.109 0.0000000000
62202  -48.111  -32.083  61.264 0.0000000000
63242  -48.420  -31.326  61.593 0.0000000000
64205  -48.342  -30.586  62.696 0.0000000000
57281  -46.304  -36.918  65.568 0.0000000000
57280  -45.585  -37.409  65.051 0.0000000000
59269  -45.902  -35.506  64.459 0.0000000000
149771  -42.793  -35.616  60.847 0.0000000000
60258  -43.481  -34.949  60.867 0.0000000000
60270  -44.929  -33.796  60.656 0.0000000000
164670  -44.720  -33.827  59.917 0.0000000000
60281  -45.547  -33.383  59.917 0.0000000000
53847  -34.978  -39.751  76.111 0.0000000000
151323  -34.550  -39.946  75.908 0.0000000000
53867  -34.677  -39.851  74.957 0.0000000000
53910  -34.464  -40.840  73.312 0.0000000000
52760  -35.046  -40.954  73.373 0.0000000000
170909  -34.754  -40.937  73.284 0.0000000000
53909  -33.929  -40.673  73.356 0.0000000000
53922  -33.833  -40.930  72.701 0.0000000000
53934  -33.713  -40.997  72.005 0.0000000000
67399  -45.121  -27.602  59.166 0.0000000000
67401  -45.780  -27.222  59.297 0.0000000000
68536  -46.929  -26.754  59.862 0.0000000000
145420  -47.163  -26.624  58.261 0.0000000000
162609  -48.093  -26.631  57.249 0.0000000000
165510  -48.537  -26.641  57.788 0.0000000000
48667  -42.767  -44.915  68.564 0.0000000000
48666  -41.423  -44.938  68.736 0.0000000000
49729  -42.037  -44.863  68.363 0.0000000000
147342  -41.799  -44.261  67.185 0.0000000000
159740  -41.585  -43.938  66.565 0.0000000000
49793  -40.998  -43.467  65.234 0.0000000000
50827  -40.513  -43.233  64.500 0.0000000000
55219  -41.640  -39.873  61.251 0.0000000000
54094  -41.474  -40.756  61.173 0.0000000000
54111  -40.949  -40.690  60.637 0.0000000000
54110  -40.489  -40.920  60.300 0.0000000000
54130  -39.617  -41.043  59.448 0.0000000000
167231  -38.922  -40.288  58.113 0.0000000000
54149  -38.838  -40.728  58.447 0.0000000000
53003  -38.272  -41.288  58.891 0.0000000000
53002  -37.450  -41.368  58.672 0.0000000000
143033  -35.953  -41.208  57.870 0.0000000000
53013  -34.811  -40.856  57.380 0.0000000000
53026  -34.726  -40.894  56.697 0.0000000000
53040  -33.518  -41.179  55.764 0.0000000000
60315  -38.888  -34.750  55.104 0.0000000000
60314  -38.102  -34.631  54.694 0.0000000000
60313  -37.135  -34.465  54.262 0.0000000000
146218  -36.589  -34.008  53.693 0.0000000000
61263  -37.589  -33.055  54.107 0.0000000000
61275  -36.568  -33.382  53.292 0.0000000000
141658  -53.663  -25.394  64.696 0.0000000000
69612  -54.138  -25.797  63.981 0.0000000000
69614  -55.395  -25.113  63.899 0.0000000000
69623  -55.519  -25.448  63.433 0.0000000000
68485  -55.255  -25.935  63.112 0.0000000000
68509  -55.326  -26.271  62.125 0.0000000000
68527  -55.399  -26.218  61.481 0.0000000000
73835  -57.195  -21.180  59.779 0.0000000000
72874  -57.379  -21.834  59.592 0.0000000000
71876  -55.965  -22.672  58.333 0.0000000000
149168  -55.043  -23.066  57.865 0.0000000000
71875  -53.714  -23.807  57.164 0.0000000000
70800  -53.185  -24.414  56.718 0.0000000000
69703  -52.962  -25.338  56.395 0.0000000000
71898  -52.762  -23.856  55.425 0.0000000000
167841  -53.618  -22.450  55.794 0.0000000000
72900  -52.808  -23.129  54.944 0.0000000000
71912  -52.507  -23.865  54.621 0.0000000000
71923  -52.306  -23.747  53.671 0.0000000000
72935  -52.106  -23.192  52.737 0.0000000000
148990  -56.618  -18.315  52.848 0.0000000000
167687  -56.060  -18.992  52.216 0.0000000000
46719  -27.583  -48.051  74.829 0.0000000000
45724  -28.230  -48.837  74.422 0.0000000000
44643  -28.843  -49.450  73.925 0.0000000000
44655  -29.386  -49.857  73.373 0.0000000000
164174  -29.777  -48.741  73.645 0.0000000000
44656  -29.752  -49.400  73.255 0.0000000000
44673  -29.866  -49.966  71.972 0.0000000000
44672  -29.543  -49.594  71.543 0.0000000000
44683  -28.715  -49.718  70.441 0.0000000000
162688  -27.297  -43.670  70.218 0.0000000000
49717  -26.451  -44.910  69.325 0.0000000000
48671  -25.502  -45.759  67.323 0.0000000000
167761  -25.342  -46.214  66.843 0.0000000000
47694  -25.237  -46.498  65.247 0.0000000000
46785  -25.307  -47.305  64.851 0.0000000000
45826  -25.471  -48.121  64.358 0.0000000000
45827  -25.860  -48.854  63.818 0.0000000000
43657  -27.770  -50.252  59.631 0.0000000000
42567  -28.306  -50.952  58.603 0.0000000000
44856  -28.865  -49.446  59.249 0.0000000000
52889  -36.432  -41.717  66.666 0.0000000000
155451  -35.697  -41.407  67.154 0.0000000000
54040  -33.207  -40.330  65.671 0.0000000000
54052  -33.559  -40.247  64.779 0.0000000000
54051  -32.697  -39.968  64.909 0.0000000000
54039  -32.374  -40.089  65.534 0.0000000000
55159  -31.891  -39.794  65.018 0.0000000000
150204  -30.563  -39.472  64.461 0.0000000000
55186  -28.686  -39.672  63.608 0.0000000000
64274  -41.119  -30.944  55.288 0.0000000000
168774  -41.701  -31.062  55.563 0.0000000000
64269  -43.095  -30.855  56.272 0.0000000000
64270  -43.564  -30.250  56.527 0.0000000000
63274  -44.191  -31.256  56.981 0.0000000000
64271  -44.119  -30.516  56.981 0.0000000000
144427  -44.218  -29.401  58.238 0.0000000000
65246  -44.685  -29.155  59.585 0.0000000000
63258  -46.903  -31.645  59.528 0.0000000000
64257  -46.749  -31.088  59.487 0.0000000000
64247  -46.068  -30.551  59.760 0.0000000000
66243  -44.981  -28.514  60.200 0.0000000000
67383  -45.442  -27.909  60.696 0.0000000000
147031  -46.060  -27.452  61.161 0.0000000000
145636  -46.132  -27.648  62.057 0.0000000000
52899  -45.563  -41.536  65.738 0.0000000000
51848  -45.029  -41.888  65.399 0.0000000000
52909  -44.983  -41.409  65.096 0.0000000000
52908  -44.425  -41.278  64.482 0.0000000000
54055  -44.322  -40.584  64.191 0.0000000000
57292  -43.537  -37.832  63.425 0.0000000000
56242  -43.278  -38.736  63.179 0.0000000000
55208  -43.049  -39.392  62.903 0.0000000000
55207  -42.642  -39.597  62.422 0.0000000000
55220  -42.157  -39.735  61.818 0.0000000000
55236  -40.687  -39.408  60.261 0.0000000000
56273  -40.290  -38.765  59.765 0.0000000000
56287  -39.798  -39.086  59.116 0.0000000000
56302  -38.962  -38.814  57.707 0.0000000000
56317  -38.454  -38.810  56.846 0.0000000000
169039  -37.437  -38.584  55.647 0.0000000000
145051  -37.851  -38.067  55.784 0.0000000000
57395  -38.272  -37.470  55.858 0.0000000000
58443  -38.407  -36.724  55.532 0.0000000000
58444  -39.273  -36.320  55.849 0.0000000000
59375  -38.851  -35.928  55.376 0.0000000000
161942  -39.104  -35.343  55.317 0.0000000000
156701  -42.242  -35.409  59.276 0.0000000000
167975  -42.043  -35.309  58.668 0.0000000000
59338  -41.820  -35.298  58.168 0.0000000000
59352  -41.537  -35.322  57.416 0.0000000000
162858  -41.267  -35.294  56.751 0.0000000000
59376  -39.626  -34.939  55.422 0.0000000000
60305  -40.211  -34.344  55.516 0.0000000000
155270  -39.377  -34.154  55.236 0.0000000000
61256  -39.869  -33.464  55.350 0.0000000000
155155  -41.795  -33.907  56.258 0.0000000000
61258  -41.509  -33.381  55.995 0.0000000000
62240  -40.305  -32.661  55.409 0.0000000000
63277  -40.701  -31.812  55.379 0.0000000000
76758  -55.227  -18.233  57.095 0.0000000000
77703  -55.429  -17.239  57.320 0.0000000000
167378  -55.262  -16.934  56.632 0.0000000000
78658  -55.234  -16.751  55.924 0.0000000000
78659  -56.006  -15.965  56.082 0.0000000000
78668  -55.613  -16.333  54.971 0.0000000000
78669  -56.470  -16.303  54.542 0.0000000000
78685  -56.957  -16.782  53.915 0.0000000000
170981  -58.592  -15.727  55.584 0.0000000000
77737  -58.523  -18.154  53.920 0.0000000000
77757  -58.865  -18.101  53.574 0.0000000000
77766  -57.969  -18.173  52.563 0.0000000000
49619  -30.637  -44.671  77.161 0.0000000000
49643  -29.638  -45.256  75.391 0.0000000000
50684  -29.164  -43.430  74.828 0.0000000000
51697  -29.762  -42.021  75.534 0.0000000000
143235  -28.896  -42.927  74.177 0.0000000000
50696  -28.577  -43.034  73.400 0.0000000000
167954  -28.393  -42.723  72.636 0.0000000000
51742  -28.150  -42.936  72.031 0.0000000000
142005  -33.398  -40.006  75.771 0.0000000000
55010  -31.502  -39.778  75.310 0.0000000000
55025  -30.690  -39.708  74.048 0.0000000000
55048  -31.476  -39.441  73.564 0.0000000000
53906  -29.657  -40.586  73.391 0.0000000000
52772  -29.148  -41.367  73.155 0.0000000000
162551  -28.513  -42.114  72.085 0.0000000000
50749  -27.841  -43.041  71.319 0.0000000000
50748  -27.675  -43.040  70.513 0.0000000000
168681  -27.535  -43.117  69.842 0.0000000000
50773  -27.070  -43.394  68.649 0.0000000000
51796  -27.516  -42.724  68.309 0.0000000000
50782  -26.460  -43.747  67.268 0.0000000000
50791  -26.360  -43.598  66.380 0.0000000000
49771  -25.916  -44.169  65.818 0.0000000000
50803  -25.796  -44.030  64.919 0.0000000000
154245  -32.214  -38.679  60.629 0.0000000000
64281  -41.278  -30.166  54.878 0.0000000000
65279  -41.807  -29.800  54.962 0.0000000000
65290  -42.120  -29.227  54.718 0.0000000000
65281  -43.119  -28.955  55.805 0.0000000000
66290  -42.752  -28.887  55.189 0.0000000000
66316  -42.270  -28.334  53.615 0.0000000000
67453  -44.303  -27.382  56.362 0.0000000000
68585  -45.077  -26.870  56.300 0.0000000000
67433  -49.743  -27.312  56.789 0.0000000000
66293  -52.034  -29.095  55.921 0.0000000000
65291  -52.688  -29.361  55.400 0.0000000000
65282  -52.823  -29.632  56.233 0.0000000000
170317  -53.522  -30.029  56.593 0.0000000000
65274  -53.984  -30.267  57.389 0.0000000000
51719  -38.285  -43.174  73.135 0.0000000000
156647  -37.572  -42.926  72.985 0.0000000000
50699  -37.993  -43.272  72.812 0.0000000000
49710  -38.081  -43.562  71.353 0.0000000000
49699  -38.854  -43.893  71.748 0.0000000000
50751  -37.556  -43.213  70.670 0.0000000000
50764  -37.830  -43.098  69.612 0.0000000000
51813  -37.300  -42.495  68.044 0.0000000000
48665  -40.718  -44.657  68.470 0.0000000000
49728  -40.040  -44.301  68.302 0.0000000000
49754  -39.727  -43.792  66.610 0.0000000000
49738  -39.326  -43.725  67.225 0.0000000000
50785  -38.735  -43.464  67.885 0.0000000000
50784  -38.156  -43.020  67.457 0.0000000000
51812  -36.899  -42.087  67.329 0.0000000000
168110  -37.168  -42.244  66.508 0.0000000000
159126  -36.257  -41.591  65.864 0.0000000000
52897  -35.795  -41.296  64.687 0.0000000000
51828  -37.016  -42.405  64.625 0.0000000000
54054  -35.229  -40.911  64.275 0.0000000000
54064  -35.445  -41.070  63.528 0.0000000000
55206  -34.243  -39.874  61.868 0.0000000000
51865  -43.246  -42.007  63.712 0.0000000000
51845  -42.884  -42.507  64.127 0.0000000000
50845  -40.463  -42.842  63.767 0.0000000000
52953  -41.373  -41.392  61.554 0.0000000000
51904  -41.102  -41.803  61.994 0.0000000000
51922  -39.984  -41.686  61.221 0.0000000000
51903  -40.296  -41.921  61.859 0.0000000000
51880  -40.602  -42.191  62.542 0.0000000000
50864  -38.297  -42.956  63.145 0.0000000000
50863  -37.778  -42.875  63.150 0.0000000000
51918  -36.462  -41.943  61.374 0.0000000000
52951  -36.030  -41.580  61.657 0.0000000000
52936  -36.098  -41.674  62.423 0.0000000000
54092  -34.905  -40.311  61.635 0.0000000000
55218  -34.330  -39.800  61.159 0.0000000000
151100  -32.961  -38.930  60.859 0.0000000000
59386  -36.610  -35.333  54.295 0.0000000000
61168  -48.673  -33.572  65.008 0.0000000000
61169  -49.483  -32.993  65.227 0.0000000000
61153  -49.878  -33.214  66.261 0.0000000000
152626  -50.534  -32.287  67.368 0.0000000000
46700  -28.317  -47.658  76.405 0.0000000000
46701  -29.214  -47.880  76.561 0.0000000000
45707  -29.537  -48.025  75.923 0.0000000000
46692  -30.146  -47.492  77.374 0.0000000000
45708  -29.801  -47.724  76.082 0.0000000000
167094  -30.346  -47.079  76.538 0.0000000000
47621  -30.393  -46.670  76.456 0.0000000000
48581  -30.510  -45.783  76.756 0.0000000000
145945  -30.914  -45.582  77.615 0.0000000000
148778  -31.275  -43.104  77.840 0.0000000000
51681  -31.845  -42.364  78.043 0.0000000000
51682  -32.936  -42.146  78.344 0.0000000000
52734  -33.203  -41.448  77.992 0.0000000000
53825  -33.996  -41.007  77.804 0.0000000000
53826  -34.803  -40.682  77.725 0.0000000000
154513  -34.974  -40.099  77.279 0.0000000000
53828  -35.241  -39.697  76.954 0.0000000000
54997  -35.603  -39.299  75.552 0.0000000000
55028  -37.385  -39.027  74.494 0.0000000000
53892  -38.182  -40.596  73.779 0.0000000000
52762  -38.854  -41.419  73.921 0.0000000000
142158  -39.724  -41.593  74.421 0.0000000000
50685  -39.270  -43.209  73.492 0.0000000000
50701  -39.626  -43.631  73.280 0.0000000000
49661  -39.997  -43.949  73.099 0.0000000000
50687  -40.920  -43.213  74.059 0.0000000000
49662  -40.797  -44.014  73.197 0.0000000000
49683  -40.474  -44.277  72.880 0.0000000000
48639  -40.807  -44.911  71.728 0.0000000000
147944  -41.286  -45.153  71.057 0.0000000000
48649  -41.771  -45.227  70.343 0.0000000000
145464  -43.349  -44.951  71.910 0.0000000000
48650  -42.716  -45.213  70.474 0.0000000000
145810  -42.881  -45.125  69.464 0.0000000000
49732  -45.528  -44.388  69.019 0.0000000000
49744  -45.321  -44.096  68.242 0.0000000000
49743  -44.734  -44.030  67.717 0.0000000000
50794  -45.327  -43.065  66.781 0.0000000000
51822  -45.696  -42.476  66.555 0.0000000000
51815  -47.224  -42.085  68.235 0.0000000000
51823  -46.321  -42.197  66.999 0.0000000000
51832  -45.962  -41.898  66.349 0.0000000000
52900  -46.111  -41.339  66.261 0.0000000000
55144  -46.619  -39.703  66.700 0.0000000000
56218  -46.343  -38.310  66.109 0.0000000000
57265  -46.449  -37.580  66.035 0.0000000000
57254  -46.684  -37.566  67.005 0.0000000000
58282  -46.682  -37.002  66.313 0.0000000000
60216  -47.576  -34.807  65.319 0.0000000000
62154  -49.954  -32.192  64.533 0.0000000000
62170  -50.041  -31.565  64.233 0.0000000000
63201  -50.026  -31.220  64.217 0.0000000000
64182  -50.469  -30.908  65.689 0.0000000000
64195  -50.339  -31.029  64.846 0.0000000000
64194  -49.988  -30.865  64.388 0.0000000000
64193  -49.333  -30.664  63.977 0.0000000000
65195  -48.401  -30.174  64.630 0.0000000000
66186  -48.906  -28.844  68.110 0.0000000000
67303  -47.776  -27.091  68.448 0.0000000000
160843  -48.047  -28.312  67.814 0.0000000000
66193  -48.195  -29.020  67.214 0.0000000000
65168  -47.833  -29.352  66.232 0.0000000000
66210  -46.845  -28.990  64.962 0.0000000000
163309  -46.739  -27.789  64.296 0.0000000000
67347  -47.203  -27.172  63.872 0.0000000000
68450  -47.472  -26.891  65.298 0.0000000000
68463  -47.715  -26.779  64.486 0.0000000000
150228  -49.271  -25.230  66.635 0.0000000000
68453  -50.212  -25.855  65.079 0.0000000000
169358  -49.260  -26.270  63.671 0.0000000000
68493  -49.487  -26.264  62.081 0.0000000000
142251  -50.623  -26.380  61.178 0.0000000000
163888  -50.959  -26.588  60.574 0.0000000000
67403  -51.623  -27.679  59.661 0.0000000000
68496  -53.148  -26.632  62.455 0.0000000000
141681  -53.572  -27.049  62.082 0.0000000000
66255  -52.056  -28.650  59.225 0.0000000000
66269  -52.455  -29.320  58.820 0.0000000000
65248  -53.174  -29.634  59.060 0.0000000000
65258  -53.535  -29.991  58.651 0.0000000000
65269  -54.612  -30.106  57.846 0.0000000000
69641  -56.505  -24.957  61.916 0.0000000000
69640  -55.971  -25.567  61.736 0.0000000000
71867  -57.309  -22.458  59.682 0.0000000000
164753  -57.010  -23.198  59.696 0.0000000000
69651  -55.068  -26.566  60.857 0.0000000000
66270  -54.368  -29.401  58.694 0.0000000000
159978  -54.423  -29.898  58.365 0.0000000000
65270  -55.132  -29.860  57.537 0.0000000000
67445  -56.510  -28.554  56.857 0.0000000000
68590  -53.840  -26.420  54.819 0.0000000000
68591  -54.510  -26.839  55.362 0.0000000000
76757  -54.657  -18.553  56.140 0.0000000000
75814  -54.006  -19.838  55.446 0.0000000000
74840  -53.398  -19.863  54.520 0.0000000000
76774  -53.934  -18.260  54.542 0.0000000000
73879  -52.746  -20.950  53.802 0.0000000000
158035  -52.008  -22.075  52.537 0.0000000000
71936  -51.955  -22.824  51.756 0.0000000000
76803  -54.800  -18.220  52.460 0.0000000000
75862  -52.893  -19.604  51.799 0.0000000000
74917  -53.608  -20.906  50.645 0.0000000000
74904  -53.328  -20.093  51.107 0.0000000000
74903  -52.490  -20.427  51.392 0.0000000000
161975  -52.175  -21.122  51.129 0.0000000000
71949  -52.333  -23.484  51.173 0.0000000000
70867  -52.502  -24.131  51.588 0.0000000000
45723  -27.188  -48.208  74.058 0.0000000000
45737  -26.691  -48.419  73.267 0.0000000000
44661  -26.691  -49.599  71.930 0.0000000000
43474  -28.694  -50.613  71.923 0.0000000000
41412  -25.445  -52.085  65.329 0.0000000000
40364  -27.163  -53.112  66.039 0.0000000000
41413  -26.445  -52.775  65.632 0.0000000000
48602  -29.309  -45.559  74.652 0.0000000000
47652  -28.644  -46.881  72.607 0.0000000000
48637  -28.003  -46.040  72.334 0.0000000000
47659  -28.233  -46.991  72.028 0.0000000000
46747  -28.186  -48.056  71.204 0.0000000000
45768  -27.305  -48.860  69.864 0.0000000000
44691  -27.225  -49.351  69.326 0.0000000000
48655  -26.318  -45.829  69.583 0.0000000000
47668  -25.947  -46.449  68.918 0.0000000000
46754  -26.028  -47.596  68.938 0.0000000000
170540  -25.581  -48.442  66.806 0.0000000000
162056  -25.641  -48.122  67.445 0.0000000000
45776  -26.066  -48.597  68.228 0.0000000000
44725  -26.511  -49.544  67.789 0.0000000000
44726  -27.273  -50.157  68.169 0.0000000000
43560  -27.485  -50.985  66.027 0.0000000000
42487  -27.597  -51.892  64.723 0.0000000000
153679  -27.108  -52.630  63.802 0.0000000000
155491  -26.841  -52.367  62.767 0.0000000000
41446  -26.213  -52.511  62.717 0.0000000000
168962  -27.486  -51.765  57.794 0.0000000000
50698  -37.257  -42.969  72.661 0.0000000000
51731  -36.542  -42.654  72.461 0.0000000000
51730  -35.926  -42.423  72.282 0.0000000000
51764  -35.526  -42.360  71.103 0.0000000000
144000  -35.139  -42.063  71.346 0.0000000000
51743  -34.970  -41.903  71.755 0.0000000000
52797  -34.301  -41.492  71.617 0.0000000000
53963  -32.250  -40.264  69.826 0.0000000000
144734  -35.284  -41.390  67.936 0.0000000000
52854  -34.554  -41.261  68.492 0.0000000000
144735  -34.007  -41.164  69.021 0.0000000000
53995  -32.461  -40.592  67.107 0.0000000000
143585  -32.868  -40.759  67.972 0.0000000000
53979  -33.265  -40.827  68.793 0.0000000000
52833  -32.810  -40.640  69.374 0.0000000000
143726  -31.920  -40.387  69.067 0.0000000000
53962  -31.244  -40.048  69.515 0.0000000000
53961  -30.355  -40.182  69.354 0.0000000000
166451  -29.432  -40.627  68.643 0.0000000000
52872  -28.446  -41.377  67.536 0.0000000000
53991  -28.994  -40.819  67.050 0.0000000000
52886  -28.336  -41.284  66.616 0.0000000000
52871  -27.897  -41.936  67.032 0.0000000000
51818  -26.697  -42.893  66.028 0.0000000000
49787  -25.747  -44.011  64.040 0.0000000000
56240  -30.972  -38.699  61.751 0.0000000000
55202  -30.192  -38.873  62.149 0.0000000000
55213  -29.477  -39.175  61.525 0.0000000000
55201  -29.370  -39.178  62.436 0.0000000000
55200  -28.638  -39.561  62.714 0.0000000000
54061  -27.974  -40.026  63.018 0.0000000000
54075  -27.463  -40.727  62.412 0.0000000000
54060  -27.584  -40.598  63.320 0.0000000000
151893  -27.095  -41.327  63.234 0.0000000000
52920  -26.731  -42.192  62.853 0.0000000000
51859  -26.468  -42.630  63.387 0.0000000000
151967  -26.420  -43.729  62.790 0.0000000000
49802  -25.993  -44.204  63.232 0.0000000000
48714  -25.955  -44.909  62.985 0.0000000000
48721  -26.281  -45.520  62.540 0.0000000000
47741  -28.159  -46.669  60.840 0.0000000000
45887  -29.749  -48.152  59.802 0.0000000000
40365  -27.797  -53.210  66.698 0.0000000000
40366  -28.238  -53.112  67.135 0.0000000000
40374  -27.223  -52.986  65.453 0.0000000000
40488  -27.552  -53.425  56.499 0.0000000000
41403  -28.094  -52.765  66.651 0.0000000000
41414  -27.588  -52.523  65.297 0.0000000000
41436  -26.734  -52.610  63.383 0.0000000000
41437  -27.140  -52.385  63.319 0.0000000000
41519  -26.278  -52.733  57.270 0.0000000000
42378  -28.805  -51.620  70.044 0.0000000000
42441  -28.305  -51.819  67.294 0.0000000000
42456  -27.942  -51.578  66.564 0.0000000000
42583  -28.689  -51.432  58.235 0.0000000000
43475  -29.555  -50.409  72.071 0.0000000000
43526  -28.592  -51.490  68.888 0.0000000000
43545  -27.043  -50.287  67.334 0.0000000000
43658  -28.452  -50.285  59.029 0.0000000000
44664  -29.744  -49.845  72.621 0.0000000000
44693  -28.861  -50.400  70.228 0.0000000000
44706  -26.807  -49.408  68.647 0.0000000000
44767  -26.060  -49.532  65.594 0.0000000000
44783  -26.387  -49.709  64.190 0.0000000000
44855  -28.266  -49.674  59.517 0.0000000000
45715  -29.383  -48.474  75.199 0.0000000000
45747  -26.205  -48.739  72.476 0.0000000000
45750  -29.905  -49.136  72.835 0.0000000000
45760  -28.745  -49.063  70.938 0.0000000000
45775  -25.728  -47.702  68.064 0.0000000000
45843  -26.014  -48.582  62.913 0.0000000000
45858  -26.147  -48.122  62.144 0.0000000000
45885  -27.871  -48.052  60.175 0.0000000000
45902  -29.185  -48.712  59.468 0.0000000000
46702  -29.803  -47.743  76.638 0.0000000000
46703  -30.170  -47.358  76.621 0.0000000000
46746  -27.454  -47.533  70.906 0.0000000000
46759  -25.503  -47.309  67.451 0.0000000000
46771  -25.321  -46.903  66.759 0.0000000000
46780  -25.255  -47.310  65.883 0.0000000000
46802  -25.508  -47.092  63.070 0.0000000000
46829  -28.434  -47.288  60.363 0.0000000000
47630  -30.079  -46.842  75.668 0.0000000000
47645  -29.458  -46.913  73.812 0.0000000000
47662  -27.052  -46.760  70.928 0.0000000000
47711  -29.629  -45.744  63.258 0.0000000000
47730  -27.502  -46.392  61.313 0.0000000000
48623  -40.233  -44.509  72.292 0.0000000000
48624  -41.061  -44.673  72.478 0.0000000000
48626  -42.936  -44.683  72.364 0.0000000000
48652  -44.990  -44.417  71.151 0.0000000000
48658  -42.192  -45.209  69.745 0.0000000000
48663  -25.656  -46.060  68.115 0.0000000000
48672  -25.817  -45.229  67.898 0.0000000000
48684  -25.384  -45.626  66.511 0.0000000000
48706  -25.413  -45.256  64.591 0.0000000000
48720  -25.848  -46.056  62.682 0.0000000000
48723  -28.251  -45.011  62.361 0.0000000000
49631  -30.032  -44.971  76.211 0.0000000000
49644  -41.179  -43.705  73.556 0.0000000000
49658  -28.820  -44.850  74.067 0.0000000000
49679  -28.143  -44.478  72.743 0.0000000000
49700  -39.493  -44.236  72.052 0.0000000000
49718  -26.875  -44.278  69.827 0.0000000000
49751  -25.587  -44.896  66.152 0.0000000000
49801  -25.613  -44.885  63.736 0.0000000000
49803  -29.010  -44.808  62.692 0.0000000000
49812  -26.561  -44.510  62.581 0.0000000000
50730  -36.139  -42.727  71.505 0.0000000000
50762  -27.147  -43.560  69.459 0.0000000000
50842  -37.759  -43.018  63.684 0.0000000000
50858  -26.994  -43.548  62.160 0.0000000000
50859  -27.865  -43.619  61.844 0.0000000000
51744  -35.582  -42.366  71.816 0.0000000000
51780  -27.991  -42.423  69.854 0.0000000000
51811  -36.143  -41.702  67.617 0.0000000000
51841  -26.382  -42.658  64.167 0.0000000000
51843  -37.001  -42.554  63.907 0.0000000000
51875  -36.533  -42.098  61.952 0.0000000000
51877  -37.281  -42.551  62.429 0.0000000000
51895  -27.416  -42.083  61.706 0.0000000000
51902  -39.588  -42.001  61.715 0.0000000000
52735  -33.736  -41.717  78.469 0.0000000000
52774  -35.462  -41.676  72.884 0.0000000000
52783  -28.946  -41.512  72.441 0.0000000000
52815  -28.934  -41.151  70.928 0.0000000000
52904  -26.688  -42.012  63.755 0.0000000000
52989  -36.444  -41.544  59.304 0.0000000000
53004  -39.048  -41.174  59.147 0.0000000000
53015  -37.257  -41.061  57.919 0.0000000000
53863  -30.707  -40.367  75.795 0.0000000000
53886  -33.226  -39.997  74.090 0.0000000000
53907  -30.190  -40.010  73.565 0.0000000000
53974  -29.060  -40.922  68.057 0.0000000000
53992  -30.066  -40.474  67.432 0.0000000000
54013  -28.746  -40.742  66.154 0.0000000000
54014  -29.402  -40.444  66.372 0.0000000000
54036  -29.072  -40.270  65.615 0.0000000000
54062  -33.874  -40.213  63.945 0.0000000000
54079  -35.440  -40.951  62.179 0.0000000000
54089  -27.751  -40.587  61.638 0.0000000000
54090  -28.243  -40.151  61.301 0.0000000000
54091  -28.919  -39.699  60.960 0.0000000000
54131  -40.068  -40.585  59.578 0.0000000000
54148  -34.760  -40.650  58.107 0.0000000000
54166  -38.506  -40.332  57.751 0.0000000000
54988  -35.524  -39.284  77.085 0.0000000000
55011  -32.342  -39.670  74.763 0.0000000000
55047  -30.667  -39.559  73.200 0.0000000000
55065  -30.646  -39.543  72.382 0.0000000000
55079  -31.383  -39.446  71.991 0.0000000000
55157  -30.253  -39.764  65.102 0.0000000000
55165  -45.751  -39.536  65.539 0.0000000000
55174  -29.361  -39.490  64.125 0.0000000000
55175  -30.005  -39.238  63.904 0.0000000000
55189  -30.799  -39.236  63.716 0.0000000000
55190  -32.509  -39.471  63.459 0.0000000000
55235  -34.947  -40.271  60.006 0.0000000000
56330  -37.906  -38.864  56.150 0.0000000000
57380  -38.792  -37.876  57.070 0.0000000000
58399  -40.359  -36.599  58.444 0.0000000000
59363  -40.723  -35.527  56.387 0.0000000000
61135  -50.369  -32.789  66.952 0.0000000000
61257  -40.798  -33.596  55.640 0.0000000000
62129  -50.637  -32.055  66.713 0.0000000000
62142  -50.533  -31.863  65.827 0.0000000000
62169  -49.649  -31.863  63.678 0.0000000000
62186  -48.443  -32.127  61.854 0.0000000000
62203  -48.525  -31.689  61.705 0.0000000000
62219  -46.252  -32.518  59.215 0.0000000000
62229  -46.425  -32.023  58.968 0.0000000000
62237  -44.584  -32.560  57.510 0.0000000000
63192  -50.469  -31.302  65.341 0.0000000000
63213  -49.668  -31.411  63.624 0.0000000000
63251  -48.010  -31.350  60.988 0.0000000000
63270  -45.177  -31.378  57.921 0.0000000000
63279  -42.262  -31.162  55.861 0.0000000000
64159  -50.444  -30.693  67.876 0.0000000000
64181  -50.168  -30.676  65.212 0.0000000000
64207  -49.674  -31.112  63.674 0.0000000000
65257  -45.129  -30.466  58.671 0.0000000000
67316  -47.653  -27.526  67.797 0.0000000000
68623  -54.860  -26.312  53.723 0.0000000000
70881  -52.712  -24.121  51.048 0.0000000000
70882  -53.269  -24.279  50.712 0.0000000000
71937  -52.191  -23.698  52.079 0.0000000000
72923  -52.313  -22.767  53.536 0.0000000000
72948  -52.184  -22.538  50.927 0.0000000000
72962  -52.721  -22.305  50.536 0.0000000000
73931  -52.365  -21.690  50.766 0.0000000000
74876  -52.634  -20.215  53.221 0.0000000000
74877  -53.037  -19.568  53.610 0.0000000000
75850  -53.396  -18.938  52.274 0.0000000000
75864  -54.517  -19.151  51.632 0.0000000000
78671  -59.401  -17.097  54.723 0.0000000000
142927  -51.968  -21.037  51.864 0.0000000000
143604  -42.128  -45.078  69.041 0.0000000000
144656  -29.745  -40.106  71.454 0.0000000000
145298  -26.324  -52.295  61.961 0.0000000000
145633  -26.157  -52.614  64.768 0.0000000000
147474  -33.540  -40.284  76.986 0.0000000000
148662  -39.948  -38.111  59.235 0.0000000000
149186  -37.298  -43.258  71.482 0.0000000000
150097  -39.279  -40.190  58.416 0.0000000000
150239  -25.536  -46.285  63.160 0.0000000000
152368  -27.094  -45.056  71.025 0.0000000000
152665  -27.576  -50.880  66.887 0.0000000000
152708  -30.238  -41.241  75.938 0.0000000000
152893  -33.896  -40.613  66.179 0.0000000000
155627  -30.074  -40.384  68.700 0.0000000000
159807  -35.882  -41.300  60.060 0.0000000000
163522  -30.740  -39.964  75.000 0.0000000000
164972  -50.197  -30.184  67.980 0.0000000000
167141  -43.476  -34.300  57.840 0.0000000000
167715  -36.535  -40.831  57.181 0.0000000000
168572  -28.207  -42.457  71.504 0.0000000000
169523  -44.129  -35.870  63.100 0.0000000000
170708  -42.865  -45.165  71.372 0.0000000000
171226  -35.955  -42.313  69.969 0.0000000000
