#!ascii label  , from subject sub-v1s17x0050246_ses-1 vox2ras=TkReg
1926
156092  -34.471  -34.874  67.347 0.0000000000
45905  -29.422  -47.881  70.081 0.0000000000
58937  -45.104  -34.345  54.068 0.0000000000
57041  -34.041  -36.231  53.892 0.0000000000
55844  -42.790  -38.056  60.588 0.0000000000
50769  -36.080  -42.206  70.511 0.0000000000
44359  -36.506  -50.063  60.102 0.0000000000
51854  -31.378  -42.457  55.165 0.0000000000
46872  -19.285  -46.275  68.760 0.0000000000
73376  -49.683  -19.298  59.173 0.0000000000
161179  -27.339  -46.162  59.405 0.0000000000
56934  -35.454  -36.412  60.385 0.0000000000
55916  -38.363  -37.137  56.738 0.0000000000
55806  -39.289  -37.225  63.376 0.0000000000
139972  -33.267  -38.306  70.205 0.0000000000
50881  -34.684  -42.502  63.281 0.0000000000
54753  -33.015  -38.629  62.640 0.0000000000
54843  -30.169  -38.283  55.619 0.0000000000
69627  -51.141  -23.683  54.967 0.0000000000
45918  -24.553  -47.041  69.000 0.0000000000
46976  -22.610  -46.371  63.528 0.0000000000
136028  -28.894  -45.751  64.541 0.0000000000
55919  -46.920  -36.963  56.104 0.0000000000
46848  -34.457  -46.560  70.344 0.0000000000
46960  -34.718  -46.029  64.487 0.0000000000
47957  -39.787  -45.609  64.466 0.0000000000
47086  -34.729  -45.511  56.829 0.0000000000
146965  -14.918  -44.358  69.730 0.0000000000
57899  -47.258  -35.416  62.202 0.0000000000
60922  -49.823  -32.514  59.331 0.0000000000
68676  -50.038  -24.665  61.217 0.0000000000
65801  -46.294  -27.717  55.749 0.0000000000
68756  -43.662  -24.047  52.440 0.0000000000
48978  -17.034  -45.046  63.129 0.0000000000
45165  -33.074  -48.499  61.336 0.0000000000
57888  -34.732  -35.869  63.800 0.0000000000
56926  -37.325  -36.953  61.847 0.0000000000
158950  -36.787  -36.084  66.012 0.0000000000
150495  -32.693  -35.557  68.966 0.0000000000
54683  -32.819  -38.777  66.709 0.0000000000
56891  -33.026  -36.715  65.094 0.0000000000
55828  -33.298  -36.999  61.342 0.0000000000
58991  -45.033  -34.619  51.690 0.0000000000
60955  -43.083  -32.623  53.726 0.0000000000
137165  -26.820  -47.435  69.919 0.0000000000
46916  -26.657  -46.557  66.633 0.0000000000
46895  -29.393  -46.627  67.562 0.0000000000
58019  -35.674  -35.258  52.630 0.0000000000
55877  -40.360  -37.524  58.607 0.0000000000
57958  -40.296  -35.051  55.898 0.0000000000
57928  -42.183  -35.229  58.047 0.0000000000
57010  -43.925  -36.616  55.189 0.0000000000
56962  -45.071  -36.207  58.134 0.0000000000
48914  -36.419  -44.699  69.884 0.0000000000
46903  -37.365  -46.391  67.402 0.0000000000
49924  -38.506  -43.821  66.980 0.0000000000
50913  -32.971  -43.120  59.711 0.0000000000
49961  -35.250  -44.093  60.331 0.0000000000
152314  -33.823  -43.616  56.009 0.0000000000
57003  -31.805  -36.749  55.110 0.0000000000
58885  -50.761  -34.533  60.571 0.0000000000
67731  -48.453  -25.524  58.196 0.0000000000
69604  -47.557  -23.475  57.539 0.0000000000
141319  -44.788  -25.662  54.192 0.0000000000
71433  -47.051  -21.461  55.803 0.0000000000
146735  -47.576  -23.838  50.667 0.0000000000
47882  -17.227  -45.562  69.793 0.0000000000
47916  -15.823  -45.032  66.814 0.0000000000
47919  -18.089  -45.852  66.019 0.0000000000
48011  -25.225  -45.226  60.474 0.0000000000
48026  -21.441  -45.766  60.280 0.0000000000
46026  -24.541  -47.107  58.646 0.0000000000
45981  -37.069  -48.120  62.910 0.0000000000
46998  -34.620  -46.411  62.221 0.0000000000
43559  -36.116  -50.920  62.668 0.0000000000
135186  -34.304  -37.530  56.815 0.0000000000
55951  -35.677  -37.115  55.168 0.0000000000
55874  -36.969  -37.770  58.231 0.0000000000
54782  -38.927  -38.227  60.252 0.0000000000
53712  -40.818  -38.922  61.185 0.0000000000
52650  -34.984  -40.511  69.798 0.0000000000
50822  -35.805  -42.513  67.018 0.0000000000
52679  -34.004  -40.895  66.640 0.0000000000
144682  -33.559  -40.414  63.408 0.0000000000
51835  -31.865  -41.248  59.616 0.0000000000
147656  -29.903  -40.165  56.123 0.0000000000
54793  -32.039  -38.733  59.185 0.0000000000
135281  -32.913  -37.378  57.935 0.0000000000
72411  -50.390  -20.434  56.603 0.0000000000
71426  -53.870  -21.808  58.282 0.0000000000
45897  -21.810  -46.819  69.036 0.0000000000
45952  -20.891  -46.734  66.133 0.0000000000
151849  -23.415  -46.601  66.015 0.0000000000
142008  -25.888  -46.061  64.199 0.0000000000
49002  -27.980  -44.660  61.519 0.0000000000
135617  -37.698  -35.353  54.010 0.0000000000
55969  -45.262  -37.650  52.844 0.0000000000
57963  -47.380  -36.076  55.003 0.0000000000
45908  -32.295  -47.472  69.897 0.0000000000
46898  -32.035  -46.364  67.555 0.0000000000
46900  -34.435  -46.225  67.828 0.0000000000
46963  -37.632  -47.332  65.169 0.0000000000
45993  -38.900  -48.227  61.557 0.0000000000
49948  -36.839  -43.991  63.396 0.0000000000
48036  -37.957  -45.695  60.351 0.0000000000
46028  -35.816  -47.478  58.657 0.0000000000
57820  -36.777  -34.803  69.937 0.0000000000
45874  -30.314  -47.682  71.635 0.0000000000
135886  -33.752  -44.643  71.897 0.0000000000
49831  -34.879  -42.540  71.673 0.0000000000
55742  -39.151  -36.180  67.490 0.0000000000
160604  -40.969  -37.607  65.495 0.0000000000
53664  -44.384  -39.315  64.130 0.0000000000
57891  -43.991  -35.916  64.062 0.0000000000
140639  -46.342  -38.692  62.345 0.0000000000
55849  -48.418  -37.328  60.391 0.0000000000
58916  -48.422  -35.215  58.296 0.0000000000
60930  -46.265  -32.947  57.974 0.0000000000
65759  -50.414  -28.209  59.238 0.0000000000
62915  -48.065  -29.724  57.385 0.0000000000
61964  -44.718  -31.075  55.944 0.0000000000
63877  -43.546  -29.094  54.472 0.0000000000
70540  -47.303  -21.777  53.310 0.0000000000
47902  -13.496  -45.094  67.361 0.0000000000
49009  -15.445  -44.822  60.873 0.0000000000
46991  -19.958  -46.329  62.678 0.0000000000
48023  -18.776  -45.686  60.477 0.0000000000
47935  -31.548  -45.415  65.270 0.0000000000
48992  -31.236  -44.930  62.155 0.0000000000
47027  -30.372  -46.758  60.086 0.0000000000
148594  -31.028  -50.082  63.155 0.0000000000
57863  -34.533  -35.291  66.007 0.0000000000
57873  -36.034  -35.784  64.886 0.0000000000
57853  -35.724  -35.392  67.002 0.0000000000
57840  -33.007  -35.030  68.422 0.0000000000
57850  -32.888  -35.809  67.247 0.0000000000
57862  -33.657  -35.563  65.987 0.0000000000
57879  -33.874  -35.822  64.752 0.0000000000
58962  -45.787  -35.125  52.972 0.0000000000
58975  -45.020  -34.606  52.689 0.0000000000
59947  -44.259  -33.956  52.430 0.0000000000
59919  -43.639  -33.377  54.103 0.0000000000
136747  -28.700  -47.303  69.293 0.0000000000
153282  -28.176  -47.054  68.388 0.0000000000
46873  -29.037  -46.927  68.385 0.0000000000
58016  -32.934  -35.172  52.615 0.0000000000
57999  -34.423  -35.712  53.229 0.0000000000
55860  -41.417  -37.949  59.505 0.0000000000
56959  -41.571  -36.026  58.636 0.0000000000
56947  -42.808  -36.412  59.631 0.0000000000
57930  -44.016  -35.807  58.166 0.0000000000
56948  -43.811  -36.194  59.800 0.0000000000
150607  -36.445  -43.779  70.070 0.0000000000
161052  -37.539  -44.221  68.821 0.0000000000
50801  -37.616  -43.001  68.155 0.0000000000
50922  -32.267  -42.778  57.435 0.0000000000
49975  -33.055  -43.252  57.763 0.0000000000
50927  -32.712  -42.976  56.360 0.0000000000
50952  -31.982  -43.294  54.165 0.0000000000
57024  -32.427  -36.378  54.550 0.0000000000
57038  -31.037  -36.027  53.807 0.0000000000
57997  -32.480  -35.541  53.288 0.0000000000
70484  -48.982  -22.605  59.268 0.0000000000
71411  -48.546  -21.232  58.585 0.0000000000
140062  -47.375  -22.121  57.076 0.0000000000
72395  -48.477  -20.434  57.547 0.0000000000
46855  -17.882  -45.903  69.259 0.0000000000
146258  -17.402  -45.654  68.108 0.0000000000
150473  -18.945  -46.074  67.948 0.0000000000
48029  -25.821  -45.238  59.744 0.0000000000
48045  -24.566  -45.477  59.066 0.0000000000
141033  -26.209  -46.660  59.169 0.0000000000
145455  -24.824  -48.467  60.017 0.0000000000
45173  -26.349  -48.180  60.277 0.0000000000
158659  -38.026  -50.211  61.924 0.0000000000
45147  -36.864  -49.469  62.426 0.0000000000
43578  -37.185  -51.133  61.682 0.0000000000
56957  -34.986  -36.778  58.623 0.0000000000
135522  -36.103  -37.483  57.613 0.0000000000
55857  -35.936  -37.079  58.752 0.0000000000
140757  -38.449  -36.960  62.992 0.0000000000
55830  -37.932  -37.460  61.206 0.0000000000
54754  -39.527  -37.962  61.764 0.0000000000
53711  -40.197  -38.710  60.925 0.0000000000
54755  -40.172  -38.168  62.039 0.0000000000
163239  -33.891  -39.538  70.126 0.0000000000
52659  -34.293  -40.559  68.395 0.0000000000
53621  -33.256  -39.628  67.923 0.0000000000
54715  -33.003  -38.250  64.334 0.0000000000
53661  -33.332  -39.763  64.585 0.0000000000
53698  -33.372  -39.907  62.959 0.0000000000
51813  -32.831  -41.013  61.284 0.0000000000
158859  -32.650  -39.422  61.202 0.0000000000
53736  -31.814  -39.688  59.296 0.0000000000
54780  -32.466  -38.897  60.548 0.0000000000
143565  -33.869  -36.514  60.987 0.0000000000
55855  -32.876  -37.548  59.891 0.0000000000
55856  -34.018  -36.936  58.703 0.0000000000
55892  -33.581  -37.377  57.386 0.0000000000
154027  -23.099  -46.839  69.130 0.0000000000
161783  -22.724  -46.929  67.636 0.0000000000
135217  -24.352  -46.817  67.506 0.0000000000
142009  -27.985  -46.253  65.598 0.0000000000
46939  -26.414  -46.412  65.783 0.0000000000
47950  -27.468  -45.954  64.358 0.0000000000
135473  -26.845  -45.472  62.898 0.0000000000
47992  -28.594  -45.153  63.110 0.0000000000
55938  -36.922  -37.132  56.067 0.0000000000
57027  -36.453  -36.290  54.350 0.0000000000
57008  -38.191  -36.251  55.704 0.0000000000
58923  -40.932  -34.709  55.401 0.0000000000
58934  -39.839  -34.543  54.299 0.0000000000
58959  -40.426  -34.354  53.753 0.0000000000
57012  -45.358  -37.223  55.660 0.0000000000
55959  -44.827  -37.598  53.744 0.0000000000
55952  -46.233  -37.545  54.150 0.0000000000
57046  -47.300  -37.007  53.208 0.0000000000
55953  -47.154  -37.001  54.838 0.0000000000
46862  -33.632  -46.945  69.458 0.0000000000
46878  -33.372  -46.618  68.812 0.0000000000
46880  -35.215  -46.539  68.352 0.0000000000
46929  -39.205  -46.122  66.222 0.0000000000
135150  -38.145  -46.944  66.101 0.0000000000
46964  -39.593  -46.828  65.108 0.0000000000
45974  -39.557  -48.305  63.624 0.0000000000
47000  -39.783  -47.085  62.403 0.0000000000
50859  -35.572  -42.526  65.282 0.0000000000
49944  -36.542  -43.410  64.715 0.0000000000
49952  -35.703  -43.476  63.062 0.0000000000
49023  -35.989  -44.590  57.945 0.0000000000
49014  -36.818  -44.699  60.302 0.0000000000
48062  -36.691  -45.438  58.377 0.0000000000
46029  -36.821  -46.774  58.871 0.0000000000
53780  -29.923  -39.188  55.853 0.0000000000
47824  -34.208  -43.848  71.889 0.0000000000
54594  -33.900  -38.693  72.735 0.0000000000
57831  -37.593  -35.416  69.348 0.0000000000
54654  -41.653  -36.861  67.909 0.0000000000
54670  -42.563  -37.615  67.011 0.0000000000
163229  -42.677  -38.473  65.096 0.0000000000
55774  -43.707  -37.998  65.674 0.0000000000
57898  -45.334  -35.371  62.948 0.0000000000
56908  -45.301  -37.162  63.554 0.0000000000
56916  -46.958  -37.096  62.590 0.0000000000
54760  -47.489  -38.098  61.590 0.0000000000
56918  -48.631  -36.379  61.534 0.0000000000
59891  -51.166  -33.529  59.719 0.0000000000
58909  -49.588  -35.070  59.663 0.0000000000
59900  -48.555  -33.724  58.927 0.0000000000
139468  -47.564  -34.451  58.011 0.0000000000
60931  -47.225  -32.642  58.430 0.0000000000
67704  -50.461  -25.845  60.484 0.0000000000
65774  -47.687  -26.476  57.248 0.0000000000
147081  -48.820  -27.913  57.466 0.0000000000
139667  -47.431  -28.622  56.576 0.0000000000
62913  -46.257  -30.397  56.670 0.0000000000
63865  -45.556  -29.213  55.549 0.0000000000
62928  -44.154  -30.426  55.340 0.0000000000
64843  -44.913  -28.703  54.984 0.0000000000
67787  -44.311  -25.256  53.626 0.0000000000
155784  -43.592  -27.145  53.424 0.0000000000
66775  -42.752  -26.515  52.265 0.0000000000
71449  -51.234  -22.133  55.967 0.0000000000
71462  -49.634  -21.188  54.981 0.0000000000
70528  -49.624  -22.385  54.147 0.0000000000
48960  -16.141  -44.963  65.098 0.0000000000
48959  -15.388  -44.809  65.326 0.0000000000
48976  -15.578  -44.637  63.633 0.0000000000
158711  -15.070  -44.469  62.280 0.0000000000
145470  -16.252  -44.673  61.919 0.0000000000
45962  -21.428  -46.492  64.650 0.0000000000
46953  -19.918  -46.394  64.575 0.0000000000
46975  -21.252  -46.218  62.957 0.0000000000
158501  -20.292  -45.834  60.281 0.0000000000
44372  -20.774  -49.567  58.956 0.0000000000
141875  -33.060  -45.791  66.492 0.0000000000
47921  -32.072  -45.542  66.135 0.0000000000
154781  -33.204  -45.373  65.020 0.0000000000
45990  -34.197  -47.307  61.243 0.0000000000
155303  -33.341  -45.908  61.692 0.0000000000
47030  -32.410  -46.485  60.783 0.0000000000
48033  -31.269  -45.535  60.802 0.0000000000
46003  -31.873  -47.160  60.536 0.0000000000
44339  -29.687  -49.193  61.911 0.0000000000
57905  -35.096  -36.107  62.000 0.0000000000
56924  -35.654  -36.324  61.340 0.0000000000
56904  -36.084  -36.128  63.076 0.0000000000
56905  -37.026  -36.325  63.444 0.0000000000
55787  -38.434  -36.531  64.683 0.0000000000
55713  -32.759  -37.497  69.259 0.0000000000
54653  -32.705  -38.148  68.561 0.0000000000
55741  -32.557  -37.171  67.368 0.0000000000
55770  -32.742  -37.321  65.584 0.0000000000
55803  -33.080  -37.579  63.741 0.0000000000
144951  -32.880  -38.138  62.008 0.0000000000
55804  -33.228  -37.023  63.041 0.0000000000
56912  -33.712  -36.582  62.704 0.0000000000
61985  -42.843  -32.028  52.162 0.0000000000
45920  -26.020  -47.400  69.282 0.0000000000
45936  -25.263  -46.834  67.879 0.0000000000
147497  -26.725  -47.019  67.956 0.0000000000
144315  -28.110  -46.660  66.986 0.0000000000
153305  -28.577  -46.258  66.000 0.0000000000
55897  -39.171  -37.518  57.721 0.0000000000
56987  -39.099  -36.474  56.648 0.0000000000
57936  -40.309  -35.978  57.505 0.0000000000
140091  -40.959  -35.164  57.138 0.0000000000
57959  -41.906  -34.823  55.697 0.0000000000
57960  -42.867  -35.382  55.222 0.0000000000
57948  -43.524  -35.699  56.590 0.0000000000
57949  -44.226  -36.237  56.789 0.0000000000
56974  -46.144  -36.722  57.303 0.0000000000
155132  -35.676  -45.936  69.777 0.0000000000
139819  -35.692  -46.434  69.059 0.0000000000
47895  -37.416  -45.593  68.382 0.0000000000
47908  -38.584  -45.446  67.220 0.0000000000
48962  -39.201  -44.559  65.664 0.0000000000
50900  -34.138  -43.018  61.732 0.0000000000
49951  -34.845  -43.448  61.974 0.0000000000
146633  -34.500  -43.745  60.091 0.0000000000
49977  -34.721  -43.979  57.314 0.0000000000
49037  -34.498  -44.387  56.526 0.0000000000
48087  -32.894  -45.276  55.368 0.0000000000
49063  -32.724  -44.117  54.727 0.0000000000
55932  -31.263  -37.238  55.620 0.0000000000
57022  -30.571  -36.623  54.202 0.0000000000
60858  -47.614  -32.353  62.051 0.0000000000
58877  -48.880  -34.752  61.532 0.0000000000
60875  -49.494  -33.014  61.464 0.0000000000
60877  -50.820  -32.941  61.042 0.0000000000
61906  -51.396  -31.669  59.734 0.0000000000
69589  -49.939  -23.215  60.927 0.0000000000
67702  -49.638  -24.769  59.900 0.0000000000
68691  -48.798  -24.601  58.894 0.0000000000
68698  -48.003  -24.877  57.932 0.0000000000
67749  -46.786  -25.519  56.555 0.0000000000
66726  -45.995  -26.791  55.360 0.0000000000
68718  -46.075  -24.635  55.659 0.0000000000
69625  -45.830  -23.192  55.117 0.0000000000
144308  -45.675  -22.671  54.495 0.0000000000
68744  -50.880  -24.159  53.342 0.0000000000
153834  -49.729  -23.541  53.213 0.0000000000
69692  -49.572  -23.604  51.750 0.0000000000
47867  -15.655  -44.701  69.831 0.0000000000
48908  -15.169  -44.514  68.946 0.0000000000
47892  -16.342  -45.242  68.617 0.0000000000
47917  -16.574  -45.300  66.584 0.0000000000
47947  -17.591  -45.430  64.555 0.0000000000
46996  -23.822  -46.091  62.587 0.0000000000
137643  -22.014  -45.833  61.858 0.0000000000
137676  -23.007  -45.584  60.835 0.0000000000
48058  -23.170  -45.848  58.794 0.0000000000
45197  -22.276  -47.711  58.525 0.0000000000
43609  -22.234  -49.505  59.606 0.0000000000
44375  -23.524  -49.065  59.879 0.0000000000
46982  -35.738  -46.725  63.522 0.0000000000
46981  -34.899  -46.164  63.575 0.0000000000
141034  -36.000  -47.599  62.344 0.0000000000
45167  -35.394  -48.209  61.683 0.0000000000
44343  -33.980  -49.179  61.780 0.0000000000
57005  -34.341  -37.113  55.030 0.0000000000
149121  -34.590  -36.798  54.483 0.0000000000
55936  -35.381  -37.448  55.775 0.0000000000
141036  -36.586  -37.455  56.724 0.0000000000
54825  -37.458  -37.796  57.781 0.0000000000
55841  -36.963  -37.490  59.974 0.0000000000
54794  -38.105  -38.035  59.186 0.0000000000
54809  -38.308  -38.103  58.804 0.0000000000
141959  -39.549  -38.453  59.677 0.0000000000
53738  -40.433  -38.714  59.952 0.0000000000
53728  -42.016  -39.122  61.049 0.0000000000
160221  -35.686  -41.159  70.394 0.0000000000
51729  -36.536  -42.153  68.713 0.0000000000
51728  -35.664  -41.705  68.661 0.0000000000
51754  -34.731  -41.305  67.054 0.0000000000
157770  -34.386  -41.523  65.408 0.0000000000
53634  -33.126  -39.549  66.398 0.0000000000
52688  -33.646  -40.399  65.154 0.0000000000
51803  -33.989  -41.960  62.878 0.0000000000
50890  -33.578  -41.733  62.157 0.0000000000
153650  -32.093  -41.953  59.820 0.0000000000
51844  -31.188  -41.663  58.286 0.0000000000
51850  -30.347  -41.644  56.265 0.0000000000
52759  -31.095  -40.773  58.453 0.0000000000
53767  -30.529  -39.620  57.543 0.0000000000
54823  -30.714  -38.728  57.266 0.0000000000
55839  -32.655  -38.094  60.613 0.0000000000
54806  -32.185  -38.015  58.739 0.0000000000
55890  -31.848  -37.647  57.199 0.0000000000
55913  -32.494  -37.416  56.640 0.0000000000
155153  -33.207  -37.338  56.200 0.0000000000
73389  -50.373  -19.552  57.905 0.0000000000
73390  -51.160  -19.225  58.497 0.0000000000
71424  -52.307  -21.076  57.543 0.0000000000
70503  -52.094  -22.600  56.506 0.0000000000
68719  -52.334  -24.444  55.066 0.0000000000
68746  -52.377  -24.298  53.801 0.0000000000
45915  -20.903  -46.745  68.985 0.0000000000
138385  -19.862  -46.378  67.964 0.0000000000
45933  -21.422  -46.722  67.436 0.0000000000
140280  -22.191  -46.959  66.265 0.0000000000
45964  -23.082  -46.791  64.746 0.0000000000
46914  -24.899  -46.494  66.227 0.0000000000
46937  -24.605  -46.410  65.534 0.0000000000
135190  -24.089  -46.427  63.988 0.0000000000
47989  -25.471  -45.565  62.211 0.0000000000
48013  -27.164  -44.800  61.171 0.0000000000
49018  -28.316  -44.910  59.862 0.0000000000
57043  -35.768  -36.250  53.886 0.0000000000
58020  -36.557  -35.274  52.941 0.0000000000
57956  -38.673  -35.557  55.275 0.0000000000
58007  -47.284  -36.075  53.318 0.0000000000
58938  -45.884  -34.835  54.358 0.0000000000
45907  -31.006  -47.652  70.035 0.0000000000
46875  -30.765  -46.912  68.366 0.0000000000
46877  -32.595  -46.634  68.337 0.0000000000
46923  -33.724  -46.134  67.150 0.0000000000
157467  -34.832  -46.072  66.288 0.0000000000
46901  -36.102  -46.626  67.398 0.0000000000
137097  -36.423  -46.571  66.491 0.0000000000
46962  -37.048  -47.148  64.571 0.0000000000
45973  -38.358  -48.399  63.819 0.0000000000
45150  -39.000  -49.228  62.520 0.0000000000
45180  -37.795  -49.113  60.813 0.0000000000
50842  -37.171  -43.193  66.797 0.0000000000
49941  -37.791  -43.772  65.816 0.0000000000
48981  -38.572  -44.863  63.954 0.0000000000
155295  -36.186  -44.378  61.335 0.0000000000
153907  -37.235  -44.642  62.100 0.0000000000
47996  -38.698  -45.524  62.276 0.0000000000
47016  -38.606  -46.345  60.980 0.0000000000
46006  -37.430  -48.100  60.155 0.0000000000
52780  -30.403  -40.567  53.434 0.0000000000
58826  -34.279  -34.279  69.458 0.0000000000
58837  -35.745  -34.772  68.587 0.0000000000
47851  -16.546  -45.153  71.289 0.0000000000
46842  -20.022  -46.614  70.361 0.0000000000
154831  -20.835  -46.750  70.403 0.0000000000
135867  -22.612  -46.752  70.376 0.0000000000
45902  -26.134  -47.393  70.327 0.0000000000
45903  -27.509  -47.850  70.637 0.0000000000
45904  -28.373  -47.864  70.366 0.0000000000
45906  -30.285  -47.882  70.349 0.0000000000
45889  -30.854  -48.029  71.127 0.0000000000
45890  -32.381  -47.780  70.644 0.0000000000
135884  -33.782  -46.855  70.720 0.0000000000
46814  -32.830  -46.242  72.001 0.0000000000
136129  -34.625  -45.886  70.803 0.0000000000
47859  -34.947  -45.201  70.858 0.0000000000
48870  -35.229  -43.819  71.206 0.0000000000
50745  -36.903  -42.233  71.812 0.0000000000
51693  -36.752  -41.900  71.757 0.0000000000
52627  -34.930  -40.022  71.054 0.0000000000
144416  -34.446  -39.461  71.144 0.0000000000
58825  -33.535  -34.619  69.673 0.0000000000
57842  -36.538  -35.319  68.227 0.0000000000
138269  -38.025  -36.222  66.967 0.0000000000
139343  -39.503  -36.744  65.567 0.0000000000
142786  -39.943  -35.648  69.234 0.0000000000
148013  -40.337  -36.756  66.816 0.0000000000
139509  -40.510  -37.538  64.887 0.0000000000
54737  -41.033  -38.247  63.259 0.0000000000
53680  -42.335  -39.054  63.011 0.0000000000
53715  -43.574  -39.385  62.009 0.0000000000
55790  -44.561  -38.371  64.531 0.0000000000
53684  -45.314  -39.513  63.280 0.0000000000
54787  -44.472  -38.547  61.462 0.0000000000
56937  -45.402  -37.090  60.455 0.0000000000
155519  -46.415  -37.035  59.682 0.0000000000
56965  -47.595  -36.870  58.467 0.0000000000
56939  -49.349  -36.174  60.585 0.0000000000
56966  -48.529  -36.128  58.689 0.0000000000
145542  -47.528  -36.250  57.062 0.0000000000
57962  -47.499  -35.942  56.031 0.0000000000
58919  -46.188  -34.585  56.116 0.0000000000
59917  -45.369  -34.001  55.775 0.0000000000
162167  -50.785  -29.119  60.196 0.0000000000
62879  -50.405  -30.164  59.136 0.0000000000
66680  -49.742  -26.927  58.691 0.0000000000
63838  -49.554  -29.131  58.085 0.0000000000
61946  -48.498  -30.984  58.173 0.0000000000
61958  -46.933  -31.055  57.664 0.0000000000
144577  -45.440  -31.807  57.022 0.0000000000
60937  -44.202  -32.841  55.675 0.0000000000
60936  -43.482  -32.323  55.208 0.0000000000
61965  -42.778  -31.416  54.258 0.0000000000
62969  -42.116  -30.553  52.933 0.0000000000
65815  -44.433  -27.428  54.321 0.0000000000
64866  -43.080  -28.408  53.535 0.0000000000
62968  -41.558  -30.054  52.162 0.0000000000
159052  -48.827  -20.315  56.222 0.0000000000
140957  -46.990  -21.449  53.973 0.0000000000
70537  -45.038  -22.298  52.814 0.0000000000
69667  -47.448  -23.427  51.849 0.0000000000
70559  -45.863  -22.661  51.702 0.0000000000
149083  -43.041  -24.029  51.182 0.0000000000
48935  -14.338  -44.706  67.460 0.0000000000
46912  -19.505  -46.183  66.366 0.0000000000
46952  -19.003  -46.168  64.845 0.0000000000
47965  -18.407  -45.725  63.341 0.0000000000
137420  -20.703  -46.029  61.649 0.0000000000
48006  -19.454  -45.854  61.203 0.0000000000
48004  -17.745  -45.209  61.671 0.0000000000
142936  -17.327  -45.228  60.716 0.0000000000
46896  -30.274  -46.449  67.604 0.0000000000
46942  -30.191  -45.952  66.005 0.0000000000
136256  -30.309  -45.374  64.505 0.0000000000
47975  -33.445  -45.424  63.231 0.0000000000
47973  -31.880  -45.157  63.808 0.0000000000
47971  -30.001  -45.134  63.604 0.0000000000
48990  -29.865  -44.651  61.635 0.0000000000
49012  -29.557  -44.870  60.358 0.0000000000
47046  -28.624  -46.244  59.568 0.0000000000
43558  -35.079  -51.045  63.110 0.0000000000
44320  -34.004  -50.189  62.576 0.0000000000
44341  -32.053  -49.472  62.134 0.0000000000
45176  -30.592  -48.342  60.968 0.0000000000
45175  -29.731  -48.161  60.780 0.0000000000
45174  -27.988  -48.284  60.528 0.0000000000
144456  -34.896  -35.117  66.751 0.0000000000
57864  -35.457  -35.415  66.192 0.0000000000
161208  -35.197  -35.078  67.373 0.0000000000
162913  -33.494  -34.814  68.039 0.0000000000
57851  -33.179  -35.250  67.682 0.0000000000
57852  -34.049  -35.058  66.686 0.0000000000
159296  -45.686  -34.866  53.684 0.0000000000
58961  -45.163  -34.563  53.397 0.0000000000
59938  -44.355  -34.056  53.504 0.0000000000
59920  -44.393  -33.802  54.507 0.0000000000
45922  -29.475  -47.264  69.097 0.0000000000
57998  -33.483  -35.636  53.257 0.0000000000
58017  -33.883  -35.156  52.528 0.0000000000
55861  -42.319  -37.408  59.956 0.0000000000
56946  -41.944  -36.789  59.249 0.0000000000
55862  -43.243  -36.968  60.366 0.0000000000
49873  -36.356  -42.839  70.242 0.0000000000
49890  -36.905  -43.220  69.489 0.0000000000
50784  -37.110  -42.691  68.774 0.0000000000
50926  -31.657  -42.583  56.672 0.0000000000
57040  -33.019  -36.044  53.932 0.0000000000
57039  -31.970  -35.889  53.939 0.0000000000
72374  -49.370  -19.845  59.503 0.0000000000
72381  -48.783  -20.509  58.527 0.0000000000
155745  -48.209  -20.900  57.855 0.0000000000
73387  -49.116  -19.956  58.265 0.0000000000
46856  -18.719  -46.213  69.560 0.0000000000
46871  -18.441  -46.039  68.645 0.0000000000
144643  -27.191  -45.551  59.557 0.0000000000
48047  -26.208  -45.617  59.385 0.0000000000
47045  -26.598  -46.089  59.247 0.0000000000
45188  -26.264  -47.394  59.519 0.0000000000
146236  -26.986  -46.841  59.445 0.0000000000
44346  -37.683  -50.604  61.506 0.0000000000
43561  -37.587  -50.557  62.060 0.0000000000
43597  -37.206  -50.950  60.921 0.0000000000
56944  -35.245  -36.591  59.432 0.0000000000
55819  -39.011  -37.472  62.388 0.0000000000
54735  -39.765  -37.717  62.628 0.0000000000
53582  -33.520  -38.940  70.160 0.0000000000
53595  -33.605  -39.283  69.447 0.0000000000
53607  -33.137  -39.062  68.677 0.0000000000
54734  -33.068  -38.407  63.463 0.0000000000
53677  -33.196  -39.203  63.211 0.0000000000
53697  -33.129  -39.381  62.465 0.0000000000
160976  -32.973  -39.586  61.870 0.0000000000
153533  -32.880  -38.930  61.902 0.0000000000
56933  -34.454  -36.446  60.269 0.0000000000
56943  -34.270  -36.697  59.422 0.0000000000
45899  -23.763  -46.924  69.084 0.0000000000
135431  -23.974  -46.964  68.293 0.0000000000
47951  -28.080  -46.050  64.786 0.0000000000
46959  -27.161  -46.222  65.112 0.0000000000
47970  -28.159  -45.657  63.898 0.0000000000
142536  -37.472  -37.474  56.918 0.0000000000
57007  -37.385  -36.573  55.487 0.0000000000
55939  -37.806  -36.919  56.179 0.0000000000
58936  -41.405  -34.745  54.726 0.0000000000
58935  -40.652  -34.556  54.552 0.0000000000
55918  -46.265  -37.216  55.846 0.0000000000
55941  -45.957  -37.461  55.028 0.0000000000
158155  -46.697  -37.292  54.683 0.0000000000
55942  -46.809  -37.163  55.364 0.0000000000
46863  -34.377  -46.812  69.554 0.0000000000
149657  -34.957  -46.696  69.089 0.0000000000
46947  -39.855  -45.950  65.080 0.0000000000
155983  -39.507  -46.280  65.611 0.0000000000
46965  -40.015  -46.594  64.267 0.0000000000
46983  -40.077  -46.858  63.477 0.0000000000
47978  -39.943  -46.073  63.491 0.0000000000
51782  -35.053  -42.427  64.854 0.0000000000
50874  -35.655  -42.905  64.535 0.0000000000
50882  -35.340  -43.009  63.603 0.0000000000
49028  -35.677  -44.710  57.346 0.0000000000
48061  -36.204  -45.062  57.785 0.0000000000
48068  -35.703  -45.385  57.236 0.0000000000
47062  -36.251  -45.731  57.842 0.0000000000
47072  -35.188  -46.137  57.250 0.0000000000
54835  -30.414  -38.492  56.448 0.0000000000
54687  -43.358  -38.081  65.995 0.0000000000
58875  -46.692  -34.321  62.265 0.0000000000
59862  -45.742  -34.249  62.763 0.0000000000
150104  -46.284  -35.100  62.495 0.0000000000
57893  -46.524  -36.201  62.647 0.0000000000
56917  -47.707  -36.548  62.209 0.0000000000
55821  -48.175  -37.216  61.889 0.0000000000
57900  -48.322  -35.605  61.765 0.0000000000
159080  -50.919  -32.950  59.503 0.0000000000
59890  -50.253  -33.504  59.539 0.0000000000
146046  -49.324  -33.298  59.256 0.0000000000
60920  -48.048  -32.939  58.701 0.0000000000
60921  -48.770  -32.672  58.925 0.0000000000
68665  -49.562  -23.694  61.397 0.0000000000
68666  -49.789  -24.456  61.345 0.0000000000
67693  -50.445  -25.381  61.142 0.0000000000
65787  -46.973  -27.514  56.357 0.0000000000
139271  -47.576  -28.076  56.613 0.0000000000
64833  -46.935  -28.277  56.236 0.0000000000
150633  -46.285  -29.294  55.994 0.0000000000
63866  -46.283  -28.634  55.843 0.0000000000
64844  -45.661  -28.269  55.309 0.0000000000
68742  -43.910  -24.696  53.073 0.0000000000
67786  -43.846  -25.633  53.149 0.0000000000
67801  -43.385  -25.002  52.485 0.0000000000
67819  -42.944  -24.737  51.841 0.0000000000
70515  -50.809  -22.642  55.244 0.0000000000
71463  -50.127  -22.075  54.774 0.0000000000
70529  -50.414  -23.068  54.522 0.0000000000
48907  -14.393  -44.444  69.280 0.0000000000
48968  -16.271  -44.852  64.250 0.0000000000
48977  -16.370  -44.785  63.391 0.0000000000
48985  -15.770  -44.571  62.632 0.0000000000
48986  -16.494  -44.779  62.669 0.0000000000
46956  -22.007  -46.362  64.095 0.0000000000
46955  -21.275  -46.231  63.745 0.0000000000
139991  -21.828  -46.228  63.422 0.0000000000
44386  -20.355  -49.016  58.419 0.0000000000
137619  -34.583  -45.993  65.497 0.0000000000
47937  -33.623  -45.627  65.670 0.0000000000
47938  -33.941  -45.621  64.802 0.0000000000
46005  -33.442  -47.273  61.024 0.0000000000
47031  -33.023  -46.695  61.003 0.0000000000
46004  -32.710  -47.234  60.803 0.0000000000
45178  -32.415  -47.905  60.924 0.0000000000
57897  -35.088  -36.025  62.895 0.0000000000
57889  -35.576  -35.888  63.677 0.0000000000
139950  -36.103  -35.757  65.702 0.0000000000
56893  -36.806  -36.067  64.414 0.0000000000
56879  -36.803  -36.064  65.331 0.0000000000
56894  -37.737  -36.423  64.176 0.0000000000
56880  -37.622  -36.258  65.011 0.0000000000
56819  -32.584  -36.528  69.115 0.0000000000
55728  -32.527  -37.129  68.333 0.0000000000
56835  -32.580  -36.248  68.441 0.0000000000
56877  -32.824  -36.583  65.970 0.0000000000
56862  -32.710  -36.483  66.847 0.0000000000
55785  -32.944  -37.434  64.678 0.0000000000
55786  -33.223  -36.874  64.146 0.0000000000
57880  -34.507  -35.694  64.584 0.0000000000
57887  -33.982  -36.024  64.109 0.0000000000
56903  -34.197  -36.201  63.246 0.0000000000
56913  -34.385  -36.252  62.313 0.0000000000
58992  -45.996  -35.315  51.009 0.0000000000
59937  -43.613  -33.347  53.127 0.0000000000
60963  -42.707  -31.999  53.111 0.0000000000
154854  -26.021  -47.082  68.324 0.0000000000
139893  -26.760  -47.287  68.819 0.0000000000
45938  -28.544  -46.817  67.566 0.0000000000
46894  -27.685  -46.887  67.560 0.0000000000
46918  -28.037  -46.436  66.356 0.0000000000
143038  -28.826  -46.511  66.721 0.0000000000
58018  -34.822  -35.167  52.479 0.0000000000
55898  -39.943  -37.075  57.945 0.0000000000
56972  -41.217  -35.392  57.916 0.0000000000
57947  -41.896  -34.773  57.080 0.0000000000
134986  -42.807  -35.091  56.285 0.0000000000
57937  -42.881  -35.168  57.312 0.0000000000
134766  -44.295  -35.956  58.935 0.0000000000
57939  -44.415  -36.071  57.491 0.0000000000
56973  -45.080  -36.481  57.041 0.0000000000
47873  -35.683  -45.026  70.395 0.0000000000
141632  -36.251  -45.512  69.611 0.0000000000
47883  -36.944  -45.191  69.204 0.0000000000
49907  -38.372  -44.077  67.798 0.0000000000
48927  -38.230  -44.941  68.012 0.0000000000
48937  -38.738  -44.657  67.179 0.0000000000
48949  -39.052  -44.499  66.413 0.0000000000
49960  -33.904  -43.236  60.858 0.0000000000
49959  -33.693  -43.447  59.940 0.0000000000
49976  -33.776  -43.626  56.929 0.0000000000
49970  -33.885  -43.725  58.158 0.0000000000
49983  -34.351  -44.020  56.551 0.0000000000
49036  -34.055  -44.007  55.899 0.0000000000
49050  -33.725  -44.196  55.421 0.0000000000
50004  -33.276  -43.938  55.077 0.0000000000
57002  -30.884  -36.894  54.928 0.0000000000
152795  -48.610  -32.959  61.524 0.0000000000
61864  -50.278  -31.273  60.968 0.0000000000
60860  -50.113  -32.130  61.250 0.0000000000
61878  -50.963  -32.152  60.625 0.0000000000
61891  -51.589  -32.392  60.083 0.0000000000
139910  -51.235  -31.481  60.185 0.0000000000
72375  -49.690  -21.025  60.942 0.0000000000
71390  -49.430  -20.856  61.374 0.0000000000
71396  -49.599  -21.521  61.245 0.0000000000
70474  -49.881  -22.549  60.821 0.0000000000
68683  -49.635  -23.851  60.042 0.0000000000
69588  -49.616  -22.975  60.175 0.0000000000
69596  -48.269  -23.059  58.298 0.0000000000
68690  -48.132  -24.022  58.167 0.0000000000
68697  -47.452  -24.462  57.424 0.0000000000
67750  -47.284  -25.208  57.166 0.0000000000
68709  -46.970  -24.735  56.840 0.0000000000
67764  -46.265  -25.359  55.841 0.0000000000
69614  -46.900  -23.842  56.744 0.0000000000
70501  -46.976  -22.152  56.430 0.0000000000
69613  -46.634  -22.937  56.236 0.0000000000
153808  -46.537  -22.197  55.728 0.0000000000
69639  -45.402  -23.373  54.466 0.0000000000
70514  -46.117  -22.298  54.977 0.0000000000
68758  -50.778  -23.959  52.808 0.0000000000
69669  -50.391  -23.835  52.877 0.0000000000
47881  -16.449  -45.212  69.402 0.0000000000
47880  -15.830  -44.960  69.038 0.0000000000
47906  -18.021  -45.795  66.893 0.0000000000
47905  -17.219  -45.581  67.310 0.0000000000
47918  -17.343  -45.582  66.320 0.0000000000
47930  -17.473  -45.518  65.428 0.0000000000
47987  -24.032  -45.738  61.686 0.0000000000
48009  -23.345  -45.702  61.418 0.0000000000
48010  -24.459  -45.407  60.883 0.0000000000
47060  -24.250  -46.376  58.563 0.0000000000
48059  -24.012  -45.821  58.720 0.0000000000
47059  -23.429  -46.305  58.593 0.0000000000
46024  -22.833  -46.904  58.505 0.0000000000
46025  -23.697  -47.010  58.514 0.0000000000
45185  -23.260  -48.461  59.179 0.0000000000
46013  -23.941  -47.812  58.851 0.0000000000
44358  -25.465  -48.587  60.535 0.0000000000
159292  -24.818  -48.899  60.692 0.0000000000
45980  -35.963  -47.200  62.844 0.0000000000
44322  -36.630  -50.177  62.474 0.0000000000
44345  -36.016  -49.100  62.042 0.0000000000
157547  -35.804  -49.811  62.346 0.0000000000
44344  -34.975  -48.849  61.726 0.0000000000
44321  -35.049  -50.014  62.412 0.0000000000
134960  -34.049  -37.493  56.207 0.0000000000
55935  -34.612  -37.422  55.625 0.0000000000
139325  -34.867  -37.575  56.280 0.0000000000
136255  -36.031  -37.480  56.925 0.0000000000
55895  -36.795  -37.654  57.551 0.0000000000
162381  -37.040  -37.643  57.314 0.0000000000
54807  -37.222  -37.820  58.050 0.0000000000
56925  -36.509  -36.647  61.581 0.0000000000
56935  -36.356  -36.788  60.618 0.0000000000
55829  -37.139  -37.203  60.921 0.0000000000
55843  -38.510  -37.924  60.627 0.0000000000
55842  -37.731  -37.742  60.307 0.0000000000
54781  -38.264  -38.064  59.856 0.0000000000
54795  -38.748  -38.266  59.406 0.0000000000
54810  -39.088  -38.307  58.963 0.0000000000
145156  -39.212  -38.406  59.999 0.0000000000
53726  -40.579  -38.856  60.605 0.0000000000
54784  -41.560  -38.902  60.520 0.0000000000
53727  -41.228  -39.030  60.807 0.0000000000
52639  -35.279  -40.605  70.403 0.0000000000
51717  -35.676  -41.153  69.714 0.0000000000
51716  -34.851  -41.057  69.011 0.0000000000
52668  -34.190  -40.713  67.529 0.0000000000
51768  -34.554  -41.457  66.173 0.0000000000
138943  -33.002  -39.418  67.182 0.0000000000
52702  -33.723  -40.550  64.186 0.0000000000
52703  -34.130  -41.257  64.156 0.0000000000
52713  -33.818  -41.131  63.406 0.0000000000
51802  -33.616  -41.280  62.648 0.0000000000
51825  -32.316  -41.299  60.450 0.0000000000
50911  -31.906  -42.091  59.117 0.0000000000
51834  -31.518  -41.409  58.886 0.0000000000
51843  -30.707  -41.479  57.765 0.0000000000
145856  -31.407  -40.034  58.790 0.0000000000
53754  -31.510  -39.302  58.673 0.0000000000
53768  -31.075  -39.000  58.024 0.0000000000
138600  -33.084  -37.397  62.113 0.0000000000
55827  -32.875  -37.738  61.340 0.0000000000
55840  -32.976  -37.436  60.698 0.0000000000
140302  -33.157  -37.294  58.997 0.0000000000
55854  -32.518  -37.889  59.238 0.0000000000
55871  -32.731  -37.522  58.550 0.0000000000
55870  -32.157  -37.721  58.035 0.0000000000
55891  -32.704  -37.463  57.365 0.0000000000
55914  -33.427  -37.458  56.790 0.0000000000
55934  -33.612  -37.150  55.515 0.0000000000
72398  -52.820  -20.637  58.513 0.0000000000
71425  -53.209  -21.574  58.134 0.0000000000
71437  -52.657  -22.097  57.338 0.0000000000
70492  -53.521  -22.472  57.786 0.0000000000
69629  -52.878  -24.245  55.870 0.0000000000
68720  -53.330  -24.395  55.463 0.0000000000
68732  -51.790  -24.436  54.284 0.0000000000
68747  -53.617  -24.285  54.251 0.0000000000
153369  -21.252  -46.710  68.254 0.0000000000
135430  -22.819  -46.768  66.960 0.0000000000
45934  -22.125  -46.817  67.165 0.0000000000
45944  -22.934  -46.749  66.306 0.0000000000
45954  -22.772  -46.863  65.534 0.0000000000
46892  -26.073  -46.756  67.366 0.0000000000
45947  -25.125  -46.678  67.017 0.0000000000
46915  -25.770  -46.580  66.420 0.0000000000
135664  -26.160  -46.225  64.959 0.0000000000
46938  -25.450  -46.374  65.556 0.0000000000
46958  -25.334  -46.239  64.773 0.0000000000
135334  -24.508  -46.415  64.764 0.0000000000
46979  -25.032  -46.198  63.937 0.0000000000
46978  -24.405  -46.184  63.222 0.0000000000
154156  -25.712  -45.957  63.541 0.0000000000
47991  -27.369  -45.028  62.171 0.0000000000
47990  -26.386  -45.197  61.916 0.0000000000
49001  -27.137  -44.839  60.348 0.0000000000
49010  -27.936  -44.604  60.525 0.0000000000
57026  -35.335  -36.817  54.534 0.0000000000
149531  -35.904  -36.742  54.635 0.0000000000
57977  -37.088  -35.724  54.108 0.0000000000
58001  -36.510  -35.725  53.639 0.0000000000
57945  -39.646  -35.649  56.300 0.0000000000
57009  -38.930  -35.934  55.969 0.0000000000
57957  -39.502  -35.282  55.552 0.0000000000
58958  -39.590  -34.312  53.513 0.0000000000
149688  -43.458  -36.019  54.931 0.0000000000
57030  -43.834  -36.617  54.406 0.0000000000
55970  -46.226  -37.577  52.621 0.0000000000
158966  -47.390  -36.475  54.358 0.0000000000
58008  -47.415  -36.514  53.631 0.0000000000
57984  -47.243  -35.976  54.023 0.0000000000
57982  -46.600  -35.538  53.528 0.0000000000
57983  -46.711  -35.460  54.638 0.0000000000
148458  -31.662  -47.493  69.708 0.0000000000
45924  -31.246  -47.369  69.066 0.0000000000
45925  -32.047  -47.150  69.080 0.0000000000
46899  -33.530  -46.276  68.059 0.0000000000
46924  -34.621  -46.086  67.001 0.0000000000
46882  -36.920  -46.270  68.052 0.0000000000
46881  -36.109  -46.579  68.171 0.0000000000
46902  -36.631  -46.559  67.566 0.0000000000
46945  -38.281  -47.293  65.529 0.0000000000
137276  -37.418  -46.918  66.056 0.0000000000
138098  -36.583  -46.689  65.375 0.0000000000
45965  -37.728  -47.693  64.428 0.0000000000
45983  -39.502  -48.383  62.517 0.0000000000
45142  -39.072  -49.065  63.089 0.0000000000
45170  -38.977  -49.056  62.103 0.0000000000
44325  -38.535  -49.657  62.112 0.0000000000
45169  -38.471  -49.112  61.511 0.0000000000
50799  -36.144  -42.338  67.950 0.0000000000
50823  -36.673  -42.772  67.369 0.0000000000
151880  -36.366  -42.900  66.655 0.0000000000
144051  -37.091  -43.920  64.129 0.0000000000
49940  -36.888  -43.506  65.543 0.0000000000
48970  -38.023  -44.481  64.498 0.0000000000
48980  -37.672  -44.496  63.490 0.0000000000
49956  -35.347  -44.048  61.291 0.0000000000
48993  -35.669  -43.860  62.236 0.0000000000
153456  -35.900  -44.372  60.601 0.0000000000
48035  -37.446  -45.152  59.757 0.0000000000
49005  -37.052  -44.706  61.360 0.0000000000
49015  -37.640  -45.141  60.705 0.0000000000
49006  -37.841  -45.038  61.665 0.0000000000
48016  -38.357  -45.673  61.237 0.0000000000
158952  -37.293  -47.271  59.566 0.0000000000
46017  -36.560  -47.997  59.440 0.0000000000
45200  -35.659  -48.477  59.043 0.0000000000
52771  -30.050  -41.013  55.650 0.0000000000
145050  -30.314  -41.185  54.707 0.0000000000
152178  -30.235  -40.590  54.183 0.0000000000
47850  -15.824  -44.695  70.844 0.0000000000
46843  -20.516  -46.665  71.119 0.0000000000
45883  -25.551  -47.195  70.739 0.0000000000
45888  -29.828  -47.875  71.065 0.0000000000
45891  -33.109  -47.423  70.833 0.0000000000
46792  -33.007  -45.259  72.265 0.0000000000
46815  -33.601  -45.760  71.658 0.0000000000
46834  -34.095  -46.244  71.071 0.0000000000
46835  -34.353  -45.405  71.315 0.0000000000
48858  -34.550  -43.191  71.774 0.0000000000
48869  -34.851  -43.697  71.479 0.0000000000
49846  -35.334  -42.936  71.325 0.0000000000
48871  -35.584  -43.033  71.072 0.0000000000
157540  -35.993  -42.183  71.431 0.0000000000
51683  -36.240  -41.435  72.275 0.0000000000
52616  -35.504  -41.284  72.343 0.0000000000
52628  -35.413  -40.988  71.038 0.0000000000
52615  -34.790  -40.420  71.728 0.0000000000
54608  -34.127  -38.647  72.137 0.0000000000
54619  -34.039  -38.808  71.524 0.0000000000
58828  -36.067  -34.557  69.340 0.0000000000
57830  -36.651  -35.057  69.004 0.0000000000
56836  -38.875  -35.913  68.328 0.0000000000
56820  -37.877  -35.881  68.387 0.0000000000
135454  -38.368  -36.105  67.559 0.0000000000
56865  -38.274  -36.291  66.255 0.0000000000
55756  -39.121  -36.443  66.206 0.0000000000
54685  -41.250  -37.339  66.475 0.0000000000
54668  -41.144  -36.821  67.394 0.0000000000
54684  -40.461  -37.189  66.047 0.0000000000
54700  -40.165  -37.206  65.475 0.0000000000
54717  -40.513  -37.713  63.995 0.0000000000
54718  -41.150  -37.915  64.686 0.0000000000
53663  -43.680  -39.182  64.104 0.0000000000
53662  -42.728  -38.900  63.908 0.0000000000
53681  -43.314  -39.301  63.299 0.0000000000
53701  -42.937  -39.356  62.457 0.0000000000
53702  -43.906  -39.507  62.772 0.0000000000
58866  -44.224  -34.934  64.336 0.0000000000
55775  -43.974  -37.701  65.249 0.0000000000
56907  -44.443  -36.920  64.045 0.0000000000
54741  -46.317  -38.623  62.884 0.0000000000
54740  -45.753  -39.051  63.465 0.0000000000
54758  -45.790  -39.185  62.705 0.0000000000
162034  -45.390  -39.175  62.283 0.0000000000
137651  -45.366  -38.775  61.875 0.0000000000
55832  -45.436  -38.092  61.354 0.0000000000
55833  -46.145  -38.351  61.587 0.0000000000
154754  -47.927  -37.776  60.813 0.0000000000
55848  -47.235  -37.582  60.287 0.0000000000
55863  -47.441  -37.224  59.343 0.0000000000
56964  -46.986  -37.009  58.730 0.0000000000
56950  -47.968  -37.117  59.236 0.0000000000
58883  -49.842  -34.732  61.362 0.0000000000
57907  -49.969  -35.265  61.068 0.0000000000
57915  -49.876  -35.485  60.682 0.0000000000
57931  -48.746  -35.507  58.827 0.0000000000
57932  -49.083  -35.888  59.507 0.0000000000
57941  -48.280  -35.774  58.015 0.0000000000
56976  -47.937  -36.326  57.917 0.0000000000
57940  -47.830  -35.984  57.140 0.0000000000
162477  -47.659  -36.031  56.581 0.0000000000
58915  -47.950  -35.289  57.676 0.0000000000
59909  -46.891  -33.795  58.097 0.0000000000
58914  -47.077  -34.738  57.365 0.0000000000
59913  -46.375  -34.445  56.850 0.0000000000
59912  -45.595  -33.775  56.718 0.0000000000
65744  -50.830  -27.926  60.341 0.0000000000
64776  -50.807  -28.223  60.605 0.0000000000
153302  -50.674  -29.328  59.583 0.0000000000
63825  -50.724  -30.094  59.491 0.0000000000
163106  -50.528  -29.571  59.296 0.0000000000
67715  -49.174  -25.492  58.963 0.0000000000
159776  -49.622  -26.143  58.938 0.0000000000
66679  -49.037  -26.374  58.183 0.0000000000
63852  -48.412  -29.078  57.302 0.0000000000
150069  -49.045  -28.944  57.594 0.0000000000
63837  -48.951  -29.591  57.770 0.0000000000
62896  -48.495  -30.194  57.813 0.0000000000
61945  -47.488  -31.438  58.147 0.0000000000
62914  -47.657  -30.504  57.630 0.0000000000
62912  -45.504  -30.517  56.186 0.0000000000
61956  -45.471  -31.135  56.622 0.0000000000
61955  -44.870  -31.877  56.506 0.0000000000
162597  -44.625  -32.567  56.247 0.0000000000
159215  -44.205  -32.025  55.893 0.0000000000
61963  -43.730  -31.373  55.407 0.0000000000
62941  -43.723  -29.771  54.876 0.0000000000
62940  -43.188  -30.721  54.795 0.0000000000
63876  -42.985  -29.861  54.324 0.0000000000
62958  -42.622  -30.642  53.915 0.0000000000
145669  -42.465  -29.842  53.549 0.0000000000
66739  -45.455  -26.061  54.797 0.0000000000
160149  -44.938  -27.233  54.516 0.0000000000
66738  -44.763  -26.640  54.308 0.0000000000
65843  -42.493  -27.500  52.490 0.0000000000
65829  -43.153  -27.674  53.171 0.0000000000
64865  -42.528  -28.323  52.951 0.0000000000
64878  -42.010  -28.938  52.788 0.0000000000
73402  -49.918  -19.930  57.191 0.0000000000
72410  -49.489  -20.309  56.408 0.0000000000
71461  -48.407  -21.289  54.167 0.0000000000
72429  -48.786  -20.806  54.802 0.0000000000
71460  -47.642  -21.344  54.068 0.0000000000
71472  -46.464  -21.726  53.580 0.0000000000
70539  -46.470  -21.972  52.778 0.0000000000
69691  -48.174  -23.716  51.606 0.0000000000
69668  -48.167  -23.362  52.353 0.0000000000
69690  -47.568  -23.798  51.173 0.0000000000
68781  -45.451  -23.811  50.452 0.0000000000
69687  -44.370  -23.000  51.566 0.0000000000
47903  -15.705  -44.991  67.615 0.0000000000
48922  -15.102  -44.604  67.980 0.0000000000
48936  -15.134  -44.710  67.093 0.0000000000
48967  -14.753  -44.753  64.587 0.0000000000
48958  -14.617  -44.805  65.583 0.0000000000
48983  -13.819  -44.698  63.034 0.0000000000
49008  -14.871  -44.696  61.169 0.0000000000
48002  -14.209  -45.024  61.322 0.0000000000
48019  -14.835  -45.127  60.781 0.0000000000
47025  -15.694  -45.939  60.123 0.0000000000
154526  -20.554  -46.524  66.534 0.0000000000
46891  -20.161  -46.368  66.968 0.0000000000
46913  -20.216  -46.396  66.159 0.0000000000
46973  -19.896  -46.404  63.555 0.0000000000
46972  -19.116  -46.191  63.918 0.0000000000
47948  -18.318  -45.785  64.248 0.0000000000
47966  -19.214  -46.092  62.996 0.0000000000
48008  -22.183  -45.676  60.858 0.0000000000
46993  -21.296  -46.006  62.208 0.0000000000
47012  -21.371  -45.844  61.311 0.0000000000
48024  -19.648  -45.819  60.335 0.0000000000
48005  -18.655  -45.611  61.444 0.0000000000
48022  -18.092  -45.411  60.885 0.0000000000
154789  -17.947  -45.606  60.226 0.0000000000
44355  -22.935  -49.605  60.137 0.0000000000
43592  -22.245  -50.184  60.249 0.0000000000
46897  -31.168  -46.374  67.605 0.0000000000
161284  -32.165  -45.373  65.433 0.0000000000
47920  -31.104  -45.752  66.060 0.0000000000
47934  -30.629  -45.572  65.291 0.0000000000
47952  -31.003  -45.328  64.701 0.0000000000
47976  -34.243  -45.938  62.815 0.0000000000
47956  -34.094  -45.720  63.851 0.0000000000
154480  -32.026  -45.128  62.368 0.0000000000
160058  -32.173  -45.128  63.101 0.0000000000
156760  -31.519  -45.021  63.033 0.0000000000
47972  -31.001  -45.144  63.874 0.0000000000
47994  -30.721  -44.892  62.910 0.0000000000
47993  -29.930  -44.833  62.619 0.0000000000
48991  -30.519  -44.792  62.105 0.0000000000
47028  -30.858  -45.994  60.238 0.0000000000
48032  -30.324  -45.292  60.434 0.0000000000
48051  -30.054  -45.867  59.874 0.0000000000
48050  -29.265  -45.682  59.700 0.0000000000
47047  -29.458  -46.527  59.736 0.0000000000
150369  -34.802  -51.961  63.146 0.0000000000
43557  -33.938  -51.219  63.434 0.0000000000
44318  -31.941  -50.161  62.925 0.0000000000
45163  -31.314  -48.903  61.538 0.0000000000
146771  -31.154  -49.526  62.337 0.0000000000
44338  -28.871  -49.304  61.987 0.0000000000
45162  -29.909  -48.703  61.344 0.0000000000
45161  -29.141  -48.739  61.235 0.0000000000
46000  -28.949  -48.113  60.515 0.0000000000
159686  -28.583  -48.555  60.867 0.0000000000
57881  -35.326  -35.700  64.388 0.0000000000
57872  -35.145  -35.503  65.268 0.0000000000
57865  -36.339  -35.776  66.492 0.0000000000
57839  -32.786  -35.683  68.071 0.0000000000
56863  -33.035  -35.948  66.391 0.0000000000
56878  -33.215  -36.123  65.543 0.0000000000
56892  -33.472  -36.252  64.655 0.0000000000
57870  -33.625  -35.834  65.230 0.0000000000
57871  -34.162  -35.546  65.281 0.0000000000
137613  -46.663  -35.698  52.400 0.0000000000
58976  -45.878  -35.259  52.023 0.0000000000
45921  -27.680  -47.313  69.398 0.0000000000
45937  -27.365  -47.111  68.277 0.0000000000
55878  -40.754  -37.940  59.100 0.0000000000
136254  -41.083  -37.077  58.956 0.0000000000
56960  -42.498  -35.965  58.765 0.0000000000
57929  -43.094  -35.618  58.115 0.0000000000
56961  -43.395  -35.933  58.937 0.0000000000
48900  -35.988  -44.195  70.429 0.0000000000
48915  -37.122  -44.255  69.371 0.0000000000
49891  -37.493  -43.576  68.755 0.0000000000
49923  -38.058  -43.379  67.627 0.0000000000
50919  -32.365  -42.762  58.461 0.0000000000
49964  -32.980  -43.277  58.774 0.0000000000
141811  -33.069  -43.182  56.900 0.0000000000
49991  -33.177  -43.316  55.661 0.0000000000
50003  -32.603  -43.630  54.778 0.0000000000
50933  -32.603  -43.289  55.099 0.0000000000
158384  -31.608  -42.986  53.610 0.0000000000
57023  -31.410  -36.379  54.449 0.0000000000
57996  -31.480  -35.582  53.257 0.0000000000
152358  -49.598  -21.515  60.465 0.0000000000
70473  -49.633  -22.185  60.321 0.0000000000
144945  -49.093  -21.719  59.465 0.0000000000
70483  -48.361  -22.115  58.439 0.0000000000
70491  -47.712  -22.537  57.644 0.0000000000
70502  -47.187  -22.860  56.932 0.0000000000
71423  -47.846  -21.584  57.625 0.0000000000
71434  -47.395  -21.481  56.716 0.0000000000
72420  -47.649  -20.874  56.228 0.0000000000
47893  -17.135  -45.546  68.822 0.0000000000
46870  -17.793  -45.795  68.530 0.0000000000
46889  -18.071  -45.839  67.819 0.0000000000
158466  -18.622  -45.974  67.292 0.0000000000
157599  -25.067  -45.307  59.577 0.0000000000
48046  -25.346  -45.576  59.125 0.0000000000
48060  -24.813  -45.891  58.721 0.0000000000
47061  -24.965  -46.457  58.644 0.0000000000
46014  -24.758  -47.838  59.222 0.0000000000
46015  -25.481  -47.068  58.933 0.0000000000
45187  -25.543  -47.954  59.724 0.0000000000
45148  -37.622  -49.266  62.591 0.0000000000
44323  -37.381  -50.177  62.428 0.0000000000
43560  -37.008  -50.908  62.314 0.0000000000
42753  -36.455  -51.679  62.041 0.0000000000
55893  -34.473  -37.326  57.398 0.0000000000
55894  -35.241  -37.494  56.966 0.0000000000
55873  -35.607  -37.218  58.055 0.0000000000
151092  -36.355  -37.508  58.266 0.0000000000
56906  -37.581  -36.752  62.729 0.0000000000
55818  -38.160  -37.208  62.107 0.0000000000
55831  -38.765  -37.717  61.490 0.0000000000
54767  -39.237  -38.166  60.966 0.0000000000
54783  -39.586  -38.458  60.612 0.0000000000
54768  -39.875  -38.415  61.289 0.0000000000
54769  -40.492  -38.599  61.570 0.0000000000
52638  -34.588  -39.938  70.423 0.0000000000
146569  -34.384  -40.392  69.245 0.0000000000
53596  -34.083  -39.902  69.649 0.0000000000
53608  -33.842  -39.823  68.729 0.0000000000
53622  -33.871  -40.143  67.938 0.0000000000
54716  -33.057  -38.954  64.910 0.0000000000
54699  -32.923  -38.852  65.809 0.0000000000
53678  -33.378  -39.833  63.727 0.0000000000
52728  -33.303  -40.908  62.033 0.0000000000
52721  -33.218  -40.082  62.268 0.0000000000
52727  -32.900  -40.195  61.578 0.0000000000
52744  -32.109  -40.273  59.955 0.0000000000
52743  -31.638  -40.552  59.184 0.0000000000
53724  -32.387  -39.629  60.459 0.0000000000
53737  -32.227  -39.280  59.870 0.0000000000
56932  -33.549  -36.908  60.289 0.0000000000
160810  -33.532  -37.050  59.452 0.0000000000
55872  -33.614  -37.174  58.108 0.0000000000
135833  -34.686  -37.055  57.974 0.0000000000
150875  -22.550  -46.865  68.814 0.0000000000
45916  -22.147  -46.829  68.091 0.0000000000
45917  -23.099  -47.004  68.352 0.0000000000
45935  -23.420  -46.929  67.592 0.0000000000
45945  -23.617  -46.676  66.751 0.0000000000
46940  -27.282  -46.391  66.053 0.0000000000
47949  -26.713  -46.012  64.322 0.0000000000
46980  -26.393  -45.822  63.599 0.0000000000
47969  -27.217  -45.716  63.689 0.0000000000
134796  -27.727  -45.334  63.034 0.0000000000
48988  -28.215  -44.915  62.350 0.0000000000
57006  -36.457  -36.828  55.187 0.0000000000
57028  -37.121  -36.183  54.770 0.0000000000
57029  -37.856  -35.870  55.062 0.0000000000
58922  -40.103  -34.772  55.088 0.0000000000
57011  -44.564  -37.028  55.436 0.0000000000
57031  -44.489  -37.255  54.591 0.0000000000
152201  -45.067  -37.424  55.024 0.0000000000
55940  -45.309  -37.623  54.349 0.0000000000
55960  -45.713  -37.699  53.493 0.0000000000
55961  -46.630  -37.447  53.320 0.0000000000
55962  -47.006  -37.200  54.044 0.0000000000
57032  -47.311  -36.847  54.164 0.0000000000
57013  -47.334  -36.639  54.930 0.0000000000
45909  -33.048  -47.434  70.031 0.0000000000
46861  -32.838  -47.013  69.293 0.0000000000
46879  -34.246  -46.565  68.756 0.0000000000
46904  -38.166  -46.191  67.049 0.0000000000
46927  -37.714  -46.685  66.649 0.0000000000
46928  -38.487  -46.510  66.427 0.0000000000
46946  -38.914  -46.873  65.792 0.0000000000
45956  -38.997  -47.423  65.201 0.0000000000
161384  -39.044  -48.248  64.283 0.0000000000
45967  -39.490  -47.649  64.510 0.0000000000
45975  -39.988  -47.513  63.085 0.0000000000
47017  -39.217  -47.241  61.634 0.0000000000
50840  -35.903  -42.426  66.012 0.0000000000
50841  -36.578  -43.127  66.088 0.0000000000
50860  -36.182  -42.940  65.359 0.0000000000
49947  -36.194  -43.485  63.763 0.0000000000
49972  -35.630  -44.251  58.252 0.0000000000
49013  -36.027  -44.465  59.699 0.0000000000
49020  -36.087  -44.499  58.733 0.0000000000
49021  -36.762  -44.808  59.252 0.0000000000
48052  -37.140  -45.266  58.995 0.0000000000
48053  -37.640  -45.699  59.542 0.0000000000
47063  -36.733  -46.033  58.331 0.0000000000
156455  -36.061  -46.532  58.181 0.0000000000
45861  -30.655  -47.513  72.064 0.0000000000
47822  -32.966  -44.272  72.599 0.0000000000
47823  -33.475  -43.774  72.540 0.0000000000
53561  -34.319  -39.446  72.185 0.0000000000
58818  -37.296  -34.608  70.672 0.0000000000
57821  -37.803  -35.113  70.319 0.0000000000
162163  -38.430  -35.444  69.932 0.0000000000
56822  -39.473  -35.672  69.282 0.0000000000
54669  -41.888  -37.290  67.207 0.0000000000
151421  -42.091  -37.636  66.545 0.0000000000
159362  -41.655  -38.002  65.177 0.0000000000
54686  -42.686  -38.014  66.185 0.0000000000
54702  -43.043  -38.412  65.525 0.0000000000
54720  -44.015  -38.913  64.665 0.0000000000
59855  -45.514  -33.342  64.272 0.0000000000
58871  -44.886  -34.251  63.578 0.0000000000
58870  -44.446  -35.297  63.579 0.0000000000
161286  -45.618  -36.446  63.111 0.0000000000
56909  -46.212  -37.212  63.033 0.0000000000
54759  -47.014  -38.220  62.276 0.0000000000
54774  -46.671  -38.412  61.840 0.0000000000
161950  -47.773  -37.835  62.000 0.0000000000
152723  -48.158  -37.592  61.457 0.0000000000
55835  -48.601  -37.277  60.909 0.0000000000
58894  -51.162  -34.072  60.230 0.0000000000
57923  -50.498  -34.766  60.090 0.0000000000
58900  -50.519  -34.280  59.779 0.0000000000
59901  -49.499  -34.137  59.383 0.0000000000
58907  -48.196  -34.558  58.370 0.0000000000
59899  -47.698  -33.709  58.491 0.0000000000
66653  -50.994  -26.075  61.107 0.0000000000
65730  -51.160  -27.080  60.688 0.0000000000
66667  -50.761  -26.727  60.198 0.0000000000
66698  -48.252  -26.224  57.729 0.0000000000
65775  -48.395  -27.133  57.506 0.0000000000
65789  -48.226  -27.959  57.051 0.0000000000
64834  -47.996  -28.568  56.943 0.0000000000
63851  -47.603  -29.193  56.848 0.0000000000
136974  -47.192  -29.923  56.929 0.0000000000
63850  -46.643  -29.663  56.403 0.0000000000
63849  -45.912  -29.873  56.061 0.0000000000
62929  -45.101  -30.117  55.676 0.0000000000
63864  -44.612  -29.546  55.201 0.0000000000
63878  -44.182  -29.072  54.827 0.0000000000
66755  -44.268  -26.115  53.740 0.0000000000
66754  -43.746  -26.477  53.287 0.0000000000
65844  -43.248  -26.915  52.851 0.0000000000
71435  -50.862  -21.180  56.201 0.0000000000
72423  -50.006  -20.800  55.814 0.0000000000
71448  -50.452  -21.638  55.471 0.0000000000
159725  -49.647  -21.746  54.527 0.0000000000
70527  -48.820  -21.943  53.685 0.0000000000
68783  -47.067  -23.947  50.258 0.0000000000
69712  -47.142  -23.844  50.815 0.0000000000
48934  -13.696  -44.878  68.135 0.0000000000
48948  -15.990  -44.963  65.957 0.0000000000
48947  -15.249  -44.771  66.213 0.0000000000
150727  -15.554  -44.759  64.505 0.0000000000
160182  -15.151  -44.666  64.082 0.0000000000
48975  -14.691  -44.640  63.559 0.0000000000
140288  -15.128  -44.545  62.939 0.0000000000
49000  -15.412  -44.549  61.613 0.0000000000
153955  -16.013  -44.708  61.155 0.0000000000
45961  -21.153  -46.721  65.413 0.0000000000
46935  -20.448  -46.451  65.429 0.0000000000
157677  -20.732  -46.443  64.822 0.0000000000
46954  -20.647  -46.360  64.077 0.0000000000
46974  -20.596  -46.340  63.218 0.0000000000
48042  -21.479  -45.819  59.186 0.0000000000
142820  -20.773  -45.828  59.757 0.0000000000
48041  -20.023  -45.934  59.553 0.0000000000
146194  -18.764  -46.231  59.430 0.0000000000
146352  -18.859  -48.937  58.643 0.0000000000
145975  -19.136  -49.747  58.865 0.0000000000
43607  -20.402  -50.218  59.455 0.0000000000
139422  -20.817  -50.653  60.029 0.0000000000
46922  -32.327  -45.940  66.910 0.0000000000
46921  -31.565  -45.926  66.877 0.0000000000
47936  -32.751  -45.375  65.618 0.0000000000
47954  -32.372  -45.279  64.692 0.0000000000
47015  -34.472  -46.717  61.653 0.0000000000
46997  -34.005  -46.079  61.936 0.0000000000
47014  -32.880  -46.092  61.260 0.0000000000
48014  -31.704  -45.258  61.517 0.0000000000
48034  -32.136  -45.760  61.051 0.0000000000
47029  -31.662  -46.205  60.531 0.0000000000
157324  -31.159  -46.692  60.344 0.0000000000
137578  -30.311  -49.569  62.531 0.0000000000
56923  -34.619  -36.234  61.283 0.0000000000
56914  -35.847  -36.250  62.232 0.0000000000
56915  -36.714  -36.506  62.492 0.0000000000
57882  -36.014  -35.833  64.214 0.0000000000
57890  -36.305  -36.004  63.758 0.0000000000
162186  -37.872  -36.651  63.466 0.0000000000
55805  -38.528  -36.765  63.860 0.0000000000
55714  -33.117  -37.768  69.906 0.0000000000
54642  -33.166  -38.428  69.468 0.0000000000
140686  -32.584  -37.847  67.808 0.0000000000
54666  -32.659  -37.978  67.032 0.0000000000
56848  -32.611  -36.399  67.708 0.0000000000
55755  -32.624  -37.234  66.479 0.0000000000
54682  -32.679  -38.046  66.132 0.0000000000
54698  -32.803  -38.138  65.231 0.0000000000
55817  -32.992  -37.798  62.825 0.0000000000
157538  -33.400  -36.896  62.190 0.0000000000
56902  -33.602  -36.502  63.659 0.0000000000
56922  -33.824  -36.536  61.797 0.0000000000
59959  -44.442  -33.603  51.372 0.0000000000
45919  -25.294  -47.112  68.743 0.0000000000
161747  -24.692  -46.925  68.283 0.0000000000
46893  -26.956  -46.758  67.340 0.0000000000
163334  -27.182  -46.969  67.756 0.0000000000
46917  -27.449  -46.575  66.821 0.0000000000
47932  -28.755  -46.052  65.336 0.0000000000
55917  -38.916  -37.175  57.149 0.0000000000
56986  -38.478  -36.559  56.249 0.0000000000
56971  -39.551  -36.746  57.276 0.0000000000
56988  -39.753  -36.006  56.917 0.0000000000
57946  -40.327  -35.401  56.700 0.0000000000
56958  -40.693  -36.424  58.347 0.0000000000
58918  -41.083  -34.862  56.329 0.0000000000
57980  -42.234  -35.182  54.552 0.0000000000
57961  -43.451  -35.816  55.704 0.0000000000
57938  -43.701  -35.734  57.400 0.0000000000
56989  -43.995  -36.491  56.012 0.0000000000
56990  -44.789  -36.796  56.215 0.0000000000
56991  -45.716  -36.932  56.395 0.0000000000
55899  -46.481  -36.988  56.487 0.0000000000
46864  -35.069  -46.461  69.701 0.0000000000
161797  -36.071  -46.022  69.356 0.0000000000
47894  -36.524  -46.012  68.860 0.0000000000
158408  -37.412  -46.031  67.882 0.0000000000
144377  -37.551  -44.761  68.710 0.0000000000
47907  -37.920  -45.779  67.692 0.0000000000
47922  -39.197  -45.262  66.521 0.0000000000
47923  -39.523  -45.563  65.744 0.0000000000
47939  -39.610  -45.177  65.266 0.0000000000
50891  -34.421  -42.734  62.502 0.0000000000
50892  -35.111  -43.141  62.781 0.0000000000
137126  -34.604  -43.677  61.083 0.0000000000
49965  -33.539  -43.526  59.143 0.0000000000
49966  -34.340  -43.764  59.110 0.0000000000
49967  -35.306  -44.070  59.155 0.0000000000
49978  -35.450  -44.293  57.604 0.0000000000
49027  -35.039  -44.371  57.029 0.0000000000
163024  -34.533  -44.827  56.476 0.0000000000
48080  -33.984  -45.195  56.260 0.0000000000
48088  -33.606  -44.864  55.571 0.0000000000
48099  -32.449  -44.790  54.928 0.0000000000
48121  -31.166  -44.753  54.110 0.0000000000
50021  -32.134  -43.760  54.274 0.0000000000
55911  -30.753  -37.776  56.079 0.0000000000
54847  -29.969  -38.017  54.851 0.0000000000
55949  -30.243  -37.301  54.546 0.0000000000
55958  -29.967  -36.986  53.811 0.0000000000
57036  -29.727  -36.615  53.052 0.0000000000
57037  -30.285  -36.321  53.497 0.0000000000
59864  -47.119  -33.392  62.095 0.0000000000
58876  -47.763  -34.560  61.846 0.0000000000
59865  -48.207  -33.657  61.614 0.0000000000
59873  -49.315  -33.916  61.476 0.0000000000
59874  -50.176  -33.923  61.384 0.0000000000
61877  -49.423  -32.000  61.339 0.0000000000
60876  -50.270  -33.064  61.370 0.0000000000
58886  -51.049  -34.042  60.734 0.0000000000
59885  -51.415  -33.581  60.340 0.0000000000
60904  -51.412  -32.869  59.608 0.0000000000
60923  -50.869  -32.210  59.445 0.0000000000
140102  -49.732  -23.578  61.195 0.0000000000
68684  -49.968  -24.121  60.853 0.0000000000
69597  -48.904  -23.543  59.110 0.0000000000
67730  -47.767  -25.603  57.547 0.0000000000
66713  -47.015  -26.569  56.596 0.0000000000
157151  -46.506  -26.970  56.030 0.0000000000
66727  -46.427  -26.200  55.953 0.0000000000
151458  -46.006  -25.935  55.405 0.0000000000
67763  -45.754  -25.210  55.244 0.0000000000
69626  -46.247  -23.762  55.827 0.0000000000
67775  -45.234  -25.028  54.609 0.0000000000
68730  -45.102  -24.143  54.308 0.0000000000
68729  -44.605  -23.917  53.721 0.0000000000
69649  -44.648  -23.038  53.328 0.0000000000
69641  -50.780  -23.951  54.180 0.0000000000
69640  -50.037  -23.393  53.828 0.0000000000
69653  -50.471  -23.904  53.407 0.0000000000
158077  -48.991  -23.617  52.151 0.0000000000
137260  -48.798  -23.676  51.270 0.0000000000
47891  -15.696  -44.930  68.368 0.0000000000
161859  -16.165  -45.224  68.013 0.0000000000
145420  -16.769  -45.451  68.047 0.0000000000
47904  -16.371  -45.286  67.401 0.0000000000
47929  -16.733  -45.249  65.703 0.0000000000
47946  -16.883  -45.135  64.840 0.0000000000
48969  -16.983  -45.068  63.982 0.0000000000
136946  -22.969  -46.194  62.750 0.0000000000
46994  -22.062  -46.119  62.731 0.0000000000
46995  -23.243  -45.929  62.059 0.0000000000
47013  -22.721  -45.759  61.574 0.0000000000
48027  -22.720  -45.598  60.169 0.0000000000
156991  -24.318  -45.324  59.928 0.0000000000
48043  -22.912  -45.621  59.349 0.0000000000
137797  -22.163  -45.707  59.744 0.0000000000
47058  -22.555  -46.287  58.641 0.0000000000
45184  -22.375  -48.669  59.011 0.0000000000
44374  -22.878  -49.089  59.564 0.0000000000
45186  -24.107  -48.485  59.526 0.0000000000
44357  -24.224  -48.987  60.325 0.0000000000
162680  -35.409  -46.360  64.177 0.0000000000
136176  -35.133  -46.509  62.790 0.0000000000
46999  -35.258  -46.985  62.135 0.0000000000
45168  -36.392  -48.423  62.183 0.0000000000
45992  -35.600  -47.655  61.889 0.0000000000
45991  -34.927  -47.427  61.584 0.0000000000
160410  -34.666  -47.959  61.393 0.0000000000
45166  -33.917  -48.102  61.268 0.0000000000
57025  -33.580  -36.681  54.624 0.0000000000
55950  -35.026  -37.235  55.060 0.0000000000
55915  -35.467  -37.505  56.419 0.0000000000
136582  -35.896  -37.442  56.313 0.0000000000
55937  -36.118  -37.297  55.841 0.0000000000
56945  -36.189  -36.951  59.626 0.0000000000
55858  -36.824  -37.595  58.966 0.0000000000
55859  -37.615  -37.864  59.448 0.0000000000
55875  -37.508  -37.840  58.820 0.0000000000
54808  -37.657  -37.875  58.479 0.0000000000
54826  -38.012  -37.952  58.236 0.0000000000
55896  -38.267  -37.663  57.563 0.0000000000
54827  -38.683  -37.993  58.298 0.0000000000
55876  -39.534  -37.904  58.423 0.0000000000
54811  -40.048  -38.302  59.179 0.0000000000
53725  -39.912  -38.634  60.333 0.0000000000
54812  -40.755  -38.456  59.518 0.0000000000
54796  -41.193  -38.733  59.944 0.0000000000
54797  -41.892  -38.445  60.206 0.0000000000
54785  -42.385  -38.857  60.793 0.0000000000
51704  -36.058  -41.631  70.026 0.0000000000
50783  -36.462  -42.326  69.513 0.0000000000
51718  -36.165  -41.731  69.304 0.0000000000
51740  -35.319  -41.909  67.554 0.0000000000
51739  -34.742  -41.306  68.068 0.0000000000
51755  -35.268  -41.861  66.529 0.0000000000
51769  -35.029  -42.019  65.578 0.0000000000
50873  -34.924  -42.406  64.095 0.0000000000
52667  -33.470  -40.163  67.121 0.0000000000
53644  -33.239  -39.650  65.491 0.0000000000
52678  -33.553  -40.294  66.095 0.0000000000
52689  -33.957  -41.014  65.731 0.0000000000
152432  -34.062  -41.096  64.866 0.0000000000
51792  -34.351  -41.827  63.752 0.0000000000
50899  -33.517  -42.378  61.503 0.0000000000
50907  -33.175  -42.815  60.611 0.0000000000
51814  -33.219  -41.572  61.638 0.0000000000
51826  -32.841  -41.924  61.040 0.0000000000
50906  -32.525  -42.349  60.237 0.0000000000
50912  -32.421  -42.638  59.366 0.0000000000
50918  -31.702  -42.251  58.332 0.0000000000
50931  -31.028  -42.377  56.013 0.0000000000
51853  -30.597  -41.891  55.351 0.0000000000
50925  -30.724  -42.074  56.944 0.0000000000
51847  -30.245  -41.218  57.080 0.0000000000
162968  -30.029  -40.892  56.444 0.0000000000
52758  -30.507  -40.543  57.739 0.0000000000
52767  -30.118  -40.308  56.991 0.0000000000
53776  -30.200  -39.394  56.742 0.0000000000
54766  -32.694  -38.522  61.265 0.0000000000
141481  -32.450  -38.435  59.896 0.0000000000
54805  -31.698  -38.471  58.427 0.0000000000
54824  -31.397  -38.213  57.667 0.0000000000
54836  -31.054  -37.974  56.883 0.0000000000
55912  -31.583  -37.503  56.382 0.0000000000
55933  -32.377  -37.141  55.809 0.0000000000
57004  -32.766  -36.791  55.130 0.0000000000
73388  -49.700  -19.641  58.028 0.0000000000
73377  -50.335  -19.061  58.796 0.0000000000
72396  -50.812  -19.890  57.396 0.0000000000
72397  -51.805  -20.102  57.908 0.0000000000
72412  -51.325  -20.654  56.966 0.0000000000
71436  -51.737  -21.601  56.711 0.0000000000
70516  -51.604  -23.148  55.719 0.0000000000
70505  -53.797  -23.279  57.388 0.0000000000
70504  -52.965  -23.066  57.114 0.0000000000
70517  -52.480  -23.547  56.223 0.0000000000
69628  -51.963  -24.089  55.418 0.0000000000
68745  -51.361  -24.362  53.631 0.0000000000
68760  -51.749  -24.200  53.041 0.0000000000
69670  -52.735  -23.868  52.919 0.0000000000
69694  -51.450  -23.571  51.852 0.0000000000
135893  -20.111  -46.531  68.877 0.0000000000
142527  -20.559  -46.589  68.344 0.0000000000
45932  -20.683  -46.578  67.644 0.0000000000
45942  -20.864  -46.665  66.885 0.0000000000
45943  -21.485  -46.839  66.617 0.0000000000
45953  -21.484  -46.956  65.954 0.0000000000
143952  -21.867  -46.918  65.422 0.0000000000
45963  -22.295  -46.756  64.786 0.0000000000
161204  -22.652  -46.592  64.253 0.0000000000
45946  -24.407  -46.619  66.722 0.0000000000
45955  -24.087  -46.447  66.111 0.0000000000
46936  -23.741  -46.614  65.321 0.0000000000
46957  -23.741  -46.603  64.576 0.0000000000
46977  -23.525  -46.349  63.359 0.0000000000
47988  -24.654  -45.853  62.398 0.0000000000
136884  -24.919  -45.485  61.518 0.0000000000
47968  -26.005  -45.674  62.882 0.0000000000
136461  -25.661  -45.266  61.348 0.0000000000
48012  -26.304  -45.020  60.639 0.0000000000
48030  -26.716  -45.106  59.828 0.0000000000
48048  -27.907  -45.289  59.662 0.0000000000
149403  -36.409  -50.993  60.470 0.0000000000
57042  -34.929  -36.332  53.852 0.0000000000
58000  -35.274  -35.714  53.232 0.0000000000
150086  -35.984  -35.602  53.176 0.0000000000
58968  -36.269  -34.960  52.346 0.0000000000
57978  -38.321  -35.256  54.478 0.0000000000
57979  -39.253  -34.969  54.788 0.0000000000
58933  -38.971  -34.650  54.035 0.0000000000
58003  -38.163  -34.890  53.681 0.0000000000
157175  -44.251  -37.139  53.930 0.0000000000
55971  -46.906  -37.222  52.596 0.0000000000
57055  -47.134  -36.796  52.256 0.0000000000
58025  -47.042  -36.290  51.984 0.0000000000
139862  -47.162  -35.992  52.755 0.0000000000
45923  -30.310  -47.483  69.327 0.0000000000
46876  -31.651  -46.873  68.292 0.0000000000
140637  -32.861  -46.218  67.390 0.0000000000
46943  -34.038  -46.003  66.335 0.0000000000
160870  -35.702  -46.605  67.898 0.0000000000
139436  -35.280  -46.364  67.577 0.0000000000
46926  -36.926  -46.751  66.955 0.0000000000
46925  -35.497  -46.247  66.800 0.0000000000
46944  -35.591  -46.195  65.909 0.0000000000
149458  -35.502  -46.311  64.971 0.0000000000
46961  -36.192  -46.774  64.359 0.0000000000
45972  -36.882  -47.423  63.704 0.0000000000
45982  -38.284  -48.988  63.055 0.0000000000
44347  -38.054  -49.908  61.481 0.0000000000
44360  -37.447  -50.069  60.830 0.0000000000
50800  -37.059  -42.513  68.090 0.0000000000
50824  -37.468  -42.960  67.520 0.0000000000
147495  -37.910  -43.300  67.090 0.0000000000
161253  -37.247  -43.475  66.164 0.0000000000
49933  -38.587  -44.006  66.142 0.0000000000
48961  -38.445  -44.261  65.364 0.0000000000
48971  -39.220  -44.799  64.747 0.0000000000
47977  -39.343  -45.345  63.848 0.0000000000
49953  -36.301  -43.911  62.895 0.0000000000
48994  -36.523  -44.348  62.134 0.0000000000
48979  -37.051  -44.320  62.752 0.0000000000
48995  -37.838  -44.804  62.558 0.0000000000
48996  -38.550  -45.122  63.193 0.0000000000
162158  -39.288  -45.642  63.068 0.0000000000
47997  -39.626  -46.214  62.633 0.0000000000
46008  -38.573  -47.180  60.835 0.0000000000
47049  -37.604  -46.434  59.448 0.0000000000
148089  -37.910  -47.192  60.126 0.0000000000
46007  -38.220  -48.151  60.805 0.0000000000
45190  -36.984  -49.071  60.149 0.0000000000
55948  -29.833  -37.733  54.091 0.0000000000
58843  -34.124  -34.592  67.991 0.0000000000
58844  -35.009  -34.841  67.960 0.0000000000
58836  -34.655  -34.450  68.656 0.0000000000
58827  -35.247  -34.305  69.331 0.0000000000
136652  -35.802  -34.205  70.007 0.0000000000
47868  -16.498  -45.161  70.312 0.0000000000
47869  -17.265  -45.601  70.778 0.0000000000
46840  -18.025  -46.045  70.231 0.0000000000
162270  -18.648  -46.233  70.219 0.0000000000
46841  -19.202  -46.397  70.278 0.0000000000
46857  -19.631  -46.450  69.575 0.0000000000
46858  -20.459  -46.671  69.656 0.0000000000
46859  -21.277  -46.835  69.766 0.0000000000
46860  -21.989  -46.867  69.868 0.0000000000
45898  -22.586  -46.807  69.522 0.0000000000
45881  -23.430  -46.854  69.967 0.0000000000
45900  -24.333  -47.121  69.843 0.0000000000
45901  -25.223  -47.358  69.759 0.0000000000
146791  -31.667  -47.855  70.494 0.0000000000
46847  -33.788  -47.188  70.109 0.0000000000
46833  -33.388  -46.680  71.363 0.0000000000
46849  -35.126  -45.906  70.362 0.0000000000
47846  -34.708  -44.470  71.404 0.0000000000
47860  -35.211  -44.507  70.946 0.0000000000
48885  -35.556  -43.996  70.839 0.0000000000
137952  -35.851  -43.244  70.756 0.0000000000
49848  -36.251  -42.031  71.439 0.0000000000
49859  -35.847  -42.348  70.925 0.0000000000
50731  -34.433  -41.867  72.292 0.0000000000
51677  -36.089  -41.882  72.361 0.0000000000
51684  -36.839  -41.913  71.766 0.0000000000
51703  -35.822  -41.816  70.995 0.0000000000
53572  -34.409  -39.395  71.606 0.0000000000
53583  -33.998  -39.269  70.791 0.0000000000
54631  -33.403  -38.650  70.888 0.0000000000
55686  -33.070  -37.308  71.670 0.0000000000
55700  -33.076  -37.753  70.716 0.0000000000
56804  -32.924  -36.908  69.980 0.0000000000
143321  -32.705  -35.993  69.679 0.0000000000
57829  -32.993  -34.873  69.119 0.0000000000
58835  -33.625  -34.535  68.748 0.0000000000
57841  -35.819  -35.205  67.764 0.0000000000
57854  -36.634  -35.682  67.389 0.0000000000
57843  -37.156  -35.497  68.603 0.0000000000
56849  -37.563  -35.985  67.500 0.0000000000
56864  -37.312  -36.116  66.643 0.0000000000
55771  -38.311  -36.349  65.461 0.0000000000
55772  -39.065  -36.609  65.091 0.0000000000
55788  -39.195  -36.886  64.304 0.0000000000
56807  -39.451  -35.535  70.344 0.0000000000
55729  -39.798  -36.013  68.322 0.0000000000
54643  -40.969  -36.474  68.196 0.0000000000
55730  -40.469  -36.429  67.821 0.0000000000
55743  -39.825  -36.394  67.410 0.0000000000
55757  -39.834  -36.792  66.120 0.0000000000
55773  -39.824  -37.173  64.782 0.0000000000
55789  -39.773  -37.330  63.992 0.0000000000
55807  -39.973  -37.578  63.390 0.0000000000
53679  -41.469  -38.703  62.693 0.0000000000
54719  -42.069  -38.454  64.610 0.0000000000
54738  -41.784  -38.639  63.599 0.0000000000
53700  -41.955  -39.114  62.170 0.0000000000
53714  -42.505  -39.238  61.688 0.0000000000
54770  -42.957  -39.151  61.364 0.0000000000
54786  -43.356  -38.722  61.144 0.0000000000
55760  -43.678  -37.429  66.045 0.0000000000
54704  -44.098  -38.442  64.952 0.0000000000
54721  -44.733  -39.045  64.332 0.0000000000
55808  -45.007  -37.944  64.076 0.0000000000
54722  -45.292  -38.792  64.030 0.0000000000
53683  -44.853  -39.514  63.763 0.0000000000
53716  -44.391  -39.452  62.411 0.0000000000
54771  -43.881  -39.143  61.673 0.0000000000
55845  -43.821  -37.794  60.858 0.0000000000
55846  -44.823  -37.617  60.963 0.0000000000
56949  -45.104  -36.397  59.491 0.0000000000
55834  -47.030  -38.085  61.172 0.0000000000
56963  -46.185  -36.676  58.521 0.0000000000
56975  -46.964  -36.848  57.862 0.0000000000
55900  -46.915  -36.774  56.900 0.0000000000
57906  -49.266  -35.539  61.316 0.0000000000
158712  -49.009  -36.690  60.881 0.0000000000
56938  -48.884  -36.829  60.487 0.0000000000
57922  -49.779  -35.572  60.212 0.0000000000
56952  -49.121  -36.355  60.041 0.0000000000
56951  -48.484  -36.938  59.764 0.0000000000
141596  -48.184  -36.667  58.889 0.0000000000
55879  -47.340  -36.571  57.464 0.0000000000
55920  -47.184  -36.551  56.538 0.0000000000
55943  -47.220  -36.695  55.626 0.0000000000
156674  -47.391  -36.380  55.575 0.0000000000
58920  -47.012  -35.191  56.450 0.0000000000
58925  -46.872  -35.384  55.583 0.0000000000
58924  -46.041  -34.711  55.235 0.0000000000
59921  -45.226  -34.164  54.888 0.0000000000
62862  -51.006  -30.766  59.642 0.0000000000
61927  -50.737  -31.185  59.388 0.0000000000
61926  -49.892  -31.481  59.161 0.0000000000
67703  -49.867  -25.597  59.752 0.0000000000
66666  -50.164  -26.426  59.530 0.0000000000
66681  -50.330  -27.330  59.342 0.0000000000
65757  -49.259  -27.435  57.953 0.0000000000
64823  -49.361  -28.373  57.855 0.0000000000
64805  -49.980  -28.668  58.612 0.0000000000
62878  -49.662  -29.826  58.406 0.0000000000
147576  -49.812  -30.571  58.818 0.0000000000
61925  -49.038  -31.746  58.704 0.0000000000
61924  -48.175  -32.038  58.534 0.0000000000
61944  -46.574  -31.857  57.950 0.0000000000
150175  -46.857  -30.583  57.217 0.0000000000
61957  -46.174  -31.250  57.263 0.0000000000
61943  -45.804  -32.255  57.505 0.0000000000
60933  -45.141  -32.712  56.898 0.0000000000
59911  -44.855  -33.277  56.156 0.0000000000
59916  -44.605  -33.534  55.350 0.0000000000
59915  -43.816  -33.178  54.958 0.0000000000
151980  -43.310  -32.767  54.534 0.0000000000
60940  -42.962  -32.143  54.463 0.0000000000
61966  -43.112  -31.619  54.892 0.0000000000
60954  -42.718  -31.930  53.836 0.0000000000
61977  -42.515  -31.334  53.466 0.0000000000
61984  -42.364  -31.362  52.597 0.0000000000
64854  -45.084  -27.799  54.731 0.0000000000
64853  -44.160  -28.312  54.514 0.0000000000
64852  -43.466  -28.516  54.104 0.0000000000
65830  -44.041  -26.909  53.886 0.0000000000
65814  -43.677  -27.745  53.901 0.0000000000
63893  -42.987  -29.131  53.888 0.0000000000
63892  -42.476  -29.055  53.282 0.0000000000
63903  -41.936  -29.652  52.854 0.0000000000
73401  -49.028  -20.005  57.119 0.0000000000
72409  -48.285  -20.417  56.618 0.0000000000
72422  -49.166  -20.533  55.565 0.0000000000
72421  -48.309  -20.542  55.598 0.0000000000
71447  -47.121  -21.241  54.783 0.0000000000
71459  -46.479  -21.687  54.435 0.0000000000
69650  -45.288  -22.586  53.756 0.0000000000
69665  -44.443  -22.831  52.478 0.0000000000
69652  -49.206  -22.954  53.469 0.0000000000
70550  -48.247  -22.505  53.059 0.0000000000
70549  -47.350  -22.601  52.539 0.0000000000
69689  -46.701  -23.448  51.314 0.0000000000
69666  -46.578  -22.672  52.052 0.0000000000
70558  -45.073  -22.472  51.930 0.0000000000
69664  -43.625  -23.563  51.710 0.0000000000
48921  -14.424  -44.556  68.455 0.0000000000
48946  -14.507  -44.778  66.493 0.0000000000
48001  -13.359  -45.425  61.777 0.0000000000
48998  -13.865  -44.725  62.133 0.0000000000
46890  -19.320  -46.131  67.192 0.0000000000
46911  -18.734  -46.016  66.588 0.0000000000
46934  -19.666  -46.268  65.517 0.0000000000
46933  -18.857  -46.078  65.750 0.0000000000
47931  -18.208  -45.826  65.140 0.0000000000
47964  -17.673  -45.373  63.677 0.0000000000
46992  -20.634  -46.220  62.444 0.0000000000
48007  -20.173  -45.925  61.035 0.0000000000
47011  -20.047  -46.170  61.861 0.0000000000
47986  -19.327  -45.983  62.095 0.0000000000
47985  -18.521  -45.625  62.391 0.0000000000
47984  -17.722  -45.304  62.758 0.0000000000
48987  -17.013  -44.928  62.249 0.0000000000
48003  -16.785  -44.865  61.318 0.0000000000
48021  -16.258  -45.162  60.493 0.0000000000
48038  -17.068  -45.703  59.979 0.0000000000
162930  -16.355  -45.734  60.006 0.0000000000
44373  -21.570  -49.234  59.027 0.0000000000
46874  -29.879  -46.855  68.407 0.0000000000
46919  -29.777  -46.298  66.772 0.0000000000
46920  -30.680  -46.062  66.839 0.0000000000
46941  -29.297  -46.128  65.995 0.0000000000
47933  -29.661  -45.736  65.152 0.0000000000
153597  -29.591  -45.477  64.322 0.0000000000
47955  -33.301  -45.372  64.207 0.0000000000
140105  -32.764  -45.271  62.701 0.0000000000
47974  -32.663  -45.209  63.621 0.0000000000
47953  -31.557  -45.261  64.478 0.0000000000
156704  -29.341  -45.009  63.106 0.0000000000
145872  -29.093  -44.751  62.334 0.0000000000
155553  -29.137  -44.544  61.521 0.0000000000
159610  -30.751  -44.951  61.283 0.0000000000
159857  -30.022  -44.743  60.843 0.0000000000
49003  -28.662  -44.461  61.071 0.0000000000
49011  -28.844  -44.630  60.340 0.0000000000
48049  -28.522  -45.434  59.646 0.0000000000
153667  -27.863  -46.642  59.564 0.0000000000
42784  -36.067  -52.061  61.363 0.0000000000
42752  -35.649  -51.821  62.702 0.0000000000
44342  -32.998  -49.419  61.897 0.0000000000
44319  -32.949  -50.206  62.770 0.0000000000
45164  -32.210  -48.705  61.412 0.0000000000
45177  -31.573  -48.104  60.851 0.0000000000
139550  -30.256  -47.626  60.466 0.0000000000
44340  -30.473  -49.078  61.746 0.0000000000
46001  -29.585  -47.425  60.149 0.0000000000
161547  -28.606  -47.289  59.847 0.0000000000
46016  -27.602  -47.464  59.860 0.0000000000
140582  -27.172  -48.028  60.306 0.0000000000
45159  -27.036  -48.693  60.904 0.0000000000
44324  -38.013  -49.928  62.267 0.0000000000
44371  -19.947  -49.741  58.829 0.0000000000
45149  -38.549  -49.393  62.584 0.0000000000
45179  -33.093  -47.790  61.041 0.0000000000
45193  -18.610  -48.152  58.710 0.0000000000
45198  -23.131  -47.667  58.701 0.0000000000
45966  -38.539  -47.840  64.765 0.0000000000
45968  -39.945  -47.413  63.756 0.0000000000
45999  -26.890  -47.589  59.851 0.0000000000
46002  -30.982  -47.441  60.483 0.0000000000
47001  -40.050  -46.731  62.970 0.0000000000
47026  -16.421  -46.452  59.776 0.0000000000
47032  -38.090  -46.323  60.186 0.0000000000
47044  -25.661  -46.115  58.901 0.0000000000
47048  -37.285  -45.860  58.809 0.0000000000
47967  -25.226  -45.949  63.037 0.0000000000
47995  -33.433  -45.620  62.323 0.0000000000
48015  -32.643  -45.513  61.798 0.0000000000
48017  -39.150  -46.319  61.816 0.0000000000
48020  -15.409  -45.333  60.493 0.0000000000
48025  -20.788  -45.872  60.757 0.0000000000
48028  -23.399  -45.482  60.015 0.0000000000
48031  -29.664  -45.300  59.995 0.0000000000
48044  -23.738  -45.505  59.156 0.0000000000
48057  -22.314  -45.845  58.890 0.0000000000
48067  -35.157  -44.799  56.857 0.0000000000
48100  -33.208  -44.475  55.132 0.0000000000
48926  -37.934  -44.207  68.425 0.0000000000
48950  -39.444  -44.944  65.924 0.0000000000
48984  -14.503  -44.545  62.594 0.0000000000
48989  -28.616  -44.636  61.763 0.0000000000
48999  -14.613  -44.563  61.787 0.0000000000
49004  -29.382  -44.528  60.905 0.0000000000
49017  -27.540  -44.955  59.835 0.0000000000
49019  -29.054  -45.038  59.878 0.0000000000
49024  -36.514  -44.919  58.473 0.0000000000
49051  -34.077  -44.513  55.996 0.0000000000
49062  -31.971  -44.385  54.432 0.0000000000
49847  -36.362  -42.429  71.845 0.0000000000
49932  -37.957  -43.502  66.495 0.0000000000
49945  -37.394  -43.975  65.051 0.0000000000
49971  -35.004  -43.948  58.194 0.0000000000
49982  -33.395  -43.299  56.265 0.0000000000
49992  -33.595  -43.761  55.480 0.0000000000
50020  -31.641  -43.403  53.709 0.0000000000
50732  -34.923  -42.073  71.793 0.0000000000
50744  -36.687  -42.206  71.902 0.0000000000
50758  -36.718  -41.998  71.737 0.0000000000
50921  -31.293  -42.236  57.606 0.0000000000
50939  -32.159  -43.214  54.540 0.0000000000
51781  -34.523  -41.828  64.671 0.0000000000
52603  -35.720  -41.453  72.510 0.0000000000
52722  -33.483  -40.618  62.780 0.0000000000
52737  -32.512  -40.293  60.818 0.0000000000
53660  -33.176  -39.067  64.035 0.0000000000
53682  -44.204  -39.511  63.544 0.0000000000
53699  -41.133  -38.833  61.877 0.0000000000
53703  -44.685  -39.647  63.068 0.0000000000
53713  -41.575  -39.081  61.419 0.0000000000
53739  -40.992  -38.941  60.351 0.0000000000
53753  -30.971  -39.867  58.249 0.0000000000
54655  -42.283  -37.238  67.714 0.0000000000
54667  -32.745  -38.746  67.713 0.0000000000
54701  -42.345  -38.222  65.405 0.0000000000
54703  -43.622  -38.412  65.286 0.0000000000
54736  -40.410  -37.934  62.918 0.0000000000
54739  -45.268  -39.265  63.845 0.0000000000
54756  -40.779  -38.415  62.360 0.0000000000
54757  -45.086  -39.484  62.619 0.0000000000
54772  -44.696  -39.214  62.043 0.0000000000
54773  -45.970  -38.847  62.111 0.0000000000
55758  -43.138  -37.806  66.757 0.0000000000
55809  -45.845  -38.184  63.439 0.0000000000
55810  -46.633  -37.836  62.726 0.0000000000
55820  -47.421  -37.493  62.285 0.0000000000
55822  -48.697  -36.927  61.273 0.0000000000
55847  -46.209  -37.675  60.826 0.0000000000
55864  -47.981  -37.428  59.941 0.0000000000
55931  -30.488  -37.554  55.299 0.0000000000
56821  -38.584  -35.715  69.234 0.0000000000
56850  -38.718  -36.262  66.856 0.0000000000
56927  -49.324  -36.118  60.998 0.0000000000
56936  -44.339  -36.861  60.436 0.0000000000
56992  -47.433  -36.203  56.341 0.0000000000
57056  -47.311  -36.465  52.802 0.0000000000
57855  -37.150  -35.709  68.029 0.0000000000
57892  -44.699  -36.169  63.474 0.0000000000
57908  -50.343  -34.962  60.787 0.0000000000
57916  -50.386  -34.938  60.425 0.0000000000
57950  -47.572  -35.684  56.850 0.0000000000
57995  -30.683  -35.787  53.222 0.0000000000
58884  -50.511  -34.516  61.064 0.0000000000
58893  -50.818  -34.499  60.235 0.0000000000
58901  -51.055  -34.112  59.967 0.0000000000
58908  -48.810  -34.725  58.935 0.0000000000
59875  -50.770  -33.756  61.132 0.0000000000
59892  -51.481  -33.415  59.858 0.0000000000
59907  -45.681  -33.161  57.410 0.0000000000
59908  -46.195  -33.885  57.493 0.0000000000
60861  -50.444  -32.053  61.034 0.0000000000
60878  -51.377  -33.033  60.509 0.0000000000
60889  -51.707  -33.067  60.032 0.0000000000
60905  -51.573  -32.651  59.757 0.0000000000
61905  -51.345  -32.056  59.585 0.0000000000
61928  -51.170  -31.304  59.576 0.0000000000
62848  -51.117  -30.701  59.914 0.0000000000
62880  -50.886  -30.716  59.486 0.0000000000
62897  -49.119  -30.324  58.173 0.0000000000
63816  -50.799  -29.830  59.755 0.0000000000
63824  -50.104  -29.376  58.800 0.0000000000
64788  -50.702  -28.531  59.743 0.0000000000
64789  -50.823  -28.828  59.977 0.0000000000
64806  -50.466  -28.956  59.221 0.0000000000
64822  -48.665  -28.490  57.337 0.0000000000
65743  -50.741  -27.667  59.959 0.0000000000
65758  -49.890  -27.856  58.569 0.0000000000
65788  -47.621  -27.333  56.908 0.0000000000
65800  -45.706  -27.530  55.148 0.0000000000
66714  -47.269  -25.885  57.051 0.0000000000
66776  -43.354  -26.051  52.664 0.0000000000
67692  -50.178  -25.017  60.731 0.0000000000
67774  -44.717  -24.773  54.013 0.0000000000
68708  -46.508  -24.641  56.271 0.0000000000
68717  -45.621  -24.199  55.070 0.0000000000
68731  -51.085  -24.403  53.886 0.0000000000
68733  -52.820  -24.402  54.718 0.0000000000
68743  -44.138  -23.713  53.019 0.0000000000
68757  -50.250  -23.693  52.308 0.0000000000
68759  -51.286  -23.949  52.563 0.0000000000
69579  -49.781  -22.652  61.231 0.0000000000
69615  -53.381  -23.823  56.693 0.0000000000
69642  -51.514  -24.309  54.575 0.0000000000
69651  -48.991  -23.409  52.828 0.0000000000
69688  -45.475  -23.135  51.130 0.0000000000
69713  -48.096  -23.823  50.886 0.0000000000
70493  -54.090  -22.624  57.855 0.0000000000
70526  -45.897  -22.030  54.066 0.0000000000
70538  -45.752  -21.934  53.160 0.0000000000
70548  -45.736  -22.200  52.362 0.0000000000
71446  -46.583  -21.723  55.178 0.0000000000
71473  -48.087  -21.674  53.590 0.0000000000
72358  -49.374  -20.332  61.368 0.0000000000
72394  -47.846  -20.882  57.112 0.0000000000
72428  -47.953  -20.864  54.739 0.0000000000
134834  -23.281  -46.565  64.075 0.0000000000
137218  -40.463  -36.041  68.728 0.0000000000
138154  -49.789  -23.667  52.782 0.0000000000
138678  -35.040  -40.812  71.695 0.0000000000
139178  -39.476  -36.455  66.779 0.0000000000
139597  -38.764  -45.923  66.702 0.0000000000
139992  -29.096  -45.376  63.775 0.0000000000
140430  -41.841  -37.825  65.863 0.0000000000
141409  -45.373  -27.032  54.750 0.0000000000
142078  -23.751  -45.501  60.806 0.0000000000
142294  -37.605  -35.663  54.487 0.0000000000
142847  -41.281  -38.204  64.040 0.0000000000
144692  -37.521  -36.220  65.816 0.0000000000
145066  -44.358  -37.605  64.563 0.0000000000
145584  -33.654  -46.514  61.314 0.0000000000
146619  -33.392  -35.404  66.897 0.0000000000
146731  -49.167  -21.473  54.325 0.0000000000
147701  -48.685  -36.408  59.374 0.0000000000
148505  -46.242  -22.870  55.599 0.0000000000
148992  -33.126  -43.624  55.229 0.0000000000
149355  -38.871  -36.431  65.729 0.0000000000
149634  -52.168  -23.663  52.151 0.0000000000
152257  -46.935  -29.030  56.320 0.0000000000
154694  -47.592  -25.040  57.523 0.0000000000
154710  -44.319  -24.488  53.514 0.0000000000
155288  -27.922  -45.853  59.493 0.0000000000
155646  -46.729  -24.084  49.706 0.0000000000
156019  -22.594  -45.967  62.222 0.0000000000
156133  -45.641  -33.543  63.349 0.0000000000
156242  -51.128  -24.224  53.142 0.0000000000
156334  -51.167  -33.555  60.806 0.0000000000
156358  -43.159  -38.704  64.777 0.0000000000
157443  -43.264  -24.213  51.962 0.0000000000
157587  -35.273  -37.317  57.534 0.0000000000
157724  -44.985  -23.405  53.942 0.0000000000
157996  -34.532  -42.288  72.041 0.0000000000
158175  -49.809  -23.648  52.390 0.0000000000
158415  -34.305  -34.880  52.173 0.0000000000
158899  -33.733  -34.901  67.410 0.0000000000
159121  -38.640  -38.200  59.695 0.0000000000
159199  -33.900  -42.366  62.183 0.0000000000
159546  -22.771  -48.154  58.834 0.0000000000
160347  -47.108  -29.452  56.610 0.0000000000
160403  -24.969  -46.315  65.170 0.0000000000
161235  -44.161  -39.347  62.014 0.0000000000
161325  -18.510  -45.841  59.862 0.0000000000
161789  -45.479  -37.600  60.921 0.0000000000
162493  -36.125  -35.298  52.764 0.0000000000
162523  -47.562  -20.910  55.420 0.0000000000
162526  -43.952  -23.306  52.239 0.0000000000
162632  -17.215  -46.403  59.587 0.0000000000
163056  -34.524  -40.212  69.828 0.0000000000
163130  -37.984  -43.608  68.187 0.0000000000
163145  -49.253  -30.986  58.498 0.0000000000
