#!ascii label  , from subject sub-v1s17x0050246_ses-1 vox2ras=TkReg
936
163741  11.922  -5.305  -12.883 0.2500000000
83397  12.670  -5.828  -14.123 0.2500000000
82435  13.274  -6.434  -14.458 0.7500000000
138847  12.146  -1.009  -11.088 0.2500000000
158036  12.016  -1.785  -11.911 0.1250000000
87508  12.536  -1.062  -11.926 0.3750000000
139118  11.814  -2.739  -12.163 0.2500000000
83351  11.995  -4.684  -12.386 0.2500000000
84415  12.922  -4.670  -14.126 0.7500000000
83360  11.936  -4.473  -12.888 0.3750000000
82434  14.044  -6.955  -14.792 0.8750000000
83396  13.224  -5.501  -14.427 0.8750000000
141699  14.933  -6.315  -14.872 0.8750000000
86458  13.491  -2.474  -13.302 0.3750000000
85421  13.092  -3.286  -13.593 0.3750000000
168030  13.660  -3.438  -13.805 0.8750000000
84399  12.831  -4.021  -13.764 0.7500000000
83394  15.205  -5.300  -14.567 1.0000000000
84414  14.405  -4.606  -14.373 1.0000000000
149258  13.459  -4.056  -14.017 0.8750000000
82433  16.154  -6.235  -14.528 1.0000000000
151136  13.567  -4.858  -14.374 0.8750000000
87486  13.135  -0.436  -11.587 0.2500000000
86457  14.478  -2.153  -13.300 0.8750000000
85420  13.952  -2.892  -13.628 0.8750000000
84412  16.855  -4.413  -14.438 1.0000000000
84413  15.626  -4.356  -14.357 1.0000000000
85438  15.603  -3.516  -14.128 1.0000000000
147837  18.358  -5.593  -14.144 1.0000000000
83393  16.355  -5.297  -14.458 1.0000000000
139558  17.290  -5.908  -14.277 1.0000000000
165634  15.676  -5.783  -14.576 1.0000000000
158139  12.965  -0.478  -10.661 0.1250000000
87507  14.267  -1.668  -12.993 0.6250000000
86456  15.590  -2.113  -13.471 1.0000000000
85419  15.076  -2.850  -13.774 1.0000000000
84410  18.694  -4.660  -13.946 1.0000000000
84411  17.841  -4.447  -14.355 1.0000000000
157850  16.351  -3.781  -14.296 1.0000000000
85418  16.310  -3.001  -13.971 1.0000000000
153244  18.364  -5.025  -14.238 1.0000000000
83388  21.437  -5.888  -14.178 1.0000000000
83391  19.131  -5.418  -13.825 1.0000000000
91129  18.724  2.036  -12.766 0.2500000000
138941  13.416  0.144  -10.900 0.2500000000
168345  14.385  -0.043  -11.964 0.3750000000
87485  14.802  -1.218  -12.876 0.5000000000
87505  16.043  -1.392  -13.234 1.0000000000
88431  15.512  -1.134  -12.925 0.6250000000
165686  17.401  -2.300  -13.526 1.0000000000
86455  16.690  -2.178  -13.559 1.0000000000
84398  19.383  -4.527  -13.746 1.0000000000
85436  18.055  -3.882  -14.081 1.0000000000
86453  18.866  -3.119  -13.523 1.0000000000
84397  20.190  -4.224  -13.848 1.0000000000
84407  21.207  -5.058  -14.193 1.0000000000
149437  21.005  -4.231  -14.205 1.0000000000
144226  19.470  2.353  -13.745 0.5000000000
91130  17.904  1.372  -12.172 0.3750000000
90199  17.099  1.208  -12.017 0.3750000000
89300  16.147  1.104  -11.817 0.5000000000
89315  17.922  0.924  -12.462 0.5000000000
87484  17.470  -0.943  -12.796 0.8750000000
89313  19.329  0.448  -13.356 1.0000000000
86454  18.095  -2.489  -13.453 1.0000000000
87504  17.322  -1.554  -13.137 1.0000000000
86471  20.664  -2.508  -13.860 1.0000000000
86452  19.721  -2.613  -13.456 1.0000000000
86469  22.151  -2.804  -14.818 1.0000000000
85434  21.593  -3.418  -14.507 1.0000000000
84406  22.533  -4.175  -14.896 0.8750000000
91143  19.434  2.989  -13.975 0.5000000000
90198  18.340  1.462  -12.491 0.5000000000
90223  19.517  2.204  -13.804 0.6250000000
90212  19.621  1.393  -13.710 0.6250000000
89314  18.806  0.201  -13.010 0.7500000000
164765  19.473  -0.211  -13.309 1.0000000000
145730  22.336  -0.849  -14.951 1.0000000000
88437  21.626  -0.737  -14.489 1.0000000000
87501  20.306  -1.601  -13.532 1.0000000000
87502  19.381  -1.574  -13.214 1.0000000000
87513  22.567  -1.556  -15.138 1.0000000000
86470  21.523  -2.469  -14.435 1.0000000000
87523  23.267  -1.589  -15.518 0.8750000000
162928  22.194  -2.151  -14.857 1.0000000000
85454  22.947  -3.217  -15.248 0.8750000000
91156  19.659  2.886  -14.195 0.5000000000
91155  20.340  2.669  -14.520 0.8750000000
90230  22.033  1.506  -15.084 1.0000000000
90221  21.147  1.187  -14.533 1.0000000000
167716  22.595  -0.409  -15.191 1.0000000000
89329  22.551  0.794  -15.253 1.0000000000
88429  19.822  -0.748  -13.356 1.0000000000
89328  23.386  0.926  -15.717 1.0000000000
164279  23.792  -1.603  -15.776 1.0000000000
87522  23.854  -0.914  -15.929 1.0000000000
88444  23.651  0.057  -15.857 1.0000000000
92111  19.476  3.609  -14.234 0.5000000000
92110  19.973  3.480  -14.604 0.8750000000
92109  20.879  3.249  -14.939 1.0000000000
146521  23.491  3.606  -16.585 1.0000000000
145928  22.385  2.429  -15.466 1.0000000000
91154  21.317  2.290  -14.854 1.0000000000
91171  24.922  2.837  -17.522 1.0000000000
90238  24.434  2.422  -16.698 1.0000000000
90236  25.277  2.258  -17.544 1.0000000000
90228  23.810  1.845  -16.066 1.0000000000
89338  25.007  1.030  -16.800 1.0000000000
90237  24.969  2.050  -17.071 1.0000000000
88454  24.968  -0.141  -16.664 0.8750000000
147186  23.083  6.701  -16.613 1.0000000000
96018  22.431  7.056  -15.952 0.3750000000
95062  22.509  6.103  -16.329 0.8750000000
93165  23.496  4.441  -17.008 1.0000000000
92127  24.665  3.417  -17.597 1.0000000000
164832  23.908  7.907  -16.526 0.8750000000
96030  23.844  7.250  -16.935 1.0000000000
154273  23.519  6.331  -17.167 1.0000000000
95061  23.170  5.745  -16.973 1.0000000000
93174  24.023  4.234  -17.470 1.0000000000
92137  24.914  3.467  -17.864 1.0000000000
93173  24.486  4.096  -17.848 1.0000000000
97062  24.514  8.402  -16.901 0.7500000000
96038  24.101  6.407  -17.513 1.0000000000
95070  24.308  5.456  -17.871 1.0000000000
94149  25.189  4.444  -18.326 1.0000000000
94150  24.576  4.550  -18.050 1.0000000000
96029  24.692  7.421  -17.475 1.0000000000
95069  24.819  6.442  -17.939 1.0000000000
95081  24.989  5.432  -18.260 1.0000000000
101957  27.487  12.878  -20.375 0.1250000000
101963  27.030  13.515  -20.912 0.1250000000
99967  27.108  11.979  -20.791 0.2500000000
101958  26.811  12.813  -20.939 0.1250000000
99975  25.657  12.038  -22.161 0.3750000000
101968  25.306  13.466  -22.825 0.2500000000
150468  25.055  12.457  -23.029 0.2500000000
100967  24.728  12.688  -23.690 0.3750000000
102909  25.603  14.329  -22.899 0.2500000000
101971  24.858  13.357  -23.460 0.2500000000
102910  25.029  14.042  -23.322 0.2500000000
103834  24.691  14.988  -24.249 0.2500000000
102914  24.521  14.316  -24.316 0.2500000000
101972  24.583  13.340  -24.064 0.3750000000
102913  24.722  14.160  -23.804 0.2500000000
101974  24.373  12.881  -24.693 0.3750000000
152731  24.410  13.753  -24.574 0.2500000000
82401  12.514  -5.626  -11.941 0.1250000000
138408  11.741  -3.663  -12.421 0.2500000000
157967  12.116  -2.225  -11.590 0.1250000000
82429  20.533  -6.300  -13.739 1.0000000000
155876  20.603  1.914  -14.400 0.8750000000
90229  22.979  1.705  -15.583 1.0000000000
150148  13.096  -7.187  -11.970 0.1250000000
81453  13.377  -7.435  -14.335 0.6250000000
81451  15.199  -8.055  -14.946 0.7500000000
157904  12.672  -1.625  -10.983 0.1250000000
81450  16.200  -7.965  -14.675 1.0000000000
139088  12.586  -4.577  -11.739 0.1250000000
145944  16.939  -6.938  -14.236 1.0000000000
82416  20.019  -6.521  -13.661 1.0000000000
88418  14.318  0.597  -11.296 0.3750000000
91115  17.029  1.273  -11.824 0.2500000000
90201  15.832  1.262  -11.557 0.2500000000
152028  23.002  -5.045  -15.053 0.8750000000
143663  24.452  -2.447  -15.882 0.8750000000
85453  23.902  -3.310  -15.557 0.8750000000
86481  24.340  -1.592  -16.062 0.8750000000
161712  22.357  7.526  -15.568 0.1250000000
96019  21.623  6.708  -15.503 0.1250000000
93145  19.755  4.213  -14.553 0.3750000000
93158  20.903  4.588  -15.287 0.6250000000
164369  25.243  1.810  -17.204 1.0000000000
88455  24.529  -0.783  -16.348 0.8750000000
96031  23.314  7.568  -16.285 0.8750000000
95047  21.862  6.338  -15.787 0.3750000000
94120  21.937  5.487  -15.918 0.8750000000
91181  25.089  3.129  -17.863 1.0000000000
92136  25.342  2.951  -18.068 1.0000000000
92147  25.544  3.207  -18.319 1.0000000000
93184  24.940  3.814  -18.077 1.0000000000
141836  24.952  8.651  -17.821 0.8750000000
96047  25.902  7.378  -18.570 1.0000000000
95080  25.486  6.462  -18.434 1.0000000000
154613  25.758  5.379  -18.652 1.0000000000
142877  27.980  12.892  -19.061 0.1250000000
99945  27.704  11.328  -18.740 0.1250000000
99029  27.871  10.563  -19.774 0.6250000000
99974  26.329  11.538  -21.504 0.6250000000
99051  25.256  10.867  -23.194 0.5000000000
101964  26.351  13.226  -21.449 0.2500000000
99985  24.849  11.512  -23.482 0.5000000000
103829  26.000  15.259  -23.048 0.2500000000
103830  25.159  14.919  -23.675 0.2500000000
150183  24.701  12.039  -23.698 0.5000000000
99986  24.577  11.320  -24.103 0.5000000000
104717  24.362  16.512  -25.091 0.1250000000
103839  24.241  15.670  -25.032 0.2500000000
103845  23.475  15.156  -25.659 0.2500000000
160123  22.976  15.106  -26.134 0.2500000000
104718  23.957  16.586  -25.348 0.1250000000
162422  12.581  -6.446  -12.144 0.1250000000
82418  12.842  -6.699  -14.126 0.3750000000
143559  11.885  -3.456  -11.982 0.1250000000
141324  14.798  -7.321  -14.964 0.7500000000
145353  13.906  -6.137  -14.750 0.8750000000
142612  15.691  -7.169  -14.844 1.0000000000
85439  14.524  -3.646  -14.045 1.0000000000
82432  18.209  -6.361  -13.963 1.0000000000
82431  19.205  -6.071  -13.788 1.0000000000
87506  15.030  -1.474  -13.038 0.8750000000
144250  19.396  -5.104  -13.765 1.0000000000
85437  17.202  -3.720  -14.310 1.0000000000
85417  17.459  -3.011  -13.855 1.0000000000
83390  19.914  -5.609  -13.696 1.0000000000
161711  21.101  -6.362  -13.891 1.0000000000
89301  15.314  1.240  -11.217 0.3750000000
88417  15.518  0.583  -11.978 0.5000000000
88430  16.490  -1.085  -12.967 0.8750000000
84408  20.579  -4.909  -13.929 1.0000000000
162674  18.761  -3.950  -13.766 1.0000000000
85416  18.240  -3.356  -13.748 1.0000000000
167915  20.191  -3.338  -13.743 1.0000000000
85433  22.258  -3.469  -14.828 1.0000000000
88416  16.735  0.225  -12.378 0.6250000000
90213  19.248  1.325  -13.465 0.6250000000
87483  18.058  -1.004  -12.809 1.0000000000
89324  19.936  0.747  -13.724 1.0000000000
157163  18.922  -2.292  -13.272 1.0000000000
87503  18.455  -1.580  -13.062 1.0000000000
85435  20.852  -3.374  -14.148 1.0000000000
86483  22.744  -2.372  -15.214 0.8750000000
84429  23.777  -4.229  -15.376 0.8750000000
90222  20.282  1.307  -14.074 1.0000000000
89323  20.565  0.475  -14.053 1.0000000000
88445  23.007  -0.761  -15.450 1.0000000000
87515  21.164  -1.568  -14.109 1.0000000000
88438  20.731  -0.566  -13.888 1.0000000000
88436  22.203  -0.043  -14.893 1.0000000000
89330  21.878  0.712  -14.812 1.0000000000
146805  22.884  0.069  -15.406 1.0000000000
89322  21.354  0.162  -14.459 1.0000000000
89339  24.301  1.217  -16.371 1.0000000000
143370  24.387  0.033  -16.366 1.0000000000
93144  20.467  4.063  -14.981 0.6250000000
91164  21.755  3.028  -15.312 1.0000000000
146245  22.626  3.316  -15.851 1.0000000000
92129  23.343  4.108  -16.753 1.0000000000
92128  24.043  3.864  -17.208 1.0000000000
91172  24.278  3.188  -16.968 1.0000000000
91180  25.336  2.739  -17.935 1.0000000000
91163  23.550  2.724  -16.135 1.0000000000
92120  22.619  4.036  -16.153 1.0000000000
93166  22.706  4.625  -16.395 1.0000000000
92138  24.458  3.796  -17.610 1.0000000000
94142  23.532  4.865  -17.292 1.0000000000
95071  23.698  5.518  -17.498 1.0000000000
94141  24.037  4.675  -17.701 1.0000000000
92148  25.239  3.338  -18.096 1.0000000000
96037  25.270  7.442  -18.060 1.0000000000
161830  27.830  12.645  -19.733 0.1250000000
100954  27.756  12.021  -20.096 0.1250000000
100942  27.878  12.083  -19.293 0.1250000000
147781  26.668  14.025  -21.502 0.2500000000
100962  25.692  12.889  -22.131 0.2500000000
99957  27.825  11.347  -19.639 0.3750000000
99966  27.661  11.203  -20.318 0.5000000000
99981  25.258  11.635  -22.842 0.5000000000
99980  25.800  11.224  -22.329 0.7500000000
158419  23.922  15.177  -25.218 0.2500000000
102920  24.150  13.634  -25.167 0.2500000000
82408  12.439  -6.939  -12.553 0.2500000000
81425  14.102  -7.557  -11.610 0.1250000000
80462  13.425  -8.148  -12.170 0.1250000000
80489  13.465  -8.337  -14.112 0.6250000000
81452  14.165  -8.008  -14.663 0.7500000000
81449  17.255  -7.851  -14.037 1.0000000000
95048  21.155  6.068  -15.423 0.5000000000
92121  21.578  3.868  -15.456 0.8750000000
93157  21.748  4.672  -15.736 0.7500000000
94133  22.906  5.175  -16.668 1.0000000000
157576  25.550  8.090  -18.123 1.0000000000
95079  26.249  6.519  -18.900 1.0000000000
99020  27.472  10.430  -18.314 0.3750000000
99036  27.719  10.297  -20.574 0.7500000000
99973  27.098  10.980  -21.013 0.7500000000
99044  26.453  10.584  -21.751 0.7500000000
101978  23.680  13.487  -25.939 0.2500000000
101977  24.043  12.601  -25.650 0.3750000000
76986  21.165  -12.174  -12.928 0.7500000000
77938  23.228  -11.743  -13.691 0.7500000000
76987  20.013  -12.108  -12.672 0.7500000000
150081  19.036  -11.997  -12.721 0.7500000000
77953  23.311  -11.042  -13.801 0.7500000000
158191  21.864  -11.146  -13.412 0.7500000000
78790  21.211  -10.677  -13.342 0.7500000000
78792  19.038  -10.888  -13.053 0.7500000000
78802  23.294  -10.329  -13.895 0.7500000000
78789  22.091  -10.262  -13.643 0.7500000000
78791  20.375  -10.199  -13.276 0.7500000000
79636  16.812  -9.468  -14.257 0.7500000000
80486  15.647  -8.824  -14.690 0.6250000000
158371  20.256  -9.364  -13.415 0.7500000000
157456  18.276  -9.112  -13.544 0.8750000000
79623  17.457  -9.713  -13.892 0.8750000000
79635  22.718  -9.940  -13.785 0.7500000000
79621  21.166  -9.309  -13.563 0.7500000000
80472  18.854  -8.304  -13.513 0.8750000000
150867  22.741  -9.094  -13.990 0.7500000000
80469  21.570  -8.735  -13.656 0.7500000000
80484  21.343  -8.076  -13.675 0.8750000000
155545  17.999  -7.100  -13.801 0.8750000000
81446  22.503  -8.000  -14.077 0.7500000000
81436  20.797  -7.671  -13.645 0.8750000000
82415  20.760  -7.000  -13.701 0.8750000000
82426  22.864  -7.295  -14.532 0.8750000000
166102  21.780  -7.230  -13.979 0.8750000000
82444  22.486  -6.769  -14.500 0.8750000000
83408  26.160  -6.011  -15.338 0.3750000000
83409  25.305  -5.795  -15.413 0.6250000000
83411  23.604  -5.801  -15.171 0.7500000000
83387  22.209  -5.996  -14.517 0.7500000000
83407  27.034  -5.334  -15.485 0.5000000000
146849  26.025  -5.105  -15.555 0.5000000000
149935  25.074  -4.914  -15.513 0.7500000000
150094  24.109  -4.914  -15.387 0.7500000000
84425  27.625  -4.519  -15.855 0.1250000000
84426  26.714  -4.441  -15.831 0.3750000000
84427  25.743  -4.219  -15.698 0.6250000000
84428  24.696  -3.994  -15.599 0.6250000000
85432  29.209  -4.168  -15.509 0.1250000000
85448  28.772  -3.748  -16.083 0.1250000000
86478  27.026  -2.996  -16.336 0.1250000000
86489  27.560  -2.460  -16.495 0.1250000000
86479  26.062  -2.743  -16.207 0.6250000000
86491  25.633  -1.950  -16.436 0.6250000000
162507  24.929  -1.942  -16.258 0.7500000000
86477  29.045  -2.989  -16.279 0.1250000000
164969  29.015  -1.657  -16.615 0.1250000000
87531  27.558  -1.727  -16.610 0.1250000000
161456  26.021  -1.210  -16.631 0.5000000000
87533  25.116  -1.159  -16.520 0.7500000000
86476  29.713  -2.798  -15.965 0.1250000000
87532  26.831  -1.269  -16.640 0.5000000000
88453  26.532  -0.370  -16.798 0.5000000000
145060  25.616  -0.307  -16.722 0.6250000000
97072  24.506  9.884  -17.485 0.5000000000
89344  26.677  0.707  -17.247 0.6250000000
161692  25.961  1.365  -17.453 0.6250000000
90245  25.658  2.101  -17.861 0.8750000000
144986  27.159  1.220  -17.630 0.5000000000
90244  26.324  1.676  -17.812 0.6250000000
91179  25.988  2.321  -18.325 0.6250000000
97071  25.530  8.836  -17.952 0.7500000000
93183  25.473  3.683  -18.323 0.8750000000
147968  25.699  4.382  -18.506 0.8750000000
164839  25.603  2.652  -18.198 0.7500000000
143409  26.036  3.387  -18.542 0.8750000000
93182  26.033  4.104  -18.534 0.8750000000
94158  26.292  4.792  -18.733 0.8750000000
90250  28.295  1.939  -18.185 0.3750000000
90251  27.032  1.950  -18.140 0.5000000000
161222  26.401  2.551  -18.471 0.5000000000
147392  26.550  2.949  -18.599 0.6250000000
91188  27.523  2.601  -18.461 0.3750000000
97070  26.756  8.991  -17.887 0.6250000000
97075  27.444  8.697  -18.443 0.7500000000
95091  26.676  5.749  -19.058 0.7500000000
92146  27.015  3.600  -18.636 0.6250000000
144187  27.486  3.150  -18.653 0.5000000000
166669  28.064  4.978  -19.529 0.7500000000
97076  26.530  8.150  -18.348 0.8750000000
96045  27.663  7.999  -18.769 0.8750000000
96056  27.999  7.404  -19.260 0.8750000000
166637  28.203  8.005  -19.160 0.7500000000
96057  27.212  6.626  -19.240 0.8750000000
95090  27.614  6.005  -19.514 0.7500000000
93191  27.814  4.404  -19.120 0.5000000000
92163  29.432  4.026  -20.535 0.2500000000
161586  28.702  4.073  -19.677 0.5000000000
92157  28.156  3.657  -19.017 0.5000000000
92145  28.521  2.956  -18.935 0.2500000000
98067  27.335  9.490  -18.118 0.5000000000
141301  27.629  10.013  -18.966 0.5000000000
98075  27.962  9.615  -19.732 0.6250000000
98084  27.969  9.543  -20.550 0.7500000000
98074  28.130  8.878  -20.172 0.7500000000
98083  28.094  9.044  -21.004 0.7500000000
97100  28.207  8.396  -21.606 0.7500000000
97091  28.399  8.303  -20.800 0.7500000000
98090  27.533  9.064  -21.648 0.7500000000
96064  28.516  7.642  -20.674 0.7500000000
95099  28.577  6.709  -21.103 0.7500000000
96071  28.604  7.492  -21.614 0.7500000000
94156  28.283  5.444  -20.018 0.5000000000
156768  28.505  5.780  -20.923 0.3750000000
93190  28.622  4.593  -20.226 0.3750000000
94164  28.728  4.958  -21.194 0.3750000000
99043  27.227  10.283  -21.253 0.6250000000
98097  26.814  9.050  -22.347 0.7500000000
97111  26.689  8.277  -23.050 0.7500000000
97110  27.504  8.317  -22.278 0.7500000000
96079  28.283  7.583  -22.349 0.6250000000
150511  28.729  6.254  -22.224 0.3750000000
164162  28.642  6.771  -22.505 0.3750000000
93203  29.387  4.335  -21.383 0.1250000000
94172  29.323  4.637  -22.126 0.1250000000
95106  29.303  5.109  -22.740 0.2500000000
98098  26.301  9.848  -22.434 0.6250000000
98105  26.176  9.183  -23.268 0.6250000000
96080  27.329  7.492  -23.006 0.3750000000
95117  28.793  5.826  -23.120 0.2500000000
94178  29.873  5.047  -22.935 0.1250000000
95116  29.423  5.571  -23.395 0.1250000000
93213  29.853  4.194  -22.063 0.1250000000
99050  25.905  10.534  -22.587 0.6250000000
98099  25.698  10.038  -23.309 0.6250000000
97133  25.004  8.292  -24.509 0.3750000000
159091  25.275  9.312  -24.129 0.3750000000
97121  26.068  8.530  -24.098 0.3750000000
145250  26.353  7.521  -24.981 0.2500000000
96092  26.661  7.814  -23.826 0.3750000000
96090  28.112  6.368  -24.078 0.1250000000
152775  27.861  6.480  -23.799 0.3750000000
95118  28.056  6.604  -23.222 0.3750000000
95115  30.049  5.629  -23.590 0.1250000000
95128  28.607  5.910  -23.738 0.1250000000
99990  24.463  10.784  -24.556 0.3750000000
99058  24.731  10.705  -23.941 0.3750000000
158516  25.047  10.206  -23.888 0.3750000000
97134  24.437  8.146  -24.807 0.3750000000
98113  24.509  8.905  -24.581 0.3750000000
96128  24.964  6.891  -25.320 0.3750000000
96110  24.923  7.518  -24.834 0.3750000000
96127  25.635  6.815  -25.621 0.3750000000
96109  26.561  7.650  -24.425 0.3750000000
97132  25.800  7.905  -24.632 0.3750000000
96107  28.167  6.993  -24.710 0.1250000000
96108  27.333  7.060  -24.252 0.1250000000
96106  28.834  6.328  -24.248 0.1250000000
140190  23.732  9.478  -25.463 0.2500000000
97160  24.230  7.767  -26.183 0.2500000000
98123  23.832  8.720  -25.686 0.3750000000
98114  23.968  9.102  -24.835 0.3750000000
95175  26.228  6.391  -28.757 0.1250000000
96144  24.581  7.026  -25.718 0.3750000000
97146  24.135  7.939  -25.261 0.3750000000
96142  26.041  6.415  -26.653 0.1250000000
156865  25.263  6.524  -26.182 0.2500000000
97159  27.436  8.202  -26.557 0.1250000000
99995  24.242  10.705  -25.293 0.3750000000
99069  23.847  9.877  -25.075 0.3750000000
144503  24.047  8.663  -26.612 0.2500000000
96164  25.980  6.788  -29.010 0.1250000000
97186  24.964  8.813  -28.602 0.1250000000
96168  26.390  7.199  -29.898 0.1250000000
97185  25.876  7.979  -29.375 0.1250000000
97145  27.530  7.973  -25.678 0.1250000000
150955  28.278  8.780  -29.516 0.1250000000
100011  24.270  10.969  -27.834 0.1250000000
139022  27.997  9.107  -30.210 0.1250000000
99087  25.463  9.586  -28.807 0.1250000000
98132  27.208  9.871  -26.861 0.1250000000
98122  27.527  9.428  -25.920 0.1250000000
81437  20.126  -7.204  -13.617 0.8750000000
159792  23.955  -6.894  -15.126 0.6250000000
91189  25.859  2.839  -18.494 0.8750000000
153432  27.738  9.236  -18.816 0.6250000000
97082  28.043  8.614  -19.199 0.7500000000
97081  28.373  8.041  -19.847 0.8750000000
96055  28.351  7.217  -20.105 0.7500000000
154312  28.005  6.721  -19.600 0.7500000000
96126  26.587  7.115  -25.810 0.1250000000
97173  25.276  7.478  -28.192 0.2500000000
139103  26.832  8.219  -30.391 0.1250000000
98140  27.533  9.274  -27.846 0.1250000000
85451  25.479  -3.360  -15.861 0.5000000000
85452  24.736  -3.117  -15.788 0.6250000000
88459  27.345  -0.125  -16.967 0.3750000000
94157  27.321  5.153  -19.116 0.7500000000
96141  27.014  6.831  -27.189 0.1250000000
90249  29.195  1.912  -18.307 0.1250000000
75944  22.770  -13.038  -13.362 0.7500000000
147304  22.072  -13.262  -13.006 0.7500000000
76972  19.817  -12.982  -12.510 0.7500000000
75943  23.472  -12.785  -13.587 0.7500000000
76985  22.642  -12.460  -13.422 0.7500000000
76982  24.591  -12.122  -13.869 0.7500000000
79624  16.638  -10.267  -14.124 0.6250000000
150923  18.159  -10.614  -13.391 0.7500000000
77951  24.290  -10.891  -14.200 0.6250000000
79633  23.642  -9.982  -14.190 0.7500000000
79632  24.170  -9.806  -14.506 0.6250000000
80495  23.540  -8.484  -14.544 0.6250000000
81459  23.578  -7.570  -14.782 0.5000000000
82440  26.207  -6.753  -15.146 0.3750000000
143473  24.483  -7.296  -15.153 0.5000000000
83385  27.693  -5.896  -15.031 0.1250000000
84405  28.021  -5.072  -15.338 0.1250000000
84424  28.439  -4.392  -15.750 0.1250000000
85431  29.899  -3.880  -15.003 0.1250000000
86468  30.141  -3.006  -15.273 0.1250000000
86475  29.997  -2.146  -15.771 0.1250000000
87521  29.577  -1.316  -16.237 0.1250000000
87529  28.981  -0.941  -16.708 0.1250000000
87530  28.332  -1.343  -16.695 0.1250000000
89342  28.645  0.326  -17.253 0.1250000000
89343  27.731  0.449  -17.323 0.2500000000
90243  28.149  1.181  -17.708 0.2500000000
98058  26.013  9.665  -17.739 0.5000000000
91194  29.466  2.866  -19.184 0.1250000000
91187  28.824  2.388  -18.720 0.2500000000
92162  29.921  3.743  -20.516 0.1250000000
93202  29.905  3.899  -21.392 0.1250000000
94170  30.101  4.474  -22.327 0.1250000000
95105  30.299  5.247  -22.598 0.1250000000
96088  30.215  6.521  -23.854 0.1250000000
161955  30.303  5.627  -23.022 0.1250000000
97144  28.056  7.924  -25.246 0.1250000000
98112  28.450  8.616  -25.120 0.1250000000
102905  27.028  14.775  -21.427 0.1250000000
141604  24.214  11.585  -26.084 0.2500000000
100003  24.177  10.879  -26.669 0.1250000000
100982  23.769  12.619  -27.488 0.1250000000
162617  26.365  9.346  -29.512 0.1250000000
99081  24.558  10.365  -28.212 0.1250000000
151616  27.657  9.460  -29.113 0.1250000000
99068  27.664  10.139  -25.588 0.1250000000
99075  26.665  10.665  -27.405 0.1250000000
156344  21.990  -5.109  -14.553 0.7500000000
89337  25.496  1.467  -17.247 0.7500000000
141858  25.377  0.538  -16.840 0.7500000000
82428  21.303  -6.995  -13.850 0.8750000000
80485  16.561  -8.768  -14.419 0.7500000000
80473  17.601  -8.692  -13.783 0.8750000000
82417  19.141  -6.871  -13.681 0.8750000000
86480  25.200  -2.581  -16.089 0.6250000000
158281  24.530  10.466  -24.323 0.3750000000
100970  24.396  11.704  -24.849 0.3750000000
77940  20.922  -11.463  -13.044 0.7500000000
156184  21.792  -12.713  -13.038 0.7500000000
77939  22.482  -11.708  -13.494 0.7500000000
157482  23.169  -12.337  -13.603 0.7500000000
76983  24.007  -12.170  -13.782 0.7500000000
77952  23.787  -11.245  -13.918 0.7500000000
77942  18.404  -11.860  -12.822 0.7500000000
151829  19.215  -10.020  -13.240 0.7500000000
157162  21.469  -9.916  -13.569 0.7500000000
79638  15.212  -9.533  -14.317 0.6250000000
79622  18.244  -9.871  -13.477 0.7500000000
153848  19.402  -8.996  -13.437 0.8750000000
168121  22.579  -9.406  -13.845 0.7500000000
80470  20.751  -8.523  -13.570 0.8750000000
80471  19.993  -7.980  -13.549 0.8750000000
80483  21.830  -8.202  -13.740 0.7500000000
80481  22.966  -8.676  -14.200 0.7500000000
81445  22.962  -7.867  -14.383 0.7500000000
81447  21.918  -7.686  -13.875 0.8750000000
81458  24.292  -8.182  -14.902 0.6250000000
83386  26.863  -6.309  -15.113 0.2500000000
82441  25.414  -6.801  -15.264 0.5000000000
82442  24.594  -6.462  -15.305 0.6250000000
83410  24.462  -5.654  -15.372 0.7500000000
85449  27.347  -3.825  -16.180 0.2500000000
85450  26.405  -3.596  -16.013 0.3750000000
85447  29.536  -3.466  -15.765 0.1250000000
153089  28.066  -3.216  -16.381 0.1250000000
86488  28.456  -2.253  -16.544 0.1250000000
86490  26.653  -2.056  -16.506 0.5000000000
162015  29.376  -2.222  -16.331 0.1250000000
88452  27.485  -0.902  -16.762 0.1250000000
89336  25.911  0.592  -16.999 0.6250000000
93192  26.667  4.210  -18.634 0.7500000000
95089  28.323  6.347  -20.193 0.7500000000
92156  29.301  3.492  -19.647 0.1250000000
92155  29.909  3.393  -19.722 0.1250000000
98091  26.960  9.745  -21.719 0.7500000000
95107  28.779  5.500  -21.832 0.3750000000
94171  29.739  4.591  -22.484 0.1250000000
96091  27.313  7.165  -23.716 0.3750000000
95127  29.542  5.850  -24.000 0.1250000000
99062  24.518  9.819  -24.412 0.3750000000
96155  24.928  6.828  -26.915 0.3750000000
140887  25.548  7.325  -25.024 0.3750000000
96125  27.200  7.526  -24.939 0.1250000000
96089  29.667  6.712  -24.358 0.1250000000
159433  29.024  7.068  -24.592 0.1250000000
99076  23.815  10.111  -25.999 0.2500000000
97174  24.529  8.114  -27.349 0.2500000000
95174  26.374  6.690  -29.366 0.1250000000
97172  27.811  7.886  -28.260 0.1250000000
99082  23.943  10.139  -27.431 0.1250000000
98142  24.455  9.686  -28.241 0.1250000000
97183  27.598  7.872  -30.657 0.1250000000
98121  27.926  9.226  -25.346 0.1250000000
96153  27.458  6.955  -28.722 0.1250000000
100981  24.209  12.152  -27.881 0.1250000000
142441  24.266  11.547  -27.334 0.1250000000
74808  22.279  -13.822  -12.965 0.7500000000
74806  23.667  -13.749  -13.370 0.7500000000
75946  20.796  -13.061  -12.661 0.7500000000
75945  21.114  -13.530  -12.673 0.7500000000
78793  17.118  -10.820  -13.730 0.5000000000
147799  17.404  -10.527  -13.753 0.6250000000
80494  24.199  -9.048  -14.688 0.6250000000
80492  25.588  -8.240  -14.967 0.5000000000
154034  28.998  -0.281  -16.968 0.1250000000
88450  29.442  -0.420  -16.539 0.1250000000
88451  28.270  -0.437  -16.965 0.1250000000
97131  28.776  7.763  -25.019 0.1250000000
75929  19.896  -13.741  -12.302 0.7500000000
76988  18.782  -12.623  -12.533 0.5000000000
74789  23.902  -14.713  -12.908 0.6250000000
74788  24.522  -14.059  -13.176 0.6250000000
75927  26.004  -13.568  -12.954 0.3750000000
75942  24.313  -13.012  -13.598 0.6250000000
76980  26.435  -12.119  -13.411 0.2500000000
76981  25.455  -12.033  -13.882 0.3750000000
81456  25.902  -7.476  -15.071 0.3750000000
98059  24.769  9.906  -17.849 0.3750000000
98057  26.984  9.733  -17.411 0.2500000000
163063  27.704  10.743  -19.126 0.2500000000
74807  22.952  -13.664  -13.288 0.6250000000
77950  24.755  -11.048  -14.256 0.5000000000
79631  24.693  -10.168  -14.529 0.5000000000
164656  25.234  -9.733  -14.660 0.3750000000
75918  26.799  -13.722  -12.114 0.5000000000
75928  25.088  -13.578  -13.287 0.6250000000
80493  24.943  -8.670  -14.916 0.5000000000
73681  23.707  -15.556  -12.568 0.6250000000
76974  18.846  -12.827  -12.480 0.3750000000
157451  23.099  -14.967  -12.791 0.6250000000
159651  23.194  -14.287  -13.092 0.6250000000
74809  21.460  -14.035  -12.694 0.6250000000
73663  26.905  -15.214  -10.887 0.3750000000
73678  25.614  -15.099  -12.312 0.5000000000
73680  24.478  -15.516  -12.537 0.6250000000
76975  18.542  -12.402  -12.549 0.2500000000
75917  27.368  -13.657  -11.405 0.3750000000
152290  27.192  -12.001  -12.738 0.2500000000
75926  27.236  -13.136  -11.909 0.2500000000
80487  14.735  -8.794  -14.541 0.3750000000
77937  26.003  -11.450  -14.017 0.2500000000
78798  26.123  -10.123  -14.367 0.3750000000
79630  25.848  -9.559  -14.593 0.2500000000
80479  25.585  -8.990  -14.788 0.2500000000
81444  26.297  -8.073  -14.777 0.2500000000
164662  16.341  1.292  -10.867 0.1250000000
92094  19.345  3.622  -13.999 0.2500000000
82424  27.393  -6.714  -14.717 0.2500000000
94121  20.851  5.341  -15.308 0.3750000000
146496  20.238  4.798  -14.874 0.2500000000
90186  17.676  1.382  -11.927 0.1250000000
139209  15.609  1.108  -10.463 0.2500000000
80474  13.808  -8.990  -13.959 0.2500000000
164284  24.469  -10.509  -14.365 0.5000000000
164419  19.216  -13.524  -12.316 0.5000000000
163877  19.092  -12.693  -12.531 0.5000000000
75941  25.239  -12.847  -13.559 0.5000000000
76993  24.730  -11.543  -14.074 0.5000000000
145853  27.086  -7.517  -14.539 0.2500000000
77943  18.083  -11.654  -12.983 0.3750000000
142188  17.745  -11.134  -13.324 0.3750000000
79625  14.443  -9.374  -14.103 0.2500000000
77944  17.338  -11.256  -13.313 0.3750000000
150250  24.863  -14.901  -12.714 0.6250000000
74787  25.414  -14.311  -12.798 0.5000000000
76971  26.026  -12.728  -13.371 0.2500000000
76963  27.434  -12.472  -12.018 0.2500000000
78799  25.454  -10.804  -14.355 0.3750000000
74776  26.233  -14.463  -12.238 0.5000000000
74775  26.954  -14.481  -11.389 0.3750000000
74790  22.585  -14.404  -12.917 0.6250000000
73664  26.272  -15.326  -11.545 0.3750000000
73679  25.120  -15.533  -12.394 0.5000000000
78787  26.473  -10.759  -13.978 0.2500000000
79629  26.647  -9.379  -14.280 0.2500000000
140847  16.505  0.698  -10.365 0.1250000000
72629  23.121  -16.556  -11.982 0.5000000000
72626  25.955  -16.223  -11.249 0.2500000000
71565  25.317  -17.271  -11.225 0.3750000000
146439  24.631  -16.585  -11.985 0.5000000000
72646  23.021  -15.738  -12.452 0.5000000000
72630  22.224  -16.721  -11.771 0.3750000000
73683  20.964  -15.264  -11.997 0.5000000000
73682  22.401  -15.193  -12.638 0.5000000000
72647  22.322  -15.956  -12.271 0.5000000000
160945  20.945  -14.593  -12.340 0.3750000000
74791  21.755  -14.685  -12.648 0.5000000000
164991  20.842  -17.532  -10.942 0.1250000000
151126  22.155  -17.448  -11.449 0.3750000000
73684  20.116  -14.737  -11.817 0.2500000000
68602  22.455  -20.385  -10.413 0.1250000000
70581  21.696  -18.038  -11.095 0.2500000000
70580  22.657  -18.082  -11.307 0.3750000000
72614  25.722  -16.872  -11.071 0.2500000000
70578  24.277  -18.090  -11.315 0.3750000000
71567  23.772  -17.370  -11.660 0.5000000000
69609  20.899  -19.159  -10.176 0.1250000000
70579  23.478  -18.086  -11.382 0.3750000000
71570  20.432  -16.747  -10.939 0.1250000000
73666  20.136  -15.277  -11.395 0.1250000000
74792  20.457  -14.203  -12.295 0.3750000000
72644  24.926  -16.100  -12.230 0.3750000000
157715  23.616  -16.167  -12.310 0.5000000000
74793  19.570  -14.329  -12.131 0.2500000000
75930  18.961  -13.999  -12.106 0.2500000000
73655  26.606  -15.902  -10.756 0.2500000000
71568  22.911  -17.368  -11.579 0.5000000000
72648  21.539  -16.075  -11.904 0.5000000000
72627  25.269  -16.629  -11.660 0.3750000000
72628  24.013  -16.708  -12.022 0.3750000000
71566  24.645  -17.268  -11.588 0.3750000000
71569  21.331  -16.978  -11.400 0.2500000000
72631  20.688  -16.052  -11.405 0.1250000000
149553  21.778  -15.443  -12.385 0.5000000000
139658  21.675  -18.944  -10.658 0.1250000000
70563  20.870  -18.274  -10.571 0.1250000000
71552  20.166  -17.397  -10.373 0.1250000000
69608  21.666  -19.813  -10.342 0.1250000000
70562  22.493  -18.756  -10.968 0.3750000000
70559  25.115  -17.986  -10.930 0.2500000000
69606  23.265  -19.233  -10.866 0.2500000000
70560  24.650  -18.766  -10.818 0.2500000000
78782  15.744  -10.572  -13.664 0.2500000000
71551  25.781  -17.458  -10.685 0.2500000000
69607  22.475  -19.541  -10.654 0.1250000000
70561  23.868  -18.760  -11.082 0.2500000000
69605  24.196  -19.567  -10.646 0.1250000000
78773  15.897  -10.693  -13.233 0.1250000000
167550  24.394  9.437  -16.664 0.1250000000
97063  23.950  8.481  -16.122 0.1250000000
98034  24.252  9.704  -16.113 0.1250000000
98033  23.820  11.018  -16.585 0.1250000000
98044  24.915  10.664  -17.817 0.1250000000
98045  24.009  10.629  -17.162 0.1250000000
98987  23.830  11.165  -17.102 0.1250000000
147077  24.152  10.637  -17.481 0.1250000000
98043  26.447  10.288  -17.194 0.1250000000
97050  23.787  8.790  -15.567 0.1250000000
98994  24.205  10.575  -16.867 0.1250000000
98986  24.548  11.661  -16.717 0.1250000000
97051  23.034  7.944  -15.731 0.1250000000
93146  19.405  4.187  -14.182 0.1250000000
75931  18.994  -13.755  -12.292 0.1250000000
77931  17.407  -11.602  -12.909 0.1250000000
95049  20.596  5.845  -15.080 0.1250000000
97046  22.950  8.090  -15.437 0.1250000000
160875  24.125  10.160  -15.734 0.1250000000
98030  23.691  11.496  -15.622 0.1250000000
98992  26.791  10.670  -16.373 0.1250000000
80475  13.267  -8.467  -13.983 0.1250000000
80461  13.808  -8.874  -12.566 0.1250000000
152680  15.764  -10.232  -14.109 0.1250000000
77930  17.890  -12.045  -12.598 0.1250000000
76964  18.197  -12.800  -12.213 0.1250000000
93159  20.265  5.381  -14.779 0.1250000000
79616  14.561  -9.646  -13.794 0.1250000000
154111  15.034  -10.043  -13.919 0.1250000000
78781  16.586  -11.015  -13.307 0.1250000000
78763  16.136  -10.220  -11.841 0.1250000000
78772  16.766  -11.361  -13.019 0.1250000000
98980  23.423  12.347  -15.089 0.1250000000
98993  25.472  11.189  -17.174 0.1250000000
98981  22.751  12.669  -14.372 0.1250000000
98985  26.234  11.106  -15.822 0.1250000000
74769  27.411  -14.776  -10.568 0.1250000000
154484  28.478  -13.947  -9.706 0.1250000000
75908  27.865  -13.487  -10.754 0.1250000000
76952  27.707  -12.918  -11.355 0.1250000000
77925  27.665  -11.794  -12.086 0.1250000000
78780  27.653  -11.146  -12.666 0.1250000000
164384  27.252  -10.730  -13.416 0.1250000000
150685  27.092  -10.008  -13.838 0.1250000000
79613  29.065  -9.246  -12.155 0.1250000000
79614  28.529  -9.650  -12.553 0.1250000000
164511  27.649  -9.680  -13.484 0.1250000000
80460  28.826  -8.768  -12.856 0.1250000000
80468  27.135  -8.641  -14.184 0.1250000000
81429  29.386  -7.947  -12.703 0.1250000000
80466  28.795  -8.000  -13.296 0.1250000000
81442  27.884  -7.131  -14.305 0.1250000000
70558  25.833  -18.220  -10.290 0.1250000000
165959  25.308  -18.701  -10.455 0.1250000000
71550  26.402  -17.603  -10.080 0.1250000000
72600  26.877  -16.950  -9.773 0.1250000000
72599  27.370  -16.314  -9.605 0.1250000000
74751  28.387  -14.595  -9.518 0.1250000000
74752  27.802  -15.024  -9.839 0.1250000000
75907  28.349  -13.420  -10.115 0.1250000000
76950  28.860  -12.145  -10.028 0.1250000000
78756  29.095  -10.854  -10.702 0.1250000000
78779  28.315  -10.485  -12.188 0.1250000000
78770  29.273  -10.148  -11.006 0.1250000000
80454  29.466  -8.608  -12.103 0.1250000000
82414  28.682  -6.792  -13.985 0.1250000000
81428  29.883  -7.238  -12.627 0.1250000000
153213  28.219  -6.364  -14.542 0.1250000000
73654  27.277  -15.619  -10.214 0.1250000000
74768  27.952  -14.184  -10.178 0.1250000000
81443  27.561  -7.909  -14.187 0.1250000000
76962  27.958  -12.101  -11.421 0.1250000000
79619  27.437  -9.225  -13.786 0.1250000000
72613  26.329  -16.762  -10.540 0.1250000000
69589  25.910  -19.125  -9.931 0.1250000000
73641  27.730  -15.712  -9.534 0.1250000000
76936  28.682  -12.852  -9.908 0.1250000000
77924  28.153  -11.298  -11.745 0.1250000000
77910  28.603  -11.573  -10.843 0.1250000000
78786  27.855  -10.172  -13.075 0.1250000000
79606  28.887  -9.910  -11.767 0.1250000000
80467  28.055  -8.484  -13.655 0.1250000000
81434  29.200  -7.241  -13.322 0.1250000000
81421  30.014  -7.865  -11.930 0.1250000000
69588  26.815  -19.254  -9.467 0.1250000000
71539  27.006  -17.742  -9.442 0.1250000000
75892  28.825  -13.428  -9.541 0.1250000000
82407  29.747  -6.720  -13.102 0.1250000000
70547  26.524  -18.420  -9.718 0.1250000000
71538  27.689  -17.918  -8.955 0.1250000000
72612  26.908  -16.312  -10.177 0.2500000000
72645  24.256  -16.144  -12.325 0.6250000000
73665  25.543  -15.843  -11.938 0.3750000000
75891  29.381  -13.543  -9.020 0.1250000000
76951  28.310  -12.646  -10.641 0.1250000000
76970  26.751  -12.842  -12.647 0.2500000000
76973  19.019  -13.114  -12.431 0.3750000000
76984  23.660  -11.883  -13.761 0.7500000000
76994  24.194  -11.504  -13.974 0.7500000000
77936  26.890  -11.408  -13.420 0.2500000000
77941  20.074  -11.246  -12.925 0.7500000000
77949  25.216  -11.352  -14.184 0.5000000000
78771  28.707  -10.703  -11.358 0.1250000000
78788  22.749  -10.705  -13.695 0.7500000000
78794  16.469  -10.723  -13.765 0.2500000000
78800  24.795  -10.632  -14.401 0.5000000000
78801  23.793  -10.663  -14.076 0.6250000000
79618  28.102  -9.337  -13.250 0.1250000000
79620  21.950  -9.459  -13.690 0.7500000000
79634  23.081  -9.691  -13.956 0.7500000000
79637  16.055  -9.580  -14.405 0.7500000000
79642  24.805  -9.473  -14.719 0.6250000000
80478  26.378  -8.808  -14.566 0.2500000000
80480  23.596  -9.289  -14.385 0.6250000000
80482  22.355  -8.427  -13.908 0.7500000000
80488  14.005  -8.778  -14.282 0.3750000000
81430  12.865  -7.788  -12.587 0.1250000000
81435  28.365  -7.575  -13.804 0.1250000000
81438  19.382  -7.555  -13.577 0.8750000000
81439  18.378  -7.688  -13.616 0.8750000000
81440  13.101  -7.823  -14.044 0.1250000000
81448  21.367  -7.569  -13.746 0.8750000000
81457  25.122  -7.789  -15.122 0.3750000000
82409  12.123  -5.878  -12.519 0.2500000000
82419  12.602  -5.882  -14.047 0.3750000000
82425  26.624  -7.143  -14.863 0.3750000000
82427  21.752  -6.718  -14.146 0.8750000000
82430  19.823  -5.948  -13.706 1.0000000000
82443  23.298  -6.715  -14.868 0.7500000000
83374  12.522  -5.355  -14.001 0.3750000000
83389  20.642  -5.666  -13.847 1.0000000000
83392  17.579  -5.082  -14.426 1.0000000000
83395  14.170  -5.472  -14.642 0.8750000000
83412  22.869  -6.108  -14.828 0.7500000000
84400  12.644  -4.557  -13.872 0.3750000000
84409  19.976  -5.088  -13.721 1.0000000000
84416  12.646  -5.161  -14.095 0.7500000000
85415  19.504  -3.694  -13.654 1.0000000000
86482  23.635  -2.295  -15.607 0.8750000000
87482  18.901  -0.620  -13.003 1.0000000000
87514  21.921  -1.555  -14.658 1.0000000000
88415  18.212  -0.516  -12.802 0.8750000000
88419  13.880  0.018  -11.700 0.2500000000
89299  17.114  0.745  -12.249 0.5000000000
89312  19.978  0.032  -13.588 1.0000000000
90200  16.137  1.349  -11.491 0.2500000000
94217  26.587  6.135  -30.132 0.1250000000
95160  26.457  6.355  -27.985 0.1250000000
95186  26.607  6.231  -30.209 0.1250000000
95187  26.534  6.203  -29.989 0.1250000000
96046  26.905  7.339  -18.867 1.0000000000
96129  24.566  7.433  -25.142 0.3750000000
96143  25.819  6.328  -27.344 0.1250000000
96154  25.723  6.576  -27.955 0.3750000000
96162  26.761  7.341  -30.086 0.1250000000
96163  26.491  6.202  -29.873 0.1250000000
96167  26.814  7.112  -30.584 0.1250000000
97184  28.250  7.900  -29.729 0.1250000000
98133  23.822  9.426  -26.438 0.2500000000
98141  26.719  10.066  -28.095 0.1250000000
98143  24.193  9.203  -27.527 0.2500000000
98146  27.965  8.555  -30.627 0.1250000000
98147  26.771  9.547  -29.224 0.1250000000
98979  23.995  11.631  -16.176 0.1250000000
99005  27.265  10.185  -17.382 0.3750000000
99063  24.234  10.050  -24.641 0.3750000000
99914  22.551  13.465  -14.040 0.1250000000
100961  26.259  12.416  -21.432 0.2500000000
100968  24.547  12.300  -24.152 0.5000000000
101943  27.794  13.376  -19.733 0.1250000000
101967  26.002  13.745  -22.193 0.2500000000
101985  23.442  13.015  -27.883 0.1250000000
102906  26.389  14.617  -22.248 0.2500000000
102917  24.265  14.586  -24.881 0.2500000000
102921  23.804  14.397  -25.479 0.2500000000
103838  24.625  15.725  -24.767 0.1250000000
138414  12.936  -3.025  -13.411 0.3750000000
138681  26.790  6.936  -30.668 0.1250000000
138682  27.646  8.690  -30.628 0.1250000000
138683  27.074  9.167  -30.170 0.1250000000
139042  12.808  -3.649  -13.576 0.2500000000
139070  27.387  7.912  -30.784 0.1250000000
139089  26.619  6.228  -30.272 0.1250000000
139167  26.767  6.998  -30.575 0.1250000000
139597  27.657  9.690  -21.141 0.7500000000
142834  26.113  8.941  -29.547 0.1250000000
143867  23.971  -6.311  -15.224 0.6250000000
143993  19.944  2.088  -14.095 0.6250000000
144099  23.212  -3.979  -15.236 0.8750000000
144967  22.283  -7.403  -14.190 0.8750000000
145028  25.317  -10.207  -14.537 0.3750000000
146630  24.178  -10.394  -14.331 0.5000000000
146686  22.170  -8.928  -13.771 0.7500000000
146741  24.468  15.070  -24.615 0.2500000000
148574  23.275  -9.387  -14.173 0.7500000000
150572  24.449  -11.194  -14.131 0.5000000000
160334  13.469  -0.448  -10.331 0.1250000000
160615  23.175  -18.614  -11.155 0.2500000000
161009  28.080  -3.992  -16.181 0.1250000000
161294  21.748  -4.260  -14.527 1.0000000000
162853  27.511  -14.116  -10.857 0.3750000000
163995  28.301  8.527  -30.301 0.1250000000
164376  30.210  -3.447  -14.724 0.1250000000
165074  30.142  -6.627  -12.656 0.1250000000
165856  26.862  -8.177  -14.459 0.1250000000
166842  22.533  -2.959  -15.039 1.0000000000
