#!ascii label  , from subject sub-v1s17x0050250_ses-1 vox2ras=TkReg
270
73628  -26.195  -17.723  -11.480 0.0000000000
69051  -23.529  -22.075  -9.585 0.0000000000
70819  -27.565  -20.713  -10.125 0.0000000000
65225  -25.539  -25.750  -9.226 0.0000000000
85486  -24.510  -5.200  -13.992 0.0000000000
81553  -25.402  -8.734  -13.834 0.0000000000
76334  -24.183  -13.659  -11.627 0.0000000000
62233  -24.960  -29.140  -6.971 0.0000000000
67203  -24.649  -24.040  -9.720 0.0000000000
66186  -23.144  -25.539  -8.547 0.0000000000
82547  -24.632  -7.329  -14.516 0.0000000000
80648  -23.507  -9.529  -12.120 0.0000000000
72616  -24.278  -18.281  -10.558 0.0000000000
74561  -23.930  -15.985  -10.824 0.0000000000
144744  -25.333  -15.348  -11.454 0.0000000000
77363  -25.572  -13.323  -12.553 0.0000000000
134733  -26.480  -14.771  -11.905 0.0000000000
73630  -27.259  -17.126  -11.512 0.0000000000
70813  -23.350  -20.271  -9.875 0.0000000000
70823  -25.538  -19.941  -10.750 0.0000000000
71701  -26.794  -18.937  -11.337 0.0000000000
123078  -25.741  -21.555  -10.580 0.0000000000
67215  -26.557  -23.666  -9.904 0.0000000000
67174  -28.053  -24.700  -7.545 0.0000000000
134486  -22.906  -11.485  -11.428 0.0000000000
79863  -24.446  -11.394  -12.263 0.0000000000
79887  -26.355  -10.446  -14.095 0.0000000000
64213  -22.338  -27.168  -7.498 0.0000000000
63254  -25.262  -27.758  -7.960 0.0000000000
66185  -22.446  -25.114  -8.315 0.0000000000
129825  -21.660  -25.859  -7.622 0.0000000000
81545  -23.989  -8.655  -12.517 0.0000000000
80647  -22.659  -10.051  -11.880 0.0000000000
72624  -25.596  -18.009  -11.233 0.0000000000
73626  -25.323  -17.160  -10.983 0.0000000000
74577  -25.997  -16.822  -11.393 0.0000000000
75444  -25.817  -15.137  -11.656 0.0000000000
132944  -26.187  -16.071  -11.543 0.0000000000
74579  -26.589  -15.671  -11.712 0.0000000000
73629  -26.804  -17.428  -11.579 0.0000000000
69961  -23.075  -21.380  -9.522 0.0000000000
70814  -24.158  -20.588  -10.209 0.0000000000
69969  -24.701  -21.327  -10.308 0.0000000000
70816  -25.674  -20.762  -10.674 0.0000000000
69059  -25.244  -21.931  -10.384 0.0000000000
66216  -25.003  -24.694  -9.679 0.0000000000
67213  -25.835  -24.027  -10.052 0.0000000000
67204  -26.287  -24.405  -9.787 0.0000000000
67191  -27.310  -24.508  -8.932 0.0000000000
66187  -27.006  -25.704  -8.589 0.0000000000
145820  -24.127  -5.623  -13.146 0.0000000000
85477  -23.343  -4.903  -12.411 0.0000000000
85494  -24.462  -4.386  -14.289 0.0000000000
86439  -24.315  -3.532  -14.566 0.0000000000
84597  -24.387  -5.738  -15.647 0.0000000000
141277  -25.088  -8.103  -14.517 0.0000000000
135243  -24.204  -14.382  -11.419 0.0000000000
76333  -23.201  -13.497  -11.158 0.0000000000
77352  -23.871  -12.875  -11.665 0.0000000000
79044  -24.009  -11.925  -11.857 0.0000000000
78243  -24.520  -12.767  -12.032 0.0000000000
77364  -26.090  -13.070  -12.837 0.0000000000
78256  -25.762  -12.508  -12.855 0.0000000000
143175  -26.821  -11.759  -13.581 0.0000000000
70818  -27.047  -20.334  -10.707 0.0000000000
72611  -27.588  -18.460  -10.978 0.0000000000
62247  -23.087  -28.741  -6.957 0.0000000000
139281  -23.368  -28.231  -7.444 0.0000000000
63265  -23.919  -27.384  -8.150 0.0000000000
63253  -24.991  -28.363  -7.597 0.0000000000
68172  -23.212  -23.600  -9.067 0.0000000000
68173  -23.932  -23.446  -9.480 0.0000000000
67201  -23.164  -24.356  -8.874 0.0000000000
66201  -23.785  -24.976  -9.011 0.0000000000
65223  -24.003  -25.664  -8.904 0.0000000000
83563  -24.263  -6.302  -13.188 0.0000000000
84591  -24.501  -5.769  -14.700 0.0000000000
82538  -24.458  -7.054  -13.360 0.0000000000
82530  -24.305  -7.777  -12.886 0.0000000000
81552  -24.865  -8.604  -13.003 0.0000000000
72609  -23.264  -18.041  -10.321 0.0000000000
145213  -23.778  -16.764  -10.651 0.0000000000
75431  -24.375  -15.265  -11.175 0.0000000000
135331  -24.819  -14.400  -11.642 0.0000000000
77353  -25.098  -13.444  -12.240 0.0000000000
127301  -25.571  -14.478  -11.861 0.0000000000
76357  -25.934  -13.717  -12.446 0.0000000000
77365  -26.339  -13.426  -12.672 0.0000000000
76335  -26.991  -14.219  -12.109 0.0000000000
61212  -25.472  -29.845  -6.175 0.0000000000
134800  -25.737  -29.177  -6.617 0.0000000000
72610  -23.614  -18.938  -10.306 0.0000000000
71697  -24.527  -19.077  -10.564 0.0000000000
72617  -25.804  -18.615  -11.376 0.0000000000
141061  -26.673  -18.348  -11.475 0.0000000000
71700  -26.356  -19.223  -11.233 0.0000000000
70825  -26.370  -20.077  -10.824 0.0000000000
138461  -26.455  -21.357  -10.575 0.0000000000
122151  -25.193  -22.803  -10.202 0.0000000000
69061  -26.181  -22.614  -10.389 0.0000000000
69052  -26.956  -22.208  -10.094 0.0000000000
68175  -27.504  -22.916  -9.289 0.0000000000
68154  -28.349  -23.361  -7.634 0.0000000000
83572  -24.368  -6.628  -15.466 0.0000000000
79861  -22.688  -10.822  -11.644 0.0000000000
79862  -23.738  -10.454  -11.954 0.0000000000
80657  -25.535  -9.657  -13.299 0.0000000000
79045  -24.910  -12.267  -12.417 0.0000000000
128147  -25.836  -10.764  -13.326 0.0000000000
80670  -25.896  -9.450  -14.414 0.0000000000
72619  -27.162  -17.836  -11.465 0.0000000000
127536  -27.858  -17.174  -10.962 0.0000000000
65195  -21.019  -26.319  -7.253 0.0000000000
64227  -22.934  -26.657  -8.018 0.0000000000
65210  -24.149  -26.264  -8.718 0.0000000000
64243  -25.204  -26.407  -8.844 0.0000000000
63236  -26.477  -28.104  -7.013 0.0000000000
137812  -26.594  -27.505  -7.427 0.0000000000
64232  -26.642  -26.400  -8.390 0.0000000000
73627  -25.816  -17.479  -11.310 0.0000000000
74578  -26.418  -17.149  -11.522 0.0000000000
69968  -23.927  -21.376  -9.870 0.0000000000
69058  -24.487  -22.178  -9.959 0.0000000000
66203  -25.244  -25.190  -9.508 0.0000000000
66217  -25.578  -24.594  -9.795 0.0000000000
66204  -25.936  -25.045  -9.644 0.0000000000
66205  -26.720  -25.020  -9.311 0.0000000000
65212  -26.287  -25.753  -9.104 0.0000000000
85485  -24.011  -4.764  -13.182 0.0000000000
85500  -24.335  -5.158  -16.107 0.0000000000
85495  -24.516  -5.069  -15.081 0.0000000000
145878  -24.726  -7.849  -15.139 0.0000000000
81572  -24.928  -8.288  -15.619 0.0000000000
81563  -25.548  -8.796  -15.099 0.0000000000
134063  -23.494  -14.412  -11.057 0.0000000000
77341  -23.299  -12.951  -11.338 0.0000000000
78257  -26.677  -12.869  -13.008 0.0000000000
124785  -26.494  -12.316  -13.205 0.0000000000
124897  -27.582  -19.877  -10.374 0.0000000000
144738  -27.924  -20.111  -9.682 0.0000000000
62232  -24.307  -29.641  -6.614 0.0000000000
62231  -23.569  -29.455  -6.595 0.0000000000
62248  -23.963  -28.886  -7.204 0.0000000000
63252  -23.912  -28.057  -7.753 0.0000000000
142287  -24.487  -28.461  -7.528 0.0000000000
68163  -22.507  -23.774  -8.674 0.0000000000
66200  -23.017  -24.927  -8.686 0.0000000000
82537  -23.964  -6.995  -12.678 0.0000000000
80656  -24.499  -9.494  -12.585 0.0000000000
72615  -24.029  -17.476  -10.588 0.0000000000
141425  -25.189  -15.699  -11.299 0.0000000000
74562  -24.901  -16.246  -10.995 0.0000000000
75432  -24.944  -15.003  -11.469 0.0000000000
145264  -25.086  -14.028  -11.895 0.0000000000
75443  -25.373  -14.882  -11.631 0.0000000000
75445  -26.183  -15.209  -11.716 0.0000000000
76346  -25.955  -14.443  -11.968 0.0000000000
76347  -26.391  -13.978  -12.255 0.0000000000
77354  -26.830  -13.437  -12.601 0.0000000000
74580  -27.138  -16.097  -11.643 0.0000000000
75433  -27.009  -15.178  -11.843 0.0000000000
74563  -27.682  -16.312  -11.200 0.0000000000
135829  -25.490  -30.444  -5.601 0.0000000000
61200  -26.061  -30.126  -5.506 0.0000000000
138935  -22.644  -20.141  -9.647 0.0000000000
71689  -23.068  -19.589  -9.941 0.0000000000
71691  -24.742  -19.879  -10.550 0.0000000000
71698  -25.372  -19.166  -10.866 0.0000000000
71699  -25.963  -19.187  -11.224 0.0000000000
69970  -26.171  -20.924  -10.697 0.0000000000
70817  -26.582  -20.649  -10.717 0.0000000000
121302  -26.148  -21.840  -10.534 0.0000000000
68183  -24.581  -23.146  -9.856 0.0000000000
142411  -25.142  -23.554  -10.049 0.0000000000
67214  -26.122  -24.004  -10.016 0.0000000000
68185  -26.133  -23.400  -10.227 0.0000000000
69062  -26.529  -22.824  -10.184 0.0000000000
68174  -27.023  -22.969  -9.812 0.0000000000
144742  -27.364  -22.414  -9.623 0.0000000000
67173  -27.632  -24.762  -8.234 0.0000000000
67192  -27.864  -24.038  -8.219 0.0000000000
129451  -28.396  -24.074  -7.297 0.0000000000
83564  -24.523  -6.405  -14.125 0.0000000000
74560  -23.047  -16.269  -10.583 0.0000000000
132648  -22.214  -11.316  -11.529 0.0000000000
79856  -22.127  -10.910  -11.703 0.0000000000
79043  -23.501  -11.247  -11.699 0.0000000000
79871  -24.996  -10.517  -12.670 0.0000000000
78244  -25.168  -12.949  -12.485 0.0000000000
79054  -26.495  -11.474  -13.581 0.0000000000
79872  -25.466  -11.562  -12.858 0.0000000000
80671  -26.620  -9.907  -14.744 0.0000000000
72618  -26.514  -18.669  -11.492 0.0000000000
141752  -26.792  -18.490  -11.464 0.0000000000
131824  -27.883  -17.877  -10.738 0.0000000000
63250  -21.803  -27.659  -6.926 0.0000000000
64212  -21.435  -26.984  -7.145 0.0000000000
65196  -22.086  -26.392  -7.644 0.0000000000
64228  -23.670  -26.775  -8.323 0.0000000000
64229  -24.296  -26.922  -8.482 0.0000000000
146098  -24.658  -26.449  -8.759 0.0000000000
64230  -24.903  -27.078  -8.532 0.0000000000
125884  -26.310  -28.787  -6.528 0.0000000000
64231  -26.295  -27.063  -8.092 0.0000000000
67190  -22.498  -24.483  -8.514 0.0000000000
65208  -22.337  -25.716  -8.013 0.0000000000
82529  -23.391  -7.897  -12.507 0.0000000000
81544  -22.773  -9.005  -12.114 0.0000000000
73614  -24.893  -17.713  -10.792 0.0000000000
74576  -25.548  -16.538  -11.218 0.0000000000
135002  -25.669  -15.787  -11.436 0.0000000000
138987  -26.733  -16.631  -11.646 0.0000000000
69967  -23.467  -20.858  -9.785 0.0000000000
70815  -25.011  -20.657  -10.550 0.0000000000
142645  -25.288  -21.264  -10.541 0.0000000000
67212  -25.358  -24.104  -9.957 0.0000000000
66218  -25.942  -24.419  -9.894 0.0000000000
67205  -26.821  -24.277  -9.514 0.0000000000
133321  -27.282  -25.122  -8.631 0.0000000000
84579  -23.453  -5.583  -12.495 0.0000000000
85506  -23.876  -5.362  -16.871 0.0000000000
78230  -22.820  -12.141  -11.285 0.0000000000
78231  -23.635  -12.242  -11.611 0.0000000000
70826  -26.641  -19.731  -10.920 0.0000000000
71702  -27.216  -18.871  -11.149 0.0000000000
71692  -27.103  -19.467  -10.936 0.0000000000
71693  -27.672  -19.104  -10.633 0.0000000000
63251  -22.662  -27.946  -7.258 0.0000000000
64214  -23.246  -27.445  -7.818 0.0000000000
63266  -24.530  -27.733  -8.047 0.0000000000
68171  -22.504  -22.951  -8.871 0.0000000000
132382  -23.267  -22.801  -9.295 0.0000000000
140971  -23.956  -22.727  -9.635 0.0000000000
67202  -23.885  -24.232  -9.284 0.0000000000
129362  -24.426  -24.685  -9.424 0.0000000000
66202  -24.570  -25.197  -9.307 0.0000000000
65224  -24.768  -25.822  -9.084 0.0000000000
83556  -22.760  -6.365  -12.149 0.0000000000
83557  -23.627  -6.282  -12.585 0.0000000000
84584  -24.442  -5.813  -13.796 0.0000000000
81562  -24.822  -7.891  -13.505 0.0000000000
140091  -24.537  -16.891  -10.776 0.0000000000
143251  -24.616  -13.372  -11.908 0.0000000000
76345  -25.531  -13.925  -12.182 0.0000000000
69963  -27.550  -21.615  -9.679 0.0000000000
143690  -24.838  -29.904  -6.386 0.0000000000
71690  -23.896  -19.736  -10.283 0.0000000000
129860  -25.170  -18.461  -10.868 0.0000000000
72625  -25.975  -18.245  -11.490 0.0000000000
72626  -26.338  -18.346  -11.524 0.0000000000
138208  -25.974  -18.861  -11.505 0.0000000000
70824  -26.079  -19.983  -10.839 0.0000000000
69962  -26.967  -21.316  -10.462 0.0000000000
69060  -25.779  -22.470  -10.434 0.0000000000
68184  -25.680  -23.385  -10.233 0.0000000000
144635  -25.979  -23.013  -10.387 0.0000000000
122469  -26.493  -22.019  -10.368 0.0000000000
69043  -27.860  -22.266  -8.849 0.0000000000
68164  -27.315  -23.674  -9.268 0.0000000000
68165  -27.893  -23.142  -8.545 0.0000000000
83593  -23.824  -7.386  -16.618 0.0000000000
130374  -26.590  -17.900  -11.512 0.0000000000
72620  -27.103  -18.461  -11.388 0.0000000000
73615  -27.424  -17.884  -11.270 0.0000000000
65209  -22.809  -26.093  -8.166 0.0000000000
131398  -23.470  -26.150  -8.482 0.0000000000
62249  -25.684  -28.479  -7.244 0.0000000000
63255  -25.985  -27.698  -7.713 0.0000000000
131585  -25.586  -27.091  -8.390 0.0000000000
65211  -25.918  -26.435  -8.757 0.0000000000
