#!ascii label  , from subject sub-v1s17x0050250_ses-1 vox2ras=TkReg
1053
23264  -41.444  -69.353  -12.745 0.5000000000
22324  -41.470  -70.657  -13.253 0.8000000119
22334  -40.420  -70.568  -14.145 0.8000000119
21401  -41.148  -71.119  -13.758 0.8000000119
21395  -41.422  -70.800  -13.654 0.8000000119
24199  -39.960  -68.577  -11.821 0.5000000000
23265  -41.965  -69.899  -13.347 0.5000000000
23274  -42.385  -69.796  -13.957 0.6000000238
23272  -39.079  -69.060  -13.785 0.6999999881
23273  -39.732  -69.912  -14.075 0.6999999881
134506  -41.952  -70.097  -14.314 0.8000000119
23275  -42.418  -69.584  -14.342 0.6999999881
25088  -40.085  -67.513  -12.014 0.6000000238
128848  -40.990  -68.414  -12.521 0.5000000000
25096  -41.865  -68.034  -13.037 0.6000000238
24211  -37.750  -68.372  -12.844 0.6999999881
24205  -42.006  -69.006  -13.204 0.6000000238
25104  -43.355  -67.948  -13.944 0.6000000238
24212  -38.481  -68.120  -13.467 0.6999999881
136296  -38.066  -69.786  -12.968 0.6999999881
133904  -40.970  -69.196  -14.672 0.6999999881
128037  -43.325  -68.293  -14.398 0.6000000238
123856  -43.759  -67.580  -14.493 0.6000000238
134231  -42.114  -69.360  -14.733 0.8000000119
24221  -42.803  -68.861  -14.665 0.8000000119
25110  -43.601  -67.902  -14.847 0.6999999881
132166  -40.158  -66.443  -12.114 0.4000000060
140968  -41.718  -67.203  -12.933 0.6000000238
25094  -37.238  -67.829  -12.435 0.6999999881
25998  -43.384  -67.036  -13.748 0.6000000238
130729  -38.353  -67.150  -13.393 0.6999999881
25102  -38.922  -67.507  -13.782 0.6999999881
135793  -39.931  -69.101  -14.350 0.6999999881
25109  -41.426  -68.331  -14.983 0.6999999881
25111  -42.179  -67.870  -15.253 0.6000000238
25113  -43.762  -67.633  -15.086 0.6999999881
27932  -45.440  -65.020  -15.271 0.5000000000
25108  -40.443  -67.376  -14.625 0.6000000238
129359  -41.327  -67.258  -15.018 0.6000000238
26949  -42.664  -66.353  -15.369 0.6000000238
27930  -43.616  -65.373  -15.398 0.6000000238
26946  -42.569  -65.557  -15.263 0.6000000238
27927  -43.773  -64.520  -15.302 0.5000000000
26931  -40.732  -65.660  -12.353 0.4000000060
25988  -41.190  -66.491  -12.620 0.5000000000
25978  -36.379  -66.550  -11.746 0.6999999881
26939  -42.654  -65.922  -13.274 0.6000000238
27919  -43.091  -65.146  -13.271 0.6000000238
25996  -38.960  -66.664  -13.768 0.6999999881
26941  -44.708  -65.980  -14.494 0.6000000238
26003  -39.783  -66.572  -14.262 0.6999999881
26947  -45.248  -65.689  -14.993 0.5000000000
26948  -45.701  -65.085  -15.049 0.6000000238
26004  -40.599  -66.509  -14.629 0.6999999881
142653  -41.321  -66.472  -14.956 0.6000000238
28890  -44.950  -64.475  -15.374 0.5000000000
28889  -46.031  -63.941  -15.063 0.5000000000
27926  -42.626  -64.660  -15.081 0.5000000000
26918  -33.224  -65.990  -10.910 0.6000000238
27893  -34.476  -64.797  -10.767 0.6000000238
27907  -40.540  -64.852  -12.099 0.5000000000
27908  -41.284  -64.305  -12.271 0.5000000000
25977  -35.379  -66.311  -11.367 0.6999999881
25084  -34.990  -67.177  -11.414 0.6999999881
27909  -42.063  -64.974  -12.744 0.5000000000
139976  -42.619  -64.599  -12.868 0.5000000000
28876  -43.720  -63.488  -12.855 0.4000000060
25986  -37.100  -66.612  -12.273 0.6999999881
27910  -43.295  -64.288  -13.045 0.5000000000
26936  -37.953  -65.860  -13.024 0.6999999881
26937  -38.594  -65.799  -13.474 0.6999999881
28882  -44.575  -64.183  -13.479 0.5000000000
26938  -39.329  -65.809  -13.881 0.6999999881
27923  -40.453  -64.931  -14.326 0.6000000238
27922  -45.892  -64.463  -14.766 0.5000000000
27925  -41.521  -64.949  -14.763 0.6000000238
28884  -46.105  -63.795  -14.755 0.5000000000
27924  -40.855  -63.978  -14.246 0.5000000000
144724  -42.072  -63.494  -14.575 0.5000000000
141640  -43.220  -63.155  -14.763 0.5000000000
29879  -46.445  -62.558  -14.726 0.5000000000
127284  -44.045  -63.724  -15.193 0.5000000000
30890  -47.337  -61.481  -14.418 0.3000000119
30868  -42.632  -61.493  -11.636 0.3000000119
145417  -32.914  -65.182  -10.285 0.6000000238
26911  -33.413  -65.110  -10.581 0.6000000238
28874  -42.043  -63.199  -12.205 0.4000000060
29863  -42.994  -62.877  -12.384 0.4000000060
27895  -36.521  -64.377  -11.402 0.6000000238
29864  -44.018  -62.729  -12.666 0.5000000000
122547  -37.630  -65.334  -12.611 0.6999999881
27915  -38.214  -65.004  -13.071 0.6999999881
28883  -45.674  -64.037  -14.098 0.5000000000
140615  -39.342  -64.473  -13.635 0.5000000000
29866  -46.348  -62.555  -13.731 0.5000000000
30882  -47.042  -62.124  -14.206 0.4000000060
29873  -47.034  -62.046  -14.447 0.3000000119
30884  -47.690  -61.223  -14.235 0.4000000060
30887  -44.078  -61.940  -14.541 0.5000000000
30888  -45.555  -61.860  -14.717 0.4000000060
128890  -33.470  -64.171  -9.714 0.6000000238
27882  -33.897  -64.295  -10.429 0.6000000238
27883  -34.630  -64.127  -10.611 0.6000000238
27894  -35.506  -64.423  -10.907 0.6000000238
30874  -44.291  -61.950  -12.470 0.3000000119
29865  -45.204  -62.661  -13.131 0.4000000060
27896  -37.158  -64.355  -11.911 0.6000000238
31899  -45.600  -61.101  -12.621 0.3000000119
27906  -38.188  -64.032  -12.685 0.6000000238
125447  -38.964  -65.066  -13.577 0.6999999881
127838  -46.796  -60.404  -12.828 0.3000000119
30876  -46.448  -61.773  -13.413 0.3000000119
27916  -38.784  -64.314  -13.289 0.6000000238
32880  -47.577  -60.031  -13.125 0.3000000119
31900  -46.613  -61.053  -13.108 0.3000000119
29868  -39.666  -62.808  -13.354 0.5000000000
28880  -39.366  -63.700  -13.460 0.5000000000
28881  -40.165  -63.426  -13.763 0.5000000000
32887  -48.635  -59.853  -14.059 0.3000000119
31902  -48.249  -60.437  -13.930 0.3000000119
28885  -40.808  -63.183  -13.949 0.5000000000
29875  -41.866  -62.517  -14.196 0.5000000000
32891  -48.685  -59.584  -14.187 0.3000000119
141739  -41.477  -62.070  -13.839 0.5000000000
31912  -45.584  -60.883  -14.496 0.4000000060
31913  -46.761  -60.883  -14.555 0.3000000119
28844  -33.779  -63.635  -9.326 0.5000000000
29841  -34.265  -63.253  -10.042 0.6000000238
29842  -34.833  -62.902  -10.279 0.5000000000
28864  -37.101  -63.528  -11.523 0.6000000238
144542  -37.177  -62.667  -11.293 0.5000000000
33875  -47.486  -58.277  -11.882 0.3000000119
28872  -37.813  -63.362  -12.199 0.6000000238
34825  -48.424  -57.655  -11.933 0.3000000119
33880  -48.528  -58.555  -12.725 0.3000000119
29867  -38.997  -63.031  -13.017 0.6000000238
29869  -40.432  -62.640  -13.613 0.5000000000
31905  -42.378  -60.377  -13.616 0.5000000000
31911  -44.310  -60.925  -14.304 0.4000000060
31907  -44.412  -59.889  -13.912 0.4000000060
133101  -34.537  -62.398  -9.070 0.5000000000
30859  -34.990  -62.148  -10.010 0.5000000000
30860  -35.633  -61.712  -10.211 0.5000000000
29843  -35.641  -62.898  -10.612 0.5000000000
29844  -36.079  -62.207  -10.574 0.5000000000
121140  -47.141  -57.265  -10.279 0.3000000119
128023  -48.096  -57.085  -10.808 0.3000000119
29860  -38.090  -62.619  -12.194 0.6000000238
29861  -38.632  -62.582  -12.601 0.6000000238
29862  -39.177  -62.240  -12.836 0.5000000000
29870  -40.862  -61.937  -13.570 0.5000000000
33888  -47.292  -58.966  -14.422 0.4000000060
142290  -45.843  -58.073  -13.795 0.4000000060
30848  -35.318  -61.250  -8.581 0.5000000000
31881  -35.965  -60.990  -9.992 0.5000000000
31882  -36.714  -60.641  -10.298 0.5000000000
35748  -46.812  -56.666  -8.822 0.4000000060
35749  -47.341  -56.332  -9.073 0.4000000060
30865  -37.158  -61.497  -10.980 0.5000000000
30866  -37.643  -61.968  -11.530 0.5000000000
35750  -47.658  -56.458  -9.894 0.4000000060
35754  -48.214  -56.504  -10.747 0.3000000119
31889  -37.792  -60.650  -11.101 0.4000000060
34831  -49.076  -57.326  -12.548 0.3000000119
30870  -38.505  -61.799  -12.248 0.5000000000
30871  -39.296  -61.370  -12.611 0.4000000060
30872  -39.918  -61.002  -12.865 0.4000000060
128299  -44.036  -58.831  -13.582 0.4000000060
31874  -35.805  -60.636  -8.338 0.5000000000
31877  -35.768  -60.764  -9.231 0.5000000000
31878  -36.408  -60.381  -9.669 0.5000000000
35735  -46.802  -55.830  -7.709 0.4000000060
31888  -37.171  -60.924  -10.796 0.5000000000
32858  -37.049  -60.034  -10.016 0.4000000060
133702  -47.201  -55.630  -8.516 0.4000000060
36750  -47.963  -55.999  -10.149 0.4000000060
32869  -38.061  -60.045  -10.904 0.4000000060
31891  -39.067  -60.107  -11.863 0.4000000060
128843  -48.195  -55.820  -11.169 0.4000000060
31896  -39.474  -60.541  -12.409 0.4000000060
31897  -40.190  -60.306  -12.714 0.4000000060
128377  -41.214  -59.330  -12.760 0.4000000060
32884  -42.503  -59.565  -13.386 0.4000000060
32878  -41.899  -58.992  -12.934 0.4000000060
34832  -43.944  -57.887  -13.252 0.4000000060
34834  -46.325  -57.055  -13.736 0.4000000060
34833  -45.000  -57.485  -13.442 0.4000000060
31872  -35.863  -60.545  -7.540 0.5000000000
32851  -36.253  -60.124  -7.973 0.4000000060
36739  -46.520  -55.303  -7.244 0.4000000060
36743  -46.914  -55.282  -7.943 0.4000000060
126696  -36.820  -59.801  -9.307 0.5000000000
32859  -37.435  -59.496  -9.645 0.4000000060
32870  -38.709  -59.748  -11.265 0.4000000060
37724  -46.853  -55.184  -9.986 0.4000000060
127562  -39.393  -59.454  -11.614 0.4000000060
32872  -40.097  -59.150  -11.958 0.4000000060
34835  -47.991  -57.128  -14.313 0.3000000119
33883  -43.201  -58.483  -13.201 0.4000000060
32852  -36.638  -59.570  -7.462 0.4000000060
33850  -37.175  -59.069  -7.956 0.5000000000
32855  -37.246  -59.258  -8.878 0.4000000060
144168  -46.748  -54.905  -8.017 0.4000000060
33856  -38.398  -58.631  -9.449 0.4000000060
33861  -38.060  -59.204  -9.934 0.4000000060
33862  -38.727  -58.864  -10.218 0.4000000060
32864  -38.380  -59.464  -10.615 0.4000000060
33871  -39.751  -58.846  -11.331 0.4000000060
33872  -40.464  -58.564  -11.641 0.4000000060
33876  -40.895  -58.848  -12.291 0.4000000060
33878  -42.440  -58.314  -12.750 0.4000000060
35766  -46.133  -56.124  -13.604 0.4000000060
34829  -44.385  -56.973  -12.970 0.4000000060
35765  -45.282  -56.606  -13.304 0.4000000060
33846  -37.078  -58.883  -6.817 0.4000000060
33851  -37.670  -58.708  -8.451 0.4000000060
33852  -38.128  -58.489  -8.814 0.4000000060
33857  -39.079  -58.233  -9.643 0.4000000060
33863  -39.511  -58.460  -10.534 0.4000000060
33864  -40.133  -58.363  -11.054 0.4000000060
35767  -47.355  -55.846  -14.055 0.4000000060
34822  -41.643  -57.596  -11.469 0.4000000060
34827  -41.992  -57.917  -12.163 0.4000000060
34823  -42.450  -57.255  -11.716 0.4000000060
34828  -42.780  -57.625  -12.386 0.4000000060
135279  -43.558  -57.311  -12.642 0.4000000060
130416  -37.866  -57.828  -6.951 0.4000000060
34806  -38.139  -58.125  -8.126 0.4000000060
34807  -38.696  -57.947  -8.733 0.4000000060
34808  -39.371  -57.496  -9.069 0.4000000060
34811  -39.742  -57.753  -9.825 0.4000000060
34812  -40.386  -57.238  -9.874 0.4000000060
34817  -40.204  -57.897  -10.498 0.4000000060
34819  -41.362  -57.215  -10.697 0.4000000060
35756  -42.089  -56.852  -11.019 0.4000000060
35763  -45.564  -55.850  -13.320 0.3000000119
35761  -44.013  -56.322  -12.309 0.4000000060
35762  -44.852  -56.054  -12.842 0.4000000060
34795  -37.654  -57.518  -6.225 0.4000000060
35729  -38.180  -57.159  -6.908 0.4000000060
35719  -38.286  -56.341  -6.717 0.4000000060
35737  -38.961  -56.372  -7.656 0.4000000060
140111  -39.601  -56.801  -8.679 0.4000000060
35751  -40.997  -56.775  -10.046 0.4000000060
36747  -42.145  -55.397  -10.378 0.4000000060
36762  -47.444  -54.740  -14.176 0.4000000060
36759  -46.492  -55.136  -13.838 0.3000000119
35757  -42.858  -56.350  -11.291 0.4000000060
36757  -44.525  -55.324  -12.617 0.5000000000
36758  -45.419  -55.167  -13.306 0.4000000060
36753  -43.827  -55.429  -11.955 0.5000000000
36730  -37.985  -55.658  -6.337 0.4000000060
36738  -38.544  -55.696  -7.110 0.4000000060
35730  -38.537  -56.578  -7.208 0.4000000060
36740  -39.152  -55.307  -7.781 0.4000000060
35738  -39.491  -56.198  -8.179 0.4000000060
36748  -42.689  -55.418  -10.926 0.4000000060
37740  -44.066  -54.599  -12.465 0.5000000000
37691  -37.476  -55.230  -5.630 0.4000000060
37698  -37.709  -54.638  -6.363 0.4000000060
37706  -38.538  -54.702  -7.428 0.4000000060
37734  -42.774  -54.524  -11.445 0.4000000060
37739  -43.351  -53.911  -12.357 0.5000000000
37690  -37.211  -54.246  -5.622 0.4000000060
38629  -37.441  -53.731  -6.581 0.4000000060
37705  -37.956  -54.055  -7.197 0.4000000060
38686  -42.930  -53.035  -12.578 0.5000000000
40596  -36.483  -52.014  -5.653 0.4000000060
38615  -36.772  -53.573  -5.038 0.4000000060
39604  -36.660  -52.771  -5.408 0.4000000060
38628  -37.005  -53.286  -5.989 0.4000000060
38638  -37.153  -52.951  -6.901 0.4000000060
39621  -37.210  -52.774  -7.800 0.5000000000
39592  -36.451  -52.954  -4.484 0.4000000060
30885  -42.097  -61.850  -14.030 0.5000000000
31906  -43.301  -60.158  -13.767 0.5000000000
32886  -45.950  -59.013  -14.108 0.4000000060
139226  -40.357  -69.553  -12.013 0.5000000000
122737  -40.118  -72.173  -13.432 0.8000000119
21400  -39.686  -71.640  -13.632 0.8000000119
22328  -38.142  -70.650  -13.037 0.6999999881
25087  -39.206  -67.593  -11.386 0.5000000000
136143  -37.573  -70.040  -12.605 0.6999999881
25086  -38.671  -66.760  -11.047 0.5000000000
23256  -36.659  -69.063  -12.028 0.6999999881
26923  -39.936  -65.439  -11.844 0.4000000060
25979  -39.427  -66.842  -11.616 0.4000000060
24198  -36.452  -68.126  -11.889 0.6999999881
26919  -34.300  -65.637  -11.006 0.6999999881
27898  -39.843  -64.631  -11.564 0.4000000060
27899  -40.465  -64.090  -11.740 0.4000000060
25968  -32.604  -65.780  -10.550 0.6000000238
29857  -41.454  -62.590  -11.601 0.4000000060
27860  -33.614  -64.165  -8.914 0.6000000238
28834  -33.818  -63.549  -8.368 0.5000000000
29821  -34.482  -62.375  -8.309 0.5000000000
30839  -34.888  -61.739  -7.799 0.5000000000
30840  -35.469  -61.085  -7.635 0.4000000060
123668  -35.995  -60.162  -6.219 0.4000000060
32839  -36.017  -59.703  -5.379 0.4000000060
32846  -36.449  -59.588  -6.428 0.4000000060
33833  -36.766  -58.335  -5.198 0.4000000060
135655  -37.138  -57.554  -5.259 0.4000000060
34790  -37.526  -56.894  -5.655 0.4000000060
36724  -37.559  -56.131  -5.610 0.4000000060
122059  -37.122  -54.943  -5.022 0.4000000060
37668  -36.547  -54.607  -4.016 0.4000000060
39591  -36.106  -52.215  -3.962 0.4000000060
133176  -40.550  -71.921  -13.170 0.8000000119
139570  -41.246  -70.604  -14.175 0.8000000119
25095  -40.963  -67.325  -12.535 0.5000000000
140492  -38.988  -70.946  -13.520 0.6999999881
25107  -39.566  -67.421  -14.202 0.6999999881
25997  -42.582  -67.612  -13.425 0.6000000238
26005  -44.249  -67.117  -14.969 0.6999999881
25112  -43.058  -67.883  -15.288 0.6999999881
27920  -44.393  -65.155  -13.735 0.6000000238
26006  -44.830  -66.396  -14.996 0.6000000238
26008  -43.358  -67.084  -15.349 0.6000000238
26921  -36.209  -65.753  -11.527 0.6999999881
27921  -45.384  -64.740  -14.273 0.5000000000
26920  -35.351  -65.323  -11.139 0.6000000238
28866  -41.111  -63.450  -11.821 0.5000000000
126042  -42.216  -64.075  -12.548 0.5000000000
29876  -42.906  -62.407  -14.478 0.5000000000
29853  -36.524  -62.850  -10.920 0.6000000238
30878  -40.005  -61.860  -13.172 0.5000000000
31910  -43.139  -60.998  -14.057 0.5000000000
32885  -43.300  -59.277  -13.510 0.4000000060
30879  -40.687  -61.024  -13.251 0.4000000060
33885  -46.956  -57.997  -14.212 0.4000000060
33879  -43.149  -57.929  -12.864 0.4000000060
33873  -41.214  -58.230  -11.897 0.4000000060
33839  -37.203  -58.273  -5.966 0.4000000060
35760  -43.211  -56.866  -11.992 0.4000000060
38639  -37.519  -53.346  -7.329 0.4000000060
14884  -31.593  -78.904  -3.605 0.4000000060
14885  -32.346  -78.562  -3.325 0.4000000060
15801  -32.978  -77.120  -4.219 0.4000000060
16819  -33.625  -76.708  -3.838 0.4000000060
132757  -32.219  -77.430  -5.312 0.4000000060
15815  -32.764  -77.054  -5.108 0.4000000060
16837  -33.428  -76.513  -4.827 0.4000000060
130914  -33.656  -76.255  -5.657 0.4000000060
17740  -34.528  -75.357  -5.491 0.5000000000
15814  -31.740  -77.625  -5.986 0.4000000060
134365  -32.519  -77.135  -5.957 0.4000000060
16852  -33.587  -76.353  -6.433 0.5000000000
16853  -34.107  -75.879  -6.072 0.5000000000
17767  -35.260  -75.033  -7.306 0.6000000238
15840  -31.449  -77.866  -7.943 0.4000000060
15841  -32.066  -77.402  -7.704 0.4000000060
129507  -33.265  -76.719  -8.118 0.4000000060
144741  -35.058  -74.939  -6.617 0.5000000000
139927  -39.135  -65.959  -11.419 0.3000000119
26912  -38.625  -65.170  -10.661 0.4000000060
29856  -40.587  -62.817  -11.212 0.3000000119
18659  -35.348  -74.416  -6.499 0.5000000000
23235  -38.096  -69.142  -9.580 0.5000000000
142502  -38.116  -67.617  -9.859 0.4000000060
15897  -32.419  -77.812  -11.040 0.4000000060
16881  -34.074  -76.262  -8.023 0.5000000000
17766  -34.772  -75.688  -7.627 0.5000000000
15864  -31.694  -77.921  -9.269 0.4000000060
130346  -32.578  -77.150  -8.336 0.4000000060
136805  -35.623  -74.374  -7.333 0.6000000238
19539  -35.737  -73.724  -6.846 0.6000000238
136494  -36.407  -73.068  -8.039 0.6999999881
24189  -38.929  -68.439  -10.953 0.5000000000
141558  -36.094  -73.040  -7.159 0.6999999881
21351  -37.003  -70.956  -8.201 0.6999999881
23234  -37.801  -69.785  -9.117 0.6999999881
128083  -36.946  -71.688  -8.554 0.6999999881
21364  -37.447  -71.410  -9.228 0.6999999881
124126  -34.239  -76.306  -8.959 0.5000000000
17776  -34.873  -75.948  -8.536 0.6000000238
17777  -35.438  -75.431  -8.253 0.6000000238
132743  -36.638  -74.694  -9.349 0.6000000238
15866  -32.783  -77.357  -10.232 0.4000000060
16907  -33.626  -76.829  -10.315 0.5000000000
17788  -35.603  -75.787  -9.221 0.6000000238
140376  -35.795  -74.752  -8.029 0.6000000238
19561  -36.827  -73.888  -9.229 0.6000000238
19552  -36.750  -73.083  -8.869 0.6000000238
18674  -36.067  -73.895  -7.808 0.6000000238
20436  -37.138  -72.329  -9.117 0.6999999881
23243  -38.765  -69.479  -10.635 0.6000000238
131836  -33.519  -77.340  -12.204 0.6000000238
16923  -34.860  -76.677  -11.773 0.6000000238
16924  -35.816  -76.493  -12.034 0.6999999881
17801  -35.992  -76.000  -10.232 0.6000000238
17789  -36.389  -75.468  -9.727 0.6000000238
18697  -37.231  -74.288  -9.962 0.6000000238
15898  -33.156  -77.288  -11.197 0.5000000000
122935  -34.328  -76.423  -9.768 0.6000000238
19562  -37.328  -73.256  -9.745 0.6000000238
20444  -37.736  -72.312  -9.930 0.6999999881
21373  -38.894  -71.689  -10.939 0.6999999881
21365  -38.156  -71.559  -10.164 0.6999999881
23244  -39.623  -69.464  -11.428 0.6000000238
135945  -38.836  -70.364  -10.693 0.6999999881
16937  -35.347  -76.800  -13.104 0.6000000238
16938  -36.291  -76.431  -13.026 0.6999999881
17826  -37.082  -76.018  -12.846 0.6999999881
16910  -36.291  -76.142  -11.265 0.6999999881
18708  -37.595  -74.679  -10.845 0.6000000238
23257  -40.331  -70.454  -11.939 0.5000000000
19573  -38.663  -73.129  -11.265 0.6999999881
20454  -38.479  -72.362  -10.713 0.6999999881
135944  -39.444  -70.326  -11.236 0.6000000238
18742  -38.012  -74.691  -13.255 0.6999999881
20486  -39.637  -73.020  -13.266 0.6999999881
17836  -37.052  -75.676  -13.369 0.6999999881
18729  -38.689  -74.471  -12.847 0.6000000238
18720  -39.056  -74.032  -12.530 0.5000000000
17815  -37.647  -75.549  -12.245 0.6999999881
18718  -38.024  -75.036  -11.741 0.6000000238
19581  -39.280  -73.384  -12.062 0.6999999881
22315  -40.492  -71.287  -12.224 0.5000000000
143023  -38.257  -73.658  -11.053 0.6000000238
20455  -39.309  -72.500  -11.561 0.6999999881
21374  -39.668  -71.767  -11.566 0.6000000238
20485  -38.969  -73.312  -13.439 0.6999999881
135393  -39.366  -72.490  -13.471 0.6999999881
21399  -38.709  -71.642  -13.368 0.6999999881
20463  -40.285  -72.335  -12.799 0.6000000238
135270  -40.215  -72.395  -13.253 0.6999999881
146014  -38.417  -67.998  -10.394 0.5000000000
20462  -39.769  -72.860  -12.457 0.6000000238
14902  -31.938  -78.139  -4.026 0.4000000060
16838  -34.016  -75.894  -5.082 0.4000000060
15850  -31.405  -78.015  -8.634 0.4000000060
16851  -32.959  -76.805  -6.647 0.4000000060
16879  -33.101  -76.905  -8.892 0.4000000060
15865  -32.447  -77.393  -9.271 0.4000000060
22284  -37.446  -70.410  -8.676 0.6999999881
22296  -37.908  -70.697  -9.665 0.6999999881
18696  -37.041  -75.097  -10.264 0.6000000238
16922  -33.945  -76.863  -11.438 0.6999999881
16908  -34.516  -76.506  -10.684 0.6000000238
17803  -37.372  -75.369  -11.257 0.6000000238
17827  -37.699  -75.452  -12.974 0.6999999881
134003  -38.699  -73.883  -11.713 0.6000000238
19600  -39.164  -73.732  -13.259 0.6000000238
16939  -36.474  -76.203  -13.626 0.5000000000
146379  -33.258  -77.658  -12.723 0.4000000060
15913  -34.571  -77.148  -13.845 0.5000000000
18740  -36.014  -75.420  -14.040 0.6000000238
15001  -32.416  -78.474  -13.039 0.4000000060
129893  -32.672  -77.919  -14.890 0.5000000000
15923  -33.244  -77.730  -14.386 0.5000000000
15932  -34.403  -76.945  -14.469 0.5000000000
16958  -35.530  -76.067  -14.334 0.5000000000
19596  -35.177  -73.994  -13.445 0.5000000000
16949  -35.812  -76.404  -14.139 0.5000000000
18741  -37.050  -75.191  -13.544 0.6000000238
20483  -36.842  -73.469  -13.170 0.5000000000
19597  -36.303  -74.431  -13.563 0.5000000000
20474  -37.144  -72.440  -12.827 0.6999999881
20473  -36.225  -72.726  -12.804 0.6000000238
132470  -36.728  -71.392  -12.449 0.6000000238
15025  -32.186  -78.231  -15.104 0.5000000000
16956  -33.192  -76.881  -15.001 0.5000000000
17840  -33.681  -76.141  -14.704 0.5000000000
18739  -34.440  -74.516  -13.814 0.5000000000
17841  -34.639  -76.113  -14.575 0.5000000000
21393  -37.705  -71.557  -12.857 0.6000000238
20481  -34.808  -73.158  -13.012 0.6000000238
133794  -35.821  -71.190  -12.233 0.5000000000
133907  -36.915  -69.883  -12.197 0.6000000238
16959  -31.913  -77.477  -15.141 0.5000000000
17839  -32.785  -76.172  -14.695 0.5000000000
18737  -32.693  -74.689  -13.780 0.5000000000
18738  -33.403  -74.569  -13.849 0.5000000000
20480  -33.944  -73.032  -12.984 0.5000000000
21391  -35.338  -71.689  -12.410 0.5000000000
23262  -36.066  -69.727  -11.798 0.6000000238
16953  -31.385  -77.255  -14.728 0.5000000000
17838  -32.086  -76.270  -14.559 0.5000000000
18736  -32.101  -74.370  -13.325 0.5000000000
130219  -31.798  -73.039  -12.298 0.5000000000
20468  -31.775  -72.127  -12.060 0.6000000238
140719  -32.405  -73.134  -12.825 0.4000000060
22309  -31.546  -70.587  -11.200 0.4000000060
20469  -32.445  -72.330  -12.480 0.5000000000
21389  -33.671  -71.405  -12.260 0.5000000000
19590  -33.066  -73.000  -12.985 0.4000000060
23251  -31.521  -69.642  -11.062 0.4000000060
23252  -31.921  -69.397  -11.288 0.5000000000
22318  -33.216  -70.805  -11.938 0.5000000000
24180  -31.669  -68.121  -10.493 0.4000000060
22319  -34.255  -70.803  -12.013 0.6000000238
22320  -35.323  -70.424  -11.905 0.6000000238
135021  -35.799  -68.852  -11.663 0.6000000238
24197  -35.455  -67.990  -11.563 0.6000000238
22317  -32.375  -70.887  -11.797 0.5000000000
24187  -31.617  -68.104  -10.877 0.5000000000
123811  -32.356  -67.681  -11.293 0.5000000000
23253  -32.803  -69.241  -11.487 0.5000000000
25067  -31.979  -67.353  -9.914 0.4000000060
25074  -31.711  -66.775  -10.786 0.5000000000
24196  -33.968  -68.310  -11.543 0.6000000238
23254  -33.989  -69.153  -11.602 0.6000000238
125765  -34.489  -67.812  -11.491 0.6000000238
25082  -32.319  -66.969  -11.165 0.5000000000
123976  -33.611  -64.850  -8.373 0.3000000119
25952  -33.415  -66.313  -9.100 0.4000000060
25961  -32.314  -66.448  -9.804 0.4000000060
25960  -32.094  -66.106  -10.279 0.5000000000
121951  -33.161  -66.699  -11.248 0.5000000000
25083  -34.065  -67.138  -11.427 0.6000000238
31867  -35.633  -60.744  -6.693 0.3000000119
30822  -34.727  -61.802  -6.284 0.3000000119
29808  -34.448  -62.350  -7.383 0.4000000060
29807  -34.103  -62.937  -7.845 0.4000000060
32832  -35.537  -59.377  -4.384 0.3000000119
33825  -36.443  -57.931  -4.399 0.3000000119
33832  -36.273  -58.860  -4.771 0.3000000119
34773  -36.294  -57.079  -3.876 0.3000000119
35710  -37.213  -56.658  -4.996 0.3000000119
35702  -36.742  -56.435  -4.298 0.3000000119
141506  -36.339  -55.273  -3.648 0.3000000119
37667  -36.123  -54.459  -3.448 0.3000000119
38592  -36.458  -53.801  -4.047 0.3000000119
26903  -32.661  -65.708  -9.751 0.5000000000
31860  -35.531  -60.512  -5.661 0.3000000119
20484  -37.979  -73.408  -13.319 0.5000000000
132353  -34.102  -76.708  -14.698 0.5000000000
21390  -34.501  -71.730  -12.426 0.5000000000
23255  -35.116  -69.475  -11.662 0.6000000238
24182  -38.003  -68.094  -8.996 0.3000000119
22271  -37.215  -70.177  -7.608 0.6000000238
23223  -37.554  -69.529  -8.019 0.6000000238
27862  -39.244  -64.407  -8.132 0.3000000119
26895  -38.619  -64.877  -8.490 0.3000000119
25962  -37.942  -66.113  -9.072 0.3000000119
122491  -38.109  -65.644  -9.833 0.3000000119
25953  -38.799  -66.122  -7.936 0.3000000119
26922  -38.420  -66.028  -10.650 0.3000000119
23209  -37.682  -69.541  -6.934 0.6000000238
23224  -37.872  -68.889  -8.476 0.5000000000
27863  -40.095  -64.771  -7.825 0.3000000119
27861  -38.784  -64.101  -8.676 0.3000000119
27884  -38.340  -64.804  -9.680 0.3000000119
27885  -38.669  -64.380  -10.261 0.3000000119
25060  -38.308  -66.587  -8.298 0.3000000119
25069  -37.932  -67.050  -9.069 0.3000000119
142555  -38.158  -68.134  -7.968 0.4000000060
15911  -32.805  -77.799  -12.155 0.4000000060
27853  -40.678  -64.031  -7.623 0.3000000119
28835  -39.288  -63.586  -8.309 0.3000000119
28845  -38.990  -63.343  -8.878 0.3000000119
28855  -38.659  -63.980  -9.448 0.3000000119
16805  -35.586  -76.239  -2.977 0.5000000000
17715  -36.700  -75.316  -3.311 0.5000000000
14886  -33.081  -78.191  -3.074 0.4000000060
15775  -34.384  -77.552  -2.742 0.4000000060
129136  -34.985  -76.442  -3.054 0.4000000060
16806  -36.386  -76.137  -2.982 0.5000000000
19488  -36.695  -73.099  -4.430 0.5000000000
143526  -36.739  -74.119  -3.748 0.5000000000
17713  -34.991  -75.788  -3.480 0.5000000000
18620  -36.257  -74.549  -3.632 0.5000000000
16804  -34.377  -76.411  -3.474 0.4000000060
21312  -37.679  -71.405  -5.021 0.6000000238
20391  -37.122  -71.801  -5.031 0.6000000238
20390  -36.625  -72.363  -5.029 0.5000000000
18635  -36.449  -73.832  -4.038 0.5000000000
16820  -34.038  -76.108  -4.200 0.3000000119
17728  -34.577  -75.480  -4.330 0.4000000060
18634  -35.716  -74.162  -4.367 0.5000000000
22243  -37.771  -70.676  -5.499 0.6000000238
21325  -36.696  -71.738  -5.758 0.6000000238
134138  -36.324  -72.472  -5.696 0.6000000238
18648  -35.362  -74.242  -5.395 0.4000000060
19508  -35.737  -73.686  -5.023 0.5000000000
23194  -38.348  -69.395  -6.191 0.6000000238
25054  -38.843  -66.775  -7.643 0.3000000119
141507  -38.488  -68.185  -7.289 0.4000000060
21338  -36.840  -70.797  -7.187 0.6000000238
19524  -35.647  -73.667  -5.857 0.4000000060
122149  -39.634  -66.889  -7.434 0.3000000119
26896  -39.212  -65.400  -7.961 0.3000000119
128923  -38.589  -67.513  -7.581 0.3000000119
23210  -38.033  -68.811  -7.406 0.5000000000
21337  -36.558  -71.519  -6.770 0.6000000238
132289  -37.270  -70.248  -6.783 0.6000000238
132870  -37.243  -71.260  -5.478 0.6000000238
24168  -39.020  -67.875  -6.966 0.3000000119
122621  -38.983  -70.991  -5.128 0.5000000000
22245  -39.468  -70.499  -5.433 0.5000000000
23183  -38.911  -69.801  -5.650 0.5000000000
22259  -40.660  -69.922  -6.001 0.4000000060
23184  -39.778  -69.728  -5.747 0.5000000000
21315  -40.358  -71.105  -5.579 0.5000000000
21314  -39.567  -71.257  -5.263 0.5000000000
22260  -41.484  -70.403  -6.338 0.4000000060
23197  -41.222  -69.530  -6.440 0.4000000060
23196  -40.303  -69.038  -6.176 0.4000000060
20378  -37.838  -72.446  -4.477 0.5000000000
21297  -38.160  -71.812  -4.693 0.5000000000
24160  -39.592  -68.361  -6.508 0.4000000060
132568  -38.398  -82.444  -5.347 0.3000000119
10612  -37.805  -83.255  -6.899 0.3000000119
11429  -39.185  -81.957  -5.206 0.3000000119
13210  -40.129  -80.388  -5.181 0.3000000119
14098  -40.964  -79.476  -5.982 0.4000000060
12283  -39.734  -81.188  -5.115 0.3000000119
12282  -39.022  -81.214  -4.700 0.3000000119
14099  -41.494  -79.310  -6.745 0.4000000060
14088  -40.414  -79.592  -5.415 0.4000000060
145353  -38.840  -80.540  -4.396 0.3000000119
130655  -41.709  -78.005  -7.773 0.4000000060
15830  -41.303  -77.461  -7.139 0.4000000060
128248  -40.024  -78.754  -5.225 0.4000000060
14087  -39.804  -79.631  -4.884 0.4000000060
13199  -38.401  -80.143  -3.994 0.4000000060
14078  -39.073  -79.656  -4.387 0.4000000060
18686  -43.771  -74.682  -8.595 0.3000000119
16871  -42.053  -76.475  -7.914 0.4000000060
16855  -41.461  -76.635  -7.237 0.4000000060
16854  -40.815  -76.826  -6.581 0.4000000060
15816  -39.794  -76.978  -5.494 0.4000000060
14904  -39.428  -78.178  -4.845 0.4000000060
14903  -38.839  -78.582  -4.282 0.4000000060
19553  -43.948  -73.829  -8.059 0.3000000119
140637  -42.720  -74.866  -7.550 0.4000000060
17753  -40.966  -75.406  -6.325 0.4000000060
139838  -41.191  -76.025  -6.742 0.4000000060
16840  -40.268  -76.484  -5.909 0.4000000060
16839  -39.749  -76.159  -5.321 0.4000000060
140807  -39.433  -76.663  -5.019 0.4000000060
16822  -39.139  -75.987  -4.691 0.4000000060
15802  -38.915  -77.607  -4.467 0.4000000060
14888  -38.132  -78.617  -3.685 0.4000000060
18675  -42.700  -74.205  -7.144 0.4000000060
18660  -41.438  -74.755  -6.442 0.4000000060
17742  -39.600  -75.281  -4.989 0.4000000060
16821  -38.651  -76.267  -4.242 0.4000000060
15791  -37.660  -77.848  -3.346 0.4000000060
130368  -38.491  -76.917  -4.051 0.4000000060
14887  -37.460  -78.669  -3.185 0.4000000060
18651  -41.227  -73.923  -6.057 0.4000000060
18649  -40.057  -74.575  -5.319 0.4000000060
18638  -39.225  -74.311  -4.619 0.4000000060
17717  -37.942  -75.194  -3.719 0.4000000060
15790  -37.001  -77.086  -2.905 0.4000000060
16807  -37.258  -76.140  -3.227 0.4000000060
19511  -40.662  -73.366  -5.610 0.4000000060
19491  -38.988  -73.295  -4.548 0.4000000060
18636  -37.752  -73.757  -4.016 0.4000000060
20394  -40.970  -71.853  -5.757 0.4000000060
20393  -40.182  -72.841  -5.312 0.4000000060
20392  -39.477  -72.627  -4.871 0.4000000060
23198  -41.965  -69.818  -6.802 0.3000000119
23211  -41.678  -69.175  -6.842 0.3000000119
18621  -37.243  -74.522  -3.637 0.4000000060
124315  -40.063  -72.000  -5.312 0.4000000060
24162  -41.068  -68.867  -6.624 0.3000000119
19490  -38.168  -73.113  -4.300 0.4000000060
14926  -41.348  -78.337  -6.980 0.4000000060
15829  -40.813  -77.801  -6.499 0.4000000060
15817  -40.305  -77.351  -5.985 0.4000000060
18676  -43.298  -74.385  -7.758 0.4000000060
17769  -42.423  -75.577  -7.716 0.4000000060
18687  -44.366  -74.085  -8.726 0.3000000119
133276  -40.679  -76.049  -6.286 0.4000000060
19541  -43.357  -73.419  -7.364 0.3000000119
17755  -42.104  -74.974  -7.033 0.4000000060
18650  -40.767  -74.706  -5.898 0.4000000060
19540  -42.530  -73.382  -6.782 0.4000000060
19510  -39.878  -73.577  -5.117 0.4000000060
125915  -37.835  -76.966  -3.485 0.4000000060
130545  -38.490  -73.801  -4.275 0.4000000060
131944  -40.801  -72.622  -5.665 0.4000000060
16896  -43.410  -76.573  -10.122 0.3000000119
14117  -42.369  -79.500  -8.202 0.3000000119
126845  -42.417  -80.278  -7.838 0.3000000119
139906  -42.295  -78.599  -8.553 0.3000000119
14948  -42.145  -77.639  -8.484 0.3000000119
14116  -42.053  -79.612  -7.404 0.3000000119
14936  -41.880  -78.855  -7.574 0.3000000119
16895  -42.868  -76.782  -9.412 0.3000000119
143642  -42.007  -77.052  -8.230 0.3000000119
17779  -42.763  -76.092  -8.571 0.3000000119
20425  -42.922  -72.453  -6.916 0.3000000119
140036  -42.208  -72.727  -6.523 0.3000000119
20411  -42.196  -71.996  -6.474 0.3000000119
21327  -41.961  -71.197  -6.435 0.3000000119
18698  -43.931  -75.190  -9.383 0.3000000119
19526  -41.236  -73.147  -5.952 0.3000000119
11442  -38.093  -83.069  -6.019 0.3000000119
12281  -38.148  -81.188  -4.297 0.3000000119
13200  -39.465  -80.444  -4.730 0.3000000119
13211  -40.833  -80.401  -5.736 0.4000000060
14063  -37.080  -79.396  -3.002 0.4000000060
14077  -38.482  -79.307  -3.956 0.4000000060
14134  -42.731  -79.551  -9.207 0.3000000119
14914  -39.875  -77.804  -5.422 0.4000000060
14915  -40.416  -78.209  -5.855 0.4000000060
14925  -40.929  -78.665  -6.287 0.4000000060
15015  -32.554  -78.381  -14.350 0.5000000000
15024  -31.989  -78.779  -14.910 0.5000000000
15030  -31.909  -77.987  -15.231 0.5000000000
15774  -33.782  -77.830  -2.848 0.4000000060
15788  -33.328  -77.429  -3.454 0.4000000060
15789  -34.000  -77.114  -3.157 0.4000000060
15792  -38.326  -77.759  -3.899 0.4000000060
15799  -31.740  -77.864  -4.928 0.4000000060
15800  -32.365  -77.547  -4.544 0.4000000060
15803  -39.424  -77.348  -4.972 0.4000000060
15828  -32.259  -77.256  -6.818 0.4000000060
15842  -41.717  -77.208  -7.814 0.4000000060
15851  -31.910  -77.597  -8.531 0.4000000060
15880  -32.071  -77.881  -10.090 0.4000000060
15912  -33.720  -77.511  -13.419 0.5000000000
15922  -30.864  -77.632  -14.582 0.5000000000
15924  -33.921  -77.330  -14.371 0.5000000000
15930  -32.512  -77.578  -15.077 0.5000000000
15931  -33.470  -77.316  -14.875 0.5000000000
16789  -34.678  -76.982  -2.870 0.4000000060
16790  -35.350  -76.922  -2.716 0.4000000060
16808  -38.070  -76.055  -3.682 0.4000000060
16836  -33.151  -76.675  -5.788 0.4000000060
16868  -32.759  -76.961  -7.493 0.4000000060
16869  -33.465  -76.514  -7.296 0.5000000000
16870  -34.117  -75.999  -7.022 0.5000000000
16880  -33.660  -76.563  -8.674 0.5000000000
16882  -42.361  -76.934  -8.666 0.3000000119
16892  -33.667  -76.654  -9.374 0.4000000060
16893  -34.853  -76.154  -9.285 0.6000000238
16894  -35.116  -76.184  -9.997 0.6000000238
16909  -35.414  -76.319  -10.950 0.6000000238
16925  -36.562  -76.256  -12.195 0.6999999881
16936  -34.314  -77.053  -12.617 0.6000000238
16947  -31.512  -76.535  -14.256 0.5000000000
16948  -35.260  -76.760  -14.105 0.5000000000
16954  -31.862  -76.894  -14.877 0.5000000000
16955  -32.389  -76.912  -15.050 0.5000000000
16957  -34.999  -76.536  -14.434 0.5000000000
17714  -35.827  -75.426  -3.305 0.5000000000
17716  -37.435  -75.417  -3.460 0.4000000060
17729  -35.331  -74.934  -3.852 0.5000000000
17730  -38.534  -75.536  -4.122 0.4000000060
17731  -38.992  -75.135  -4.454 0.4000000060
17741  -35.035  -74.795  -4.842 0.5000000000
17743  -40.304  -75.524  -5.719 0.4000000060
17751  -34.681  -75.386  -6.610 0.5000000000
17752  -34.959  -74.842  -5.933 0.5000000000
17754  -41.501  -75.401  -6.750 0.4000000060
17768  -41.769  -75.836  -7.241 0.4000000060
17778  -36.077  -75.181  -8.833 0.6000000238
17780  -43.440  -75.531  -8.958 0.3000000119
17790  -43.261  -76.172  -9.361 0.3000000119
17802  -36.713  -75.688  -10.714 0.6000000238
17814  -37.021  -75.911  -11.759 0.6999999881
17816  -38.192  -75.052  -12.576 0.6000000238
17828  -38.206  -74.883  -13.064 0.6999999881
17834  -32.306  -75.352  -14.060 0.5000000000
17835  -36.337  -75.908  -13.891 0.5000000000
17837  -37.624  -75.215  -13.251 0.6999999881
18637  -38.323  -74.586  -4.060 0.4000000060
18661  -42.002  -74.105  -6.605 0.4000000060
18684  -36.272  -74.444  -8.591 0.6000000238
18685  -43.079  -75.191  -8.154 0.4000000060
18709  -38.163  -74.313  -11.329 0.6000000238
18719  -38.544  -74.556  -12.162 0.6000000238
18730  -39.178  -73.989  -13.076 0.5000000000
18743  -38.776  -74.233  -13.185 0.6000000238
18744  -39.154  -73.854  -13.214 0.6999999881
18745  -33.112  -75.344  -14.352 0.5000000000
18746  -34.062  -75.347  -14.368 0.5000000000
18747  -35.081  -75.449  -14.302 0.5000000000
19470  -37.024  -73.675  -3.905 0.5000000000
19487  -36.135  -73.543  -4.560 0.5000000000
19489  -37.437  -73.064  -4.234 0.5000000000
19509  -36.094  -73.062  -5.198 0.5000000000
19525  -35.968  -73.017  -6.206 0.6000000238
19527  -41.798  -73.301  -6.354 0.3000000119
19551  -36.481  -73.771  -8.581 0.6000000238
19572  -38.010  -73.078  -10.543 0.6999999881
19582  -39.498  -73.512  -12.831 0.5000000000
19589  -32.113  -73.605  -12.927 0.4000000060
19591  -39.398  -73.527  -13.166 0.6999999881
19594  -32.728  -73.852  -13.302 0.5000000000
19595  -33.621  -73.767  -13.360 0.5000000000
19598  -37.545  -74.303  -13.379 0.6000000238
19599  -38.532  -74.022  -13.329 0.6999999881
20377  -37.192  -72.424  -4.612 0.6000000238
20379  -38.597  -72.472  -4.566 0.4000000060
20409  -36.277  -72.308  -6.486 0.6000000238
20410  -41.557  -72.488  -6.122 0.3000000119
20424  -36.382  -72.279  -7.434 0.6999999881
20435  -36.669  -72.313  -8.318 0.6999999881
20470  -33.546  -72.195  -12.600 0.5000000000
20471  -34.411  -72.496  -12.732 0.5000000000
20472  -35.293  -72.438  -12.690 0.6000000238
20475  -39.877  -72.995  -13.083 0.6999999881
20482  -35.760  -73.359  -13.104 0.6000000238
20487  -40.556  -71.688  -13.409 0.8000000119
21298  -39.039  -71.710  -4.852 0.5000000000
21313  -38.349  -71.141  -5.022 0.5000000000
21316  -41.234  -71.153  -5.986 0.4000000060
21326  -37.065  -70.829  -6.193 0.6000000238
21350  -36.662  -71.550  -7.746 0.6000000238
21379  -31.864  -70.964  -11.599 0.5000000000
21380  -40.265  -71.806  -12.181 0.5000000000
21381  -40.653  -71.684  -12.761 0.8000000119
21387  -31.605  -71.527  -11.472 0.4000000060
21388  -32.070  -71.542  -12.014 0.5000000000
21392  -36.095  -71.966  -12.528 0.5000000000
21394  -40.994  -71.323  -13.292 0.8000000119
21402  -40.550  -71.299  -13.783 0.8000000119
22244  -38.581  -70.488  -5.375 0.5000000000
22246  -40.821  -70.594  -5.885 0.4000000060
22257  -37.688  -70.071  -6.175 0.6000000238
22258  -38.239  -70.050  -5.742 0.5000000000
22261  -42.307  -70.548  -6.801 0.3000000119
22303  -31.415  -70.265  -10.784 0.4000000060
22304  -38.539  -70.907  -10.436 0.6999999881
22305  -39.221  -71.054  -11.090 0.6999999881
22310  -31.880  -70.269  -11.415 0.5000000000
22311  -32.584  -70.119  -11.604 0.5000000000
22312  -33.565  -70.030  -11.709 0.6000000238
22313  -34.477  -69.990  -11.744 0.6000000238
22314  -39.967  -71.155  -11.659 0.6000000238
22321  -36.359  -70.546  -12.122 0.6000000238
22322  -37.241  -70.678  -12.471 0.6000000238
22323  -40.950  -71.021  -12.667 0.5000000000
22329  -38.818  -70.017  -13.526 0.6999999881
22330  -39.713  -70.774  -13.861 0.8000000119
22331  -41.888  -70.348  -13.755 0.8000000119
22332  -42.130  -70.130  -14.092 0.8000000119
22335  -41.702  -70.558  -13.986 0.8000000119
23195  -39.254  -69.069  -6.004 0.5000000000
23212  -42.361  -69.224  -7.299 0.3000000119
23242  -31.509  -68.861  -10.793 0.4000000060
23263  -37.499  -69.233  -12.575 0.6999999881
23271  -38.268  -69.077  -13.214 0.6999999881
23278  -40.630  -69.931  -14.414 0.6999999881
23279  -41.492  -69.928  -14.497 0.8000000119
24159  -38.665  -68.609  -6.638 0.4000000060
24175  -38.199  -67.387  -8.264 0.3000000119
24188  -38.287  -68.471  -10.107 0.5000000000
24194  -31.976  -68.383  -11.203 0.5000000000
24195  -33.039  -68.384  -11.454 0.6000000238
24204  -37.136  -68.520  -12.338 0.6999999881
24213  -42.513  -69.360  -13.750 0.6000000238
24214  -42.819  -69.026  -14.272 0.6999999881
24215  -43.198  -68.469  -14.685 0.6999999881
24219  -39.334  -68.233  -14.042 0.6999999881
24220  -40.228  -68.268  -14.525 0.6999999881
24222  -43.299  -68.290  -14.973 0.8000000119
24223  -42.648  -68.568  -15.085 0.6999999881
25055  -39.155  -67.304  -7.288 0.3000000119
25066  -31.799  -66.660  -10.474 0.5000000000
25073  -31.664  -67.266  -10.671 0.5000000000
25075  -38.506  -67.502  -10.633 0.5000000000
25081  -31.795  -67.291  -10.931 0.5000000000
25085  -35.928  -67.256  -11.605 0.6000000238
25093  -36.754  -67.269  -12.047 0.6999999881
25101  -37.827  -67.547  -12.944 0.6999999881
25103  -42.818  -68.592  -13.716 0.6000000238
25947  -39.439  -66.221  -7.707 0.3000000119
25967  -31.984  -66.343  -10.653 0.6000000238
25969  -38.065  -66.661  -10.036 0.3000000119
25974  -31.838  -66.687  -10.888 0.5000000000
25975  -32.315  -66.371  -10.944 0.6000000238
25976  -34.192  -66.464  -11.272 0.6999999881
25987  -37.758  -66.675  -12.873 0.6999999881
25989  -42.161  -66.656  -13.124 0.6000000238
25995  -38.303  -66.427  -13.334 0.6999999881
25999  -44.254  -66.816  -14.479 0.6000000238
26000  -44.744  -66.463  -14.938 0.6999999881
26007  -42.229  -66.994  -15.317 0.6000000238
26009  -44.242  -66.877  -15.183 0.6000000238
26894  -33.535  -65.542  -8.837 0.4000000060
26904  -38.138  -65.242  -9.018 0.3000000119
26910  -32.469  -65.640  -10.297 0.5000000000
26929  -36.813  -66.012  -12.008 0.6999999881
26930  -37.377  -65.948  -12.475 0.6999999881
26932  -41.639  -65.782  -12.726 0.5000000000
26940  -43.877  -66.092  -13.728 0.6000000238
26943  -40.086  -65.752  -14.295 0.6000000238
26944  -40.915  -65.740  -14.671 0.6000000238
26945  -41.806  -65.975  -15.123 0.6000000238
26950  -43.540  -66.249  -15.410 0.6000000238
26951  -44.517  -66.051  -15.293 0.5000000000
26952  -45.205  -65.609  -15.104 0.5000000000
27871  -33.164  -64.901  -9.671 0.5000000000
27872  -38.400  -64.568  -8.989 0.3000000119
27881  -33.336  -64.537  -10.187 0.6000000238
27904  -36.941  -65.186  -11.979 0.6000000238
27905  -37.614  -64.653  -12.429 0.6000000238
27917  -39.670  -65.039  -13.932 0.6999999881
27918  -39.955  -64.250  -13.910 0.5000000000
27928  -45.768  -65.043  -14.916 0.5000000000
27929  -45.936  -64.517  -14.989 0.6000000238
27931  -44.699  -65.226  -15.388 0.5000000000
27933  -45.739  -64.509  -15.194 0.5000000000
28852  -33.751  -63.776  -10.042 0.6000000238
28853  -34.365  -63.635  -10.354 0.5000000000
28854  -35.150  -63.585  -10.618 0.6000000238
28863  -36.119  -63.636  -10.904 0.6000000238
28873  -38.415  -63.211  -12.642 0.6000000238
28875  -42.820  -63.570  -12.573 0.5000000000
28877  -44.889  -63.403  -13.314 0.5000000000
28886  -41.517  -63.241  -14.302 0.5000000000
28887  -42.799  -63.779  -14.839 0.5000000000
28888  -45.378  -63.720  -15.258 0.5000000000
29820  -34.150  -62.970  -8.924 0.5000000000
29831  -34.072  -63.268  -9.674 0.6000000238
29832  -34.493  -62.703  -9.709 0.6000000238
29854  -36.876  -62.101  -10.916 0.5000000000
29855  -37.566  -62.825  -11.772 0.6000000238
29858  -42.346  -62.325  -11.893 0.3000000119
29871  -46.104  -63.339  -13.944 0.5000000000
29872  -46.571  -62.851  -14.518 0.5000000000
29874  -41.151  -62.600  -13.892 0.5000000000
29877  -44.217  -62.934  -14.968 0.5000000000
29878  -45.625  -62.908  -15.099 0.5000000000
30823  -35.134  -61.449  -6.876 0.3000000119
30847  -34.852  -61.874  -8.820 0.5000000000
30855  -34.825  -62.118  -9.495 0.5000000000
30856  -35.290  -61.512  -9.541 0.5000000000
30861  -36.491  -61.408  -10.539 0.5000000000
30873  -43.269  -62.091  -12.155 0.4000000060
30875  -45.427  -61.897  -12.874 0.4000000060
30877  -47.361  -61.588  -13.897 0.4000000060
30880  -41.468  -61.442  -13.652 0.5000000000
30881  -42.226  -61.152  -13.803 0.5000000000
30883  -47.461  -61.631  -14.278 0.4000000060
30886  -42.847  -61.637  -14.208 0.5000000000
30889  -46.658  -61.719  -14.650 0.3000000119
31875  -36.261  -60.194  -8.873 0.5000000000
31883  -37.411  -60.332  -10.573 0.4000000060
31890  -38.408  -60.395  -11.490 0.4000000060
31895  -38.769  -60.846  -12.091 0.5000000000
31898  -44.532  -61.132  -12.276 0.3000000119
31901  -47.470  -60.846  -13.578 0.3000000119
31903  -40.970  -60.105  -13.010 0.4000000060
31904  -41.554  -60.639  -13.459 0.5000000000
31908  -47.797  -61.140  -14.125 0.4000000060
31909  -48.162  -60.478  -14.123 0.4000000060
31914  -47.624  -60.793  -14.409 0.3000000119
32840  -36.655  -58.959  -5.732 0.4000000060
32845  -36.153  -60.133  -7.047 0.5000000000
32854  -36.705  -59.649  -8.443 0.5000000000
32863  -37.718  -59.756  -10.304 0.4000000060
32871  -39.745  -59.804  -12.216 0.4000000060
32876  -47.548  -59.140  -12.517 0.3000000119
32877  -40.496  -59.557  -12.497 0.4000000060
32879  -45.844  -60.310  -12.444 0.3000000119
32881  -48.566  -59.473  -13.557 0.3000000119
32882  -49.005  -59.195  -14.056 0.3000000119
32883  -41.729  -59.817  -13.233 0.4000000060
32888  -45.733  -59.973  -14.274 0.4000000060
32889  -46.966  -59.975  -14.488 0.3000000119
32890  -48.044  -59.889  -14.425 0.3000000119
33840  -37.529  -58.193  -6.698 0.4000000060
33847  -37.659  -58.379  -7.509 0.4000000060
33855  -37.788  -58.947  -9.235 0.4000000060
33870  -39.066  -59.144  -10.952 0.4000000060
33877  -41.618  -58.512  -12.454 0.4000000060
33882  -42.628  -58.873  -13.163 0.4000000060
33884  -44.873  -58.393  -13.632 0.4000000060
34800  -38.106  -57.779  -7.448 0.4000000060
34801  -38.552  -57.312  -7.762 0.4000000060
34816  -47.139  -56.800  -9.440 0.3000000119
34818  -40.818  -57.940  -11.117 0.4000000060
34824  -47.543  -57.632  -11.202 0.3000000119
34826  -48.632  -56.990  -11.516 0.3000000119
35718  -37.907  -56.616  -6.225 0.4000000060
35743  -47.208  -56.067  -8.393 0.4000000060
35744  -47.510  -55.980  -9.139 0.4000000060
35745  -39.961  -56.992  -9.226 0.4000000060
35747  -41.242  -56.066  -9.680 0.4000000060
35752  -41.741  -56.316  -10.264 0.4000000060
35753  -42.399  -56.125  -10.676 0.4000000060
35755  -48.525  -56.521  -11.367 0.4000000060
35758  -43.495  -56.111  -11.707 0.4000000060
35759  -48.908  -56.661  -12.194 0.3000000119
36714  -36.801  -55.119  -4.377 0.4000000060
36737  -38.186  -54.944  -6.848 0.4000000060
36746  -47.388  -55.612  -9.377 0.4000000060
36749  -47.571  -55.522  -10.577 0.4000000060
36751  -48.330  -56.190  -10.945 0.4000000060
36752  -43.236  -55.429  -11.442 0.4000000060
37680  -36.822  -54.381  -4.691 0.4000000060
37699  -46.187  -54.846  -6.586 0.4000000060
37708  -46.522  -54.880  -7.516 0.4000000060
37735  -43.470  -54.781  -11.841 0.5000000000
37747  -47.659  -54.035  -14.083 0.4000000060
40584  -36.422  -52.308  -4.871 0.4000000060
122159  -46.230  -63.363  -14.947 0.3000000119
122445  -31.803  -75.080  -13.403 0.5000000000
123000  -33.330  -67.560  -11.440 0.5000000000
124929  -38.431  -65.708  -8.417 0.3000000119
125089  -34.724  -61.917  -6.989 0.3000000119
125094  -37.579  -63.991  -12.165 0.6000000238
125542  -36.145  -65.032  -11.335 0.6000000238
125599  -31.583  -68.845  -11.003 0.5000000000
126470  -36.678  -55.758  -4.112 0.3000000119
127187  -35.450  -74.824  -13.934 0.5000000000
128256  -42.342  -63.070  -14.526 0.5000000000
128590  -32.858  -71.522  -12.210 0.5000000000
128871  -37.768  -73.889  -10.553 0.6000000238
128912  -39.133  -57.064  -8.321 0.4000000060
128938  -41.843  -63.986  -14.644 0.5000000000
129317  -34.373  -73.678  -13.309 0.5000000000
129573  -33.003  -77.946  -13.349 0.4000000060
130001  -36.788  -57.145  -4.543 0.3000000119
131092  -37.357  -67.185  -12.524 0.6999999881
131753  -41.203  -65.092  -12.472 0.4000000060
132081  -37.140  -55.757  -4.836 0.4000000060
132492  -45.964  -63.545  -15.142 0.5000000000
133070  -47.123  -54.168  -14.250 0.4000000060
133264  -38.347  -72.513  -13.286 0.6999999881
133389  -39.954  -72.280  -12.110 0.6000000238
133450  -40.534  -74.037  -5.586 0.4000000060
133678  -31.789  -73.858  -12.669 0.5000000000
133755  -40.758  -69.188  -12.335 0.5000000000
133975  -34.837  -68.611  -11.553 0.6000000238
134466  -38.298  -70.074  -10.064 0.6999999881
134977  -39.014  -76.808  -4.589 0.4000000060
134982  -35.380  -62.343  -10.335 0.5000000000
135102  -45.223  -65.359  -14.547 0.5000000000
135103  -35.925  -76.551  -13.753 0.5000000000
136065  -39.472  -78.958  -4.681 0.4000000060
136176  -41.132  -70.086  -12.588 0.5000000000
136773  -41.595  -71.742  -6.152 0.4000000060
137230  -40.224  -70.358  -5.687 0.4000000060
138095  -44.932  -59.209  -13.867 0.4000000060
138488  -40.324  -63.463  -11.359 0.4000000060
139445  -37.570  -61.202  -11.219 0.4000000060
139602  -39.298  -65.120  -11.351 0.4000000060
140596  -32.628  -77.778  -3.730 0.4000000060
140862  -40.744  -57.435  -10.448 0.4000000060
142008  -36.557  -74.209  -8.930 0.6000000238
142056  -40.569  -78.930  -5.723 0.4000000060
142959  -38.102  -61.112  -11.637 0.5000000000
142963  -47.109  -55.704  -8.099 0.4000000060
143319  -41.393  -58.889  -12.604 0.4000000060
143908  -41.638  -63.737  -12.240 0.5000000000
144197  -33.105  -77.023  -9.604 0.5000000000
144228  -38.159  -69.056  -6.764 0.5000000000
144607  -37.580  -71.953  -4.733 0.5000000000
144783  -38.453  -67.044  -7.899 0.3000000119
144880  -38.746  -63.648  -13.055 0.6000000238
145647  -35.046  -71.165  -12.185 0.5000000000
145775  -34.458  -75.904  -3.829 0.4000000060
146372  -46.440  -58.519  -14.145 0.4000000060
146561  -32.333  -78.344  -14.931 0.5000000000
