#!ascii label  , from subject sub-v1s17x0050249_ses-1 vox2ras=TkReg
1056
135225  -29.065  -28.549  53.739 0.0000000000
54537  -23.837  -38.869  58.994 0.0000000000
55675  -28.667  -38.428  51.264 0.0000000000
82797  -43.361  -10.534  37.024 0.0000000000
82829  -48.370  -11.725  31.280 0.0000000000
135487  -18.301  -39.066  64.907 0.0000000000
83721  -38.741  -10.050  39.413 0.0000000000
67421  -31.922  -27.104  53.557 0.0000000000
61848  -30.097  -32.791  51.265 0.0000000000
55562  -19.831  -38.214  61.019 0.0000000000
155904  -21.165  -42.149  63.567 0.0000000000
69551  -26.884  -24.529  52.066 0.0000000000
153514  -30.112  -24.988  49.534 0.0000000000
53567  -25.598  -40.318  55.675 0.0000000000
65036  -25.883  -29.432  54.913 0.0000000000
71571  -35.679  -22.740  40.686 0.0000000000
77154  -37.526  -17.361  39.564 0.0000000000
79158  -41.241  -16.039  37.253 0.0000000000
50409  -16.383  -43.860  69.335 0.0000000000
49320  -14.198  -44.612  73.300 0.0000000000
65096  -31.566  -29.924  49.180 0.0000000000
61896  -33.930  -32.320  46.970 0.0000000000
145565  -35.766  -28.386  43.153 0.0000000000
50428  -18.429  -43.619  66.346 0.0000000000
54510  -23.706  -39.317  61.419 0.0000000000
53495  -25.245  -40.783  59.954 0.0000000000
148583  -29.722  -31.253  52.908 0.0000000000
56712  -22.193  -36.499  58.718 0.0000000000
55572  -21.435  -38.328  60.159 0.0000000000
54509  -22.142  -39.184  61.531 0.0000000000
70426  -28.808  -24.269  55.107 0.0000000000
67417  -26.069  -26.914  54.020 0.0000000000
76098  -33.735  -18.775  41.391 0.0000000000
75182  -35.897  -19.955  39.979 0.0000000000
79116  -34.819  -15.611  40.205 0.0000000000
146229  -39.228  -12.574  37.403 0.0000000000
81869  -41.397  -12.784  36.475 0.0000000000
78210  -43.567  -16.673  36.808 0.0000000000
80949  -43.678  -13.608  35.457 0.0000000000
80042  -45.400  -14.464  34.664 0.0000000000
69573  -32.784  -24.835  49.504 0.0000000000
67494  -30.944  -27.201  48.933 0.0000000000
67496  -33.059  -27.695  48.821 0.0000000000
65122  -33.268  -30.391  46.752 0.0000000000
66375  -32.867  -28.634  44.941 0.0000000000
157214  -34.814  -30.941  44.277 0.0000000000
148859  -32.845  -26.159  44.155 0.0000000000
134077  -32.907  -23.353  42.731 0.0000000000
54612  -27.147  -39.772  53.106 0.0000000000
139970  -17.577  -41.103  67.312 0.0000000000
52380  -18.248  -41.879  65.190 0.0000000000
153341  -12.810  -47.031  73.820 0.0000000000
45812  -11.458  -47.780  75.864 0.0000000000
81816  -36.516  -12.362  41.494 0.0000000000
65052  -33.463  -29.374  53.851 0.0000000000
59088  -30.442  -35.669  50.814 0.0000000000
55545  -19.053  -38.281  63.028 0.0000000000
138947  -18.824  -41.202  63.488 0.0000000000
53460  -20.496  -40.706  61.952 0.0000000000
158648  -50.400  -11.704  29.312 0.0000000000
67461  -28.023  -27.044  51.093 0.0000000000
68545  -29.587  -26.698  51.757 0.0000000000
70457  -28.907  -23.496  51.037 0.0000000000
55605  -23.687  -37.777  57.307 0.0000000000
53544  -24.751  -40.094  57.848 0.0000000000
143917  -24.504  -38.027  55.723 0.0000000000
56774  -25.400  -37.931  53.188 0.0000000000
58005  -26.965  -36.341  52.003 0.0000000000
61807  -26.480  -32.248  55.112 0.0000000000
60889  -26.710  -33.028  51.826 0.0000000000
62885  -26.851  -31.790  50.777 0.0000000000
65074  -26.929  -29.307  50.908 0.0000000000
141393  -38.063  -26.439  42.789 0.0000000000
80920  -36.595  -13.732  38.717 0.0000000000
78174  -39.032  -16.255  38.829 0.0000000000
80050  -47.380  -14.677  33.198 0.0000000000
49336  -15.076  -44.668  71.131 0.0000000000
45835  -14.824  -46.825  72.556 0.0000000000
68564  -30.528  -26.846  51.858 0.0000000000
66280  -31.917  -28.705  51.854 0.0000000000
158053  -32.763  -30.702  51.205 0.0000000000
132849  -32.511  -30.017  48.030 0.0000000000
62927  -32.629  -31.684  48.482 0.0000000000
62902  -34.323  -31.957  50.751 0.0000000000
61874  -35.958  -32.431  49.359 0.0000000000
64025  -37.664  -31.106  46.308 0.0000000000
65191  -37.775  -28.928  44.080 0.0000000000
69673  -35.228  -25.614  42.204 0.0000000000
74259  -33.290  -20.675  42.324 0.0000000000
52466  -26.734  -41.555  59.145 0.0000000000
51356  -17.161  -41.944  68.786 0.0000000000
152323  -17.256  -43.887  68.102 0.0000000000
50440  -19.942  -43.445  64.502 0.0000000000
44835  -9.767  -47.894  76.973 0.0000000000
54523  -23.842  -39.188  60.565 0.0000000000
53494  -24.361  -40.041  60.907 0.0000000000
53511  -24.622  -40.210  59.565 0.0000000000
65050  -29.103  -29.510  53.545 0.0000000000
55592  -22.764  -37.430  58.442 0.0000000000
55580  -22.115  -37.510  59.114 0.0000000000
55581  -22.861  -38.288  59.224 0.0000000000
54522  -22.944  -38.893  61.012 0.0000000000
78128  -33.999  -16.390  42.417 0.0000000000
78147  -34.392  -16.928  40.471 0.0000000000
79964  -34.654  -14.930  41.562 0.0000000000
83743  -42.218  -10.385  37.429 0.0000000000
82795  -41.144  -11.319  37.242 0.0000000000
82805  -42.491  -11.660  36.606 0.0000000000
80943  -42.897  -13.158  35.845 0.0000000000
81871  -43.062  -12.241  36.127 0.0000000000
81879  -44.183  -12.767  35.393 0.0000000000
68592  -33.097  -26.826  49.099 0.0000000000
67548  -33.454  -27.730  46.177 0.0000000000
67583  -32.833  -27.693  44.510 0.0000000000
157572  -32.798  -25.726  44.961 0.0000000000
70539  -32.793  -24.667  44.372 0.0000000000
55658  -28.179  -38.957  51.830 0.0000000000
54599  -28.504  -40.170  54.000 0.0000000000
155607  -29.355  -39.341  52.952 0.0000000000
54486  -17.846  -40.024  66.395 0.0000000000
131721  -18.177  -39.985  64.973 0.0000000000
80975  -48.651  -13.402  31.370 0.0000000000
46915  -11.823  -47.240  75.100 0.0000000000
144493  -31.601  -26.950  55.376 0.0000000000
66249  -32.488  -27.881  53.638 0.0000000000
60903  -30.227  -34.046  50.416 0.0000000000
59995  -30.905  -34.467  52.032 0.0000000000
57919  -20.443  -36.552  60.664 0.0000000000
57908  -20.130  -36.599  61.471 0.0000000000
57891  -19.815  -36.927  62.876 0.0000000000
55561  -19.505  -38.249  61.637 0.0000000000
54500  -19.321  -39.840  62.122 0.0000000000
54506  -19.675  -39.130  61.353 0.0000000000
53463  -23.144  -39.648  63.092 0.0000000000
53462  -21.987  -39.841  62.918 0.0000000000
68560  -27.219  -25.952  51.085 0.0000000000
139118  -27.913  -25.272  50.882 0.0000000000
70455  -27.470  -24.149  51.738 0.0000000000
56735  -23.876  -36.904  56.934 0.0000000000
55613  -24.127  -37.853  56.589 0.0000000000
56741  -24.767  -37.470  55.848 0.0000000000
56761  -25.950  -37.312  54.002 0.0000000000
57979  -26.762  -36.706  53.441 0.0000000000
56775  -26.054  -37.520  52.577 0.0000000000
59038  -27.995  -35.273  53.098 0.0000000000
64998  -26.070  -29.164  56.442 0.0000000000
62853  -26.001  -31.464  54.883 0.0000000000
60874  -26.750  -33.060  52.880 0.0000000000
62864  -25.787  -31.214  53.341 0.0000000000
61845  -26.659  -32.404  51.217 0.0000000000
62863  -25.699  -30.798  52.715 0.0000000000
69543  -26.302  -25.438  52.988 0.0000000000
66261  -25.640  -28.507  51.885 0.0000000000
138209  -26.108  -26.824  51.747 0.0000000000
67460  -27.240  -27.420  51.018 0.0000000000
70582  -36.919  -24.635  41.460 0.0000000000
69686  -38.239  -25.034  41.919 0.0000000000
71573  -37.523  -23.344  40.876 0.0000000000
76114  -37.195  -18.851  39.770 0.0000000000
74281  -37.810  -20.200  40.070 0.0000000000
83713  -37.581  -10.695  40.570 0.0000000000
81835  -36.534  -12.465  39.566 0.0000000000
81836  -37.144  -11.925  38.995 0.0000000000
80014  -39.878  -14.563  36.966 0.0000000000
80001  -38.778  -15.040  37.712 0.0000000000
79141  -39.948  -16.011  37.946 0.0000000000
78161  -40.382  -16.441  39.786 0.0000000000
80049  -46.691  -14.456  33.645 0.0000000000
81893  -46.548  -12.920  33.453 0.0000000000
80970  -47.507  -13.490  32.393 0.0000000000
50400  -16.164  -43.203  70.201 0.0000000000
158903  -15.849  -43.366  70.705 0.0000000000
50399  -15.789  -43.839  70.244 0.0000000000
46938  -15.470  -46.116  71.360 0.0000000000
45827  -15.339  -47.506  73.208 0.0000000000
68576  -29.335  -25.085  50.134 0.0000000000
68563  -29.755  -26.528  51.201 0.0000000000
68577  -29.722  -26.001  49.989 0.0000000000
66307  -31.176  -28.064  49.134 0.0000000000
66292  -30.949  -28.357  49.886 0.0000000000
65084  -31.291  -29.165  50.166 0.0000000000
156563  -32.288  -29.505  51.675 0.0000000000
65085  -31.658  -29.994  50.187 0.0000000000
65109  -33.902  -29.556  47.712 0.0000000000
64024  -33.359  -31.389  46.404 0.0000000000
62943  -32.673  -31.456  47.861 0.0000000000
62928  -33.036  -32.064  48.112 0.0000000000
61859  -33.759  -32.282  49.627 0.0000000000
61872  -34.455  -32.587  49.101 0.0000000000
61861  -35.643  -32.259  50.194 0.0000000000
61898  -35.165  -32.642  47.808 0.0000000000
65189  -35.366  -29.878  43.560 0.0000000000
62968  -36.408  -31.308  45.087 0.0000000000
65173  -36.410  -30.080  43.898 0.0000000000
65157  -37.733  -30.117  45.011 0.0000000000
66403  -36.654  -28.469  43.360 0.0000000000
67620  -36.872  -27.099  42.811 0.0000000000
68684  -35.113  -26.901  42.749 0.0000000000
73371  -32.862  -21.865  43.376 0.0000000000
72441  -32.951  -22.495  42.468 0.0000000000
74253  -33.334  -20.276  43.276 0.0000000000
151196  -24.879  -39.912  56.494 0.0000000000
53530  -25.303  -40.653  58.253 0.0000000000
52493  -26.540  -41.153  57.268 0.0000000000
51383  -17.753  -42.433  66.944 0.0000000000
133710  -17.519  -42.765  67.521 0.0000000000
50422  -18.113  -43.952  67.081 0.0000000000
51443  -20.418  -42.152  63.179 0.0000000000
51442  -19.567  -42.453  63.615 0.0000000000
51444  -20.937  -42.799  63.884 0.0000000000
53464  -24.171  -39.969  62.657 0.0000000000
53465  -24.828  -40.651  62.145 0.0000000000
153699  -25.936  -41.787  61.979 0.0000000000
51479  -26.961  -42.145  61.317 0.0000000000
62875  -29.669  -31.610  51.993 0.0000000000
60877  -30.896  -33.490  53.148 0.0000000000
58990  -21.409  -35.676  59.740 0.0000000000
56699  -20.884  -36.689  59.909 0.0000000000
55571  -20.486  -38.115  60.484 0.0000000000
54520  -20.874  -38.933  60.674 0.0000000000
54521  -21.842  -38.883  60.789 0.0000000000
151038  -22.973  -39.099  61.761 0.0000000000
70441  -28.016  -23.950  53.851 0.0000000000
71424  -28.656  -23.487  53.463 0.0000000000
68511  -26.667  -27.324  55.763 0.0000000000
146905  -25.946  -27.898  54.237 0.0000000000
69538  -26.971  -25.250  54.415 0.0000000000
74267  -34.233  -20.422  40.841 0.0000000000
73401  -36.255  -21.675  40.324 0.0000000000
75181  -34.765  -19.748  40.356 0.0000000000
76123  -35.814  -17.931  39.704 0.0000000000
78156  -35.870  -16.437  39.483 0.0000000000
81851  -38.687  -11.767  37.950 0.0000000000
82793  -39.533  -11.589  37.666 0.0000000000
81868  -40.567  -12.892  36.702 0.0000000000
80022  -41.508  -14.696  36.349 0.0000000000
79170  -41.905  -15.715  36.609 0.0000000000
80023  -42.346  -14.868  36.064 0.0000000000
80024  -43.139  -15.127  35.821 0.0000000000
80034  -44.800  -14.966  35.090 0.0000000000
156191  -44.820  -14.188  35.001 0.0000000000
81880  -44.880  -12.814  35.043 0.0000000000
48129  -17.045  -45.056  68.982 0.0000000000
48114  -15.817  -44.991  70.057 0.0000000000
48105  -16.758  -45.788  70.036 0.0000000000
70478  -31.819  -24.580  49.303 0.0000000000
147348  -30.378  -25.894  49.259 0.0000000000
147532  -31.529  -26.101  48.670 0.0000000000
67512  -31.534  -27.721  48.727 0.0000000000
143629  -32.025  -28.269  48.574 0.0000000000
65123  -33.869  -29.669  47.272 0.0000000000
66356  -33.938  -28.554  46.609 0.0000000000
65139  -33.235  -30.246  45.919 0.0000000000
64039  -33.617  -30.938  45.065 0.0000000000
148734  -34.636  -31.992  45.608 0.0000000000
65171  -33.201  -29.327  44.388 0.0000000000
65187  -33.601  -29.195  43.819 0.0000000000
67600  -33.877  -27.663  43.373 0.0000000000
69659  -33.885  -26.060  42.954 0.0000000000
70554  -33.058  -25.080  43.429 0.0000000000
53581  -26.582  -40.426  54.526 0.0000000000
52505  -27.200  -41.149  56.654 0.0000000000
53559  -27.973  -40.927  55.998 0.0000000000
52368  -17.985  -41.658  66.022 0.0000000000
51396  -18.157  -42.575  66.100 0.0000000000
48081  -13.385  -45.719  73.262 0.0000000000
49311  -13.689  -44.824  74.389 0.0000000000
48069  -12.642  -45.848  74.704 0.0000000000
46909  -11.976  -46.357  76.260 0.0000000000
46901  -11.833  -46.251  77.273 0.0000000000
63934  -33.834  -30.284  53.318 0.0000000000
58024  -29.552  -36.986  50.532 0.0000000000
133315  -30.350  -38.629  52.964 0.0000000000
56656  -19.393  -37.488  63.389 0.0000000000
151608  -18.795  -38.732  63.495 0.0000000000
54493  -18.432  -39.679  64.195 0.0000000000
53459  -18.911  -39.922  62.876 0.0000000000
52425  -19.259  -40.797  62.691 0.0000000000
52427  -20.623  -41.363  62.609 0.0000000000
53476  -20.650  -40.038  61.419 0.0000000000
53461  -21.233  -40.786  62.515 0.0000000000
52395  -21.606  -41.339  63.915 0.0000000000
82835  -49.336  -11.492  30.215 0.0000000000
66263  -28.971  -27.848  52.700 0.0000000000
67440  -29.453  -27.065  52.521 0.0000000000
68544  -28.821  -26.608  51.300 0.0000000000
69572  -28.703  -24.606  50.590 0.0000000000
133845  -29.542  -24.308  50.193 0.0000000000
71434  -29.484  -22.934  52.230 0.0000000000
71442  -30.277  -22.874  51.201 0.0000000000
70468  -31.410  -23.798  49.832 0.0000000000
70470  -33.235  -24.437  50.385 0.0000000000
55593  -23.329  -38.243  58.517 0.0000000000
54538  -24.290  -39.505  58.330 0.0000000000
54553  -23.837  -38.624  57.938 0.0000000000
54566  -24.504  -39.377  56.471 0.0000000000
54579  -24.605  -39.199  55.578 0.0000000000
56749  -24.887  -37.788  55.099 0.0000000000
55632  -24.762  -38.379  54.795 0.0000000000
54596  -25.234  -39.494  54.303 0.0000000000
153309  -25.664  -38.742  52.960 0.0000000000
55673  -26.922  -38.109  51.655 0.0000000000
56804  -27.427  -37.622  51.111 0.0000000000
60866  -27.649  -33.326  54.758 0.0000000000
59986  -27.935  -34.452  52.973 0.0000000000
137032  -27.407  -35.327  51.370 0.0000000000
58039  -28.336  -36.373  50.157 0.0000000000
60015  -28.514  -34.800  49.724 0.0000000000
143291  -28.392  -32.973  49.780 0.0000000000
62898  -28.345  -31.729  50.150 0.0000000000
66247  -25.467  -28.712  52.739 0.0000000000
65073  -26.290  -29.640  51.254 0.0000000000
63963  -28.184  -30.604  50.674 0.0000000000
63947  -28.505  -29.945  51.334 0.0000000000
65062  -28.581  -29.160  51.864 0.0000000000
56724  -22.688  -36.311  58.169 0.0000000000
73402  -37.637  -21.729  40.418 0.0000000000
80889  -35.566  -13.650  40.699 0.0000000000
79982  -35.660  -14.631  39.490 0.0000000000
133314  -36.904  -16.013  39.038 0.0000000000
80922  -37.892  -13.647  37.774 0.0000000000
79139  -37.695  -15.387  38.423 0.0000000000
78173  -38.211  -16.095  38.804 0.0000000000
77156  -39.304  -17.004  39.942 0.0000000000
79208  -48.165  -14.830  32.799 0.0000000000
80971  -48.128  -13.470  31.808 0.0000000000
148315  -47.864  -11.916  31.880 0.0000000000
51331  -15.640  -43.058  72.298 0.0000000000
49326  -14.516  -44.503  72.601 0.0000000000
48104  -15.509  -45.388  70.697 0.0000000000
48093  -14.893  -45.480  71.423 0.0000000000
48082  -13.920  -45.711  72.600 0.0000000000
45834  -14.056  -46.714  72.877 0.0000000000
68531  -30.001  -26.686  52.781 0.0000000000
68532  -30.484  -26.670  53.152 0.0000000000
67442  -31.508  -27.081  52.802 0.0000000000
67462  -30.249  -26.921  50.601 0.0000000000
67463  -30.848  -27.391  51.480 0.0000000000
66265  -32.177  -28.016  52.785 0.0000000000
65064  -32.584  -29.156  52.410 0.0000000000
65065  -33.226  -29.742  52.885 0.0000000000
150492  -33.599  -30.589  52.485 0.0000000000
67514  -32.732  -28.503  48.575 0.0000000000
65107  -31.982  -29.992  48.486 0.0000000000
65108  -33.017  -30.201  47.433 0.0000000000
63998  -32.421  -30.699  48.012 0.0000000000
63985  -31.959  -30.711  49.604 0.0000000000
62900  -32.481  -31.268  49.976 0.0000000000
131757  -33.842  -31.558  51.245 0.0000000000
62958  -36.203  -32.237  46.723 0.0000000000
133156  -37.172  -31.983  47.932 0.0000000000
68685  -37.758  -27.131  43.065 0.0000000000
69675  -36.987  -25.803  42.216 0.0000000000
70581  -35.576  -24.432  41.496 0.0000000000
70569  -34.166  -24.513  42.091 0.0000000000
151551  -34.063  -23.847  41.797 0.0000000000
134258  -34.144  -21.883  41.089 0.0000000000
74266  -33.641  -20.173  41.610 0.0000000000
77120  -33.727  -17.301  42.653 0.0000000000
53529  -24.711  -40.206  58.688 0.0000000000
52465  -25.920  -41.243  59.552 0.0000000000
52494  -27.481  -41.331  57.634 0.0000000000
138548  -16.520  -43.085  69.494 0.0000000000
52339  -17.330  -41.361  68.214 0.0000000000
50416  -17.222  -43.163  68.136 0.0000000000
50415  -16.825  -43.663  68.747 0.0000000000
48130  -17.673  -45.074  68.399 0.0000000000
52394  -18.527  -41.521  64.280 0.0000000000
51426  -18.830  -42.435  64.333 0.0000000000
50432  -19.571  -43.826  65.227 0.0000000000
44845  -11.087  -48.770  76.746 0.0000000000
45801  -10.654  -47.412  77.144 0.0000000000
46895  -10.983  -46.054  78.158 0.0000000000
66236  -29.333  -28.057  54.412 0.0000000000
54531  -23.493  -38.790  59.897 0.0000000000
54532  -24.110  -39.391  59.737 0.0000000000
79955  -34.707  -14.908  42.531 0.0000000000
79105  -34.300  -15.586  41.917 0.0000000000
158295  -34.920  -14.533  41.952 0.0000000000
82796  -42.687  -10.860  36.971 0.0000000000
143470  -41.900  -11.093  37.048 0.0000000000
82806  -43.399  -11.336  36.494 0.0000000000
68648  -32.799  -26.377  45.101 0.0000000000
152210  -29.010  -38.900  51.865 0.0000000000
54628  -28.749  -39.373  52.538 0.0000000000
55531  -18.324  -38.415  65.586 0.0000000000
134402  -18.036  -39.353  65.842 0.0000000000
81898  -48.767  -12.827  30.944 0.0000000000
80976  -49.327  -13.655  31.093 0.0000000000
81899  -49.017  -12.109  30.519 0.0000000000
67402  -32.318  -27.348  54.468 0.0000000000
61847  -29.540  -32.572  50.371 0.0000000000
137380  -30.525  -33.697  51.405 0.0000000000
56687  -20.068  -37.338  60.855 0.0000000000
56686  -19.718  -37.491  61.533 0.0000000000
54519  -20.189  -38.827  60.856 0.0000000000
68559  -26.540  -25.942  51.627 0.0000000000
69559  -27.080  -25.004  51.421 0.0000000000
56736  -24.411  -37.210  56.370 0.0000000000
59039  -28.715  -35.354  54.158 0.0000000000
57980  -27.853  -36.093  53.744 0.0000000000
57993  -27.313  -36.085  52.833 0.0000000000
59987  -28.480  -34.726  53.694 0.0000000000
66221  -26.135  -28.889  55.571 0.0000000000
65016  -25.879  -29.722  55.775 0.0000000000
63917  -25.800  -30.426  55.105 0.0000000000
144931  -25.926  -31.575  54.006 0.0000000000
63932  -25.731  -30.846  54.158 0.0000000000
63916  -25.686  -29.923  54.133 0.0000000000
70439  -26.734  -24.658  52.752 0.0000000000
68543  -26.096  -26.092  52.313 0.0000000000
69550  -26.474  -25.206  52.147 0.0000000000
138792  -26.740  -26.737  51.218 0.0000000000
133316  -36.320  -24.120  41.187 0.0000000000
71559  -37.193  -23.959  41.123 0.0000000000
71572  -36.580  -23.265  40.770 0.0000000000
76125  -37.335  -18.102  39.703 0.0000000000
75184  -38.048  -19.300  39.961 0.0000000000
76126  -38.137  -17.871  39.852 0.0000000000
149646  -38.002  -10.453  39.731 0.0000000000
82771  -37.411  -11.130  39.655 0.0000000000
82772  -37.897  -10.873  39.083 0.0000000000
79168  -40.404  -15.512  37.189 0.0000000000
79157  -39.541  -15.253  37.476 0.0000000000
78190  -40.648  -16.264  37.943 0.0000000000
158609  -40.270  -16.302  38.455 0.0000000000
149132  -16.154  -43.686  69.764 0.0000000000
157378  -31.289  -29.029  49.263 0.0000000000
152867  -31.383  -29.555  49.682 0.0000000000
62955  -33.685  -31.917  46.486 0.0000000000
62944  -33.227  -31.841  47.198 0.0000000000
61884  -33.700  -32.389  47.749 0.0000000000
61871  -33.681  -32.423  48.637 0.0000000000
61885  -34.399  -32.622  48.243 0.0000000000
61886  -35.006  -32.701  48.629 0.0000000000
61897  -34.385  -32.547  47.527 0.0000000000
66402  -35.086  -29.012  43.284 0.0000000000
136611  -36.086  -29.209  43.437 0.0000000000
65190  -36.995  -29.180  43.739 0.0000000000
67602  -36.340  -27.744  43.008 0.0000000000
67601  -35.467  -27.611  42.942 0.0000000000
53557  -25.366  -40.361  56.563 0.0000000000
53546  -25.866  -40.824  57.074 0.0000000000
53558  -26.270  -40.842  56.341 0.0000000000
50427  -17.907  -43.159  66.909 0.0000000000
49392  -18.725  -44.313  66.700 0.0000000000
50369  -14.645  -44.057  73.476 0.0000000000
49312  -14.193  -44.429  73.982 0.0000000000
155888  -30.296  -26.932  54.611 0.0000000000
53478  -24.269  -39.943  61.800 0.0000000000
157791  -24.712  -40.362  60.264 0.0000000000
146425  -25.061  -40.745  60.751 0.0000000000
52452  -25.856  -41.386  60.518 0.0000000000
52439  -26.260  -41.823  61.327 0.0000000000
147915  -29.210  -30.704  52.022 0.0000000000
62876  -30.140  -32.061  52.733 0.0000000000
59002  -22.640  -35.352  58.659 0.0000000000
57930  -21.924  -35.714  59.140 0.0000000000
55579  -21.459  -37.539  59.646 0.0000000000
145269  -20.912  -37.615  60.060 0.0000000000
53477  -23.497  -39.415  62.222 0.0000000000
152038  -28.213  -24.254  54.567 0.0000000000
70433  -28.782  -23.851  54.295 0.0000000000
68505  -27.173  -26.513  56.201 0.0000000000
70425  -28.053  -24.658  55.203 0.0000000000
70432  -27.512  -24.619  54.331 0.0000000000
75171  -33.963  -19.553  41.009 0.0000000000
76111  -34.377  -18.799  40.516 0.0000000000
158027  -34.484  -16.163  40.506 0.0000000000
77142  -35.034  -17.461  39.904 0.0000000000
78148  -35.085  -16.497  39.866 0.0000000000
77152  -35.853  -17.142  39.601 0.0000000000
82786  -39.912  -10.749  37.969 0.0000000000
81860  -40.864  -12.066  36.952 0.0000000000
80941  -41.061  -13.732  36.433 0.0000000000
80942  -42.037  -13.703  36.083 0.0000000000
80031  -42.934  -14.167  35.742 0.0000000000
80032  -43.590  -14.539  35.511 0.0000000000
80033  -44.234  -14.373  35.252 0.0000000000
80950  -44.491  -13.555  35.149 0.0000000000
82813  -44.763  -11.947  35.488 0.0000000000
69585  -32.126  -25.464  48.893 0.0000000000
67495  -32.683  -27.042  48.764 0.0000000000
68591  -32.333  -26.451  48.703 0.0000000000
67513  -32.244  -27.445  48.616 0.0000000000
67564  -32.958  -27.690  45.416 0.0000000000
158861  -33.147  -28.361  45.843 0.0000000000
65156  -33.092  -29.675  45.127 0.0000000000
147533  -33.300  -30.409  45.283 0.0000000000
64050  -33.377  -30.166  44.687 0.0000000000
68665  -32.835  -26.910  44.273 0.0000000000
66390  -33.162  -28.402  43.931 0.0000000000
67599  -33.141  -27.487  43.840 0.0000000000
68682  -33.414  -26.712  43.510 0.0000000000
69658  -33.264  -25.829  43.457 0.0000000000
71518  -32.755  -23.955  44.591 0.0000000000
54598  -26.784  -40.135  53.753 0.0000000000
53569  -27.302  -40.753  55.157 0.0000000000
53582  -27.526  -40.427  54.325 0.0000000000
137271  -29.283  -40.204  54.719 0.0000000000
53571  -29.201  -40.524  55.782 0.0000000000
156227  -18.052  -41.153  65.680 0.0000000000
53409  -17.838  -40.903  66.431 0.0000000000
46922  -13.081  -46.453  73.517 0.0000000000
158877  -12.889  -45.977  73.858 0.0000000000
45824  -12.572  -46.552  74.089 0.0000000000
46916  -12.086  -46.435  75.336 0.0000000000
46908  -11.617  -46.954  75.762 0.0000000000
154795  -11.297  -47.051  76.652 0.0000000000
66250  -32.971  -28.302  54.108 0.0000000000
65038  -33.850  -29.443  54.519 0.0000000000
58041  -29.856  -36.284  50.417 0.0000000000
58025  -30.317  -36.642  51.013 0.0000000000
56670  -19.416  -37.697  62.365 0.0000000000
56646  -18.933  -38.056  63.974 0.0000000000
54496  -18.684  -39.425  63.494 0.0000000000
54499  -18.937  -39.153  62.842 0.0000000000
146234  -19.806  -40.639  62.050 0.0000000000
52426  -20.014  -41.341  62.478 0.0000000000
54508  -21.200  -39.506  61.145 0.0000000000
54501  -21.457  -39.962  61.887 0.0000000000
53450  -21.741  -40.605  63.389 0.0000000000
67439  -28.688  -27.429  51.731 0.0000000000
69560  -27.929  -24.421  51.095 0.0000000000
70466  -29.045  -23.909  50.602 0.0000000000
150378  -29.263  -23.159  53.064 0.0000000000
71426  -30.079  -23.016  53.076 0.0000000000
133252  -31.589  -22.873  52.325 0.0000000000
71443  -31.245  -22.800  51.327 0.0000000000
71450  -30.827  -23.212  50.484 0.0000000000
71451  -31.877  -23.227  50.581 0.0000000000
70469  -32.419  -23.937  49.958 0.0000000000
159056  -23.337  -37.815  57.961 0.0000000000
55614  -24.347  -38.625  56.076 0.0000000000
55606  -24.097  -38.613  56.957 0.0000000000
55620  -24.553  -38.672  55.342 0.0000000000
56760  -25.054  -37.927  54.192 0.0000000000
55633  -25.049  -38.677  53.894 0.0000000000
54610  -25.487  -39.323  53.600 0.0000000000
58004  -26.575  -37.118  51.961 0.0000000000
56789  -26.375  -37.816  52.080 0.0000000000
58022  -26.867  -37.508  51.571 0.0000000000
58023  -27.177  -36.766  51.150 0.0000000000
148328  -26.310  -31.749  55.623 0.0000000000
63868  -25.934  -30.498  57.387 0.0000000000
62844  -26.399  -31.551  56.344 0.0000000000
62845  -26.847  -32.301  55.946 0.0000000000
156920  -26.992  -32.779  55.257 0.0000000000
60876  -28.259  -33.989  53.806 0.0000000000
60875  -27.186  -33.337  53.844 0.0000000000
60881  -27.289  -33.905  52.062 0.0000000000
60001  -27.380  -34.466  51.056 0.0000000000
58038  -27.713  -36.351  50.496 0.0000000000
59085  -27.919  -35.575  50.129 0.0000000000
60014  -27.773  -34.633  50.190 0.0000000000
62884  -26.297  -31.476  51.479 0.0000000000
61846  -27.275  -32.408  50.450 0.0000000000
61857  -27.991  -32.340  49.952 0.0000000000
62897  -27.551  -31.595  50.374 0.0000000000
159059  -25.520  -28.841  53.332 0.0000000000
154043  -25.596  -28.264  53.367 0.0000000000
157146  -25.950  -28.125  51.533 0.0000000000
66276  -26.246  -28.685  51.264 0.0000000000
63962  -26.869  -30.212  50.890 0.0000000000
131901  -27.587  -29.986  50.848 0.0000000000
63964  -28.807  -30.691  51.018 0.0000000000
66278  -27.897  -27.942  51.198 0.0000000000
66262  -28.539  -28.368  51.831 0.0000000000
65049  -28.852  -28.777  52.841 0.0000000000
56725  -23.249  -36.786  57.630 0.0000000000
57940  -23.220  -35.600  57.881 0.0000000000
68686  -38.550  -26.747  43.203 0.0000000000
70584  -38.530  -24.365  41.588 0.0000000000
69687  -39.085  -24.825  42.065 0.0000000000
74279  -36.068  -20.910  40.158 0.0000000000
151380  -36.940  -21.925  40.396 0.0000000000
132291  -36.923  -21.285  40.242 0.0000000000
80881  -35.651  -13.549  41.667 0.0000000000
80882  -36.085  -13.024  41.098 0.0000000000
153671  -36.313  -13.138  39.208 0.0000000000
80902  -35.994  -13.801  39.275 0.0000000000
79137  -36.384  -14.568  38.856 0.0000000000
79123  -36.237  -15.373  39.079 0.0000000000
79138  -36.963  -15.308  38.711 0.0000000000
81858  -38.294  -12.637  37.797 0.0000000000
80931  -38.746  -13.538  37.420 0.0000000000
80000  -37.942  -14.691  37.908 0.0000000000
138453  -38.469  -15.580  38.264 0.0000000000
78159  -38.760  -16.634  39.385 0.0000000000
78160  -39.626  -16.624  39.552 0.0000000000
78149  -40.781  -16.506  40.468 0.0000000000
78209  -42.687  -16.365  36.852 0.0000000000
79192  -45.983  -15.156  34.499 0.0000000000
138919  -48.016  -15.407  33.444 0.0000000000
81894  -47.046  -12.518  32.880 0.0000000000
81895  -47.645  -12.623  32.122 0.0000000000
143366  -15.436  -43.888  70.931 0.0000000000
50386  -15.732  -43.223  71.396 0.0000000000
49327  -15.105  -43.968  71.824 0.0000000000
132390  -16.121  -45.485  70.207 0.0000000000
46929  -15.408  -46.612  71.998 0.0000000000
46937  -14.778  -46.156  71.890 0.0000000000
48092  -14.402  -45.610  72.049 0.0000000000
46928  -14.191  -46.213  72.416 0.0000000000
46927  -13.627  -46.302  72.959 0.0000000000
44867  -14.897  -47.926  73.825 0.0000000000
68546  -30.258  -26.705  52.367 0.0000000000
68547  -30.882  -26.763  52.697 0.0000000000
67441  -31.096  -27.060  52.239 0.0000000000
68589  -30.882  -26.374  48.825 0.0000000000
67493  -30.400  -26.648  49.433 0.0000000000
67475  -30.653  -27.501  49.633 0.0000000000
66279  -31.226  -28.370  51.030 0.0000000000
134264  -30.722  -27.705  50.547 0.0000000000
66264  -31.483  -27.722  52.071 0.0000000000
63965  -32.237  -30.105  51.110 0.0000000000
63948  -32.887  -30.133  51.929 0.0000000000
63966  -33.361  -30.990  51.650 0.0000000000
135521  -33.282  -29.491  48.113 0.0000000000
66323  -32.230  -29.219  48.428 0.0000000000
65140  -33.648  -29.594  46.703 0.0000000000
159186  -32.341  -31.205  48.411 0.0000000000
63997  -32.005  -30.671  48.756 0.0000000000
62914  -32.379  -31.423  49.142 0.0000000000
157935  -34.094  -32.176  50.224 0.0000000000
147668  -33.661  -31.915  50.417 0.0000000000
151795  -34.631  -31.630  51.665 0.0000000000
62966  -34.493  -31.427  44.908 0.0000000000
62957  -35.302  -32.326  46.174 0.0000000000
62967  -35.434  -31.812  45.301 0.0000000000
62969  -36.948  -31.436  45.808 0.0000000000
62959  -36.916  -31.740  46.501 0.0000000000
62946  -37.499  -31.564  47.172 0.0000000000
65175  -38.118  -29.342  44.690 0.0000000000
64040  -38.057  -30.394  45.768 0.0000000000
65158  -38.428  -29.651  45.410 0.0000000000
66391  -38.477  -28.564  44.416 0.0000000000
66405  -38.135  -28.191  43.849 0.0000000000
68701  -36.505  -26.404  42.483 0.0000000000
69674  -36.112  -25.769  42.134 0.0000000000
141135  -36.223  -24.718  41.530 0.0000000000
69683  -35.761  -25.129  41.806 0.0000000000
70568  -33.483  -24.784  42.705 0.0000000000
69672  -34.266  -25.357  42.459 0.0000000000
71546  -33.448  -23.991  42.360 0.0000000000
73378  -33.117  -21.576  42.330 0.0000000000
71556  -33.558  -23.136  41.856 0.0000000000
72452  -33.523  -22.156  41.648 0.0000000000
72453  -34.250  -22.600  41.265 0.0000000000
73388  -33.687  -21.162  41.427 0.0000000000
77110  -33.557  -18.054  42.989 0.0000000000
52478  -25.962  -41.140  58.664 0.0000000000
147360  -26.468  -41.647  59.956 0.0000000000
52454  -27.225  -41.797  59.993 0.0000000000
53547  -27.978  -41.119  56.914 0.0000000000
52481  -28.193  -41.263  58.458 0.0000000000
55634  -30.590  -39.052  54.173 0.0000000000
52322  -16.884  -42.022  69.577 0.0000000000
52354  -17.511  -41.953  67.474 0.0000000000
50421  -17.588  -43.581  67.557 0.0000000000
49373  -17.160  -44.439  68.500 0.0000000000
49383  -17.752  -44.421  67.783 0.0000000000
53449  -18.692  -40.282  63.458 0.0000000000
53435  -18.439  -40.597  64.221 0.0000000000
51427  -19.515  -42.957  64.153 0.0000000000
50439  -19.131  -43.174  64.771 0.0000000000
82836  -49.886  -11.308  29.668 0.0000000000
44838  -10.102  -48.722  76.869 0.0000000000
44839  -10.541  -48.926  76.895 0.0000000000
45800  -10.172  -47.894  77.064 0.0000000000
45797  -10.438  -46.795  77.502 0.0000000000
153531  -24.319  -39.881  60.205 0.0000000000
63933  -29.365  -30.436  53.191 0.0000000000
153130  -22.059  -38.131  59.632 0.0000000000
55573  -22.560  -38.594  60.165 0.0000000000
159082  -23.255  -38.807  60.449 0.0000000000
71398  -29.545  -24.136  55.707 0.0000000000
77128  -33.857  -17.266  41.402 0.0000000000
135253  -33.861  -18.154  41.040 0.0000000000
78136  -34.108  -16.282  41.249 0.0000000000
79115  -34.414  -15.541  40.993 0.0000000000
79973  -34.786  -14.907  40.691 0.0000000000
83741  -40.705  -10.849  37.646 0.0000000000
82804  -41.663  -11.895  36.752 0.0000000000
81870  -42.255  -12.559  36.283 0.0000000000
81878  -43.516  -12.742  35.689 0.0000000000
81872  -43.851  -12.028  35.841 0.0000000000
69586  -33.007  -25.812  49.218 0.0000000000
68578  -33.565  -26.473  49.856 0.0000000000
142196  -32.780  -27.076  45.074 0.0000000000
69645  -32.817  -25.427  44.212 0.0000000000
70525  -32.877  -25.071  45.242 0.0000000000
54627  -27.668  -39.394  52.473 0.0000000000
136303  -27.629  -40.109  53.657 0.0000000000
54613  -28.142  -39.808  53.164 0.0000000000
54600  -29.371  -39.830  53.985 0.0000000000
54491  -18.013  -40.387  65.726 0.0000000000
53423  -18.212  -40.922  65.005 0.0000000000
80076  -48.927  -14.138  31.692 0.0000000000
45818  -13.021  -47.620  74.051 0.0000000000
45817  -12.363  -47.371  74.453 0.0000000000
44859  -12.617  -48.229  74.756 0.0000000000
44858  -11.961  -48.042  75.198 0.0000000000
44851  -11.627  -48.506  75.989 0.0000000000
65051  -32.854  -28.756  53.275 0.0000000000
60016  -30.111  -34.829  50.196 0.0000000000
60002  -30.612  -34.660  51.068 0.0000000000
59053  -30.951  -35.332  51.778 0.0000000000
59044  -31.599  -35.587  53.339 0.0000000000
58977  -20.944  -35.796  60.493 0.0000000000
58976  -20.628  -35.970  61.143 0.0000000000
57892  -20.268  -36.403  62.401 0.0000000000
57907  -19.798  -36.982  62.101 0.0000000000
55551  -19.255  -38.724  62.189 0.0000000000
53475  -19.980  -40.086  61.513 0.0000000000
54502  -22.522  -39.438  62.278 0.0000000000
53451  -22.479  -39.968  63.759 0.0000000000
145655  -27.440  -26.674  51.023 0.0000000000
70456  -28.201  -23.754  51.404 0.0000000000
56750  -26.378  -37.152  55.085 0.0000000000
56751  -27.159  -36.736  54.441 0.0000000000
147868  -26.034  -37.254  53.136 0.0000000000
57992  -26.569  -36.824  52.647 0.0000000000
154361  -25.765  -30.022  56.624 0.0000000000
158030  -25.833  -30.422  55.975 0.0000000000
63901  -25.963  -31.097  55.770 0.0000000000
61828  -26.561  -32.720  53.797 0.0000000000
61817  -26.264  -32.170  54.289 0.0000000000
61827  -26.128  -32.101  53.291 0.0000000000
60890  -27.115  -33.334  50.914 0.0000000000
61836  -26.289  -32.293  52.178 0.0000000000
135944  -25.916  -31.460  52.471 0.0000000000
63946  -25.779  -30.741  51.961 0.0000000000
68529  -26.018  -26.390  53.251 0.0000000000
67416  -25.742  -27.367  53.295 0.0000000000
68542  -25.765  -27.000  52.436 0.0000000000
67438  -25.794  -27.652  51.847 0.0000000000
67459  -26.378  -27.679  51.308 0.0000000000
66277  -27.049  -28.338  50.943 0.0000000000
69685  -37.410  -25.180  41.848 0.0000000000
69676  -37.928  -25.787  42.337 0.0000000000
70583  -37.734  -24.512  41.494 0.0000000000
71560  -38.041  -23.831  41.202 0.0000000000
76113  -36.290  -19.099  39.785 0.0000000000
74280  -36.903  -20.494  40.053 0.0000000000
75183  -37.028  -19.656  39.878 0.0000000000
82761  -36.842  -11.760  40.971 0.0000000000
81823  -36.432  -12.379  40.539 0.0000000000
81824  -36.850  -11.758  40.025 0.0000000000
80903  -36.833  -12.879  38.780 0.0000000000
80932  -39.493  -13.639  37.060 0.0000000000
80013  -39.148  -14.410  37.320 0.0000000000
79140  -39.234  -15.807  38.139 0.0000000000
78175  -39.876  -16.347  38.851 0.0000000000
78176  -40.734  -16.360  38.987 0.0000000000
80958  -45.712  -13.608  34.318 0.0000000000
80043  -46.084  -14.388  34.154 0.0000000000
80959  -46.287  -13.650  33.737 0.0000000000
80966  -46.925  -13.731  33.073 0.0000000000
50387  -16.158  -42.768  70.866 0.0000000000
68562  -28.844  -25.701  50.644 0.0000000000
65076  -31.702  -29.362  51.023 0.0000000000
158756  -33.234  -30.869  46.324 0.0000000000
64009  -32.968  -31.050  47.126 0.0000000000
62915  -32.980  -32.071  48.968 0.0000000000
61860  -34.643  -32.353  50.045 0.0000000000
61873  -35.241  -32.577  49.337 0.0000000000
61887  -35.725  -32.576  48.614 0.0000000000
151738  -35.503  -30.631  44.002 0.0000000000
62977  -35.489  -31.262  44.565 0.0000000000
64052  -36.189  -30.830  44.368 0.0000000000
154702  -37.326  -30.857  45.410 0.0000000000
64053  -36.945  -30.537  44.634 0.0000000000
65174  -37.358  -29.732  44.305 0.0000000000
66404  -37.438  -28.410  43.618 0.0000000000
67603  -37.157  -27.787  43.214 0.0000000000
67619  -35.999  -27.020  42.700 0.0000000000
68700  -35.610  -26.315  42.453 0.0000000000
72432  -32.672  -22.798  43.385 0.0000000000
154189  -33.123  -21.065  43.190 0.0000000000
147888  -33.428  -19.872  42.475 0.0000000000
53556  -24.824  -39.971  57.029 0.0000000000
53545  -25.328  -40.515  57.426 0.0000000000
52492  -25.918  -41.013  57.799 0.0000000000
52479  -26.639  -41.372  58.159 0.0000000000
49384  -18.384  -44.535  67.304 0.0000000000
52411  -19.489  -41.742  63.086 0.0000000000
52410  -18.966  -41.949  63.663 0.0000000000
51428  -20.230  -42.940  63.884 0.0000000000
50441  -20.719  -43.360  64.431 0.0000000000
133796  -31.262  -26.759  54.383 0.0000000000
52428  -24.801  -40.780  63.113 0.0000000000
52429  -25.444  -41.357  62.436 0.0000000000
53479  -24.785  -40.553  61.412 0.0000000000
52438  -25.454  -41.210  61.506 0.0000000000
61837  -29.651  -32.038  51.141 0.0000000000
61838  -30.478  -32.949  52.345 0.0000000000
56711  -21.578  -36.614  59.291 0.0000000000
56698  -20.492  -37.258  60.344 0.0000000000
70440  -27.315  -24.247  53.343 0.0000000000
71423  -27.901  -23.669  52.973 0.0000000000
71425  -29.587  -23.450  53.895 0.0000000000
66210  -26.474  -28.248  56.228 0.0000000000
66235  -26.030  -28.651  54.801 0.0000000000
139727  -26.280  -28.034  55.250 0.0000000000
67400  -26.350  -27.171  54.857 0.0000000000
68521  -26.439  -26.411  54.500 0.0000000000
69528  -26.809  -25.821  54.851 0.0000000000
150211  -26.476  -25.772  53.952 0.0000000000
69544  -26.801  -24.929  53.646 0.0000000000
72465  -34.924  -22.160  40.716 0.0000000000
138083  -35.731  -22.089  40.469 0.0000000000
73400  -35.421  -21.464  40.394 0.0000000000
74278  -35.116  -20.630  40.318 0.0000000000
77141  -34.359  -17.834  40.463 0.0000000000
135252  -35.044  -18.306  39.937 0.0000000000
151739  -35.784  -18.577  39.762 0.0000000000
76124  -36.523  -18.377  39.680 0.0000000000
77153  -36.645  -17.627  39.581 0.0000000000
78157  -36.707  -16.761  39.391 0.0000000000
83733  -38.474  -10.603  38.879 0.0000000000
82785  -39.005  -11.013  38.233 0.0000000000
82794  -40.367  -11.450  37.443 0.0000000000
81859  -40.073  -12.224  37.182 0.0000000000
139344  -39.881  -12.974  36.934 0.0000000000
80933  -40.238  -13.733  36.717 0.0000000000
80021  -40.674  -14.628  36.639 0.0000000000
79169  -41.130  -15.362  36.737 0.0000000000
145749  -42.675  -15.669  36.260 0.0000000000
79171  -43.348  -16.028  36.150 0.0000000000
79191  -45.404  -15.302  34.901 0.0000000000
80951  -45.116  -13.586  34.795 0.0000000000
81887  -45.483  -12.826  34.638 0.0000000000
49372  -16.611  -44.424  69.130 0.0000000000
49356  -16.038  -44.387  69.741 0.0000000000
48115  -16.385  -45.104  69.581 0.0000000000
70477  -30.956  -24.497  49.401 0.0000000000
69584  -31.063  -25.393  48.946 0.0000000000
68590  -31.493  -26.876  48.633 0.0000000000
66322  -31.621  -28.605  48.763 0.0000000000
156511  -31.665  -29.357  48.761 0.0000000000
66355  -33.193  -29.216  45.851 0.0000000000
64038  -33.365  -30.951  45.748 0.0000000000
62965  -33.849  -31.611  45.735 0.0000000000
62956  -34.303  -32.211  46.260 0.0000000000
62976  -34.045  -30.672  44.418 0.0000000000
64051  -34.612  -30.340  43.878 0.0000000000
65188  -34.374  -29.547  43.586 0.0000000000
66401  -34.087  -28.673  43.445 0.0000000000
143397  -34.825  -28.136  43.157 0.0000000000
152451  -34.702  -27.429  43.032 0.0000000000
68683  -34.269  -26.824  43.021 0.0000000000
69671  -33.535  -25.447  42.927 0.0000000000
71533  -32.807  -24.120  43.416 0.0000000000
156622  -32.674  -23.406  43.412 0.0000000000
72419  -32.876  -22.337  44.322 0.0000000000
73359  -33.207  -21.526  44.359 0.0000000000
53568  -26.395  -40.653  55.372 0.0000000000
136817  -27.011  -40.977  55.878 0.0000000000
53570  -28.320  -40.580  54.976 0.0000000000
132843  -28.754  -40.834  56.755 0.0000000000
149946  -17.765  -41.765  66.714 0.0000000000
50431  -18.746  -43.406  65.537 0.0000000000
49319  -13.715  -44.997  73.608 0.0000000000
150429  -13.231  -45.420  74.066 0.0000000000
48070  -13.262  -45.206  74.751 0.0000000000
48063  -13.158  -45.272  75.480 0.0000000000
152605  -12.200  -46.658  74.664 0.0000000000
48062  -12.563  -45.795  75.819 0.0000000000
48055  -12.531  -45.791  76.861 0.0000000000
82750  -36.984  -11.729  41.871 0.0000000000
83701  -37.704  -10.671  41.453 0.0000000000
154055  -37.970  -10.307  40.420 0.0000000000
83714  -38.409  -9.896  40.381 0.0000000000
56806  -29.148  -37.755  50.810 0.0000000000
55676  -29.649  -38.262  51.637 0.0000000000
56807  -30.027  -37.448  51.203 0.0000000000
55660  -30.847  -38.224  52.882 0.0000000000
60882  -30.790  -33.778  52.380 0.0000000000
136332  -19.452  -37.365  64.300 0.0000000000
55538  -18.564  -38.841  64.134 0.0000000000
52412  -21.157  -41.545  63.053 0.0000000000
54507  -20.361  -39.484  61.090 0.0000000000
156402  -29.007  -28.191  53.277 0.0000000000
66248  -29.326  -27.592  53.550 0.0000000000
68561  -28.001  -26.166  50.863 0.0000000000
70467  -30.412  -23.963  49.908 0.0000000000
70448  -27.941  -23.573  52.123 0.0000000000
71440  -28.710  -23.239  51.742 0.0000000000
71441  -29.477  -23.054  51.365 0.0000000000
71435  -30.523  -22.788  52.126 0.0000000000
152098  -29.930  -22.843  51.705 0.0000000000
71449  -29.749  -23.463  50.608 0.0000000000
70459  -33.478  -24.286  51.428 0.0000000000
54554  -24.337  -39.397  57.418 0.0000000000
54567  -24.938  -39.843  55.963 0.0000000000
54580  -25.081  -39.696  55.149 0.0000000000
143882  -25.446  -37.497  54.749 0.0000000000
54595  -24.720  -39.022  54.766 0.0000000000
53580  -25.744  -40.166  54.790 0.0000000000
54597  -25.911  -39.949  53.963 0.0000000000
54611  -26.148  -39.591  53.238 0.0000000000
55655  -25.846  -38.104  52.576 0.0000000000
54626  -26.607  -39.202  52.570 0.0000000000
55657  -27.192  -38.795  51.945 0.0000000000
55674  -27.730  -38.336  51.341 0.0000000000
56805  -28.221  -37.772  50.782 0.0000000000
60867  -28.621  -33.876  54.604 0.0000000000
59052  -27.405  -35.604  52.150 0.0000000000
150635  -27.551  -33.816  53.075 0.0000000000
59994  -27.528  -34.841  52.110 0.0000000000
136782  -27.248  -35.982  51.476 0.0000000000
59069  -27.456  -35.882  50.830 0.0000000000
56823  -27.874  -37.045  50.552 0.0000000000
56824  -28.683  -37.102  50.353 0.0000000000
59086  -28.812  -35.647  49.799 0.0000000000
145123  -29.378  -34.878  49.718 0.0000000000
148523  -27.590  -33.880  50.330 0.0000000000
60901  -28.300  -33.833  49.781 0.0000000000
158384  -29.089  -34.182  49.605 0.0000000000
60902  -29.274  -33.347  49.794 0.0000000000
61858  -28.762  -32.423  49.928 0.0000000000
62899  -29.076  -31.813  50.377 0.0000000000
66234  -25.683  -28.928  54.015 0.0000000000
65035  -25.506  -29.469  53.180 0.0000000000
63960  -25.767  -29.939  51.744 0.0000000000
67437  -25.562  -27.896  52.561 0.0000000000
65061  -25.525  -29.331  52.224 0.0000000000
63961  -26.280  -30.509  51.334 0.0000000000
63974  -27.502  -30.778  50.613 0.0000000000
152058  -28.049  -31.157  50.365 0.0000000000
62886  -28.632  -31.192  50.537 0.0000000000
136404  -29.223  -31.290  51.077 0.0000000000
65075  -27.820  -29.016  51.169 0.0000000000
65063  -28.949  -29.762  52.497 0.0000000000
137409  -38.675  -25.456  42.333 0.0000000000
72466  -36.439  -22.377  40.504 0.0000000000
72467  -37.414  -22.564  40.604 0.0000000000
71574  -38.366  -23.069  40.939 0.0000000000
132582  -37.710  -20.979  40.235 0.0000000000
79965  -35.091  -14.238  41.324 0.0000000000
79974  -35.187  -14.317  40.295 0.0000000000
80890  -35.947  -13.093  40.001 0.0000000000
80901  -35.579  -13.842  39.900 0.0000000000
79122  -35.537  -15.644  39.579 0.0000000000
152435  -36.236  -16.070  39.261 0.0000000000
81850  -37.915  -11.886  38.375 0.0000000000
81849  -37.517  -12.719  38.286 0.0000000000
80921  -37.217  -13.591  38.283 0.0000000000
80012  -38.485  -14.281  37.559 0.0000000000
157968  -37.509  -14.129  38.011 0.0000000000
79999  -37.160  -14.513  38.366 0.0000000000
79124  -37.511  -15.897  38.827 0.0000000000
78158  -37.743  -16.599  39.233 0.0000000000
77143  -38.955  -17.689  40.092 0.0000000000
77157  -40.066  -16.750  40.217 0.0000000000
79221  -48.962  -14.750  32.400 0.0000000000
80059  -47.579  -14.225  32.682 0.0000000000
80060  -48.164  -14.212  32.220 0.0000000000
81896  -48.202  -12.670  31.537 0.0000000000
82827  -48.008  -11.053  32.136 0.0000000000
50375  -15.122  -43.645  72.870 0.0000000000
49346  -15.533  -44.526  70.430 0.0000000000
49335  -14.586  -44.884  71.808 0.0000000000
145457  -14.238  -45.173  72.347 0.0000000000
49325  -13.960  -45.123  72.914 0.0000000000
45825  -13.457  -47.014  73.401 0.0000000000
45826  -14.402  -47.307  73.250 0.0000000000
67420  -31.143  -26.722  53.413 0.0000000000
66308  -33.730  -28.863  48.924 0.0000000000
63975  -32.316  -30.727  50.489 0.0000000000
138098  -32.979  -31.830  49.835 0.0000000000
62901  -33.033  -31.355  50.721 0.0000000000
62887  -34.048  -31.221  52.137 0.0000000000
62867  -34.742  -31.248  52.717 0.0000000000
61849  -35.026  -32.034  50.919 0.0000000000
61905  -34.764  -32.516  46.929 0.0000000000
61906  -35.549  -32.495  47.049 0.0000000000
61899  -36.229  -32.419  47.722 0.0000000000
146322  -36.234  -31.902  45.886 0.0000000000
67604  -38.371  -27.469  43.565 0.0000000000
140847  -37.790  -27.809  43.457 0.0000000000
68702  -37.361  -26.441  42.623 0.0000000000
69684  -36.569  -25.224  41.810 0.0000000000
71558  -35.479  -23.584  41.103 0.0000000000
68699  -34.710  -26.180  42.609 0.0000000000
70570  -34.951  -24.882  41.892 0.0000000000
70580  -34.784  -24.123  41.587 0.0000000000
71557  -34.504  -23.369  41.403 0.0000000000
149645  -34.955  -22.899  40.990 0.0000000000
73389  -34.553  -21.295  40.727 0.0000000000
75162  -33.480  -19.247  42.630 0.0000000000
76097  -33.536  -18.703  42.337 0.0000000000
77127  -33.656  -18.036  41.960 0.0000000000
79095  -34.365  -15.644  42.777 0.0000000000
145691  -24.308  -39.671  59.065 0.0000000000
53512  -25.283  -40.728  59.112 0.0000000000
52453  -26.702  -41.897  60.642 0.0000000000
52480  -27.337  -41.496  58.522 0.0000000000
52467  -27.703  -41.539  59.269 0.0000000000
52455  -28.167  -41.541  60.194 0.0000000000
54614  -29.914  -39.204  53.496 0.0000000000
152247  -30.014  -39.621  54.439 0.0000000000
51345  -16.472  -42.464  70.256 0.0000000000
51369  -17.286  -42.319  68.156 0.0000000000
51355  -16.989  -42.705  68.812 0.0000000000
152372  -18.565  -42.702  65.166 0.0000000000
49401  -19.147  -44.136  65.966 0.0000000000
141962  -21.234  -43.034  64.574 0.0000000000
49402  -20.168  -44.283  65.914 0.0000000000
80982  -49.578  -13.055  30.517 0.0000000000
43936  -11.888  -49.342  76.648 0.0000000000
158363  -11.294  -48.268  76.306 0.0000000000
43925  -11.212  -49.665  77.068 0.0000000000
45806  -10.964  -47.964  76.647 0.0000000000
46899  -11.088  -46.576  77.569 0.0000000000
46894  -9.732  -46.497  77.487 0.0000000000
45796  -9.908  -47.086  77.346 0.0000000000
46890  -10.427  -46.123  77.876 0.0000000000
55656  -26.357  -38.450  52.271 0.0000000000
55659  -29.644  -38.884  52.531 0.0000000000
58040  -29.143  -36.382  50.060 0.0000000000
59087  -29.662  -35.633  50.047 0.0000000000
59996  -31.214  -35.071  52.700 0.0000000000
60024  -29.713  -34.149  49.880 0.0000000000
60883  -31.060  -34.285  52.949 0.0000000000
60891  -30.037  -33.312  50.478 0.0000000000
60900  -27.713  -33.103  50.036 0.0000000000
61818  -26.772  -32.818  54.546 0.0000000000
62896  -26.837  -31.055  50.793 0.0000000000
62945  -36.826  -32.027  47.199 0.0000000000
63884  -25.957  -30.833  56.571 0.0000000000
63931  -25.623  -30.400  53.347 0.0000000000
65172  -33.738  -29.928  44.028 0.0000000000
66275  -25.806  -29.224  51.615 0.0000000000
67584  -38.798  -27.806  44.123 0.0000000000
68530  -26.240  -26.364  53.932 0.0000000000
69529  -27.404  -25.272  55.192 0.0000000000
69571  -28.516  -23.984  50.887 0.0000000000
70447  -27.292  -24.062  52.473 0.0000000000
71433  -28.614  -23.260  52.595 0.0000000000
75170  -33.579  -19.386  41.866 0.0000000000
76112  -35.308  -19.102  39.944 0.0000000000
80077  -49.876  -14.290  31.477 0.0000000000
82784  -38.262  -11.210  38.535 0.0000000000
133888  -30.365  -38.258  52.370 0.0000000000
134947  -38.026  -10.230  41.060 0.0000000000
135457  -25.568  -30.123  52.492 0.0000000000
135634  -27.547  -35.179  50.682 0.0000000000
138658  -29.034  -39.695  53.325 0.0000000000
145287  -35.095  -14.994  39.958 0.0000000000
151216  -37.157  -11.274  40.493 0.0000000000
152840  -10.558  -48.250  76.958 0.0000000000
155863  -30.423  -37.757  51.853 0.0000000000
156561  -37.678  -11.339  38.885 0.0000000000
157209  -29.878  -33.699  50.050 0.0000000000
