#!ascii label  , from subject sub-v1s17x0050249_ses-1 vox2ras=TkReg
555
137953  -27.904  -76.508  -4.551 0.6999999881
133358  -29.449  -75.563  -6.326 0.6000000238
20477  -28.828  -75.827  -6.656 0.6000000238
20483  -28.593  -76.149  -7.883 0.4000000060
21207  -29.514  -74.376  0.800 0.6999999881
22108  -30.359  -73.495  0.804 0.6999999881
21206  -28.324  -74.603  0.860 0.6999999881
21208  -30.397  -74.290  0.394 0.6000000238
20381  -28.703  -75.118  0.184 0.6999999881
21219  -30.735  -74.536  -0.226 0.6000000238
20393  -29.148  -75.460  -0.653 0.6000000238
20394  -30.275  -75.175  -0.774 0.6000000238
139220  -28.625  -75.855  -2.250 0.6000000238
20407  -30.833  -75.077  -1.581 0.6000000238
21245  -32.092  -74.270  -2.641 0.5000000000
138997  -30.346  -75.457  -3.237 0.5000000000
21257  -31.957  -74.669  -3.486 0.5000000000
20453  -30.996  -75.231  -4.689 0.6000000238
20452  -30.022  -75.426  -4.953 0.6000000238
21280  -31.676  -74.884  -5.303 0.6000000238
20468  -30.711  -75.235  -5.542 0.6000000238
20478  -30.308  -75.282  -6.331 0.6000000238
22093  -29.481  -73.464  1.248 0.6000000238
146667  -31.008  -73.043  0.515 0.6000000238
22120  -31.096  -73.732  0.160 0.6000000238
21220  -31.368  -74.086  -0.591 0.6000000238
157024  -32.505  -72.546  -2.085 0.6000000238
21230  -31.463  -74.389  -1.337 0.6000000238
22149  -31.898  -74.095  -1.850 0.6000000238
153917  -32.529  -73.582  -2.867 0.6000000238
21246  -32.536  -74.019  -3.494 0.6000000238
21269  -31.945  -74.790  -4.376 0.6000000238
21270  -32.636  -74.158  -4.290 0.6999999881
21281  -32.545  -74.372  -5.103 0.6000000238
142711  -32.305  -74.521  -5.843 0.6000000238
21291  -30.840  -75.013  -7.105 0.5000000000
21301  -30.280  -75.032  -8.029 0.5000000000
23013  -29.172  -72.661  1.371 0.6000000238
23032  -31.141  -72.240  0.481 0.6000000238
24024  -31.886  -71.353  -0.445 0.6000000238
23042  -32.118  -72.017  -0.927 0.6000000238
22134  -32.249  -72.721  -1.432 0.6000000238
24036  -32.480  -71.170  -2.020 0.6000000238
137937  -32.634  -71.883  -2.463 0.6000000238
24064  -32.877  -71.862  -3.251 0.6000000238
23077  -32.743  -72.744  -2.807 0.6000000238
23096  -32.988  -72.602  -3.612 0.6000000238
23109  -33.158  -72.550  -4.220 0.6999999881
21293  -32.440  -74.341  -6.535 0.6000000238
21302  -31.855  -74.560  -7.169 0.6000000238
21309  -30.294  -74.854  -8.962 0.4000000060
24009  -29.565  -71.982  1.097 0.6000000238
140958  -30.354  -72.022  0.852 0.6000000238
24011  -31.448  -71.417  0.195 0.6000000238
24025  -32.238  -71.248  -1.203 0.6000000238
24997  -32.488  -70.396  -2.369 0.5000000000
25009  -32.615  -70.306  -3.240 0.6000000238
140577  -32.883  -71.036  -3.795 0.6999999881
139867  -33.219  -72.063  -5.626 0.6000000238
22173  -33.231  -72.902  -4.656 0.6000000238
22184  -33.277  -72.881  -5.324 0.6000000238
22196  -33.017  -73.754  -5.930 0.6000000238
157426  -32.857  -73.864  -6.675 0.6000000238
22218  -32.383  -73.403  -8.536 0.6000000238
21311  -32.070  -74.194  -8.047 0.6000000238
21310  -31.184  -74.546  -8.618 0.4000000060
24008  -29.026  -71.327  0.987 0.5000000000
24954  -30.630  -70.693  0.673 0.6000000238
24955  -31.243  -70.672  0.407 0.6000000238
24969  -31.645  -70.768  -0.050 0.6000000238
24970  -32.006  -70.591  -0.660 0.5000000000
25917  -32.078  -69.855  -0.988 0.5000000000
24984  -32.298  -70.491  -1.511 0.5000000000
25959  -32.495  -69.507  -3.545 0.6000000238
26944  -32.208  -68.495  -4.616 0.6000000238
131984  -32.657  -70.132  -4.099 0.6999999881
25019  -32.843  -70.713  -4.660 0.6999999881
24074  -33.045  -71.396  -4.477 0.6999999881
25991  -32.176  -69.764  -6.683 0.6000000238
23119  -33.214  -72.125  -4.778 0.6999999881
24094  -32.996  -71.262  -5.978 0.6000000238
24103  -32.810  -71.229  -6.872 0.6000000238
137743  -33.138  -72.089  -6.468 0.6000000238
152276  -32.954  -72.084  -7.314 0.6000000238
23142  -32.780  -72.747  -7.929 0.6000000238
22217  -31.717  -73.962  -9.097 0.4000000060
24953  -29.994  -70.271  0.781 0.6000000238
145267  -30.873  -69.988  0.646 0.6000000238
25916  -31.632  -69.851  0.024 0.5000000000
25930  -31.903  -69.151  -0.720 0.6000000238
26899  -32.134  -68.854  -1.589 0.5000000000
26900  -32.333  -69.113  -2.317 0.6000000238
145597  -32.220  -68.454  -2.400 0.5000000000
25945  -32.455  -69.654  -2.722 0.6000000238
26915  -32.191  -68.072  -3.195 0.5000000000
26931  -32.346  -68.719  -3.798 0.5000000000
26955  -31.935  -68.225  -5.542 0.5000000000
26956  -32.293  -69.136  -5.242 0.6000000238
27890  -31.637  -67.523  -6.188 0.5000000000
25970  -32.563  -69.940  -4.949 0.6000000238
28801  -31.662  -66.698  -6.803 0.4000000060
25980  -32.415  -69.816  -5.794 0.6999999881
27896  -31.499  -67.718  -7.048 0.4000000060
26974  -31.446  -68.592  -7.265 0.5000000000
146187  -32.457  -70.477  -6.967 0.6000000238
25998  -31.665  -69.454  -7.497 0.5000000000
25051  -32.153  -70.136  -7.363 0.6000000238
26006  -31.294  -69.603  -8.450 0.5000000000
24112  -32.654  -71.760  -8.148 0.6000000238
22226  -31.943  -73.177  -9.438 0.5000000000
25060  -31.931  -70.214  -8.063 0.6000000238
25899  -31.011  -69.083  0.614 0.5000000000
26876  -31.774  -68.238  -0.793 0.5000000000
141320  -31.986  -67.995  -1.765 0.5000000000
139011  -31.865  -67.295  -2.902 0.4000000060
28775  -31.653  -66.738  -4.217 0.4000000060
26930  -32.146  -68.039  -4.004 0.5000000000
27863  -31.866  -67.578  -4.661 0.5000000000
28783  -31.598  -66.795  -5.024 0.5000000000
29660  -32.353  -65.340  -7.816 0.4000000060
29659  -31.924  -66.258  -7.727 0.4000000060
154153  -31.516  -67.148  -7.767 0.5000000000
28812  -31.671  -66.705  -8.693 0.5000000000
140979  -31.206  -68.032  -7.866 0.5000000000
26984  -31.152  -68.850  -8.087 0.5000000000
25073  -31.216  -70.756  -9.879 0.5000000000
24120  -31.481  -71.750  -10.080 0.5000000000
153105  -31.624  -70.385  -8.940 0.6000000238
24121  -32.250  -71.736  -9.136 0.5000000000
149702  -31.562  -66.174  -4.652 0.4000000060
30577  -31.980  -65.028  -6.248 0.5000000000
29640  -31.762  -65.935  -6.135 0.5000000000
30587  -32.581  -64.522  -7.331 0.5000000000
150305  -32.148  -65.949  -8.486 0.4000000060
27907  -31.148  -67.559  -8.580 0.5000000000
26012  -30.077  -69.347  -9.981 0.5000000000
25081  -30.293  -71.248  -10.846 0.3000000119
26005  -30.680  -69.078  -8.989 0.5000000000
26013  -30.842  -69.862  -9.401 0.5000000000
30578  -32.356  -64.499  -6.635 0.4000000060
31541  -32.943  -63.837  -7.687 0.4000000060
31564  -32.912  -63.625  -9.882 0.4000000060
30601  -32.765  -64.551  -8.318 0.4000000060
29670  -32.453  -65.316  -9.077 0.4000000060
30611  -32.778  -64.429  -9.448 0.4000000060
30610  -32.312  -64.920  -10.044 0.5000000000
27001  -29.546  -68.880  -10.557 0.4000000060
26020  -29.400  -69.727  -10.976 0.4000000060
27919  -31.032  -67.257  -9.433 0.5000000000
28822  -31.446  -66.505  -9.786 0.5000000000
27918  -30.380  -67.748  -10.004 0.5000000000
26994  -30.240  -68.524  -9.676 0.5000000000
32584  -31.578  -62.567  -10.674 0.4000000060
31563  -32.209  -64.212  -10.364 0.4000000060
27925  -29.834  -67.529  -10.870 0.4000000060
151105  -29.797  -68.217  -10.438 0.5000000000
29681  -31.795  -65.651  -10.149 0.5000000000
28827  -30.920  -66.151  -10.679 0.5000000000
138343  -31.936  -63.410  -10.583 0.4000000060
28826  -30.323  -66.595  -11.138 0.4000000060
140696  -30.000  -67.277  -11.382 0.3000000119
31568  -31.244  -63.945  -11.056 0.5000000000
29688  -30.894  -65.313  -10.949 0.5000000000
28821  -30.689  -66.981  -10.363 0.5000000000
156153  -30.382  -61.660  -10.942 0.4000000060
29693  -30.722  -65.219  -11.559 0.3000000119
29692  -30.655  -66.015  -11.562 0.3000000119
32593  -31.096  -62.989  -11.272 0.4000000060
30617  -31.449  -64.758  -10.710 0.5000000000
30621  -30.899  -64.539  -11.334 0.5000000000
33534  -30.000  -61.257  -11.003 0.4000000060
30627  -30.899  -64.393  -11.797 0.3000000119
139701  -31.286  -64.316  -12.216 0.3000000119
33535  -30.390  -61.768  -11.113 0.4000000060
32598  -30.993  -62.419  -11.772 0.4000000060
33543  -30.502  -61.908  -11.255 0.4000000060
32599  -30.976  -62.918  -11.599 0.4000000060
35569  -29.246  -60.043  -11.081 0.5000000000
32605  -31.270  -62.880  -12.057 0.3000000119
33550  -32.244  -61.563  -12.492 0.4000000060
32606  -32.247  -62.494  -12.442 0.4000000060
33542  -30.139  -61.298  -11.215 0.4000000060
34597  -30.981  -61.091  -12.104 0.5000000000
33549  -31.376  -61.923  -12.155 0.4000000060
33547  -30.298  -60.916  -11.669 0.5000000000
33548  -30.724  -61.717  -11.660 0.5000000000
35580  -30.619  -60.311  -12.067 0.5000000000
35581  -31.594  -60.332  -12.387 0.4000000060
35582  -32.042  -59.367  -12.425 0.4000000060
146183  -32.616  -60.016  -12.488 0.4000000060
151328  -32.916  -61.166  -12.513 0.3000000119
35578  -29.441  -59.160  -11.591 0.5000000000
151943  -29.970  -58.764  -11.905 0.5000000000
36491  -32.237  -57.946  -12.459 0.4000000060
37466  -32.868  -57.377  -12.582 0.3000000119
37459  -28.728  -57.249  -11.420 0.5000000000
144294  -31.553  -57.750  -12.331 0.4000000060
36490  -31.553  -58.559  -12.352 0.4000000060
158678  -32.394  -58.644  -12.465 0.4000000060
136709  -33.052  -58.214  -12.572 0.4000000060
36493  -33.961  -58.528  -12.714 0.3000000119
152146  -29.449  -58.395  -11.667 0.5000000000
36489  -30.644  -58.725  -12.139 0.5000000000
145378  -31.063  -59.487  -12.272 0.5000000000
38391  -31.715  -56.353  -12.298 0.4000000060
38392  -32.632  -56.532  -12.494 0.4000000060
38383  -28.613  -56.292  -11.393 0.5000000000
38384  -29.553  -56.636  -11.703 0.5000000000
38389  -30.141  -57.152  -11.917 0.5000000000
39274  -30.895  -56.112  -12.045 0.5000000000
146787  -30.994  -58.011  -12.205 0.5000000000
141251  -30.246  -57.954  -11.973 0.5000000000
135416  -32.347  -55.733  -12.293 0.4000000060
39266  -28.212  -55.610  -11.251 0.5000000000
40198  -30.068  -54.760  -11.514 0.5000000000
132604  -32.857  -55.200  -12.183 0.3000000119
133488  -28.904  -55.459  -11.450 0.5000000000
40197  -29.245  -54.892  -11.450 0.5000000000
38385  -30.096  -55.797  -11.747 0.5000000000
20467  -29.729  -75.494  -5.695 0.6000000238
152317  -28.839  -75.806  -7.332 0.5000000000
20421  -30.504  -75.377  -2.336 0.6000000238
21303  -32.599  -74.035  -7.213 0.6000000238
23153  -32.451  -72.532  -8.818 0.6000000238
25030  -32.757  -70.568  -5.474 0.6999999881
25990  -31.741  -69.070  -6.777 0.5000000000
157370  -32.741  -71.485  -7.477 0.6000000238
28794  -31.633  -66.736  -5.829 0.5000000000
29648  -32.003  -65.708  -6.946 0.5000000000
26967  -32.083  -69.051  -6.096 0.4000000060
25074  -31.890  -71.105  -9.359 0.5000000000
29669  -32.023  -66.065  -9.244 0.5000000000
31556  -33.146  -63.788  -8.774 0.4000000060
142973  -31.674  -61.159  -12.396 0.4000000060
36492  -33.086  -59.149  -12.512 0.3000000119
39267  -29.369  -55.895  -11.595 0.5000000000
14092  -28.138  -83.266  2.221 0.5000000000
14922  -30.077  -82.944  0.961 0.5000000000
14912  -28.990  -83.072  1.893 0.5000000000
15654  -32.407  -81.511  -0.485 0.5000000000
14936  -31.041  -82.779  0.043 0.5000000000
14129  -30.416  -83.026  0.341 0.4000000060
14903  -28.704  -82.669  2.708 0.5000000000
14914  -30.424  -82.289  1.647 0.6000000238
14904  -29.624  -82.359  2.384 0.6000000238
15653  -31.941  -81.534  0.207 0.5000000000
15647  -31.512  -81.542  0.759 0.5000000000
158676  -32.962  -79.568  -2.015 0.4000000060
15614  -27.034  -81.322  3.790 0.6999999881
15615  -27.907  -81.330  3.733 0.6999999881
15625  -29.721  -81.556  2.891 0.6999999881
15639  -30.761  -81.504  1.796 0.5000000000
15626  -30.304  -80.939  2.396 0.6999999881
16412  -32.138  -80.024  -0.835 0.5000000000
16402  -31.578  -80.016  -0.135 0.5000000000
15640  -31.206  -81.197  1.211 0.5000000000
18026  -31.996  -78.643  -2.855 0.5000000000
17163  -32.491  -79.613  -1.641 0.5000000000
139566  -25.044  -80.476  3.068 0.5000000000
16360  -25.750  -80.733  3.455 0.6999999881
133618  -26.872  -79.781  3.680 0.6999999881
16361  -26.595  -80.623  3.706 0.6999999881
17119  -27.793  -79.563  3.603 0.6999999881
143173  -28.937  -81.319  3.473 0.6000000238
17132  -30.530  -79.881  1.168 0.6999999881
136393  -30.354  -80.203  1.933 0.6000000238
17162  -31.594  -79.327  -1.409 0.5000000000
132191  -31.394  -79.551  -0.767 0.6000000238
16395  -31.055  -79.941  0.483 0.6000000238
17178  -31.786  -78.975  -2.124 0.5000000000
148475  -31.979  -77.985  -4.545 0.5000000000
17118  -26.111  -79.008  3.556 0.5000000000
17120  -28.666  -79.748  3.364 0.6999999881
17963  -28.407  -78.404  2.623 0.6999999881
17954  -27.688  -78.435  3.293 0.6999999881
16382  -29.896  -80.081  2.478 0.8000000119
17968  -29.267  -78.879  1.603 0.6999999881
17992  -29.851  -78.935  -1.029 0.6000000238
17150  -29.778  -79.115  -0.202 0.6999999881
18008  -30.839  -78.830  -1.979 0.6999999881
18007  -29.923  -78.702  -1.837 0.6000000238
18041  -31.163  -78.268  -3.453 0.6000000238
18025  -30.998  -78.536  -2.711 0.6000000238
18870  -30.145  -77.708  -5.548 0.6000000238
157669  -24.673  -78.423  3.334 0.5000000000
141156  -25.434  -77.441  3.539 0.6000000238
151320  -25.336  -78.270  3.476 0.5000000000
17952  -26.085  -77.911  3.533 0.6000000238
17953  -26.827  -78.206  3.510 0.6000000238
18801  -27.925  -77.623  1.189 0.6999999881
17962  -27.695  -77.637  2.632 0.6000000238
153822  -28.980  -78.787  2.264 0.6999999881
17967  -28.630  -78.270  1.756 0.6999999881
17144  -29.686  -79.151  0.766 0.6999999881
18024  -30.023  -78.519  -2.615 0.6999999881
18863  -30.048  -77.872  -4.739 0.6999999881
18040  -30.183  -78.335  -3.352 0.6999999881
18786  -24.836  -76.931  3.566 0.5000000000
19602  -26.354  -76.076  2.701 0.6000000238
18794  -27.055  -76.845  2.665 0.6000000238
18800  -27.342  -76.968  1.797 0.6000000238
17981  -28.670  -78.363  0.711 0.8000000119
18822  -27.435  -77.346  -1.013 0.5000000000
18813  -27.005  -76.760  0.572 0.6000000238
17991  -29.024  -78.667  -0.813 0.6999999881
18005  -28.192  -78.052  -1.375 0.6999999881
18855  -28.390  -77.772  -3.950 0.6999999881
18038  -28.345  -77.868  -3.067 0.6999999881
132543  -29.653  -77.620  -6.265 0.5000000000
18869  -29.312  -77.700  -5.477 0.6999999881
18880  -28.963  -77.517  -6.773 0.5000000000
19589  -24.209  -76.317  3.586 0.5000000000
134255  -25.084  -76.141  3.550 0.5000000000
20359  -25.801  -75.151  2.876 0.6000000238
20344  -25.901  -76.184  3.290 0.6000000238
150596  -26.292  -75.270  1.874 0.6000000238
19616  -26.285  -75.718  0.883 0.6000000238
20379  -26.589  -75.238  0.404 0.6000000238
19631  -26.395  -75.702  0.188 0.6000000238
19667  -27.532  -76.558  -3.027 0.6000000238
19655  -27.363  -76.367  -2.060 0.5000000000
20391  -26.683  -75.690  -0.422 0.5000000000
19672  -27.563  -76.800  -4.098 0.6000000238
20434  -27.954  -76.279  -3.871 0.6000000238
18861  -28.045  -77.410  -4.713 0.6000000238
18854  -27.597  -77.166  -4.091 0.6000000238
19694  -28.175  -76.895  -6.474 0.5000000000
20342  -24.488  -75.320  3.585 0.5000000000
21175  -26.135  -74.536  2.349 0.6000000238
21204  -26.598  -74.853  1.041 0.6000000238
20404  -27.109  -75.962  -1.382 0.5000000000
20406  -29.647  -75.575  -1.659 0.5000000000
20435  -29.162  -75.814  -3.710 0.4000000060
131888  -28.285  -76.074  -3.009 0.5000000000
20420  -29.458  -75.690  -2.695 0.5000000000
20450  -28.276  -76.352  -5.296 0.6000000238
21153  -24.364  -74.443  3.564 0.5000000000
21174  -25.713  -74.198  2.901 0.6000000238
21176  -26.555  -74.025  2.170 0.6000000238
21189  -27.086  -74.224  1.672 0.6000000238
20436  -30.208  -75.462  -4.129 0.5000000000
21152  -23.665  -74.707  3.580 0.5000000000
22052  -24.639  -73.789  3.437 0.5000000000
22071  -26.412  -73.308  2.517 0.6000000238
21190  -28.053  -74.095  1.455 0.6000000238
22050  -23.042  -74.066  3.415 0.5000000000
22973  -24.166  -73.059  3.350 0.5000000000
153660  -26.109  -72.695  2.667 0.6000000238
22091  -27.831  -73.338  1.856 0.6000000238
22069  -22.516  -73.472  3.011 0.5000000000
22972  -23.329  -73.226  3.273 0.5000000000
22988  -25.481  -72.442  2.867 0.5000000000
22989  -26.725  -72.536  2.419 0.6000000238
23011  -27.484  -72.501  2.071 0.6000000238
22985  -22.832  -72.667  2.813 0.5000000000
23967  -25.310  -71.570  2.611 0.5000000000
23009  -22.462  -72.287  2.120 0.5000000000
23012  -28.325  -72.461  1.646 0.5000000000
23966  -24.462  -71.319  2.490 0.5000000000
23010  -26.940  -71.676  2.087 0.5000000000
23029  -22.182  -72.061  1.290 0.5000000000
23985  -24.315  -70.776  1.827 0.5000000000
23986  -26.037  -71.142  2.184 0.5000000000
144310  -27.712  -71.895  1.729 0.4000000060
23984  -23.522  -71.007  1.164 0.5000000000
24934  -25.791  -70.619  1.540 0.5000000000
24935  -26.776  -70.949  1.429 0.4000000060
150054  -27.461  -71.416  1.482 0.4000000060
24932  -24.283  -70.574  1.079 0.4000000060
135894  -26.312  -70.516  0.854 0.4000000060
24007  -28.295  -70.743  0.642 0.4000000060
20451  -28.546  -76.073  -4.540 0.6000000238
20465  -28.341  -76.399  -6.202 0.5000000000
19697  -28.377  -77.024  -7.308 0.4000000060
155111  -26.463  -75.935  -0.375 0.6000000238
145524  -29.149  -70.597  0.736 0.4000000060
25898  -30.187  -69.409  0.895 0.4000000060
17121  -29.335  -79.884  3.017 0.6999999881
17990  -28.310  -78.174  -0.423 0.6999999881
18023  -29.111  -78.388  -2.484 0.6999999881
18006  -29.039  -78.520  -1.657 0.6999999881
18821  -26.770  -76.464  -0.539 0.6000000238
19632  -26.328  -76.054  0.180 0.6000000238
18862  -28.907  -77.826  -4.745 0.6999999881
18834  -27.451  -77.297  -1.943 0.6999999881
18022  -28.241  -77.946  -2.242 0.6999999881
18878  -28.070  -77.055  -5.991 0.6000000238
18879  -28.393  -77.190  -6.535 0.6000000238
14106  -29.249  -83.291  1.026 0.5000000000
14894  -29.124  -82.076  3.125 0.6999999881
14913  -29.704  -82.831  1.609 0.5000000000
14923  -30.804  -82.514  0.820 0.4000000060
14924  -31.441  -82.144  0.495 0.5000000000
15646  -31.127  -81.922  1.195 0.5000000000
16362  -27.438  -80.523  3.771 0.6999999881
16363  -28.333  -80.490  3.642 0.6999999881
16364  -29.032  -80.430  3.405 0.6999999881
16369  -29.614  -80.708  3.052 0.8000000119
16383  -30.792  -80.691  1.654 0.5000000000
16396  -31.593  -80.740  0.543 0.5000000000
16403  -32.145  -80.728  -0.160 0.5000000000
16404  -32.574  -80.777  -0.707 0.5000000000
17126  -28.908  -79.178  2.863 0.6999999881
17127  -29.431  -79.355  2.355 0.6999999881
17131  -29.914  -79.536  1.728 0.8000000119
17151  -30.712  -79.420  -0.342 0.6000000238
17161  -30.726  -79.120  -1.226 0.6000000238
17179  -32.628  -79.168  -2.312 0.4000000060
17951  -24.715  -77.730  3.457 0.5000000000
17955  -28.351  -79.027  3.242 0.6999999881
18039  -29.226  -78.269  -3.288 0.6999999881
18053  -29.483  -78.131  -4.036 0.6999999881
18054  -31.159  -77.995  -4.246 0.6000000238
18785  -24.038  -77.217  3.436 0.5000000000
18787  -26.123  -77.042  3.487 0.6000000238
18788  -27.198  -77.506  3.154 0.6000000238
18793  -26.650  -76.820  3.160 0.6000000238
18814  -27.635  -77.489  0.061 0.6999999881
18833  -27.304  -76.696  -2.351 0.6000000238
18844  -27.405  -76.927  -3.369 0.6000000238
18845  -27.565  -77.310  -2.805 0.6999999881
18860  -27.948  -77.120  -5.334 0.6000000238
18868  -28.491  -77.500  -5.391 0.6000000238
19603  -26.612  -76.102  1.906 0.6000000238
19617  -26.542  -76.257  1.015 0.6000000238
19643  -26.745  -76.069  -0.974 0.5000000000
19680  -27.675  -77.042  -4.642 0.6000000238
19681  -27.799  -76.810  -4.935 0.6000000238
19687  -27.988  -76.834  -5.716 0.5000000000
20343  -25.306  -75.467  3.374 0.5000000000
20378  -26.394  -75.270  0.908 0.6000000238
20380  -27.368  -75.141  0.190 0.6000000238
20392  -27.685  -75.503  -0.654 0.5000000000
20405  -28.218  -75.746  -1.520 0.6000000238
20422  -31.310  -75.041  -2.809 0.5000000000
20437  -31.187  -75.199  -3.805 0.6000000238
20466  -28.863  -75.833  -5.896 0.6000000238
20476  -28.433  -76.428  -7.100 0.5000000000
20482  -28.419  -76.689  -7.792 0.4000000060
20484  -29.173  -75.571  -7.962 0.5000000000
21154  -25.134  -74.582  3.358 0.6000000238
21188  -26.439  -74.716  1.630 0.6000000238
21191  -28.875  -74.025  1.274 0.6000000238
21205  -27.247  -74.719  0.935 0.6000000238
21218  -29.905  -75.020  0.069 0.6000000238
21229  -30.975  -74.672  -0.883 0.6000000238
21292  -31.472  -74.858  -6.269 0.6000000238
22051  -23.860  -73.856  3.538 0.5000000000
22053  -25.274  -73.790  3.221 0.5000000000
22070  -25.751  -73.336  2.891 0.6000000238
22072  -27.065  -73.328  2.211 0.6000000238
22092  -28.673  -73.369  1.547 0.6000000238
22109  -31.473  -72.926  0.047 0.6000000238
22121  -31.570  -73.438  -0.419 0.6000000238
22133  -31.877  -73.573  -1.188 0.6000000238
22150  -32.336  -73.396  -2.104 0.6000000238
22162  -32.790  -73.267  -3.370 0.6000000238
22172  -32.977  -73.321  -4.071 0.6000000238
22183  -33.067  -73.601  -4.893 0.6000000238
22197  -33.247  -72.801  -6.064 0.6000000238
22208  -33.066  -73.164  -6.950 0.6000000238
22974  -24.991  -73.073  3.231 0.5000000000
22986  -23.633  -72.409  3.056 0.5000000000
22987  -24.557  -72.191  2.990 0.5000000000
23030  -29.961  -72.717  1.124 0.6000000238
23031  -30.596  -72.703  0.792 0.6000000238
23041  -31.711  -72.127  -0.185 0.6000000238
23056  -31.885  -72.806  -0.668 0.6000000238
23162  -31.998  -72.407  -9.580 0.5000000000
23965  -23.183  -71.931  2.520 0.5000000000
23968  -26.128  -71.938  2.552 0.5000000000
23983  -22.909  -71.646  1.704 0.5000000000
23987  -28.222  -71.519  1.252 0.4000000060
23988  -28.885  -71.985  1.309 0.4000000060
24005  -22.637  -71.529  0.732 0.5000000000
24010  -30.871  -71.370  0.642 0.6000000238
24051  -32.674  -71.099  -2.863 0.6000000238
24083  -33.052  -71.326  -5.164 0.6999999881
24919  -25.157  -70.819  2.136 0.5000000000
24933  -24.959  -70.440  1.392 0.4000000060
24936  -27.603  -70.967  0.917 0.4000000060
24952  -26.993  -70.595  0.464 0.4000000060
25041  -32.620  -70.493  -6.293 0.6000000238
25061  -32.238  -70.980  -8.577 0.6000000238
25072  -30.183  -70.266  -10.412 0.4000000060
25931  -32.316  -69.677  -1.833 0.5000000000
26916  -32.367  -68.920  -3.003 0.6000000238
26945  -32.447  -69.318  -4.383 0.6999999881
26966  -31.708  -68.369  -6.477 0.4000000060
26983  -30.822  -68.337  -8.697 0.5000000000
27000  -29.387  -68.354  -11.039 0.4000000060
27849  -31.885  -67.386  -3.725 0.4000000060
27877  -31.698  -67.383  -5.450 0.5000000000
27906  -30.674  -67.885  -9.224 0.5000000000
28832  -30.404  -66.779  -11.664 0.3000000119
29649  -32.271  -65.020  -6.978 0.5000000000
29687  -30.611  -65.814  -11.185 0.3000000119
31572  -30.983  -63.750  -11.586 0.5000000000
31577  -31.041  -63.671  -11.932 0.3000000119
31578  -31.870  -63.555  -12.338 0.4000000060
32583  -30.677  -62.183  -10.993 0.4000000060
32592  -30.713  -62.306  -11.265 0.4000000060
34589  -29.616  -60.684  -11.041 0.4000000060
34596  -29.733  -60.570  -11.339 0.4000000060
34598  -32.359  -60.806  -12.496 0.4000000060
34599  -33.203  -60.547  -12.510 0.3000000119
35568  -28.968  -59.397  -11.168 0.5000000000
35579  -29.527  -59.883  -11.482 0.5000000000
37464  -29.495  -57.570  -11.701 0.5000000000
37465  -31.998  -57.168  -12.402 0.4000000060
38390  -30.350  -56.551  -11.919 0.5000000000
40196  -28.430  -54.783  -11.255 0.5000000000
131738  -29.936  -71.190  0.804 0.6000000238
133148  -28.657  -77.305  -7.188 0.5000000000
133668  -27.057  -76.569  -1.455 0.5000000000
133837  -29.407  -75.686  -4.512 0.6000000238
134541  -25.471  -79.831  3.373 0.5000000000
135003  -25.071  -79.052  3.365 0.5000000000
135103  -27.152  -76.328  -1.553 0.5000000000
135161  -32.467  -70.874  -7.641 0.6000000238
135396  -28.792  -77.513  -6.073 0.6000000238
135549  -30.373  -78.135  -3.967 0.6999999881
135641  -27.642  -76.130  -2.245 0.5000000000
136759  -29.645  -75.418  -7.092 0.6000000238
137266  -29.106  -75.775  -5.157 0.6000000238
138647  -27.062  -78.998  3.587 0.6999999881
140406  -32.653  -73.536  -7.747 0.6000000238
142759  -33.088  -71.901  -4.014 0.6999999881
143451  -29.094  -78.744  -0.011 0.6999999881
144945  -30.131  -59.549  -11.950 0.5000000000
145142  -23.664  -71.303  2.156 0.5000000000
145180  -27.701  -77.374  -3.497 0.6999999881
145407  -31.089  -80.462  1.043 0.5000000000
147093  -32.408  -71.931  -1.688 0.6000000238
149596  -26.633  -77.474  3.411 0.6000000238
149658  -31.485  -74.684  -2.054 0.6000000238
150220  -25.503  -76.745  3.529 0.5000000000
150582  -31.611  -66.078  -5.341 0.5000000000
150597  -32.042  -67.814  -2.483 0.4000000060
150776  -30.985  -57.115  -12.166 0.5000000000
150965  -32.317  -74.440  -3.893 0.6999999881
151302  -26.166  -79.992  3.575 0.6999999881
151414  -28.098  -77.739  2.046 0.6999999881
151675  -30.247  -81.753  2.293 0.6999999881
152139  -30.383  -79.493  0.378 0.6999999881
153029  -23.875  -71.766  2.723 0.5000000000
153683  -30.754  -62.284  -11.431 0.5000000000
154112  -31.314  -74.679  -7.791 0.5000000000
155017  -28.270  -77.273  -5.881 0.6000000238
155436  -26.125  -73.891  2.569 0.6000000238
155563  -31.737  -65.413  -5.602 0.5000000000
155759  -31.077  -75.091  -2.179 0.6000000238
157783  -29.988  -60.295  -11.745 0.4000000060
158262  -29.561  -55.346  -11.567 0.5000000000
159021  -32.124  -69.384  -1.292 0.5000000000
