#!ascii label  , from subject sub-v1s17x0050249_ses-1 vox2ras=TkReg
1652
52683  27.048  -38.277  73.683 0.0000000000
64749  21.285  -27.310  67.032 0.0000000000
81833  33.383  -11.574  47.225 0.0000000000
65888  24.996  -26.558  54.253 0.0000000000
68113  20.533  -24.882  59.100 0.0000000000
86478  47.642  -6.398  38.370 0.0000000000
136759  34.327  -16.013  49.703 0.0000000000
73822  28.479  -18.919  47.945 0.0000000000
50446  21.721  -40.237  69.319 0.0000000000
53928  21.704  -38.228  63.136 0.0000000000
56368  23.510  -35.852  59.658 0.0000000000
53792  30.379  -38.059  71.478 0.0000000000
83763  40.473  -8.896  43.298 0.0000000000
53899  18.935  -37.356  65.494 0.0000000000
136951  21.042  -36.323  73.181 0.0000000000
84659  39.474  -8.465  48.107 0.0000000000
53729  18.760  -37.301  75.515 0.0000000000
52714  13.747  -38.723  71.424 0.0000000000
71733  29.036  -21.733  52.674 0.0000000000
69366  21.187  -23.056  55.688 0.0000000000
63813  25.733  -28.412  64.475 0.0000000000
60918  24.982  -31.794  60.600 0.0000000000
75732  35.139  -17.245  51.651 0.0000000000
152357  31.554  -16.595  49.405 0.0000000000
154719  31.553  -16.944  51.447 0.0000000000
78726  38.228  -14.883  52.925 0.0000000000
49309  26.640  -41.296  69.481 0.0000000000
48248  23.467  -41.977  67.013 0.0000000000
50412  24.805  -40.384  71.564 0.0000000000
53846  24.091  -37.861  68.115 0.0000000000
134858  24.853  -37.412  67.024 0.0000000000
136293  28.859  -38.473  72.523 0.0000000000
50456  28.716  -40.681  68.938 0.0000000000
81857  33.818  -10.988  44.508 0.0000000000
81810  35.845  -10.671  49.983 0.0000000000
82801  36.116  -9.559  47.784 0.0000000000
82818  37.206  -9.451  45.764 0.0000000000
56218  18.196  -35.716  71.857 0.0000000000
54927  22.015  -36.361  77.012 0.0000000000
57356  18.455  -34.578  75.131 0.0000000000
56166  12.800  -35.450  76.933 0.0000000000
54949  14.643  -36.238  75.349 0.0000000000
52688  12.505  -38.704  73.646 0.0000000000
49269  13.617  -41.185  74.223 0.0000000000
50362  14.420  -40.893  77.180 0.0000000000
72729  24.383  -20.207  58.352 0.0000000000
159164  20.484  -23.982  57.065 0.0000000000
64806  23.011  -27.134  59.386 0.0000000000
63881  22.479  -28.273  56.062 0.0000000000
57475  26.911  -34.491  65.179 0.0000000000
58742  24.508  -33.753  59.307 0.0000000000
59783  27.248  -32.903  66.965 0.0000000000
60826  26.844  -31.413  67.311 0.0000000000
68217  26.067  -24.746  51.728 0.0000000000
67175  27.606  -25.558  49.815 0.0000000000
64854  27.835  -27.417  53.991 0.0000000000
137112  51.934  -5.398  36.878 0.0000000000
86494  48.711  -6.667  36.765 0.0000000000
79843  33.766  -13.600  48.643 0.0000000000
76756  31.965  -16.346  47.443 0.0000000000
80800  36.912  -12.542  51.927 0.0000000000
59819  22.997  -32.801  63.125 0.0000000000
60907  21.857  -32.190  61.623 0.0000000000
55146  22.535  -37.090  60.706 0.0000000000
55098  26.081  -36.149  64.970 0.0000000000
135258  31.241  -36.621  70.455 0.0000000000
155197  42.794  -8.105  45.996 0.0000000000
83760  43.494  -8.511  43.623 0.0000000000
83782  43.646  -8.680  40.914 0.0000000000
84722  45.146  -8.399  38.556 0.0000000000
142955  22.826  -37.568  70.042 0.0000000000
54975  24.611  -36.744  74.213 0.0000000000
53820  20.837  -37.083  70.044 0.0000000000
53914  20.142  -38.181  64.392 0.0000000000
83738  40.085  -8.632  45.678 0.0000000000
51522  23.366  -38.939  75.501 0.0000000000
51569  20.702  -39.327  72.397 0.0000000000
51593  18.329  -38.853  70.778 0.0000000000
56152  17.404  -35.054  77.980 0.0000000000
53761  16.429  -37.379  73.054 0.0000000000
48164  15.517  -41.471  79.630 0.0000000000
74740  30.297  -18.471  53.439 0.0000000000
69385  25.919  -22.915  53.237 0.0000000000
143279  25.039  -20.980  55.308 0.0000000000
68169  23.210  -24.976  54.413 0.0000000000
67032  24.560  -25.951  60.465 0.0000000000
65715  26.432  -26.603  66.034 0.0000000000
63729  27.562  -28.967  71.502 0.0000000000
155969  21.025  -31.542  59.628 0.0000000000
61954  20.317  -30.390  58.017 0.0000000000
61992  21.484  -30.178  55.796 0.0000000000
61910  25.211  -29.973  62.349 0.0000000000
61856  27.302  -30.674  71.069 0.0000000000
72830  27.699  -20.105  50.453 0.0000000000
68283  28.910  -24.426  48.422 0.0000000000
75721  34.602  -17.471  52.537 0.0000000000
75735  32.848  -16.929  51.292 0.0000000000
136259  32.120  -17.125  52.382 0.0000000000
145632  36.899  -16.388  53.082 0.0000000000
50410  27.264  -40.646  71.866 0.0000000000
49299  26.104  -41.132  70.160 0.0000000000
50398  26.212  -40.222  72.615 0.0000000000
53796  26.157  -37.556  71.706 0.0000000000
148288  26.229  -37.619  70.965 0.0000000000
53756  27.949  -38.177  72.958 0.0000000000
50425  28.497  -40.761  71.363 0.0000000000
81841  33.197  -11.471  46.215 0.0000000000
81822  34.462  -11.464  48.477 0.0000000000
82788  36.162  -9.771  49.461 0.0000000000
81831  34.849  -10.615  48.002 0.0000000000
152413  35.274  -10.072  46.562 0.0000000000
54935  11.578  -36.515  76.507 0.0000000000
53732  12.345  -37.140  75.223 0.0000000000
51540  11.940  -39.028  75.008 0.0000000000
50388  12.650  -40.110  73.896 0.0000000000
50378  12.598  -40.310  74.798 0.0000000000
49261  13.810  -41.234  75.165 0.0000000000
70529  22.222  -22.212  58.970 0.0000000000
67073  20.098  -25.124  57.401 0.0000000000
64847  20.974  -27.420  55.526 0.0000000000
64848  20.404  -27.707  55.864 0.0000000000
65731  21.262  -26.994  65.501 0.0000000000
146047  28.804  -34.494  67.883 0.0000000000
138046  26.718  -33.693  64.989 0.0000000000
57436  28.954  -34.260  68.670 0.0000000000
58619  28.480  -33.654  69.201 0.0000000000
67145  24.596  -25.679  52.457 0.0000000000
65913  25.935  -27.136  52.186 0.0000000000
85600  46.881  -6.758  39.895 0.0000000000
87323  48.597  -5.424  40.136 0.0000000000
87334  49.150  -5.294  38.520 0.0000000000
86484  49.634  -5.488  37.749 0.0000000000
86485  48.368  -6.318  37.532 0.0000000000
78762  34.584  -14.728  49.510 0.0000000000
77758  32.963  -15.387  47.868 0.0000000000
77749  33.223  -16.044  48.466 0.0000000000
75772  29.348  -17.515  48.590 0.0000000000
75781  30.115  -17.369  47.396 0.0000000000
74791  29.117  -18.536  47.434 0.0000000000
77726  36.159  -15.540  51.025 0.0000000000
78752  35.710  -14.162  50.559 0.0000000000
79825  35.264  -13.500  50.124 0.0000000000
49327  22.871  -41.314  68.211 0.0000000000
137850  20.889  -40.000  69.024 0.0000000000
56348  20.843  -36.373  61.128 0.0000000000
56347  21.153  -36.369  60.314 0.0000000000
150091  22.398  -37.650  61.957 0.0000000000
53844  27.035  -37.085  68.750 0.0000000000
55059  25.774  -36.888  66.754 0.0000000000
55043  27.891  -36.742  68.387 0.0000000000
56263  28.090  -35.906  67.078 0.0000000000
53810  30.966  -37.437  70.848 0.0000000000
51577  31.418  -39.089  71.366 0.0000000000
67001  27.014  -26.152  63.085 0.0000000000
83749  41.357  -8.522  44.643 0.0000000000
84684  43.169  -8.432  44.468 0.0000000000
83761  42.031  -8.672  43.119 0.0000000000
83797  42.834  -8.933  41.066 0.0000000000
83796  43.137  -9.241  40.255 0.0000000000
84715  44.484  -8.448  39.704 0.0000000000
135337  21.149  -37.436  67.688 0.0000000000
153623  21.212  -37.285  69.293 0.0000000000
53868  19.163  -37.151  67.107 0.0000000000
53898  19.505  -37.778  64.869 0.0000000000
53866  21.930  -37.605  67.129 0.0000000000
134994  40.743  -8.380  47.101 0.0000000000
148637  39.189  -8.779  46.765 0.0000000000
83753  37.524  -9.527  43.920 0.0000000000
54976  23.548  -36.483  74.487 0.0000000000
52654  24.581  -38.088  75.325 0.0000000000
54944  23.577  -36.620  75.894 0.0000000000
53715  20.637  -36.993  77.153 0.0000000000
160360  21.058  -38.605  75.177 0.0000000000
52672  19.773  -38.297  74.475 0.0000000000
51583  19.107  -38.884  72.008 0.0000000000
52685  18.754  -38.290  73.290 0.0000000000
58539  16.404  -33.836  77.801 0.0000000000
53763  14.541  -37.341  73.073 0.0000000000
54964  15.918  -36.807  74.460 0.0000000000
158038  15.109  -37.492  72.487 0.0000000000
52712  15.744  -38.150  70.979 0.0000000000
69383  27.632  -23.750  54.389 0.0000000000
149754  22.300  -21.589  56.768 0.0000000000
72756  24.782  -20.460  57.025 0.0000000000
71694  22.738  -20.844  55.543 0.0000000000
71715  23.391  -21.144  53.812 0.0000000000
68170  22.385  -24.577  54.607 0.0000000000
147640  23.901  -25.458  56.663 0.0000000000
67072  23.338  -25.566  57.063 0.0000000000
63835  23.936  -27.889  61.059 0.0000000000
65758  25.394  -26.957  63.001 0.0000000000
64764  25.883  -27.367  64.889 0.0000000000
64725  27.044  -27.362  69.214 0.0000000000
63781  26.584  -28.502  67.605 0.0000000000
141692  21.552  -34.908  58.840 0.0000000000
60908  21.471  -31.696  60.965 0.0000000000
57582  21.718  -34.472  58.338 0.0000000000
59866  24.604  -32.587  59.320 0.0000000000
59894  22.351  -32.949  57.041 0.0000000000
59913  22.331  -32.129  56.592 0.0000000000
61965  20.598  -30.394  56.644 0.0000000000
60961  23.590  -31.677  57.347 0.0000000000
61942  24.208  -30.373  59.378 0.0000000000
61928  24.744  -31.097  60.330 0.0000000000
59727  28.241  -32.719  71.657 0.0000000000
158679  27.242  -31.703  69.680 0.0000000000
72803  29.792  -20.128  53.438 0.0000000000
145125  28.870  -19.153  52.300 0.0000000000
148047  28.148  -21.191  51.530 0.0000000000
150739  28.766  -26.800  51.323 0.0000000000
68268  28.564  -25.025  48.907 0.0000000000
87347  53.054  -5.170  36.182 0.0000000000
76721  35.226  -16.491  50.833 0.0000000000
76735  33.435  -16.597  49.410 0.0000000000
75749  33.668  -16.932  50.659 0.0000000000
75751  31.260  -16.704  50.312 0.0000000000
74763  29.108  -17.593  50.130 0.0000000000
77686  38.151  -15.644  54.014 0.0000000000
76708  36.981  -16.203  52.371 0.0000000000
49324  25.377  -41.513  68.265 0.0000000000
50443  24.247  -40.802  69.782 0.0000000000
50429  23.591  -40.407  70.536 0.0000000000
53881  22.744  -37.789  65.908 0.0000000000
53911  23.330  -37.708  64.296 0.0000000000
135338  24.831  -37.655  67.939 0.0000000000
148352  26.908  -37.326  69.643 0.0000000000
156937  29.599  -38.472  71.913 0.0000000000
50423  30.532  -39.882  71.078 0.0000000000
50424  29.634  -40.316  71.168 0.0000000000
50457  27.929  -41.179  69.164 0.0000000000
142984  39.923  -9.889  42.155 0.0000000000
55102  17.714  -36.415  64.354 0.0000000000
83701  37.133  -9.165  49.996 0.0000000000
83714  37.250  -8.907  49.024 0.0000000000
83729  37.455  -9.034  47.442 0.0000000000
83732  38.152  -8.983  46.933 0.0000000000
82809  36.635  -9.545  46.359 0.0000000000
82820  35.594  -9.929  45.033 0.0000000000
54980  19.729  -36.052  72.946 0.0000000000
56184  22.464  -35.752  75.932 0.0000000000
56186  20.672  -35.417  75.201 0.0000000000
57342  20.250  -34.809  76.744 0.0000000000
54918  19.896  -35.843  77.480 0.0000000000
56154  15.360  -34.838  78.039 0.0000000000
54933  13.674  -35.561  76.540 0.0000000000
53747  13.358  -37.172  74.213 0.0000000000
52701  13.290  -38.431  72.528 0.0000000000
50401  13.198  -40.696  72.661 0.0000000000
71679  22.500  -21.665  57.574 0.0000000000
69349  20.675  -23.721  56.446 0.0000000000
65841  22.756  -26.123  56.963 0.0000000000
65854  22.484  -26.607  55.932 0.0000000000
141799  23.023  -27.902  59.014 0.0000000000
62913  23.780  -28.942  60.083 0.0000000000
56345  25.352  -35.157  61.862 0.0000000000
57558  24.550  -34.594  59.817 0.0000000000
58689  26.023  -33.888  62.929 0.0000000000
160688  25.972  -33.147  62.779 0.0000000000
60878  26.070  -31.842  63.467 0.0000000000
60860  26.292  -31.560  64.268 0.0000000000
59774  26.919  -32.162  66.999 0.0000000000
58607  28.371  -33.228  70.723 0.0000000000
70663  27.718  -23.617  52.392 0.0000000000
70679  27.660  -23.285  51.404 0.0000000000
68233  26.457  -25.333  51.012 0.0000000000
64875  27.303  -27.295  51.661 0.0000000000
87332  50.813  -4.794  38.150 0.0000000000
87350  50.710  -5.704  36.991 0.0000000000
155700  33.528  -12.775  48.280 0.0000000000
79870  32.143  -13.654  46.042 0.0000000000
78793  32.686  -14.423  47.500 0.0000000000
76748  31.748  -16.574  48.089 0.0000000000
75794  30.361  -17.874  46.497 0.0000000000
80770  38.591  -12.814  53.776 0.0000000000
80788  37.468  -12.579  52.537 0.0000000000
82743  37.343  -10.875  52.205 0.0000000000
81798  36.149  -11.278  50.840 0.0000000000
148056  35.245  -12.013  49.857 0.0000000000
62864  22.339  -29.944  64.979 0.0000000000
62865  21.778  -29.234  64.569 0.0000000000
147277  22.514  -32.665  62.266 0.0000000000
58721  21.802  -33.681  61.157 0.0000000000
55158  23.041  -36.564  60.195 0.0000000000
53910  24.184  -37.234  63.888 0.0000000000
55116  24.638  -36.630  63.235 0.0000000000
56331  24.971  -35.878  62.086 0.0000000000
56288  26.924  -35.305  65.372 0.0000000000
56273  28.274  -35.283  66.965 0.0000000000
55026  31.185  -35.971  70.296 0.0000000000
84689  45.429  -8.294  43.591 0.0000000000
83772  42.739  -8.744  41.977 0.0000000000
158835  43.683  -8.537  42.646 0.0000000000
84693  45.318  -8.217  42.522 0.0000000000
84698  45.308  -8.011  41.366 0.0000000000
85607  45.776  -7.608  39.765 0.0000000000
85611  46.286  -7.467  38.298 0.0000000000
85620  46.513  -7.651  37.524 0.0000000000
53774  26.114  -37.050  73.196 0.0000000000
134854  26.296  -37.677  74.343 0.0000000000
53776  24.200  -37.137  72.572 0.0000000000
157211  22.688  -36.759  72.537 0.0000000000
55016  20.152  -36.745  70.621 0.0000000000
55075  17.737  -36.311  66.397 0.0000000000
55005  19.480  -36.456  71.126 0.0000000000
56242  17.526  -35.793  69.583 0.0000000000
63783  21.590  -27.937  67.449 0.0000000000
61891  22.788  -30.291  65.721 0.0000000000
59802  23.315  -32.582  64.516 0.0000000000
56332  21.181  -35.416  62.088 0.0000000000
143592  20.563  -35.589  62.275 0.0000000000
52789  20.995  -38.391  63.181 0.0000000000
53882  21.922  -37.782  66.102 0.0000000000
53834  23.396  -37.856  69.431 0.0000000000
84665  42.120  -7.806  47.486 0.0000000000
84672  41.208  -8.376  46.286 0.0000000000
83750  40.450  -8.595  44.818 0.0000000000
83740  38.522  -9.006  45.420 0.0000000000
83751  39.179  -8.903  44.723 0.0000000000
151145  39.844  -9.131  43.246 0.0000000000
51551  25.357  -39.097  74.391 0.0000000000
50386  24.206  -39.739  73.101 0.0000000000
51567  22.903  -39.882  72.267 0.0000000000
52656  22.408  -38.382  76.133 0.0000000000
51554  21.569  -39.392  73.419 0.0000000000
50431  21.033  -39.655  70.829 0.0000000000
51592  19.742  -39.361  70.112 0.0000000000
51606  18.576  -39.248  69.078 0.0000000000
57336  18.709  -34.321  77.085 0.0000000000
141298  18.481  -36.163  77.138 0.0000000000
161032  16.758  -36.483  75.655 0.0000000000
53743  17.562  -37.364  74.332 0.0000000000
52699  16.979  -38.076  71.914 0.0000000000
50349  15.764  -40.826  78.484 0.0000000000
75709  32.418  -17.466  54.113 0.0000000000
70661  29.193  -22.503  53.163 0.0000000000
69424  27.241  -23.881  52.745 0.0000000000
138031  25.970  -23.545  52.574 0.0000000000
68219  24.313  -24.797  52.499 0.0000000000
70624  25.057  -21.637  53.784 0.0000000000
69404  23.572  -22.756  53.131 0.0000000000
67118  23.799  -25.365  54.025 0.0000000000
138119  24.513  -25.654  56.590 0.0000000000
141654  25.222  -25.744  59.919 0.0000000000
66989  26.390  -26.177  63.525 0.0000000000
65812  23.398  -26.473  59.757 0.0000000000
65769  25.559  -26.635  62.680 0.0000000000
65714  26.771  -26.305  66.410 0.0000000000
142092  27.397  -26.451  69.238 0.0000000000
64700  28.224  -27.699  72.216 0.0000000000
156673  20.526  -25.402  59.811 0.0000000000
62889  21.324  -29.554  62.883 0.0000000000
62890  20.874  -29.038  62.436 0.0000000000
63829  20.570  -28.364  62.047 0.0000000000
57599  22.598  -34.114  57.664 0.0000000000
61944  20.485  -30.665  58.908 0.0000000000
148586  19.977  -28.765  60.013 0.0000000000
63851  19.731  -28.152  59.559 0.0000000000
64817  19.611  -27.742  58.160 0.0000000000
64823  19.779  -27.220  57.417 0.0000000000
142022  22.427  -29.190  55.887 0.0000000000
62930  23.831  -29.606  59.267 0.0000000000
62887  25.332  -29.394  62.965 0.0000000000
60861  26.120  -30.573  64.257 0.0000000000
62849  26.361  -29.824  65.732 0.0000000000
62831  26.606  -29.449  67.327 0.0000000000
62791  27.289  -29.676  70.753 0.0000000000
74739  31.016  -17.510  52.942 0.0000000000
160424  28.766  -18.048  50.823 0.0000000000
73815  27.787  -19.429  49.673 0.0000000000
71761  27.605  -21.680  50.194 0.0000000000
148503  27.622  -22.067  48.643 0.0000000000
71785  28.322  -21.144  47.597 0.0000000000
85625  47.647  -7.639  36.506 0.0000000000
75707  34.330  -17.283  53.359 0.0000000000
75722  33.789  -17.311  52.774 0.0000000000
76681  35.736  -17.064  53.681 0.0000000000
50382  27.554  -39.369  72.948 0.0000000000
50397  27.079  -40.168  72.619 0.0000000000
51549  26.859  -38.896  73.649 0.0000000000
53773  26.891  -37.426  73.422 0.0000000000
153149  27.540  -37.862  73.414 0.0000000000
52682  27.780  -38.484  73.076 0.0000000000
51547  28.109  -39.085  72.782 0.0000000000
80869  32.680  -12.196  45.877 0.0000000000
80858  32.772  -12.146  46.829 0.0000000000
81832  34.113  -11.098  47.616 0.0000000000
81840  33.887  -10.893  46.654 0.0000000000
53718  11.383  -37.360  76.297 0.0000000000
150659  11.784  -37.634  75.607 0.0000000000
51526  11.664  -39.160  75.736 0.0000000000
51525  12.096  -39.694  75.283 0.0000000000
50370  12.527  -40.284  75.794 0.0000000000
69301  21.241  -23.601  59.791 0.0000000000
143516  21.279  -23.501  58.857 0.0000000000
153247  20.565  -24.459  58.449 0.0000000000
138626  19.980  -25.923  57.101 0.0000000000
67063  19.870  -25.863  58.056 0.0000000000
66937  21.000  -25.447  67.639 0.0000000000
160981  21.328  -27.437  66.241 0.0000000000
56229  30.923  -35.422  70.423 0.0000000000
145230  29.526  -34.624  68.915 0.0000000000
57420  29.949  -34.740  69.489 0.0000000000
141377  29.762  -34.406  70.244 0.0000000000
67129  24.784  -26.444  53.143 0.0000000000
141183  25.533  -27.121  53.662 0.0000000000
86473  47.426  -6.320  39.370 0.0000000000
86472  47.979  -5.819  39.781 0.0000000000
137732  47.951  -5.891  38.984 0.0000000000
86477  48.425  -5.828  38.382 0.0000000000
77740  34.892  -15.407  49.979 0.0000000000
77741  34.198  -15.426  49.306 0.0000000000
76745  33.662  -16.185  49.151 0.0000000000
74780  28.847  -18.113  48.271 0.0000000000
74779  29.466  -17.706  47.804 0.0000000000
73834  28.973  -19.526  47.186 0.0000000000
156726  29.273  -20.366  46.904 0.0000000000
72861  28.622  -20.350  47.367 0.0000000000
77727  35.470  -15.858  50.620 0.0000000000
78751  36.194  -14.692  50.989 0.0000000000
77739  35.631  -15.037  50.514 0.0000000000
78761  35.140  -14.436  49.997 0.0000000000
50458  22.300  -40.746  68.753 0.0000000000
49328  22.019  -41.087  67.992 0.0000000000
50459  21.497  -40.461  68.514 0.0000000000
50460  20.683  -40.227  68.206 0.0000000000
55148  20.772  -37.269  61.332 0.0000000000
53953  21.341  -37.444  61.190 0.0000000000
53938  22.215  -37.940  62.664 0.0000000000
53830  27.663  -37.081  69.208 0.0000000000
55044  27.099  -36.810  68.050 0.0000000000
53829  29.219  -37.187  69.959 0.0000000000
55028  29.489  -36.726  69.102 0.0000000000
53811  29.956  -37.537  70.800 0.0000000000
53791  31.226  -38.017  71.288 0.0000000000
66965  27.228  -25.945  65.498 0.0000000000
135621  41.291  -8.696  43.447 0.0000000000
83748  42.161  -8.545  44.067 0.0000000000
83804  43.500  -9.558  39.560 0.0000000000
53867  20.002  -37.455  66.922 0.0000000000
53850  20.420  -37.289  68.175 0.0000000000
53884  19.469  -37.385  66.279 0.0000000000
156628  19.679  -37.588  65.615 0.0000000000
53883  20.244  -37.579  66.097 0.0000000000
84646  38.858  -8.498  48.797 0.0000000000
84667  40.049  -8.420  47.614 0.0000000000
83727  39.341  -8.668  47.414 0.0000000000
54978  21.854  -36.255  73.639 0.0000000000
54961  23.860  -36.539  75.372 0.0000000000
54962  22.387  -36.067  74.811 0.0000000000
53728  19.547  -37.485  75.838 0.0000000000
52659  20.029  -38.043  75.370 0.0000000000
52660  19.224  -37.835  74.978 0.0000000000
52673  18.962  -38.096  74.127 0.0000000000
58540  15.725  -33.643  77.673 0.0000000000
52700  13.792  -38.288  72.067 0.0000000000
53781  14.474  -37.791  72.260 0.0000000000
52713  14.378  -38.201  71.542 0.0000000000
134898  14.867  -38.261  70.902 0.0000000000
141379  21.599  -22.145  55.727 0.0000000000
71695  22.096  -21.442  55.941 0.0000000000
69387  21.865  -22.526  54.818 0.0000000000
69365  21.572  -23.600  54.992 0.0000000000
151644  22.614  -25.411  55.202 0.0000000000
138115  21.654  -24.604  55.072 0.0000000000
144842  25.441  -28.110  63.721 0.0000000000
64780  25.390  -27.464  63.323 0.0000000000
63805  25.995  -28.167  65.428 0.0000000000
63792  26.232  -27.900  66.243 0.0000000000
150697  22.836  -35.729  59.035 0.0000000000
156948  21.359  -34.040  58.960 0.0000000000
157058  22.651  -35.196  58.479 0.0000000000
162507  24.899  -32.347  60.145 0.0000000000
59879  23.799  -32.445  57.796 0.0000000000
59878  24.257  -32.308  58.529 0.0000000000
60946  24.435  -31.694  59.039 0.0000000000
148531  24.484  -31.053  59.567 0.0000000000
60906  25.077  -31.164  61.102 0.0000000000
72804  29.278  -20.727  52.906 0.0000000000
72805  28.609  -20.922  52.157 0.0000000000
75747  34.877  -16.959  51.054 0.0000000000
75748  34.195  -16.873  50.606 0.0000000000
75733  34.408  -17.222  51.326 0.0000000000
137492  32.243  -16.740  50.626 0.0000000000
75752  30.035  -17.029  50.253 0.0000000000
77685  38.805  -15.443  54.416 0.0000000000
75719  35.806  -17.018  52.025 0.0000000000
76697  36.430  -16.704  52.512 0.0000000000
76709  36.296  -16.547  51.799 0.0000000000
76710  35.596  -16.800  51.399 0.0000000000
50427  25.476  -40.720  70.849 0.0000000000
49300  25.170  -40.980  69.936 0.0000000000
50428  24.545  -40.616  70.644 0.0000000000
139926  24.056  -40.382  71.209 0.0000000000
53865  23.332  -37.721  66.984 0.0000000000
135348  23.995  -37.670  66.920 0.0000000000
136927  24.592  -37.896  68.709 0.0000000000
53794  28.019  -37.539  71.802 0.0000000000
53814  26.313  -37.570  70.212 0.0000000000
160787  28.039  -37.408  70.935 0.0000000000
53793  28.912  -38.001  71.914 0.0000000000
148138  29.781  -39.149  72.080 0.0000000000
51565  29.510  -39.511  72.146 0.0000000000
49297  27.923  -41.084  70.743 0.0000000000
156563  28.141  -41.109  70.036 0.0000000000
49308  27.460  -41.242  69.771 0.0000000000
82775  36.617  -10.117  50.660 0.0000000000
82776  36.211  -10.190  50.156 0.0000000000
82796  36.154  -9.552  48.649 0.0000000000
83715  36.708  -9.164  48.843 0.0000000000
83724  37.403  -8.889  48.204 0.0000000000
83725  36.787  -9.163  48.025 0.0000000000
83730  36.756  -9.336  47.214 0.0000000000
82811  34.539  -10.414  46.112 0.0000000000
157730  35.161  -10.093  45.766 0.0000000000
82821  34.599  -10.370  45.025 0.0000000000
154163  18.781  -35.861  72.171 0.0000000000
56194  20.300  -35.633  74.260 0.0000000000
56195  19.529  -35.636  73.726 0.0000000000
56188  18.941  -35.147  74.444 0.0000000000
57343  19.650  -34.628  76.379 0.0000000000
56149  20.415  -35.411  77.391 0.0000000000
57335  19.502  -34.558  76.913 0.0000000000
150370  13.783  -34.441  78.190 0.0000000000
135878  13.704  -34.986  77.476 0.0000000000
53748  12.619  -37.488  74.588 0.0000000000
54967  13.088  -36.797  74.950 0.0000000000
53765  12.811  -37.857  73.866 0.0000000000
52687  13.036  -38.175  73.113 0.0000000000
155110  12.782  -39.049  72.815 0.0000000000
50402  12.746  -40.026  73.064 0.0000000000
146726  13.029  -40.612  74.218 0.0000000000
50387  13.105  -40.680  73.536 0.0000000000
49259  14.012  -41.152  76.133 0.0000000000
69319  21.251  -23.404  58.091 0.0000000000
70544  22.150  -22.310  58.034 0.0000000000
70564  21.555  -22.918  57.596 0.0000000000
70563  21.915  -22.241  57.140 0.0000000000
67101  21.041  -25.704  55.485 0.0000000000
155267  20.572  -25.285  55.822 0.0000000000
63893  21.820  -27.904  55.563 0.0000000000
64832  22.323  -27.380  55.887 0.0000000000
63870  22.745  -28.289  57.043 0.0000000000
147206  23.407  -28.725  59.113 0.0000000000
57510  26.034  -34.770  63.211 0.0000000000
57527  25.737  -34.558  62.380 0.0000000000
156409  26.294  -34.076  63.721 0.0000000000
58664  26.718  -33.074  65.383 0.0000000000
155111  26.204  -33.236  63.450 0.0000000000
59801  26.532  -32.492  64.797 0.0000000000
59817  26.029  -32.498  63.100 0.0000000000
59791  26.613  -32.242  65.760 0.0000000000
59784  26.833  -32.423  66.481 0.0000000000
141820  28.620  -33.583  70.008 0.0000000000
69443  26.980  -24.227  51.658 0.0000000000
64862  27.179  -27.517  53.361 0.0000000000
64876  26.534  -27.171  51.595 0.0000000000
64868  27.697  -27.381  52.492 0.0000000000
140754  49.327  -6.122  37.142 0.0000000000
86483  50.041  -5.730  37.233 0.0000000000
86493  50.128  -6.188  36.625 0.0000000000
86501  49.418  -6.752  36.332 0.0000000000
79844  32.986  -13.432  47.864 0.0000000000
78777  33.375  -14.497  48.232 0.0000000000
77750  32.720  -16.175  48.023 0.0000000000
77759  32.184  -15.584  47.106 0.0000000000
76773  31.590  -16.127  46.351 0.0000000000
76757  31.273  -16.713  46.706 0.0000000000
76736  32.981  -16.674  49.021 0.0000000000
76737  32.167  -16.564  48.834 0.0000000000
74790  29.706  -18.186  46.987 0.0000000000
74801  30.099  -18.777  46.360 0.0000000000
74800  30.665  -18.601  45.859 0.0000000000
78714  38.677  -14.455  53.378 0.0000000000
79787  39.076  -13.764  53.910 0.0000000000
148832  38.255  -14.152  52.873 0.0000000000
79812  36.778  -13.320  51.651 0.0000000000
79803  37.338  -13.368  52.163 0.0000000000
81763  37.727  -11.613  52.937 0.0000000000
81764  37.108  -11.743  52.189 0.0000000000
81782  36.617  -11.694  51.590 0.0000000000
80801  36.377  -12.448  51.383 0.0000000000
79834  34.538  -13.731  49.431 0.0000000000
80817  35.440  -12.617  50.297 0.0000000000
80825  34.913  -12.707  49.677 0.0000000000
80836  34.234  -12.573  48.880 0.0000000000
61896  22.568  -30.620  64.299 0.0000000000
136268  22.642  -31.203  63.685 0.0000000000
60879  22.624  -31.852  63.008 0.0000000000
55160  21.539  -36.693  60.064 0.0000000000
56360  21.343  -35.584  60.018 0.0000000000
55159  22.133  -36.777  59.984 0.0000000000
55169  21.853  -36.280  59.538 0.0000000000
55145  23.436  -36.739  61.111 0.0000000000
53879  24.345  -37.475  66.227 0.0000000000
134968  24.048  -37.480  64.855 0.0000000000
53894  24.621  -37.231  65.454 0.0000000000
55073  25.903  -36.576  65.924 0.0000000000
55086  25.441  -36.665  65.258 0.0000000000
55099  25.547  -36.277  64.306 0.0000000000
55130  25.010  -36.146  62.783 0.0000000000
55115  25.288  -36.151  63.428 0.0000000000
56314  25.875  -35.564  63.662 0.0000000000
149398  26.505  -35.649  64.986 0.0000000000
153885  30.055  -36.314  69.138 0.0000000000
56262  28.643  -35.572  67.419 0.0000000000
55027  30.550  -36.147  69.636 0.0000000000
56250  29.555  -35.521  68.372 0.0000000000
50440  29.987  -40.296  70.280 0.0000000000
51603  29.978  -40.059  69.319 0.0000000000
146023  29.317  -40.230  68.848 0.0000000000
151646  43.478  -7.617  46.892 0.0000000000
154067  43.798  -8.310  44.955 0.0000000000
84683  44.232  -8.354  44.497 0.0000000000
84682  45.048  -8.298  44.269 0.0000000000
84690  44.443  -8.438  43.595 0.0000000000
83784  41.459  -9.525  41.461 0.0000000000
83773  41.916  -8.909  42.196 0.0000000000
139575  43.432  -8.626  41.695 0.0000000000
84699  44.354  -8.407  41.820 0.0000000000
84694  44.663  -8.409  42.848 0.0000000000
84708  45.103  -7.957  40.220 0.0000000000
84714  45.143  -8.037  39.235 0.0000000000
152693  46.075  -7.477  39.054 0.0000000000
85612  45.654  -7.924  38.581 0.0000000000
153165  23.921  -37.710  71.089 0.0000000000
53775  25.128  -37.209  72.807 0.0000000000
53817  23.045  -37.431  70.963 0.0000000000
55030  20.364  -37.110  69.112 0.0000000000
53800  22.142  -37.113  71.282 0.0000000000
55003  21.315  -36.840  71.468 0.0000000000
135757  20.017  -36.851  69.873 0.0000000000
55089  17.665  -36.366  65.402 0.0000000000
56276  17.100  -35.625  65.962 0.0000000000
135048  18.801  -36.372  69.930 0.0000000000
55032  18.317  -36.273  69.213 0.0000000000
56241  18.155  -36.019  70.165 0.0000000000
63793  22.094  -28.963  66.588 0.0000000000
57528  22.618  -34.417  63.060 0.0000000000
159345  19.338  -37.881  63.260 0.0000000000
53940  19.706  -37.819  62.674 0.0000000000
53939  20.506  -38.130  62.549 0.0000000000
52780  20.911  -38.359  63.994 0.0000000000
53896  21.624  -37.965  65.286 0.0000000000
135262  20.967  -38.094  64.857 0.0000000000
53835  22.633  -37.613  69.249 0.0000000000
53848  22.644  -37.660  68.466 0.0000000000
143737  23.784  -37.902  70.254 0.0000000000
53816  24.620  -37.863  70.749 0.0000000000
78811  31.903  -14.431  45.436 0.0000000000
83731  40.414  -8.550  46.364 0.0000000000
151980  40.849  -8.494  45.563 0.0000000000
135494  39.775  -8.703  45.016 0.0000000000
135085  37.937  -9.158  46.068 0.0000000000
135622  38.627  -8.911  46.366 0.0000000000
83741  37.758  -9.289  45.076 0.0000000000
82839  38.428  -9.546  43.255 0.0000000000
83752  38.417  -9.141  44.334 0.0000000000
83764  39.189  -9.135  43.687 0.0000000000
82851  39.354  -9.625  42.682 0.0000000000
53740  25.672  -37.618  74.751 0.0000000000
51533  25.905  -38.387  74.479 0.0000000000
162603  25.666  -37.969  74.772 0.0000000000
51521  24.200  -38.700  75.241 0.0000000000
51534  24.547  -39.159  74.659 0.0000000000
51552  23.934  -39.506  73.936 0.0000000000
51566  23.342  -39.715  73.085 0.0000000000
51553  23.061  -39.389  73.929 0.0000000000
56173  22.289  -35.865  76.571 0.0000000000
54926  22.628  -36.418  76.615 0.0000000000
52645  22.179  -37.689  76.578 0.0000000000
51555  20.924  -39.198  73.743 0.0000000000
158244  21.520  -39.283  74.119 0.0000000000
135873  20.980  -39.275  73.043 0.0000000000
51568  21.505  -39.449  72.604 0.0000000000
51580  21.284  -39.535  71.777 0.0000000000
50432  20.455  -39.530  70.226 0.0000000000
51581  20.426  -39.372  71.594 0.0000000000
136011  18.873  -39.202  69.985 0.0000000000
51594  17.918  -39.006  69.779 0.0000000000
57326  17.438  -34.340  77.783 0.0000000000
57325  18.263  -34.609  77.513 0.0000000000
154770  18.869  -34.997  77.580 0.0000000000
54920  17.861  -35.637  77.410 0.0000000000
56164  15.359  -35.427  76.985 0.0000000000
54931  15.400  -35.998  76.052 0.0000000000
150390  15.942  -37.086  73.657 0.0000000000
54947  16.264  -36.549  75.196 0.0000000000
53744  16.674  -37.201  73.993 0.0000000000
53730  17.899  -37.122  75.253 0.0000000000
53760  17.336  -37.552  73.445 0.0000000000
53779  16.511  -37.694  72.339 0.0000000000
50356  14.892  -40.546  78.181 0.0000000000
50350  15.130  -40.366  78.966 0.0000000000
49242  15.408  -40.795  79.582 0.0000000000
49241  16.061  -41.235  79.073 0.0000000000
72789  30.473  -20.647  54.052 0.0000000000
70643  28.736  -23.285  53.426 0.0000000000
69423  27.969  -23.739  53.211 0.0000000000
69399  28.185  -23.758  53.991 0.0000000000
69401  26.694  -23.664  53.085 0.0000000000
69402  25.128  -23.165  52.505 0.0000000000
69427  24.787  -24.111  52.257 0.0000000000
71692  24.857  -20.644  56.148 0.0000000000
71704  24.720  -20.966  54.480 0.0000000000
69386  22.705  -22.857  53.815 0.0000000000
70625  23.258  -21.959  53.445 0.0000000000
68200  23.328  -23.740  53.376 0.0000000000
67098  23.826  -25.562  54.998 0.0000000000
67083  24.524  -25.775  55.683 0.0000000000
67084  23.945  -25.480  55.916 0.0000000000
148039  24.074  -25.528  58.907 0.0000000000
67046  24.970  -25.603  59.141 0.0000000000
67031  25.413  -25.872  60.753 0.0000000000
67015  26.300  -26.031  61.923 0.0000000000
67016  25.586  -26.058  61.570 0.0000000000
65828  22.698  -26.572  57.839 0.0000000000
65827  22.994  -26.311  58.819 0.0000000000
65745  25.983  -26.737  64.256 0.0000000000
65770  25.110  -26.868  62.296 0.0000000000
65757  25.810  -26.703  63.390 0.0000000000
65744  26.419  -26.315  64.797 0.0000000000
157145  27.101  -26.360  67.936 0.0000000000
65678  27.039  -26.654  68.499 0.0000000000
150272  27.303  -27.864  70.075 0.0000000000
162562  27.676  -27.811  71.154 0.0000000000
63715  27.910  -28.402  72.128 0.0000000000
62770  28.682  -28.859  72.992 0.0000000000
61905  21.758  -30.065  63.355 0.0000000000
62878  21.532  -29.218  63.672 0.0000000000
143354  21.530  -30.247  62.714 0.0000000000
137336  21.127  -31.160  60.320 0.0000000000
62900  21.053  -29.916  62.077 0.0000000000
61918  20.732  -29.845  61.227 0.0000000000
62901  20.592  -29.132  61.625 0.0000000000
61930  20.653  -30.229  60.370 0.0000000000
57567  24.070  -34.675  58.993 0.0000000000
57580  22.838  -34.610  57.977 0.0000000000
58756  23.362  -33.999  57.828 0.0000000000
59895  21.556  -32.441  56.944 0.0000000000
60962  20.937  -31.891  57.524 0.0000000000
60949  20.648  -31.225  58.178 0.0000000000
62931  20.184  -29.545  59.786 0.0000000000
151085  20.134  -29.884  58.938 0.0000000000
63843  19.999  -28.121  60.339 0.0000000000
140145  19.791  -28.966  59.082 0.0000000000
61981  21.068  -30.536  56.081 0.0000000000
150523  20.004  -29.115  57.335 0.0000000000
62972  20.360  -29.561  56.610 0.0000000000
63871  19.918  -28.198  57.182 0.0000000000
62988  20.543  -29.111  55.980 0.0000000000
63882  20.257  -28.313  56.186 0.0000000000
62971  22.649  -29.892  56.019 0.0000000000
147878  24.684  -30.349  60.813 0.0000000000
61943  23.894  -30.207  58.545 0.0000000000
61911  24.778  -29.736  61.586 0.0000000000
62912  24.327  -29.423  60.833 0.0000000000
62876  25.617  -29.700  63.522 0.0000000000
60847  26.494  -31.225  65.825 0.0000000000
141248  26.396  -30.934  64.982 0.0000000000
151567  26.606  -31.038  66.600 0.0000000000
61875  27.105  -30.938  69.118 0.0000000000
60816  26.905  -30.722  68.011 0.0000000000
137773  26.758  -29.987  67.809 0.0000000000
62841  26.482  -29.645  66.528 0.0000000000
61876  26.933  -30.034  68.521 0.0000000000
62820  26.751  -29.281  68.119 0.0000000000
61869  27.158  -30.327  70.019 0.0000000000
74729  31.104  -18.055  53.888 0.0000000000
75710  31.849  -17.489  53.446 0.0000000000
73794  28.387  -19.258  51.663 0.0000000000
74750  28.945  -18.378  51.686 0.0000000000
73806  28.389  -18.642  51.048 0.0000000000
74772  28.327  -18.409  50.103 0.0000000000
142170  27.312  -23.895  50.545 0.0000000000
70691  27.553  -22.742  50.396 0.0000000000
137938  27.392  -24.175  49.671 0.0000000000
69508  27.726  -23.510  48.651 0.0000000000
145443  27.929  -22.810  48.236 0.0000000000
71786  27.723  -21.165  48.376 0.0000000000
70721  28.658  -22.780  47.682 0.0000000000
88280  53.722  -4.673  35.782 0.0000000000
88279  54.375  -4.092  35.355 0.0000000000
85619  47.216  -7.292  37.130 0.0000000000
85626  46.862  -7.990  36.828 0.0000000000
142219  34.755  -17.496  51.927 0.0000000000
75734  33.752  -17.205  51.457 0.0000000000
138701  34.156  -17.423  51.985 0.0000000000
137995  33.294  -17.206  52.137 0.0000000000
75705  35.858  -17.125  52.800 0.0000000000
49298  27.016  -41.100  70.376 0.0000000000
50426  26.516  -40.737  71.135 0.0000000000
153585  26.563  -40.481  72.005 0.0000000000
50411  25.800  -40.412  71.733 0.0000000000
53815  25.447  -37.833  70.273 0.0000000000
53832  25.058  -37.931  69.417 0.0000000000
53795  26.975  -37.436  71.746 0.0000000000
52695  28.451  -38.561  72.674 0.0000000000
50394  29.093  -39.749  72.354 0.0000000000
50395  28.515  -39.627  72.546 0.0000000000
50409  27.983  -40.763  71.639 0.0000000000
81849  33.796  -10.877  45.591 0.0000000000
81811  35.393  -11.216  49.610 0.0000000000
82789  35.676  -10.261  49.207 0.0000000000
82797  35.544  -10.083  48.359 0.0000000000
82802  35.419  -10.048  47.458 0.0000000000
135387  36.013  -9.674  46.921 0.0000000000
82803  34.658  -10.476  47.072 0.0000000000
56219  17.495  -35.509  71.502 0.0000000000
56196  18.619  -35.394  73.461 0.0000000000
56197  17.829  -35.183  73.136 0.0000000000
53749  12.134  -37.799  75.027 0.0000000000
52675  12.216  -38.375  74.501 0.0000000000
153993  12.519  -39.472  73.527 0.0000000000
51539  12.237  -39.418  74.334 0.0000000000
50377  13.225  -40.832  74.759 0.0000000000
50369  13.194  -40.774  75.520 0.0000000000
50363  13.269  -40.652  76.606 0.0000000000
70530  21.765  -22.912  59.420 0.0000000000
69302  20.856  -23.913  58.227 0.0000000000
68148  20.432  -24.336  57.644 0.0000000000
67087  20.248  -25.343  56.481 0.0000000000
145156  20.185  -26.159  56.389 0.0000000000
65874  20.307  -26.857  55.937 0.0000000000
57462  28.024  -34.675  66.710 0.0000000000
58663  27.049  -33.805  65.684 0.0000000000
57449  28.151  -34.020  67.323 0.0000000000
156764  27.656  -33.464  67.153 0.0000000000
58642  27.654  -33.163  67.844 0.0000000000
57421  29.193  -34.153  69.586 0.0000000000
57408  30.150  -34.372  71.300 0.0000000000
68218  25.091  -25.039  51.939 0.0000000000
67143  25.812  -25.695  51.539 0.0000000000
67144  25.227  -26.331  52.106 0.0000000000
65900  26.148  -27.404  53.031 0.0000000000
152087  47.053  -6.768  40.699 0.0000000000
86462  47.624  -6.508  41.356 0.0000000000
86470  47.497  -6.314  40.311 0.0000000000
87333  49.978  -4.975  38.296 0.0000000000
86476  48.974  -5.766  37.852 0.0000000000
78776  34.020  -14.576  48.960 0.0000000000
143658  33.594  -15.401  48.638 0.0000000000
75763  30.613  -16.748  49.420 0.0000000000
75770  31.183  -16.614  48.689 0.0000000000
75771  30.119  -17.011  48.434 0.0000000000
73833  29.570  -19.066  46.763 0.0000000000
78738  37.304  -14.764  51.848 0.0000000000
78727  37.765  -14.275  52.360 0.0000000000
78739  36.663  -14.178  51.413 0.0000000000
79813  36.261  -13.292  51.189 0.0000000000
79824  35.775  -13.333  50.711 0.0000000000
49337  23.546  -41.679  67.741 0.0000000000
143934  19.789  -40.288  67.072 0.0000000000
50461  19.760  -39.994  67.824 0.0000000000
57547  22.489  -34.241  62.304 0.0000000000
57548  21.980  -34.402  61.628 0.0000000000
146118  21.298  -35.318  61.172 0.0000000000
55147  21.154  -37.041  60.618 0.0000000000
53951  22.893  -37.283  61.576 0.0000000000
53862  26.386  -37.157  68.228 0.0000000000
53878  25.155  -37.060  66.116 0.0000000000
55058  26.635  -36.721  67.338 0.0000000000
55072  26.559  -36.369  66.396 0.0000000000
55071  27.355  -36.139  66.772 0.0000000000
55042  28.882  -36.492  68.421 0.0000000000
53828  30.309  -36.879  69.877 0.0000000000
53809  31.874  -37.228  71.045 0.0000000000
135373  31.925  -38.694  71.224 0.0000000000
65782  27.063  -26.111  61.421 0.0000000000
83736  42.373  -8.382  45.174 0.0000000000
84678  43.352  -8.228  45.359 0.0000000000
83747  42.713  -8.558  43.611 0.0000000000
83783  42.108  -9.211  41.300 0.0000000000
82874  42.394  -9.767  40.422 0.0000000000
84709  44.448  -8.372  40.676 0.0000000000
83795  43.842  -8.851  40.030 0.0000000000
83803  44.066  -9.131  39.237 0.0000000000
84723  44.623  -8.689  38.864 0.0000000000
136565  21.904  -37.442  68.907 0.0000000000
53836  21.885  -37.313  69.819 0.0000000000
135271  21.152  -37.356  68.548 0.0000000000
55045  19.655  -37.025  68.460 0.0000000000
135869  21.019  -37.793  65.719 0.0000000000
135663  20.975  -37.555  66.731 0.0000000000
135450  40.720  -8.139  47.864 0.0000000000
84673  39.916  -8.652  46.961 0.0000000000
160261  39.772  -8.690  46.369 0.0000000000
82829  36.990  -9.576  44.824 0.0000000000
54960  24.467  -36.754  75.018 0.0000000000
53741  24.891  -37.341  75.151 0.0000000000
54943  24.211  -36.976  75.556 0.0000000000
52655  23.765  -38.140  75.658 0.0000000000
53714  21.373  -36.714  77.251 0.0000000000
52646  21.314  -37.542  76.683 0.0000000000
52658  20.938  -38.234  75.788 0.0000000000
52671  20.533  -38.491  74.883 0.0000000000
137027  20.216  -39.083  73.135 0.0000000000
51570  19.870  -39.172  72.246 0.0000000000
52696  19.336  -38.767  72.792 0.0000000000
52709  18.408  -38.591  71.681 0.0000000000
58546  16.453  -33.600  77.023 0.0000000000
56139  16.950  -34.548  78.132 0.0000000000
53746  14.247  -37.040  73.954 0.0000000000
54948  15.553  -36.394  75.212 0.0000000000
53745  15.176  -37.008  73.786 0.0000000000
53762  15.500  -37.241  73.052 0.0000000000
53780  15.816  -37.512  72.379 0.0000000000
53801  16.154  -37.863  71.730 0.0000000000
53802  15.214  -37.828  71.734 0.0000000000
69384  26.804  -23.429  54.182 0.0000000000
70623  25.870  -22.468  54.284 0.0000000000
72744  23.518  -20.558  57.101 0.0000000000
72743  24.273  -20.288  57.491 0.0000000000
71678  22.826  -20.987  56.441 0.0000000000
72758  23.488  -20.481  56.136 0.0000000000
72771  23.561  -20.499  55.263 0.0000000000
142028  23.865  -20.673  54.413 0.0000000000
71706  22.914  -20.865  54.615 0.0000000000
70626  22.590  -21.715  54.173 0.0000000000
67099  23.236  -25.483  55.106 0.0000000000
67085  23.393  -25.574  56.013 0.0000000000
67061  23.780  -25.563  58.081 0.0000000000
67062  23.430  -25.757  58.665 0.0000000000
64795  23.759  -27.270  60.838 0.0000000000
64781  25.026  -27.414  62.640 0.0000000000
148989  25.651  -27.002  63.574 0.0000000000
64755  26.327  -27.122  66.385 0.0000000000
64747  26.768  -26.847  67.701 0.0000000000
139434  26.481  -27.582  67.061 0.0000000000
63768  26.787  -28.285  68.534 0.0000000000
63748  27.317  -28.714  70.430 0.0000000000
59845  21.596  -32.760  60.761 0.0000000000
60894  21.639  -31.389  61.676 0.0000000000
137192  21.327  -33.015  59.602 0.0000000000
60919  21.302  -32.053  60.063 0.0000000000
59867  21.256  -33.158  58.716 0.0000000000
59853  24.970  -33.111  60.117 0.0000000000
58774  22.875  -33.439  57.358 0.0000000000
58755  24.065  -33.229  58.338 0.0000000000
59893  23.074  -32.558  57.031 0.0000000000
160111  20.425  -30.447  57.299 0.0000000000
60980  21.650  -31.634  56.427 0.0000000000
60979  22.275  -31.268  56.221 0.0000000000
61978  22.839  -30.706  56.272 0.0000000000
145294  23.854  -30.888  57.891 0.0000000000
157932  24.471  -30.551  60.037 0.0000000000
61917  25.147  -30.556  61.699 0.0000000000
59739  27.790  -32.597  70.571 0.0000000000
60804  27.225  -31.850  69.058 0.0000000000
60793  27.377  -31.940  70.372 0.0000000000
142709  27.607  -32.054  71.255 0.0000000000
60780  27.494  -31.383  71.714 0.0000000000
60768  27.807  -31.245  72.578 0.0000000000
59715  28.418  -31.653  72.953 0.0000000000
157316  29.760  -19.260  53.288 0.0000000000
73780  29.273  -19.642  52.845 0.0000000000
72817  28.663  -19.977  52.293 0.0000000000
72818  28.027  -20.220  51.476 0.0000000000
67167  27.957  -26.171  49.975 0.0000000000
68269  27.747  -24.862  49.250 0.0000000000
67166  28.690  -26.074  49.911 0.0000000000
87354  51.885  -6.039  36.253 0.0000000000
155893  52.443  -5.501  36.420 0.0000000000
76733  34.745  -16.187  50.287 0.0000000000
76734  34.053  -16.550  49.947 0.0000000000
75761  33.299  -16.714  49.801 0.0000000000
75762  32.429  -16.658  49.726 0.0000000000
75750  32.967  -16.802  50.375 0.0000000000
75764  29.653  -17.226  49.335 0.0000000000
74771  28.841  -17.821  49.211 0.0000000000
78713  39.157  -14.838  54.125 0.0000000000
77697  37.938  -15.494  53.204 0.0000000000
76696  37.453  -15.961  53.397 0.0000000000
77698  37.504  -15.742  52.666 0.0000000000
77710  37.250  -15.584  51.987 0.0000000000
77711  36.658  -15.969  51.572 0.0000000000
76720  35.959  -16.265  51.181 0.0000000000
48243  24.169  -41.818  67.389 0.0000000000
49310  25.774  -41.241  69.202 0.0000000000
49311  24.830  -41.223  69.032 0.0000000000
49325  24.340  -41.566  68.184 0.0000000000
49312  23.909  -41.169  69.021 0.0000000000
50444  23.371  -40.676  69.661 0.0000000000
143959  22.833  -40.349  70.171 0.0000000000
156700  22.629  -37.933  64.617 0.0000000000
53912  22.430  -37.996  63.690 0.0000000000
136387  23.237  -37.774  65.261 0.0000000000
155009  23.958  -37.573  65.607 0.0000000000
53831  25.924  -37.640  69.506 0.0000000000
53845  25.551  -37.625  68.620 0.0000000000
147588  26.354  -37.401  68.947 0.0000000000
143649  28.051  -37.263  70.093 0.0000000000
161907  29.606  -37.957  71.565 0.0000000000
53770  30.380  -38.568  71.604 0.0000000000
51564  30.262  -39.336  71.816 0.0000000000
50407  30.100  -39.758  71.714 0.0000000000
135457  29.271  -40.634  70.341 0.0000000000
139222  29.036  -40.475  71.496 0.0000000000
49296  28.760  -40.863  70.737 0.0000000000
134945  40.862  -9.094  42.657 0.0000000000
82850  40.548  -9.702  41.974 0.0000000000
55101  18.205  -36.987  64.918 0.0000000000
55120  17.889  -36.327  63.345 0.0000000000
83687  37.278  -9.543  51.011 0.0000000000
83700  37.863  -8.819  50.388 0.0000000000
82787  36.608  -9.463  49.692 0.0000000000
83713  37.919  -8.695  49.350 0.0000000000
83723  38.048  -8.718  48.429 0.0000000000
84660  38.769  -8.682  47.896 0.0000000000
156292  38.717  -8.810  47.245 0.0000000000
83728  38.111  -8.822  47.662 0.0000000000
83733  37.378  -9.260  46.641 0.0000000000
82810  35.851  -9.811  46.032 0.0000000000
82819  36.440  -9.683  45.454 0.0000000000
82830  35.824  -9.929  44.055 0.0000000000
54991  20.325  -36.335  72.594 0.0000000000
54963  21.184  -35.863  74.282 0.0000000000
54979  20.336  -36.005  73.473 0.0000000000
56185  21.621  -35.550  75.575 0.0000000000
56174  21.677  -35.462  76.465 0.0000000000
56187  19.803  -35.292  74.820 0.0000000000
158436  21.397  -36.065  77.328 0.0000000000
53709  20.733  -36.154  77.441 0.0000000000
53710  20.108  -36.498  77.289 0.0000000000
158841  19.134  -37.072  76.355 0.0000000000
56155  14.468  -34.578  78.092 0.0000000000
56165  14.512  -35.170  77.222 0.0000000000
54932  14.522  -35.757  76.244 0.0000000000
54950  13.629  -36.183  75.603 0.0000000000
54966  13.947  -36.610  74.708 0.0000000000
53764  13.579  -37.498  73.442 0.0000000000
53782  13.760  -37.857  72.715 0.0000000000
136707  13.238  -38.919  72.028 0.0000000000
51571  13.018  -39.812  72.216 0.0000000000
71648  23.276  -20.863  58.637 0.0000000000
71664  23.121  -21.041  57.834 0.0000000000
140048  21.239  -22.777  56.555 0.0000000000
68171  20.913  -23.984  55.578 0.0000000000
67100  21.847  -25.455  55.264 0.0000000000
136461  20.979  -24.890  55.472 0.0000000000
65872  21.863  -26.192  55.486 0.0000000000
65873  20.985  -26.532  55.527 0.0000000000
64822  22.542  -27.122  56.753 0.0000000000
64815  22.748  -27.209  58.526 0.0000000000
63850  23.345  -28.017  59.727 0.0000000000
63841  24.060  -28.596  60.896 0.0000000000
62877  25.147  -28.332  62.973 0.0000000000
56346  24.822  -35.508  61.189 0.0000000000
56367  24.061  -35.206  59.476 0.0000000000
57546  25.050  -34.622  60.732 0.0000000000
58731  24.927  -33.917  60.195 0.0000000000
58702  25.689  -33.540  62.088 0.0000000000
58719  25.312  -33.547  60.999 0.0000000000
59843  25.482  -32.691  61.593 0.0000000000
59852  25.188  -32.558  60.796 0.0000000000
60917  25.307  -31.919  61.321 0.0000000000
60905  25.433  -31.348  61.868 0.0000000000
139870  26.492  -31.679  65.118 0.0000000000
59763  27.406  -32.435  68.566 0.0000000000
58632  27.844  -33.109  68.899 0.0000000000
58620  28.027  -33.117  69.837 0.0000000000
59750  27.511  -32.415  69.585 0.0000000000
140471  28.809  -33.370  71.528 0.0000000000
70678  28.178  -22.852  52.085 0.0000000000
71734  28.478  -21.890  52.020 0.0000000000
161004  26.928  -24.719  50.738 0.0000000000
150021  27.044  -25.489  50.372 0.0000000000
67156  26.238  -26.152  51.135 0.0000000000
67155  26.813  -26.273  50.674 0.0000000000
65927  27.546  -26.605  50.508 0.0000000000
64874  28.152  -27.149  51.809 0.0000000000
87339  51.262  -5.203  37.405 0.0000000000
87340  50.411  -5.296  37.627 0.0000000000
87349  51.370  -5.689  36.780 0.0000000000
86500  50.340  -6.762  35.870 0.0000000000
80847  33.113  -12.414  47.642 0.0000000000
80859  32.400  -12.861  46.474 0.0000000000
80848  32.617  -12.846  47.237 0.0000000000
79856  32.369  -13.589  47.029 0.0000000000
160746  32.517  -15.022  47.263 0.0000000000
76746  33.112  -16.497  48.717 0.0000000000
76747  32.561  -16.474  48.343 0.0000000000
157850  31.329  -16.683  47.440 0.0000000000
75780  30.858  -16.814  47.856 0.0000000000
151828  30.739  -17.091  47.010 0.0000000000
159333  30.850  -17.941  45.821 0.0000000000
79802  37.914  -13.447  52.704 0.0000000000
80787  38.051  -12.680  53.155 0.0000000000
81797  36.584  -10.932  51.301 0.0000000000
80816  35.887  -12.450  50.864 0.0000000000
81799  35.625  -11.701  50.300 0.0000000000
80835  34.866  -11.803  49.264 0.0000000000
80846  33.746  -11.940  48.082 0.0000000000
63806  21.807  -28.738  65.866 0.0000000000
64757  21.457  -27.948  65.686 0.0000000000
62852  21.938  -29.215  65.282 0.0000000000
142684  22.227  -30.526  63.683 0.0000000000
60893  22.039  -31.622  62.303 0.0000000000
58720  22.405  -33.617  61.906 0.0000000000
59844  22.045  -32.985  61.583 0.0000000000
57569  21.458  -34.823  59.542 0.0000000000
55168  22.561  -36.236  59.496 0.0000000000
56359  23.979  -36.107  60.633 0.0000000000
159229  22.768  -37.752  63.092 0.0000000000
53927  23.311  -37.570  63.416 0.0000000000
55117  23.920  -37.075  62.933 0.0000000000
55087  24.797  -36.943  64.614 0.0000000000
55132  23.699  -36.901  62.037 0.0000000000
55131  24.453  -36.497  62.445 0.0000000000
55144  24.288  -36.306  61.574 0.0000000000
56330  25.519  -35.488  62.756 0.0000000000
57509  26.357  -34.920  63.988 0.0000000000
147126  26.673  -35.068  64.684 0.0000000000
56275  27.132  -35.699  66.066 0.0000000000
56274  27.777  -35.413  66.535 0.0000000000
56287  27.431  -34.731  65.945 0.0000000000
57448  28.578  -34.860  67.279 0.0000000000
56240  29.925  -35.165  68.841 0.0000000000
56239  30.462  -35.462  69.584 0.0000000000
51563  30.887  -39.144  71.635 0.0000000000
51602  30.892  -39.788  70.055 0.0000000000
65871  25.183  -26.413  55.266 0.0000000000
83762  41.451  -8.892  42.681 0.0000000000
147735  42.731  -8.641  42.863 0.0000000000
140714  46.080  -8.086  43.178 0.0000000000
84692  46.022  -7.824  42.299 0.0000000000
85595  46.186  -7.538  41.415 0.0000000000
85602  45.744  -7.668  40.640 0.0000000000
85601  46.403  -7.231  40.488 0.0000000000
85606  46.363  -7.200  39.620 0.0000000000
85605  46.776  -6.925  38.919 0.0000000000
85610  46.958  -7.016  37.930 0.0000000000
53758  26.853  -37.792  73.884 0.0000000000
53739  26.709  -37.988  74.071 0.0000000000
53759  26.333  -37.261  73.992 0.0000000000
54974  25.527  -36.884  73.913 0.0000000000
54987  24.673  -36.900  73.367 0.0000000000
53818  22.277  -37.301  70.552 0.0000000000
53799  22.787  -37.091  71.861 0.0000000000
54988  23.902  -36.778  73.396 0.0000000000
134865  23.069  -36.583  73.270 0.0000000000
155992  21.637  -36.498  72.835 0.0000000000
54990  21.100  -36.562  72.286 0.0000000000
55088  18.255  -36.854  65.897 0.0000000000
55074  18.396  -36.771  66.801 0.0000000000
55061  18.583  -36.728  67.653 0.0000000000
148727  17.168  -35.794  64.851 0.0000000000
55046  18.855  -36.685  68.474 0.0000000000
55031  19.342  -36.708  69.335 0.0000000000
55004  20.374  -36.582  71.575 0.0000000000
54992  19.502  -36.174  72.096 0.0000000000
55006  18.794  -36.093  71.497 0.0000000000
56230  18.129  -35.861  71.039 0.0000000000
146610  16.998  -35.538  69.076 0.0000000000
56243  16.815  -35.411  69.757 0.0000000000
65707  21.134  -26.239  68.243 0.0000000000
64748  21.353  -27.182  67.844 0.0000000000
62851  22.299  -29.554  65.903 0.0000000000
60863  23.051  -31.396  64.381 0.0000000000
60848  23.423  -31.750  65.075 0.0000000000
59818  23.198  -32.933  63.791 0.0000000000
57529  22.037  -34.874  62.273 0.0000000000
53954  20.926  -37.790  61.843 0.0000000000
56333  20.443  -36.418  61.638 0.0000000000
52779  21.561  -38.285  63.701 0.0000000000
53913  21.789  -38.154  64.495 0.0000000000
135664  22.707  -37.725  66.656 0.0000000000
135665  22.805  -37.706  67.575 0.0000000000
53833  24.206  -38.039  69.428 0.0000000000
143738  24.608  -38.037  70.020 0.0000000000
152366  25.663  -37.476  72.182 0.0000000000
80870  32.372  -12.957  45.530 0.0000000000
151749  42.893  -7.552  47.643 0.0000000000
156623  42.392  -7.971  46.693 0.0000000000
84666  41.304  -8.027  47.599 0.0000000000
147272  41.630  -8.137  46.897 0.0000000000
84671  42.019  -8.238  46.115 0.0000000000
83737  41.578  -8.401  45.557 0.0000000000
154954  40.703  -8.644  44.008 0.0000000000
159428  38.685  -8.864  46.876 0.0000000000
83739  39.293  -8.780  45.797 0.0000000000
136815  39.931  -8.769  44.069 0.0000000000
83775  40.195  -9.378  42.655 0.0000000000
51532  26.433  -38.467  74.151 0.0000000000
50384  25.824  -39.948  73.333 0.0000000000
50385  25.015  -39.889  73.182 0.0000000000
52670  25.091  -38.355  74.885 0.0000000000
142094  24.762  -39.649  73.942 0.0000000000
157597  24.500  -40.107  72.393 0.0000000000
154311  24.057  -40.288  71.809 0.0000000000
50413  23.367  -40.152  71.510 0.0000000000
50414  22.714  -40.108  70.874 0.0000000000
54945  22.977  -36.161  76.209 0.0000000000
54925  23.141  -36.859  76.385 0.0000000000
137770  23.034  -38.535  75.942 0.0000000000
51524  21.682  -38.667  75.497 0.0000000000
51537  21.971  -39.116  74.778 0.0000000000
51536  22.816  -39.250  74.845 0.0000000000
135239  22.365  -39.612  73.046 0.0000000000
51579  22.112  -39.631  72.060 0.0000000000
50430  21.972  -40.082  70.264 0.0000000000
50447  21.073  -39.808  69.855 0.0000000000
51604  20.291  -39.614  69.535 0.0000000000
51605  19.461  -39.431  69.319 0.0000000000
51582  19.607  -39.154  71.473 0.0000000000
51620  19.200  -39.549  68.485 0.0000000000
57344  18.876  -34.323  76.288 0.0000000000
57324  19.155  -34.783  77.238 0.0000000000
54928  19.277  -36.442  77.126 0.0000000000
53717  18.380  -36.773  76.304 0.0000000000
56140  16.242  -34.682  78.161 0.0000000000
157004  16.760  -35.041  78.080 0.0000000000
54921  16.916  -35.510  77.542 0.0000000000
136243  16.194  -36.208  75.865 0.0000000000
148979  17.005  -36.180  76.598 0.0000000000
54929  17.834  -36.302  76.684 0.0000000000
53742  18.430  -37.561  74.629 0.0000000000
52674  18.144  -37.860  73.805 0.0000000000
52686  17.963  -38.012  72.965 0.0000000000
52710  17.590  -38.418  71.356 0.0000000000
52711  16.674  -38.233  71.114 0.0000000000
52722  17.285  -38.604  70.468 0.0000000000
50357  13.834  -40.444  77.762 0.0000000000
49254  15.499  -41.002  77.641 0.0000000000
49253  16.442  -41.264  78.043 0.0000000000
50344  15.704  -40.726  79.038 0.0000000000
75708  33.454  -17.257  53.661 0.0000000000
70662  28.698  -22.632  52.688 0.0000000000
161618  28.304  -23.309  52.778 0.0000000000
69425  26.457  -24.041  52.279 0.0000000000
69400  27.448  -23.779  53.650 0.0000000000
67130  24.158  -25.565  53.140 0.0000000000
161202  25.457  -22.287  53.563 0.0000000000
71714  24.259  -21.113  53.720 0.0000000000
70645  24.432  -21.746  53.254 0.0000000000
137477  24.368  -22.504  52.840 0.0000000000
69403  24.105  -23.640  52.689 0.0000000000
68199  23.749  -24.654  53.197 0.0000000000
67097  24.437  -25.925  54.730 0.0000000000
65853  25.292  -26.250  56.242 0.0000000000
65839  25.402  -26.014  57.302 0.0000000000
67071  24.263  -25.528  57.371 0.0000000000
162420  25.480  -25.685  58.750 0.0000000000
67045  26.143  -25.815  60.209 0.0000000000
67030  26.259  -25.857  61.076 0.0000000000
66988  26.970  -26.108  63.880 0.0000000000
66977  26.920  -26.008  64.713 0.0000000000
67086  22.768  -25.880  55.903 0.0000000000
65840  23.018  -25.872  57.974 0.0000000000
67033  23.843  -26.049  60.172 0.0000000000
65784  24.010  -26.789  61.084 0.0000000000
65797  24.199  -26.354  60.857 0.0000000000
67017  24.854  -26.188  61.216 0.0000000000
66990  25.936  -26.357  63.120 0.0000000000
66966  26.676  -26.054  65.381 0.0000000000
159056  27.095  -26.043  66.835 0.0000000000
153977  27.348  -26.068  67.746 0.0000000000
142172  27.876  -26.099  69.961 0.0000000000
159455  27.998  -26.374  70.672 0.0000000000
65643  28.111  -27.120  71.696 0.0000000000
68112  20.887  -24.530  60.055 0.0000000000
144923  21.373  -27.779  64.817 0.0000000000
64772  21.266  -27.760  63.958 0.0000000000
145695  21.200  -28.897  63.043 0.0000000000
65746  21.250  -26.929  64.384 0.0000000000
64789  20.470  -27.613  61.673 0.0000000000
57581  22.253  -34.643  58.086 0.0000000000
58757  21.490  -33.658  58.156 0.0000000000
60935  21.054  -32.271  59.055 0.0000000000
58775  22.324  -33.586  57.434 0.0000000000
60948  20.884  -31.912  58.346 0.0000000000
61929  20.754  -30.867  59.641 0.0000000000
145925  20.420  -30.233  59.546 0.0000000000
63836  20.332  -28.364  61.107 0.0000000000
65772  20.697  -27.006  62.149 0.0000000000
65786  20.507  -26.825  61.350 0.0000000000
158495  20.235  -29.905  57.343 0.0000000000
154058  19.624  -28.192  58.810 0.0000000000
162822  20.481  -25.880  60.335 0.0000000000
65813  19.870  -26.580  59.321 0.0000000000
159454  19.821  -26.213  58.687 0.0000000000
64833  20.072  -27.497  56.505 0.0000000000
63894  20.902  -28.417  55.604 0.0000000000
62956  22.787  -29.174  56.471 0.0000000000
62970  23.161  -29.995  56.711 0.0000000000
62955  23.563  -30.086  57.612 0.0000000000
62945  23.492  -29.378  58.349 0.0000000000
62888  24.922  -29.090  62.244 0.0000000000
63821  25.505  -28.933  63.672 0.0000000000
149186  25.869  -30.986  63.425 0.0000000000
153723  25.521  -30.786  62.509 0.0000000000
61895  25.817  -30.222  63.700 0.0000000000
61884  26.496  -30.444  66.226 0.0000000000
62863  26.261  -30.115  64.974 0.0000000000
149928  25.872  -29.594  64.261 0.0000000000
62850  26.063  -29.183  65.148 0.0000000000
63804  26.271  -28.900  65.973 0.0000000000
63791  26.433  -28.666  66.783 0.0000000000
62803  27.144  -29.415  69.787 0.0000000000
61841  27.502  -30.689  72.119 0.0000000000
148399  27.734  -30.154  72.550 0.0000000000
62771  27.987  -29.279  72.676 0.0000000000
75723  32.813  -17.257  53.080 0.0000000000
74748  30.665  -17.312  52.086 0.0000000000
138190  30.163  -17.813  52.677 0.0000000000
74749  29.759  -17.674  51.954 0.0000000000
74762  29.439  -17.545  51.038 0.0000000000
74781  28.263  -18.614  48.928 0.0000000000
71749  27.935  -22.076  51.189 0.0000000000
71760  27.792  -20.972  50.815 0.0000000000
153954  27.580  -24.068  49.064 0.0000000000
70700  27.496  -22.312  49.468 0.0000000000
72831  27.601  -20.742  49.937 0.0000000000
72841  27.584  -20.335  49.058 0.0000000000
73823  27.950  -19.500  48.524 0.0000000000
73835  28.335  -19.693  47.754 0.0000000000
86486  47.615  -6.758  37.540 0.0000000000
86495  47.965  -6.926  36.853 0.0000000000
84734  48.110  -8.141  36.012 0.0000000000
49289  27.361  -40.896  71.152 0.0000000000
49313  23.087  -40.998  68.954 0.0000000000
49322  27.056  -41.404  68.973 0.0000000000
49326  23.570  -41.370  68.411 0.0000000000
50383  26.676  -39.658  73.309 0.0000000000
50396  27.924  -40.165  72.365 0.0000000000
50399  25.343  -40.165  72.442 0.0000000000
50400  23.701  -40.056  72.358 0.0000000000
50408  29.424  -39.992  71.956 0.0000000000
50415  21.939  -39.845  71.229 0.0000000000
50441  29.306  -40.480  69.587 0.0000000000
50442  28.672  -40.889  69.805 0.0000000000
50445  22.551  -40.492  69.520 0.0000000000
51523  22.577  -38.952  75.597 0.0000000000
51531  26.782  -38.506  73.794 0.0000000000
51535  23.693  -39.265  74.843 0.0000000000
51538  21.097  -39.000  74.626 0.0000000000
51546  28.874  -39.384  72.506 0.0000000000
51548  27.357  -38.763  73.372 0.0000000000
51550  26.126  -39.135  73.952 0.0000000000
51556  20.333  -38.833  74.076 0.0000000000
51578  30.795  -39.437  71.505 0.0000000000
51590  32.055  -39.009  70.979 0.0000000000
51591  31.312  -39.434  70.988 0.0000000000
51619  20.055  -39.768  68.726 0.0000000000
52644  23.010  -37.731  76.284 0.0000000000
52647  20.369  -37.589  76.272 0.0000000000
52657  21.724  -38.167  76.223 0.0000000000
52667  26.574  -38.241  74.091 0.0000000000
52668  26.237  -38.024  74.457 0.0000000000
52669  25.090  -37.804  75.069 0.0000000000
52676  11.825  -38.407  75.335 0.0000000000
52681  28.444  -39.058  72.760 0.0000000000
52684  19.565  -38.546  73.625 0.0000000000
52693  30.398  -38.979  71.806 0.0000000000
52694  29.138  -39.001  72.446 0.0000000000
52697  18.570  -38.437  72.474 0.0000000000
52698  17.792  -38.211  72.171 0.0000000000
52708  31.271  -38.614  71.355 0.0000000000
52732  16.889  -38.796  69.536 0.0000000000
52790  20.074  -38.286  63.398 0.0000000000
53713  22.523  -37.024  76.721 0.0000000000
53716  19.840  -37.052  76.757 0.0000000000
53726  24.429  -37.582  75.474 0.0000000000
53727  23.716  -37.292  75.890 0.0000000000
53731  16.919  -36.910  74.956 0.0000000000
53757  27.349  -38.032  73.603 0.0000000000
53771  29.653  -38.826  72.091 0.0000000000
53772  28.217  -37.971  72.804 0.0000000000
53777  23.368  -36.905  72.524 0.0000000000
53778  17.179  -37.784  72.640 0.0000000000
53790  32.017  -37.786  71.152 0.0000000000
53797  24.638  -37.574  71.751 0.0000000000
53798  23.634  -37.345  71.775 0.0000000000
53812  28.851  -37.548  71.050 0.0000000000
53813  27.218  -37.462  70.759 0.0000000000
53819  21.537  -37.094  70.670 0.0000000000
53847  23.373  -37.813  68.219 0.0000000000
53849  21.934  -37.493  68.050 0.0000000000
53851  19.804  -37.259  67.689 0.0000000000
53863  25.662  -37.257  67.652 0.0000000000
53864  24.279  -37.704  67.513 0.0000000000
53880  23.483  -37.691  66.224 0.0000000000
53885  18.832  -37.122  66.333 0.0000000000
53895  22.334  -37.926  65.282 0.0000000000
53897  20.260  -37.842  65.264 0.0000000000
53916  18.797  -37.497  64.449 0.0000000000
53929  21.317  -38.163  62.487 0.0000000000
53937  23.057  -37.481  62.528 0.0000000000
53952  22.071  -37.501  61.235 0.0000000000
53963  21.717  -37.158  60.544 0.0000000000
54919  18.942  -35.533  77.493 0.0000000000
54946  17.457  -36.626  75.870 0.0000000000
54951  12.679  -36.466  75.605 0.0000000000
54959  25.261  -37.020  74.691 0.0000000000
54965  14.907  -36.642  74.544 0.0000000000
54977  22.622  -36.403  73.847 0.0000000000
54989  22.299  -36.512  73.013 0.0000000000
55002  21.970  -36.829  72.181 0.0000000000
55015  31.989  -36.354  70.985 0.0000000000
55017  19.424  -36.573  70.258 0.0000000000
55018  18.779  -36.272  70.678 0.0000000000
55029  28.531  -36.962  69.164 0.0000000000
55040  30.076  -35.822  68.941 0.0000000000
55041  29.595  -36.148  68.576 0.0000000000
55055  29.142  -35.906  67.927 0.0000000000
55056  28.429  -36.237  67.722 0.0000000000
55057  27.610  -36.440  67.525 0.0000000000
55060  19.203  -36.987  67.893 0.0000000000
55062  17.887  -36.317  67.320 0.0000000000
55085  26.484  -36.051  65.572 0.0000000000
55100  24.898  -36.649  63.898 0.0000000000
55133  20.218  -37.456  62.013 0.0000000000
55170  21.452  -36.211  59.741 0.0000000000
56138  17.648  -34.675  77.912 0.0000000000
56141  15.636  -34.256  78.243 0.0000000000
56142  14.975  -34.238  78.391 0.0000000000
56148  21.057  -35.608  77.324 0.0000000000
56150  19.598  -35.199  77.468 0.0000000000
56151  18.169  -35.025  77.724 0.0000000000
56153  16.157  -35.245  77.741 0.0000000000
56162  21.622  -35.642  77.037 0.0000000000
56163  20.966  -35.096  77.041 0.0000000000
56175  20.977  -35.109  76.305 0.0000000000
56176  20.156  -34.924  75.882 0.0000000000
56205  19.081  -35.777  72.822 0.0000000000
56206  18.355  -35.555  72.619 0.0000000000
56207  17.660  -35.377  72.320 0.0000000000
56231  17.353  -35.600  70.532 0.0000000000
56261  29.105  -35.204  67.785 0.0000000000
56300  26.228  -35.631  64.402 0.0000000000
56358  24.408  -35.354  60.225 0.0000000000
56369  22.183  -35.750  59.007 0.0000000000
56370  21.637  -35.628  59.227 0.0000000000
56377  21.937  -35.175  58.580 0.0000000000
57327  16.685  -34.137  78.024 0.0000000000
57334  20.033  -34.915  77.156 0.0000000000
57355  19.333  -34.765  75.492 0.0000000000
57419  30.424  -34.871  70.274 0.0000000000
57435  29.406  -34.849  68.320 0.0000000000
57491  26.579  -34.278  64.471 0.0000000000
57545  25.443  -34.407  61.554 0.0000000000
57559  21.547  -34.617  60.612 0.0000000000
57568  23.405  -34.716  58.362 0.0000000000
57600  21.975  -34.034  57.763 0.0000000000
58538  17.093  -33.902  77.551 0.0000000000
58595  29.041  -33.141  72.454 0.0000000000
58606  29.165  -33.848  70.755 0.0000000000
58631  28.340  -33.764  68.273 0.0000000000
58652  27.544  -33.798  66.520 0.0000000000
58653  26.937  -33.057  66.147 0.0000000000
58675  26.467  -33.343  64.316 0.0000000000
58691  23.055  -33.620  63.406 0.0000000000
58703  22.838  -33.610  62.630 0.0000000000
58732  21.496  -33.820  60.103 0.0000000000
58743  23.947  -34.119  58.495 0.0000000000
58776  21.776  -33.290  57.463 0.0000000000
59701  28.994  -32.046  73.216 0.0000000000
59773  27.188  -32.289  67.662 0.0000000000
59816  26.289  -32.487  63.894 0.0000000000
59828  25.753  -32.599  62.369 0.0000000000
59880  21.210  -32.701  57.985 0.0000000000
60756  28.262  -30.894  73.111 0.0000000000
60815  27.120  -31.610  68.276 0.0000000000
60836  26.675  -31.746  66.503 0.0000000000
60849  22.989  -30.825  65.022 0.0000000000
60862  23.090  -32.090  63.831 0.0000000000
60892  25.746  -31.723  62.676 0.0000000000
60934  24.704  -31.745  59.841 0.0000000000
60936  20.786  -31.411  58.980 0.0000000000
60947  24.079  -31.644  58.221 0.0000000000
60963  20.650  -31.073  57.211 0.0000000000
60978  22.970  -31.585  56.583 0.0000000000
60981  21.050  -31.100  56.435 0.0000000000
61825  28.145  -30.163  73.064 0.0000000000
61833  27.825  -30.648  72.773 0.0000000000
61870  27.087  -29.994  69.252 0.0000000000
61880  26.665  -30.390  67.113 0.0000000000
61889  26.408  -30.510  65.545 0.0000000000
61897  22.036  -29.930  64.093 0.0000000000
61903  25.561  -30.189  63.076 0.0000000000
61904  22.054  -30.894  62.998 0.0000000000
61912  21.586  -30.789  62.180 0.0000000000
61953  24.210  -30.955  58.770 0.0000000000
61964  23.433  -30.834  56.965 0.0000000000
61979  22.166  -30.470  55.885 0.0000000000
61980  21.626  -30.885  56.065 0.0000000000
61993  20.802  -29.911  55.981 0.0000000000
62780  27.468  -29.909  71.809 0.0000000000
62804  26.966  -29.260  68.932 0.0000000000
62899  24.485  -28.880  61.510 0.0000000000
62914  20.374  -29.210  60.673 0.0000000000
62929  24.213  -29.888  60.077 0.0000000000
62957  19.963  -29.488  58.160 0.0000000000
62986  22.008  -29.694  55.664 0.0000000000
62987  21.231  -29.395  55.664 0.0000000000
63749  27.065  -28.488  69.486 0.0000000000
63794  21.586  -28.155  66.576 0.0000000000
63807  21.618  -28.562  65.082 0.0000000000
63814  21.461  -28.483  64.263 0.0000000000
63822  21.235  -28.397  63.473 0.0000000000
63827  24.657  -28.061  62.053 0.0000000000
63828  20.924  -28.339  62.773 0.0000000000
63834  24.256  -28.167  61.414 0.0000000000
63842  23.660  -28.022  60.479 0.0000000000
63861  22.964  -28.334  58.177 0.0000000000
63862  19.722  -28.625  58.133 0.0000000000
63869  23.155  -29.231  57.369 0.0000000000
64738  26.805  -27.306  68.383 0.0000000000
64756  26.097  -27.214  65.734 0.0000000000
64771  25.640  -27.463  64.055 0.0000000000
64787  24.724  -27.255  61.992 0.0000000000
64794  24.236  -27.412  61.447 0.0000000000
64796  20.238  -27.480  60.801 0.0000000000
64800  23.398  -27.203  60.170 0.0000000000
64801  19.894  -27.395  59.924 0.0000000000
64807  19.636  -27.464  59.036 0.0000000000
64816  22.653  -27.469  57.693 0.0000000000
64843  27.969  -27.321  54.694 0.0000000000
64846  21.810  -27.020  55.553 0.0000000000
64861  28.179  -27.306  53.342 0.0000000000
64869  26.750  -27.450  52.335 0.0000000000
65662  27.887  -26.889  71.042 0.0000000000
65696  27.381  -26.211  68.488 0.0000000000
65708  21.124  -26.427  67.367 0.0000000000
65716  21.195  -26.634  66.491 0.0000000000
65729  26.562  -26.286  65.652 0.0000000000
65730  26.237  -26.631  65.245 0.0000000000
65743  27.595  -26.152  64.177 0.0000000000
65783  24.614  -26.724  61.535 0.0000000000
65798  23.731  -26.625  60.504 0.0000000000
65829  19.672  -26.777  58.330 0.0000000000
65842  19.806  -26.475  57.545 0.0000000000
65855  19.995  -26.683  56.794 0.0000000000
65901  25.429  -27.026  52.791 0.0000000000
65911  29.209  -26.650  52.121 0.0000000000
65912  25.971  -26.622  51.574 0.0000000000
65920  27.838  -27.042  51.055 0.0000000000
65921  27.047  -27.023  51.018 0.0000000000
65922  26.473  -26.736  51.150 0.0000000000
65926  28.343  -26.584  50.501 0.0000000000
66952  26.833  -26.004  66.044 0.0000000000
66978  26.201  -26.436  63.889 0.0000000000
67002  26.325  -26.110  62.746 0.0000000000
67003  25.756  -26.252  62.364 0.0000000000
67004  25.234  -26.472  61.938 0.0000000000
67014  27.054  -26.160  62.267 0.0000000000
67035  20.238  -26.029  59.774 0.0000000000
67047  24.312  -25.727  59.685 0.0000000000
67048  23.586  -25.868  59.373 0.0000000000
67049  20.093  -25.693  59.010 0.0000000000
67102  20.483  -25.983  55.872 0.0000000000
67168  27.406  -26.069  50.233 0.0000000000
67174  28.269  -25.600  49.472 0.0000000000
68126  20.902  -24.163  59.071 0.0000000000
68138  20.206  -25.032  58.275 0.0000000000
68172  20.492  -24.566  56.074 0.0000000000
68185  22.782  -24.042  54.000 0.0000000000
68186  22.173  -23.462  54.405 0.0000000000
68252  27.241  -24.778  50.027 0.0000000000
68284  28.128  -24.313  48.647 0.0000000000
69333  20.826  -23.555  57.350 0.0000000000
69426  25.560  -24.072  52.104 0.0000000000
69482  27.471  -23.339  49.513 0.0000000000
69507  28.487  -23.647  48.092 0.0000000000
70545  21.782  -22.950  58.489 0.0000000000
70586  21.725  -22.002  56.374 0.0000000000
70607  25.381  -21.587  54.826 0.0000000000
70644  25.085  -22.268  53.124 0.0000000000
70646  23.862  -22.038  53.100 0.0000000000
70709  28.107  -21.991  47.900 0.0000000000
70710  27.548  -22.796  48.860 0.0000000000
71665  22.669  -21.575  58.415 0.0000000000
71693  24.124  -20.397  55.876 0.0000000000
71705  24.391  -20.617  55.231 0.0000000000
71707  22.147  -21.471  55.090 0.0000000000
71722  23.831  -21.510  53.359 0.0000000000
71772  27.515  -21.373  49.280 0.0000000000
72730  23.753  -20.466  58.040 0.0000000000
72742  24.947  -20.506  57.767 0.0000000000
72757  24.198  -20.305  56.631 0.0000000000
72850  27.953  -20.332  48.027 0.0000000000
73793  29.513  -18.589  52.645 0.0000000000
74728  31.642  -17.824  54.190 0.0000000000
75706  35.141  -17.334  53.088 0.0000000000
75720  35.245  -17.406  52.294 0.0000000000
75736  30.400  -17.080  51.215 0.0000000000
75760  33.718  -16.729  50.053 0.0000000000
75793  30.986  -17.366  46.205 0.0000000000
76722  34.581  -16.636  50.575 0.0000000000
77684  39.319  -15.279  54.760 0.0000000000
77696  38.543  -15.248  53.633 0.0000000000
77709  37.756  -15.187  52.448 0.0000000000
77725  36.762  -15.161  51.420 0.0000000000
79788  38.464  -13.550  53.254 0.0000000000
81821  35.123  -10.885  48.841 0.0000000000
135076  23.433  -33.178  57.594 0.0000000000
135666  23.651  -37.766  67.552 0.0000000000
135890  23.200  -36.188  75.506 0.0000000000
136502  28.714  -40.217  72.039 0.0000000000
136766  22.191  -39.424  74.027 0.0000000000
136926  23.806  -37.947  68.784 0.0000000000
137003  19.261  -39.147  70.764 0.0000000000
137953  27.475  -37.539  72.750 0.0000000000
138754  43.003  -7.852  46.541 0.0000000000
139921  26.602  -37.341  72.538 0.0000000000
140483  21.216  -30.700  61.256 0.0000000000
141284  21.689  -37.830  61.843 0.0000000000
141599  21.878  -28.827  55.574 0.0000000000
142157  24.864  -25.565  58.273 0.0000000000
142296  20.334  -24.464  56.854 0.0000000000
142648  20.098  -39.337  70.833 0.0000000000
142761  26.619  -26.705  66.801 0.0000000000
144295  25.561  -32.043  61.965 0.0000000000
144748  26.960  -26.322  67.233 0.0000000000
145708  27.214  -31.199  70.194 0.0000000000
146133  36.882  -11.136  51.783 0.0000000000
147171  28.607  -29.556  73.090 0.0000000000
147969  26.638  -27.690  67.869 0.0000000000
148171  21.112  -31.696  56.817 0.0000000000
148830  36.115  -13.942  51.000 0.0000000000
149776  23.445  -35.305  58.919 0.0000000000
150657  25.438  -37.715  71.239 0.0000000000
150705  26.484  -26.194  64.204 0.0000000000
150778  21.744  -27.828  68.112 0.0000000000
151314  21.914  -37.084  76.946 0.0000000000
153557  20.832  -36.874  70.871 0.0000000000
154065  20.186  -28.865  56.614 0.0000000000
154579  27.373  -31.460  70.908 0.0000000000
156120  24.384  -26.012  53.860 0.0000000000
156287  15.824  -33.981  78.181 0.0000000000
156602  20.462  -37.413  67.457 0.0000000000
158018  16.303  -34.295  78.182 0.0000000000
158041  27.957  -19.299  50.791 0.0000000000
158067  18.936  -38.949  71.349 0.0000000000
158110  18.235  -33.996  76.692 0.0000000000
158225  22.601  -39.919  71.580 0.0000000000
158519  22.871  -21.178  57.155 0.0000000000
159022  21.922  -28.563  67.155 0.0000000000
159800  23.297  -31.947  64.442 0.0000000000
160209  25.236  -34.942  61.318 0.0000000000
160762  25.993  -36.370  65.427 0.0000000000
160763  42.764  -7.747  47.067 0.0000000000
160864  22.674  -29.982  66.191 0.0000000000
161028  20.183  -28.604  60.531 0.0000000000
161207  28.707  -26.931  51.949 0.0000000000
161454  31.336  -17.172  52.209 0.0000000000
162117  23.174  -37.810  68.825 0.0000000000
162201  25.923  -37.201  74.475 0.0000000000
162224  26.617  -33.145  64.876 0.0000000000
162354  45.652  -7.747  39.153 0.0000000000
162414  25.433  -39.633  73.831 0.0000000000
162751  23.339  -24.569  53.799 0.0000000000
162768  27.631  -20.131  49.782 0.0000000000
