#!ascii label  , from subject sub-v1s17x0050245_ses-1 vox2ras=TkReg
1280
4721  -21.186  -83.166  -3.360 0.5000000000
5347  -20.848  -82.184  -2.533 0.6000000238
4208  -27.743  -84.158  -5.232 0.3000000119
5328  -20.037  -81.892  -1.229 0.5000000000
3092  -26.014  -85.437  -6.781 0.4000000060
134464  -27.239  -84.534  -6.579 0.4000000060
4222  -27.831  -83.854  -6.486 0.4000000060
125202  -27.294  -84.795  -5.686 0.3000000119
3641  -27.365  -83.933  -7.493 0.4000000060
120036  -21.717  -80.490  -5.976 0.5000000000
115114  -21.441  -81.260  -5.255 0.5000000000
4731  -21.264  -83.119  -4.236 0.5000000000
115355  -21.761  -79.936  -4.238 0.6000000238
6001  -21.467  -80.718  -3.549 0.5000000000
5365  -21.119  -82.443  -3.595 0.6000000238
4197  -27.572  -84.317  -4.213 0.3000000119
5985  -21.083  -81.075  -2.355 0.5000000000
3102  -24.684  -84.825  -8.136 0.5000000000
3090  -24.401  -85.557  -7.091 0.5000000000
4198  -28.083  -83.352  -4.613 0.3000000119
5346  -20.504  -81.753  -1.797 0.5000000000
3663  -26.003  -83.807  -8.590 0.5000000000
3651  -25.937  -84.682  -7.888 0.4000000060
4209  -28.393  -83.257  -5.758 0.3000000119
4772  -26.022  -83.188  -8.683 0.4000000060
3652  -26.701  -83.911  -8.203 0.4000000060
128266  -27.885  -83.249  -7.641 0.4000000060
4238  -26.676  -82.700  -8.604 0.4000000060
6587  -23.187  -79.618  -6.599 0.6999999881
6042  -23.194  -80.133  -6.929 0.6999999881
6041  -22.649  -80.206  -7.004 0.6999999881
4195  -21.588  -83.810  -4.777 0.5000000000
125938  -23.846  -77.843  -6.003 0.6999999881
7133  -23.529  -78.724  -6.176 0.6999999881
6585  -22.157  -79.787  -6.460 0.8000000119
121656  -21.877  -79.764  -5.471 0.6999999881
3627  -21.853  -84.155  -5.581 0.5000000000
7117  -22.438  -77.922  -5.210 0.6999999881
3638  -22.538  -84.460  -7.226 0.4000000060
3101  -23.832  -84.924  -7.941 0.5000000000
4189  -27.779  -83.342  -3.576 0.3000000119
6557  -22.066  -79.138  -4.793 0.6000000238
3649  -23.391  -84.118  -8.378 0.5000000000
3661  -24.803  -84.146  -8.646 0.5000000000
4726  -28.479  -82.495  -3.861 0.3000000119
6544  -21.788  -79.340  -3.434 0.5000000000
4236  -24.641  -83.773  -8.514 0.5000000000
4221  -25.476  -82.906  -7.897 0.4000000060
4765  -26.107  -82.680  -8.480 0.4000000060
4240  -28.059  -82.477  -8.186 0.4000000060
128048  -29.028  -82.125  -7.131 0.4000000060
4223  -28.488  -82.809  -7.095 0.4000000060
128782  -26.766  -81.516  -7.423 0.3000000119
4766  -26.740  -82.018  -8.431 0.4000000060
8401  -25.709  -76.139  -5.324 0.5000000000
8406  -25.097  -76.692  -5.788 0.6000000238
7738  -25.056  -77.590  -5.607 0.6000000238
6573  -24.200  -78.898  -5.982 0.6000000238
10377  -26.238  -73.931  -5.150 0.5000000000
9730  -26.070  -74.630  -5.473 0.5000000000
9082  -25.128  -75.367  -5.795 0.6000000238
7745  -24.397  -77.350  -5.931 0.6000000238
7744  -23.487  -77.188  -5.804 0.6999999881
5388  -21.583  -81.444  -6.341 0.6000000238
4686  -28.803  -82.354  -0.741 0.3000000119
11042  -25.001  -72.381  -4.746 0.6999999881
9729  -25.792  -73.942  -5.487 0.6000000238
133723  -25.070  -74.390  -5.517 0.6000000238
9081  -24.627  -75.850  -5.886 0.6000000238
8405  -23.997  -76.496  -5.934 0.6999999881
7737  -22.646  -77.119  -5.202 0.6999999881
5406  -22.482  -81.587  -8.046 0.6000000238
4762  -22.092  -82.070  -8.010 0.6000000238
3637  -21.930  -83.990  -6.628 0.5000000000
11046  -25.840  -72.314  -4.932 0.6999999881
10372  -24.575  -73.132  -4.422 0.6000000238
9725  -24.027  -73.902  -3.801 0.6000000238
9074  -24.309  -74.547  -4.858 0.6000000238
9073  -22.712  -75.615  -3.889 0.6999999881
7725  -22.296  -76.841  -4.414 0.6999999881
3648  -22.840  -83.852  -8.201 0.5000000000
4711  -28.290  -82.529  -2.854 0.3000000119
118985  -25.332  -71.617  -4.795 0.6999999881
11041  -24.060  -72.533  -4.031 0.6999999881
115242  -23.443  -74.729  -3.810 0.6000000238
118195  -22.050  -78.324  -4.188 0.6999999881
4764  -22.817  -82.784  -8.374 0.5000000000
4754  -23.463  -83.038  -8.237 0.5000000000
10371  -23.798  -73.234  -3.608 0.6000000238
114107  -23.274  -74.210  -2.999 0.6000000238
8390  -21.682  -76.448  -2.937 0.6000000238
7100  -21.771  -77.655  -3.330 0.6000000238
114068  -21.658  -78.521  -2.803 0.6000000238
4742  -23.923  -82.847  -7.362 0.5000000000
4736  -28.781  -82.539  -4.991 0.3000000119
114381  -23.361  -71.935  -3.955 0.6999999881
11034  -23.175  -72.772  -3.246 0.6000000238
9719  -23.287  -73.621  -2.968 0.6000000238
9064  -22.642  -74.867  -2.717 0.6000000238
9063  -21.831  -75.226  -1.946 0.5000000000
117849  -21.487  -75.926  -2.281 0.5000000000
7079  -21.220  -77.863  -2.390 0.5000000000
7058  -21.187  -78.694  -1.941 0.5000000000
4207  -24.993  -83.117  -6.939 0.5000000000
116926  -27.693  -80.339  -5.989 0.3000000119
5391  -27.205  -80.926  -6.570 0.3000000119
5399  -27.443  -80.934  -7.603 0.3000000119
5400  -28.718  -81.255  -7.909 0.4000000060
4756  -28.718  -81.983  -7.906 0.4000000060
7078  -20.523  -78.032  -1.934 0.5000000000
5390  -26.513  -81.644  -5.915 0.3000000119
4744  -26.093  -82.149  -6.591 0.3000000119
5408  -27.428  -81.432  -8.262 0.4000000060
9066  -26.425  -74.921  -3.698 0.5000000000
9075  -26.326  -75.583  -3.989 0.5000000000
8382  -25.912  -76.244  -3.335 0.5000000000
7727  -25.606  -77.165  -3.807 0.5000000000
10364  -25.876  -73.081  -2.950 0.5000000000
9727  -26.397  -73.592  -3.699 0.5000000000
9728  -26.531  -74.194  -4.418 0.5000000000
130151  -26.233  -75.377  -4.976 0.5000000000
7739  -25.611  -77.025  -5.062 0.5000000000
6559  -24.285  -79.239  -5.043 0.6000000238
6558  -23.864  -79.657  -5.962 0.6000000238
11044  -26.301  -72.187  -4.383 0.5000000000
127086  -23.153  -80.603  -7.258 0.8000000119
4675  -29.030  -82.096  -0.338 0.3000000119
11789  -26.223  -71.346  -4.171 0.6000000238
11790  -26.121  -71.588  -4.615 0.6000000238
10374  -26.356  -73.121  -4.637 0.6000000238
6018  -23.595  -80.670  -5.917 0.4000000060
4687  -29.636  -81.950  -1.058 0.3000000119
11794  -25.602  -70.868  -4.750 0.6999999881
122512  -23.304  -81.282  -7.343 0.5000000000
133391  -22.626  -81.296  -7.892 0.6000000238
4697  -28.229  -82.551  -1.938 0.3000000119
4712  -29.195  -82.026  -2.173 0.3000000119
12543  -25.087  -70.268  -4.679 0.6999999881
4732  -23.951  -82.470  -5.248 0.4000000060
114155  -29.131  -81.876  -3.077 0.3000000119
11788  -23.619  -71.129  -4.291 0.6000000238
118977  -24.116  -82.782  -6.119 0.4000000060
4737  -29.423  -81.849  -5.458 0.3000000119
12538  -23.024  -70.393  -3.902 0.6000000238
11787  -22.657  -71.365  -3.763 0.6999999881
10362  -22.580  -73.306  -2.510 0.6000000238
9717  -22.059  -74.396  -1.806 0.5000000000
9051  -20.317  -74.901  -0.695 0.5000000000
7706  -20.574  -77.213  -2.144 0.6000000238
4733  -24.544  -82.837  -5.373 0.4000000060
4196  -24.566  -83.027  -6.521 0.4000000060
5369  -26.863  -81.010  -4.107 0.3000000119
5383  -27.029  -81.001  -5.271 0.3000000119
6020  -28.292  -79.746  -5.432 0.3000000119
6043  -28.054  -80.901  -8.048 0.4000000060
4745  -28.993  -82.442  -6.191 0.3000000119
10361  -21.822  -72.990  -2.264 0.6000000238
9706  -20.786  -74.090  -1.036 0.5000000000
9040  -19.432  -74.751  -0.519 0.5000000000
9062  -21.022  -75.521  -1.394 0.5000000000
8380  -19.930  -76.760  -1.491 0.5000000000
7705  -19.944  -77.333  -1.839 0.6000000238
124007  -19.677  -77.705  -1.916 0.5000000000
4735  -25.646  -82.442  -5.385 0.3000000119
5368  -26.303  -81.723  -4.651 0.3000000119
10353  -21.266  -73.495  -1.632 0.5000000000
8346  -19.344  -75.446  -0.513 0.5000000000
7683  -17.874  -77.073  -1.447 0.5000000000
7682  -16.999  -77.003  -1.684 0.5000000000
10356  -25.239  -73.840  -2.142 0.5000000000
118633  -25.987  -74.071  -2.788 0.5000000000
9065  -26.073  -75.504  -3.039 0.5000000000
7709  -25.356  -76.772  -2.605 0.5000000000
7708  -25.003  -77.495  -2.780 0.5000000000
120740  -24.935  -78.042  -3.517 0.5000000000
11035  -25.516  -72.150  -2.694 0.5000000000
116475  -26.087  -74.833  -2.830 0.5000000000
6530  -23.822  -79.698  -2.803 0.4000000060
11043  -26.131  -72.110  -3.598 0.5000000000
6545  -23.822  -80.100  -3.780 0.4000000060
5301  -29.070  -81.699  0.203 0.3000000119
133850  -29.716  -81.318  -0.228 0.3000000119
11781  -25.862  -71.130  -3.279 0.6000000238
119644  -23.728  -80.436  -4.843 0.4000000060
12532  -25.830  -70.078  -3.488 0.6000000238
12545  -25.768  -69.997  -4.354 0.6000000238
4688  -30.227  -81.710  -1.606 0.3000000119
13269  -25.422  -69.725  -4.440 0.6000000238
13261  -23.944  -69.364  -4.122 0.6000000238
4724  -24.739  -82.458  -3.716 0.4000000060
116625  -24.472  -82.599  -4.536 0.4000000060
127181  -24.977  -82.804  -4.701 0.3000000119
9710  -25.465  -74.694  -2.190 0.5000000000
9054  -25.669  -75.313  -2.380 0.5000000000
8370  -24.840  -76.382  -1.731 0.5000000000
7060  -24.341  -78.240  -2.159 0.4000000060
10363  -25.018  -72.952  -2.112 0.5000000000
7081  -24.287  -78.850  -3.096 0.4000000060
120969  -24.394  -72.793  -1.608 0.6000000238
5986  -23.730  -80.698  -2.555 0.4000000060
5348  -23.938  -81.570  -2.784 0.4000000060
5317  -31.048  -80.976  -1.147 0.3000000119
5316  -29.873  -81.622  -0.715 0.3000000119
13954  -25.471  -68.963  -3.569 0.6000000238
6002  -23.696  -81.153  -3.621 0.4000000060
5382  -23.686  -81.679  -4.667 0.4000000060
4723  -24.276  -82.082  -3.181 0.4000000060
5367  -25.353  -82.075  -3.134 0.4000000060
4725  -25.515  -82.317  -4.104 0.3000000119
6003  -26.674  -80.928  -3.089 0.3000000119
13260  -22.931  -69.511  -3.642 0.6000000238
9709  -24.724  -74.524  -1.564 0.5000000000
9053  -24.970  -75.433  -1.718 0.5000000000
7664  -24.112  -76.959  -0.986 0.4000000060
7685  -23.919  -77.879  -1.074 0.4000000060
10355  -24.432  -73.626  -1.474 0.5000000000
9696  -24.125  -74.346  -1.075 0.5000000000
7059  -23.759  -78.753  -1.109 0.4000000060
11780  -25.212  -71.455  -2.407 0.6000000238
125912  -24.040  -72.193  -1.451 0.6000000238
10354  -23.807  -73.026  -1.169 0.6000000238
7080  -23.826  -79.190  -1.972 0.4000000060
12526  -25.254  -70.463  -2.432 0.6000000238
11771  -24.537  -71.386  -1.794 0.6000000238
5970  -24.193  -80.880  -1.263 0.4000000060
5329  -24.035  -81.233  -1.948 0.4000000060
13255  -25.479  -69.274  -2.934 0.6000000238
5349  -24.533  -81.679  -2.349 0.4000000060
5331  -25.161  -81.411  -1.723 0.4000000060
5350  -25.121  -81.844  -2.452 0.4000000060
5332  -26.034  -80.921  -1.697 0.4000000060
4713  -29.875  -81.838  -2.065 0.3000000119
5333  -31.087  -81.399  -1.750 0.3000000119
13953  -25.183  -68.430  -3.073 0.6000000238
5987  -26.541  -80.791  -2.292 0.4000000060
5370  -31.209  -81.399  -3.181 0.3000000119
5353  -30.816  -81.590  -2.380 0.3000000119
13959  -24.424  -68.437  -3.751 0.6000000238
13958  -23.350  -68.639  -3.570 0.6000000238
114717  -24.001  -67.172  -2.930 0.6999999881
13941  -24.396  -68.070  -1.564 0.6999999881
126048  -23.767  -67.728  -3.295 0.6000000238
14697  -23.732  -66.764  -2.225 0.6999999881
14690  -23.677  -66.843  -1.322 0.6999999881
14696  -23.119  -66.990  -2.802 0.6000000238
130258  -23.571  -67.619  -0.308 0.6999999881
14674  -23.342  -67.259  0.426 0.6000000238
15443  -22.906  -66.251  -2.189 0.6999999881
15428  -23.169  -66.399  -0.750 0.6999999881
8348  -24.203  -76.046  -0.977 0.5000000000
8347  -23.471  -76.784  -0.117 0.5000000000
9695  -23.655  -74.542  -0.586 0.5000000000
9021  -23.401  -75.241  -0.208 0.5000000000
9041  -24.129  -75.125  -0.915 0.5000000000
7650  -23.377  -77.720  0.401 0.5000000000
7045  -23.575  -78.407  -0.186 0.4000000060
11023  -23.380  -72.328  -0.887 0.6000000238
10345  -23.177  -73.279  -0.550 0.6000000238
10337  -22.781  -73.910  -0.025 0.6000000238
9020  -22.736  -75.347  0.473 0.6000000238
6503  -24.086  -80.009  -0.321 0.4000000060
12525  -24.309  -70.551  -1.489 0.6000000238
10344  -22.560  -73.215  -0.067 0.6000000238
10326  -22.085  -73.626  0.548 0.6000000238
5951  -23.861  -80.245  -0.940 0.4000000060
124724  -24.775  -69.560  -1.897 0.6000000238
12519  -23.464  -70.649  -0.776 0.6000000238
11760  -22.992  -71.567  -0.541 0.6000000238
11014  -21.664  -72.059  0.547 0.6000000238
10336  -21.555  -72.851  0.810 0.6000000238
5971  -25.495  -80.813  -1.075 0.4000000060
6520  -27.409  -79.636  -1.286 0.4000000060
13247  -23.980  -69.752  -1.121 0.6000000238
135534  -21.884  -71.317  0.430 0.6000000238
11007  -21.129  -72.238  1.152 0.6000000238
10309  -20.572  -72.954  2.530 0.6000000238
130035  -26.183  -80.483  -1.168 0.4000000060
13248  -24.887  -68.640  -2.207 0.6000000238
12508  -23.295  -69.810  -0.404 0.5000000000
129966  -22.260  -70.182  0.471 0.6000000238
11735  -21.304  -71.441  0.931 0.6000000238
11734  -20.742  -71.617  1.695 0.6000000238
122413  -20.412  -72.595  3.103 0.6999999881
13952  -24.589  -67.842  -3.182 0.6999999881
13240  -24.360  -68.868  -1.333 0.6000000238
12507  -22.695  -69.686  0.265 0.6000000238
11717  -20.494  -71.393  2.592 0.6000000238
11693  -20.263  -71.715  4.197 0.6000000238
10258  -20.741  -72.580  5.376 0.6000000238
12492  -21.399  -70.041  1.548 0.6000000238
12471  -20.561  -70.631  2.908 0.6000000238
12449  -20.395  -70.725  3.825 0.6000000238
11676  -20.470  -71.800  5.187 0.6000000238
13931  -23.394  -68.087  0.241 0.6000000238
13230  -22.766  -68.783  0.791 0.6000000238
12472  -20.970  -69.945  2.423 0.5000000000
13182  -20.540  -70.030  4.291 0.6000000238
12434  -20.375  -70.891  4.781 0.6000000238
13223  -22.093  -69.166  1.549 0.5000000000
15436  -22.583  -65.812  -1.641 0.6999999881
15421  -23.130  -66.655  0.078 0.6999999881
14664  -23.145  -67.115  1.314 0.5000000000
13924  -22.656  -68.231  1.662 0.6000000238
13207  -22.075  -68.704  2.300 0.5000000000
125621  -21.202  -69.080  3.609 0.5000000000
13915  -22.640  -67.649  2.481 0.6000000238
17854  -11.034  -62.637  4.962 0.6000000238
17855  -11.692  -62.908  4.436 0.6000000238
17871  -12.595  -62.676  3.029 0.6000000238
127017  -23.638  -75.832  -0.392 0.5000000000
8325  -23.044  -76.102  0.318 0.5000000000
114863  -23.347  -77.810  1.026 0.5000000000
7031  -23.897  -78.809  0.758 0.5000000000
6489  -24.084  -79.501  0.241 0.4000000060
124184  -21.432  -73.560  1.291 0.5000000000
9682  -22.429  -74.563  0.548 0.5000000000
9003  -21.779  -75.224  1.831 0.5000000000
130503  -24.731  -79.627  0.420 0.4000000060
6491  -26.146  -79.286  0.359 0.4000000060
9670  -21.753  -74.482  1.306 0.5000000000
8985  -21.671  -75.344  2.671 0.5000000000
5953  -25.051  -80.533  -0.479 0.4000000060
6504  -26.350  -79.698  -0.244 0.4000000060
6505  -27.157  -79.390  -0.570 0.4000000060
10310  -20.763  -73.759  2.693 0.5000000000
10296  -20.778  -74.144  3.710 0.5000000000
9653  -21.138  -74.569  2.780 0.5000000000
5954  -25.848  -80.284  -0.586 0.4000000060
10295  -20.470  -73.256  3.375 0.6000000238
10277  -20.976  -73.951  4.797 0.6000000238
10276  -20.646  -73.187  5.016 0.6000000238
10259  -21.125  -73.285  5.376 0.5000000000
11649  -22.299  -71.312  6.494 0.4000000060
11663  -22.609  -71.993  6.031 0.4000000060
11664  -23.477  -71.962  5.703 0.4000000060
12421  -20.922  -70.155  6.082 0.6000000238
11662  -21.373  -71.022  6.357 0.6000000238
12409  -22.926  -70.787  6.827 0.5000000000
11650  -23.154  -71.420  6.288 0.4000000060
11651  -23.927  -71.327  5.906 0.4000000060
12411  -25.180  -70.319  6.068 0.4000000060
15435  -22.140  -65.815  -2.077 0.6999999881
13169  -20.594  -70.076  5.208 0.6000000238
12396  -22.747  -70.070  7.269 0.5000000000
12398  -24.611  -70.067  6.949 0.4000000060
15414  -22.680  -66.483  0.637 0.6000000238
13896  -21.654  -68.341  3.995 0.5000000000
13884  -21.452  -68.384  4.971 0.5000000000
13156  -21.966  -69.763  7.071 0.5000000000
13143  -23.411  -69.521  7.633 0.5000000000
12397  -23.689  -70.301  7.103 0.4000000060
121406  -25.270  -69.725  6.847 0.4000000060
14652  -23.001  -66.993  2.093 0.6000000238
13860  -21.430  -68.509  6.003 0.5000000000
18706  -9.159  -62.045  6.132 0.6999999881
17853  -10.429  -62.552  5.406 0.6000000238
17840  -10.018  -63.018  6.500 0.6999999881
16992  -11.490  -63.701  5.461 0.6000000238
128294  -10.219  -63.575  7.683 0.6000000238
17864  -12.490  -63.055  3.897 0.6000000238
115432  -11.904  -64.651  6.021 0.6000000238
16960  -11.556  -64.499  7.408 0.6000000238
16943  -10.916  -64.095  8.013 0.6000000238
16945  -12.758  -64.338  8.173 0.6000000238
17007  -13.138  -63.067  3.313 0.5000000000
17001  -13.235  -64.175  4.173 0.6000000238
16134  -13.114  -65.296  5.407 0.6000000238
16979  -12.100  -64.920  6.828 0.6000000238
16961  -12.417  -64.765  7.579 0.6000000238
7030  -23.575  -78.364  0.622 0.5000000000
17873  -14.089  -63.170  2.293 0.5000000000
113655  -13.826  -63.505  3.109 0.5000000000
16122  -13.407  -65.691  6.420 0.5000000000
16108  -13.778  -65.533  7.245 0.5000000000
8324  -22.510  -76.160  1.164 0.4000000060
8308  -22.690  -76.723  1.850 0.5000000000
7015  -25.222  -78.592  1.298 0.5000000000
7032  -24.510  -79.110  0.848 0.4000000060
16161  -15.007  -65.285  3.457 0.5000000000
16160  -14.167  -64.927  3.869 0.5000000000
15342  -14.770  -66.714  6.104 0.5000000000
16123  -14.262  -66.149  6.635 0.5000000000
8290  -22.648  -76.377  2.515 0.5000000000
7033  -26.074  -78.715  0.887 0.4000000060
117173  -26.842  -78.667  0.434 0.4000000060
7035  -28.137  -78.019  0.036 0.4000000060
17008  -14.707  -63.940  2.630 0.5000000000
136617  -15.159  -66.041  3.891 0.5000000000
15365  -14.674  -66.517  5.229 0.6000000238
15355  -15.351  -67.102  5.566 0.6000000238
6492  -26.834  -79.160  -0.018 0.4000000060
16171  -16.376  -65.464  2.660 0.6000000238
15379  -15.716  -66.004  3.502 0.6000000238
15367  -16.026  -66.915  4.144 0.6999999881
9638  -21.355  -74.975  3.569 0.4000000060
134638  -21.635  -74.563  4.807 0.5000000000
16200  -17.720  -64.291  -0.622 0.6000000238
9607  -21.856  -73.996  5.387 0.5000000000
10261  -23.421  -73.486  5.645 0.4000000060
16202  -19.094  -64.337  -0.577 0.6000000238
10260  -22.514  -73.397  5.646 0.4000000060
16211  -20.078  -64.885  -0.985 0.6000000238
129949  -21.291  -65.086  -0.505 0.6000000238
11665  -24.278  -71.809  5.323 0.4000000060
16184  -22.114  -66.200  0.709 0.6000000238
15427  -22.605  -65.795  -1.013 0.6999999881
14637  -22.745  -66.855  2.930 0.6000000238
15384  -22.403  -66.333  3.299 0.6000000238
13897  -22.409  -67.515  3.459 0.5000000000
13885  -22.143  -67.520  4.397 0.5000000000
18692  -8.280  -61.861  6.987 0.6999999881
17839  -9.428  -62.733  7.441 0.6999999881
18673  -9.470  -62.455  8.642 0.6000000238
134405  -10.416  -63.646  8.209 0.6000000238
18674  -10.157  -62.604  8.856 0.6000000238
18675  -11.697  -63.262  8.782 0.6000000238
18676  -12.516  -63.010  8.624 0.6999999881
127234  -13.664  -64.145  8.147 0.6000000238
16962  -13.305  -64.886  7.743 0.6000000238
7620  -23.835  -77.323  2.260 0.5000000000
7636  -23.363  -77.428  1.683 0.5000000000
7013  -23.712  -78.158  1.225 0.5000000000
7638  -24.864  -77.977  1.829 0.5000000000
16109  -14.690  -65.679  7.360 0.6000000238
16963  -14.291  -64.824  7.782 0.5000000000
7637  -24.029  -77.868  1.831 0.5000000000
7016  -26.060  -78.157  1.291 0.5000000000
7651  -26.771  -78.076  0.980 0.4000000060
14604  -16.899  -67.432  6.085 0.6000000238
15343  -15.523  -67.068  6.269 0.6000000238
16964  -15.058  -64.997  7.673 0.5000000000
8276  -22.303  -75.952  2.932 0.5000000000
17033  -17.919  -63.741  -0.133 0.6000000238
16179  -17.681  -64.077  1.050 0.4000000060
16172  -17.130  -64.881  1.954 0.6000000238
14635  -17.254  -67.390  3.856 0.6000000238
124304  -16.758  -67.618  5.302 0.6000000238
15344  -16.242  -67.023  6.587 0.6000000238
8954  -22.610  -75.476  4.204 0.4000000060
8970  -23.433  -75.774  3.901 0.4000000060
16191  -18.733  -64.098  0.156 0.5000000000
15410  -18.050  -65.411  1.557 0.5000000000
15395  -17.615  -66.120  2.227 0.6000000238
14651  -17.591  -66.975  3.009 0.6999999881
122991  -18.397  -67.291  3.162 0.6000000238
14626  -18.191  -67.456  4.722 0.6000000238
14616  -17.542  -67.499  5.465 0.6000000238
9621  -22.510  -74.842  4.959 0.5000000000
17035  -18.798  -64.010  -0.331 0.6000000238
15411  -18.968  -66.015  1.209 0.6000000238
15396  -18.456  -66.728  2.255 0.6000000238
15381  -18.877  -67.268  3.880 0.6000000238
15368  -18.919  -67.049  4.850 0.6000000238
133126  -18.741  -66.380  6.131 0.6000000238
9608  -22.946  -74.182  5.493 0.4000000060
126917  -19.930  -64.742  -0.168 0.5000000000
16181  -19.397  -64.950  0.348 0.6000000238
15397  -19.652  -66.803  2.130 0.6000000238
15370  -20.578  -66.064  3.933 0.6000000238
15369  -19.713  -66.471  4.483 0.6000000238
115314  -19.878  -64.707  -0.449 0.6000000238
16193  -20.738  -65.020  -0.287 0.6000000238
16182  -20.553  -65.462  0.353 0.6000000238
15398  -20.788  -66.521  2.026 0.6000000238
15383  -20.657  -66.326  3.013 0.6000000238
16173  -22.291  -66.346  2.454 0.6000000238
120680  -22.509  -66.530  1.615 0.6000000238
123086  -22.372  -66.746  4.757 0.5000000000
13874  -21.898  -67.611  5.396 0.5000000000
19561  -7.041  -61.583  7.085 0.6999999881
18693  -9.013  -62.368  8.130 0.6999999881
19559  -5.883  -61.632  7.957 0.6999999881
19541  -5.918  -60.824  8.337 0.6999999881
19542  -6.708  -61.021  7.861 0.6999999881
19543  -8.116  -61.022  8.430 0.6999999881
19544  -9.477  -61.736  8.844 0.6000000238
19545  -10.590  -61.793  8.912 0.6000000238
19546  -11.740  -61.638  8.572 0.5000000000
132284  -11.980  -62.529  8.716 0.6999999881
19547  -12.646  -62.103  8.401 0.5000000000
17827  -13.914  -63.122  8.139 0.5000000000
17828  -14.497  -63.853  7.962 0.5000000000
7621  -24.607  -77.357  2.308 0.4000000060
7622  -25.656  -77.241  2.131 0.5000000000
8309  -27.245  -76.802  1.736 0.5000000000
7639  -26.504  -77.471  1.570 0.5000000000
126924  -28.043  -76.780  1.308 0.4000000060
8278  -23.858  -76.295  3.263 0.4000000060
8294  -26.129  -76.452  2.592 0.4000000060
129371  -16.540  -66.084  7.213 0.6000000238
15345  -17.167  -66.812  6.653 0.6000000238
16125  -17.634  -65.953  6.962 0.6000000238
16137  -19.985  -65.879  5.330 0.6000000238
16126  -18.570  -65.836  6.683 0.6000000238
118514  -21.390  -65.847  3.630 0.6000000238
16152  -21.225  -65.589  4.436 0.6000000238
16136  -19.376  -65.855  6.160 0.6000000238
16163  -22.002  -65.944  3.244 0.6000000238
16138  -20.746  -65.493  5.229 0.5000000000
117209  -22.409  -66.159  4.169 0.6000000238
16154  -22.155  -65.784  4.451 0.5000000000
15371  -22.372  -66.064  5.035 0.5000000000
129618  -5.956  -61.556  9.576 0.6999999881
136274  -5.666  -60.411  8.766 0.6999999881
20438  -5.744  -59.934  8.821 0.6999999881
127644  -6.606  -60.027  8.413 0.6999999881
21283  -7.122  -58.911  8.646 0.6000000238
125282  -9.117  -60.682  8.639 0.4000000060
18663  -6.544  -62.499  10.083 0.6999999881
19509  -5.790  -60.712  9.809 0.6999999881
20407  -5.823  -59.606  10.060 0.6000000238
21268  -6.237  -58.509  9.602 0.6000000238
20440  -11.066  -60.959  8.557 0.5000000000
16927  -7.952  -63.911  10.499 0.6999999881
17794  -7.442  -63.085  10.813 0.6999999881
126339  -11.823  -60.529  8.094 0.5000000000
132121  -8.674  -64.073  10.994 0.6999999881
19562  -12.645  -61.111  8.044 0.5000000000
16071  -10.022  -64.940  11.134 0.6000000238
113151  -10.675  -65.478  11.577 0.6000000238
16072  -11.314  -65.877  11.913 0.6000000238
15298  -12.801  -66.466  12.087 0.5000000000
16074  -13.345  -66.031  12.643 0.5000000000
8295  -27.059  -76.226  2.456 0.4000000060
16994  -20.937  -65.113  5.958 0.6000000238
127695  -7.980  -59.885  8.362 0.5000000000
18620  -7.058  -61.439  11.068 0.6000000238
19510  -6.361  -60.603  10.619 0.6000000238
21249  -6.352  -58.650  10.270 0.6000000238
22086  -7.024  -57.831  9.680 0.6000000238
21284  -8.316  -58.605  8.258 0.5000000000
21285  -9.110  -59.614  8.164 0.5000000000
20448  -10.091  -59.337  7.825 0.5000000000
17776  -8.316  -63.433  11.211 0.6999999881
135642  -7.684  -61.996  11.291 0.6000000238
20392  -7.281  -60.668  11.156 0.6000000238
20393  -7.815  -59.926  11.176 0.6000000238
21239  -8.537  -59.240  11.014 0.6000000238
21293  -11.756  -59.535  7.508 0.5000000000
17777  -9.244  -63.726  11.507 0.6999999881
115766  -8.803  -62.868  11.560 0.6000000238
123093  -9.176  -62.273  11.600 0.6000000238
20395  -9.972  -60.922  11.130 0.6000000238
20409  -9.666  -59.765  10.903 0.6000000238
16917  -9.839  -64.339  11.505 0.6000000238
18622  -9.680  -62.906  11.689 0.6000000238
18623  -10.600  -62.794  11.637 0.6000000238
134063  -10.480  -61.498  11.155 0.6000000238
16918  -10.469  -64.676  11.805 0.6000000238
17768  -11.753  -64.153  12.211 0.6000000238
17779  -11.203  -63.498  11.839 0.6000000238
19495  -10.980  -61.947  11.155 0.6000000238
16063  -11.286  -65.073  12.261 0.5000000000
16073  -12.702  -65.660  12.529 0.5000000000
16064  -12.347  -64.917  12.491 0.5000000000
17780  -12.194  -63.326  11.627 0.6000000238
132977  -12.193  -62.619  11.109 0.6000000238
8296  -27.889  -76.264  2.020 0.4000000060
14550  -14.292  -67.143  13.298 0.5000000000
16065  -13.171  -65.219  12.597 0.5000000000
17769  -12.672  -64.062  12.101 0.6000000238
17781  -13.190  -63.513  11.513 0.6000000238
15285  -14.773  -66.542  13.570 0.5000000000
16066  -14.634  -65.792  13.114 0.5000000000
116245  -13.923  -65.517  12.782 0.4000000060
16911  -13.849  -64.732  12.385 0.5000000000
16919  -13.498  -64.141  11.951 0.6000000238
22104  -7.493  -57.918  8.911 0.6000000238
22112  -9.015  -57.864  7.933 0.5000000000
21291  -9.414  -58.609  7.725 0.5000000000
22890  -7.813  -57.231  9.818 0.6000000238
22903  -8.565  -56.914  9.406 0.5000000000
22114  -10.406  -58.495  7.374 0.5000000000
21251  -9.250  -58.580  10.713 0.6999999881
22072  -9.839  -57.957  10.263 0.6999999881
20410  -10.690  -60.203  10.693 0.6999999881
19511  -10.911  -61.116  10.885 0.6000000238
20411  -11.680  -60.626  10.496 0.6999999881
19496  -11.838  -62.048  10.911 0.6000000238
19513  -12.249  -61.403  10.578 0.6999999881
18625  -12.881  -62.831  11.046 0.6000000238
18649  -12.613  -62.120  10.735 0.6999999881
114319  -14.485  -66.230  15.589 0.5000000000
15286  -15.319  -66.313  14.028 0.5000000000
119791  -14.604  -65.091  12.729 0.4000000060
17770  -14.808  -64.454  12.080 0.6000000238
18626  -13.759  -63.031  10.944 0.6000000238
16045  -15.784  -65.764  14.801 0.5000000000
136111  -15.202  -65.439  13.061 0.4000000060
127975  -15.505  -64.998  12.698 0.5000000000
22113  -9.778  -57.775  7.619 0.5000000000
22933  -9.229  -57.124  8.108 0.5000000000
22891  -8.446  -57.030  9.786 0.6000000238
22904  -9.636  -56.742  9.256 0.5000000000
23707  -10.133  -56.563  8.673 0.5000000000
21252  -10.351  -59.094  10.556 0.6999999881
21253  -11.341  -59.561  10.293 0.6999999881
21254  -12.263  -59.898  10.028 0.6000000238
134315  -13.406  -62.295  10.641 0.6999999881
20412  -12.643  -60.721  10.212 0.6000000238
16920  -14.192  -63.766  11.494 0.6000000238
18627  -14.734  -63.164  10.857 0.6000000238
16897  -16.060  -65.050  15.095 0.5000000000
133421  -16.311  -64.972  12.919 0.4000000060
17782  -15.366  -63.816  11.433 0.6000000238
119532  -16.280  -64.312  14.949 0.4000000060
16898  -16.593  -64.684  14.403 0.4000000060
16912  -16.931  -64.627  12.938 0.5000000000
17771  -16.156  -64.473  12.194 0.5000000000
22893  -10.402  -57.356  9.645 0.6000000238
124710  -10.425  -56.728  9.116 0.5000000000
22073  -10.934  -58.484  10.055 0.6000000238
22087  -11.577  -57.945  9.597 0.5000000000
22074  -11.926  -58.957  9.809 0.6000000238
21255  -13.123  -60.115  9.824 0.6000000238
21269  -12.826  -59.294  9.657 0.5000000000
20413  -13.371  -60.788  10.033 0.6000000238
19515  -14.536  -61.823  10.195 0.6999999881
19528  -14.743  -61.085  9.867 0.5000000000
17783  -16.527  -63.672  11.546 0.5000000000
120849  -17.066  -64.366  13.740 0.4000000060
17772  -17.139  -64.033  12.383 0.5000000000
22859  -12.596  -57.408  13.023 0.4000000060
23661  -13.102  -56.609  13.066 0.3000000119
124544  -13.623  -57.475  13.119 0.4000000060
22906  -12.233  -57.493  9.172 0.5000000000
124549  -13.286  -59.035  13.269 0.3000000119
133253  -13.673  -58.330  13.114 0.4000000060
21270  -13.659  -59.523  9.630 0.5000000000
22089  -13.424  -58.761  9.434 0.5000000000
20362  -13.740  -60.307  13.766 0.3000000119
20428  -14.040  -60.364  9.809 0.5000000000
19516  -15.377  -61.772  10.037 0.6000000238
18628  -15.770  -63.151  10.825 0.6999999881
18652  -16.056  -62.415  10.372 0.6000000238
132789  -17.360  -64.110  13.131 0.5000000000
17784  -17.590  -63.244  11.914 0.4000000060
24491  -12.550  -55.778  13.009 0.3000000119
24492  -13.565  -55.777  13.177 0.3000000119
23662  -14.061  -56.521  13.249 0.3000000119
119657  -14.067  -59.032  9.471 0.5000000000
21208  -13.996  -59.598  13.422 0.4000000060
116192  -14.382  -58.043  13.217 0.4000000060
21271  -14.462  -59.578  9.589 0.5000000000
21209  -14.822  -59.366  13.393 0.4000000060
19529  -15.636  -60.991  9.770 0.5000000000
20429  -15.032  -60.267  9.659 0.5000000000
20363  -14.710  -60.242  13.631 0.4000000060
128091  -16.244  -61.666  10.025 0.5000000000
18629  -16.802  -62.897  11.000 0.5000000000
18653  -16.950  -62.150  10.481 0.5000000000
18600  -16.973  -62.942  14.232 0.3000000119
18601  -17.732  -62.751  13.540 0.4000000060
18610  -18.093  -62.919  12.687 0.4000000060
18630  -17.692  -62.420  11.232 0.4000000060
24505  -12.370  -54.940  13.049 0.3000000119
127985  -13.149  -55.005  13.145 0.3000000119
22922  -13.678  -57.077  8.700 0.4000000060
124543  -14.632  -57.202  13.296 0.4000000060
22923  -14.727  -57.268  8.707 0.4000000060
22039  -14.179  -58.842  13.206 0.4000000060
116191  -15.235  -57.817  13.339 0.4000000060
22090  -14.692  -58.892  9.418 0.4000000060
22040  -14.968  -58.589  13.318 0.4000000060
122941  -16.006  -60.153  9.607 0.5000000000
20365  -16.338  -60.625  13.722 0.3000000119
19530  -16.472  -60.948  9.844 0.5000000000
123739  -17.727  -61.757  13.641 0.3000000119
24493  -14.460  -55.708  13.300 0.4000000060
24494  -15.287  -55.606  13.329 0.3000000119
23663  -14.964  -56.372  13.341 0.4000000060
24564  -14.319  -55.361  7.867 0.4000000060
24579  -13.764  -54.538  7.262 0.4000000060
124542  -15.528  -57.010  13.355 0.4000000060
22908  -14.786  -58.184  9.148 0.4000000060
22091  -15.465  -58.720  9.336 0.4000000060
21210  -15.490  -59.065  13.373 0.3000000119
116412  -16.090  -59.276  9.471 0.4000000060
20364  -15.516  -60.600  13.731 0.3000000119
127229  -15.681  -59.842  13.525 0.3000000119
18611  -18.291  -62.465  12.091 0.4000000060
123688  -13.317  -53.516  12.640 0.3000000119
24506  -14.018  -55.031  13.207 0.4000000060
24507  -14.833  -54.953  13.271 0.4000000060
126444  -14.189  -54.023  7.071 0.4000000060
127900  -15.805  -56.203  13.345 0.4000000060
22924  -15.739  -57.124  8.598 0.4000000060
22909  -15.604  -57.957  8.995 0.4000000060
22041  -15.753  -58.425  13.356 0.3000000119
22092  -16.280  -58.561  9.243 0.4000000060
118074  -16.294  -59.098  13.416 0.3000000119
20430  -16.806  -60.404  9.763 0.5000000000
123742  -16.735  -59.943  13.586 0.3000000119
20431  -17.577  -60.231  9.898 0.5000000000
19469  -18.347  -62.130  12.936 0.3000000119
19497  -18.409  -61.797  11.461 0.4000000060
24508  -15.647  -54.894  13.202 0.3000000119
125731  -15.978  -55.525  13.269 0.3000000119
24580  -14.593  -54.549  7.454 0.4000000060
23664  -16.388  -56.809  13.307 0.3000000119
24565  -15.295  -55.457  7.887 0.4000000060
24581  -15.504  -54.590  7.501 0.3000000119
116190  -16.154  -57.673  13.341 0.3000000119
22910  -16.559  -57.764  8.871 0.4000000060
23727  -15.967  -56.334  8.244 0.4000000060
22042  -17.019  -58.722  13.417 0.3000000119
21211  -17.092  -59.383  13.499 0.3000000119
21274  -17.446  -59.367  9.554 0.4000000060
20366  -17.442  -60.793  13.646 0.3000000119
20378  -18.803  -60.806  12.994 0.3000000119
19480  -18.688  -61.681  12.231 0.3000000119
19518  -18.513  -61.174  10.888 0.3000000119
24495  -16.670  -55.920  13.208 0.3000000119
24566  -16.298  -55.560  7.882 0.3000000119
22925  -16.470  -56.985  8.533 0.4000000060
23728  -16.861  -56.434  8.294 0.4000000060
22043  -17.712  -58.389  13.338 0.3000000119
22093  -17.210  -58.538  9.227 0.4000000060
119339  -17.170  -57.202  8.649 0.4000000060
21212  -17.689  -59.992  13.521 0.3000000119
20367  -18.229  -60.598  13.381 0.3000000119
21275  -18.367  -59.665  9.862 0.3000000119
19481  -19.051  -61.056  11.604 0.3000000119
22861  -18.448  -58.019  13.215 0.3000000119
119777  -17.802  -59.215  13.461 0.3000000119
22926  -17.957  -57.431  8.834 0.3000000119
23729  -18.273  -56.268  8.358 0.3000000119
21213  -18.630  -59.922  13.264 0.3000000119
134934  -18.582  -59.119  9.672 0.3000000119
130180  -19.081  -60.980  12.362 0.3000000119
21256  -19.157  -60.099  10.467 0.3000000119
22862  -19.180  -57.605  13.081 0.3000000119
131095  -18.913  -56.855  13.080 0.3000000119
22044  -18.592  -58.915  13.280 0.3000000119
22912  -18.853  -57.757  9.132 0.3000000119
22045  -19.339  -58.506  13.027 0.3000000119
23667  -19.911  -57.009  13.005 0.3000000119
118413  -16.896  -61.305  13.853 0.3000000119
19470  -18.311  -61.310  13.268 0.3000000119
6040  -22.052  -80.520  -7.071 0.6000000238
4740  -21.440  -82.545  -6.084 0.5000000000
5381  -21.250  -82.226  -4.972 0.5000000000
116237  -21.307  -81.512  -4.227 0.5000000000
121768  -21.321  -83.076  -5.150 0.5000000000
3089  -23.686  -85.509  -6.832 0.5000000000
6586  -22.718  -79.335  -6.353 0.6999999881
6029  -23.434  -80.062  -6.641 0.6999999881
6571  -22.291  -79.120  -5.847 0.6999999881
3077  -23.045  -85.297  -6.510 0.4000000060
7736  -22.169  -77.434  -4.381 0.6999999881
4235  -23.612  -83.565  -8.400 0.5000000000
4727  -29.253  -81.821  -4.173 0.3000000119
125254  -24.519  -83.266  -8.080 0.5000000000
4743  -25.481  -82.735  -6.674 0.3000000119
6531  -24.748  -78.599  -4.377 0.6000000238
7119  -24.759  -78.325  -5.416 0.6000000238
10376  -26.063  -73.111  -5.079 0.6000000238
8400  -23.149  -76.507  -5.437 0.6999999881
4699  -29.302  -82.087  -1.452 0.3000000119
9077  -23.555  -75.560  -5.151 0.6000000238
8399  -22.662  -76.327  -4.744 0.6999999881
4753  -23.207  -82.103  -8.080 0.5000000000
4234  -22.604  -83.051  -8.420 0.6000000238
4219  -21.746  -82.934  -7.202 0.5000000000
9072  -22.080  -75.788  -2.964 0.6000000238
7724  -21.910  -76.953  -3.645 0.6999999881
9708  -22.064  -73.696  -1.839 0.5000000000
8381  -20.899  -76.449  -1.983 0.5000000000
5384  -29.955  -81.335  -4.731 0.3000000119
11040  -22.415  -72.029  -3.551 0.6000000238
8369  -20.131  -75.916  -0.976 0.5000000000
6030  -27.851  -80.412  -7.226 0.3000000119
5389  -23.551  -81.593  -6.118 0.5000000000
128378  -30.495  -80.973  -5.448 0.3000000119
8345  -18.402  -75.780  -0.579 0.5000000000
122793  -23.715  -80.042  -1.770 0.4000000060
11761  -23.733  -71.449  -1.176 0.6000000238
13948  -24.686  -67.889  -2.416 0.6999999881
13940  -23.825  -68.296  -0.696 0.6000000238
13925  -23.143  -67.760  1.056 0.6000000238
11022  -22.717  -72.487  -0.345 0.6000000238
9004  -22.116  -75.973  2.014 0.5000000000
5937  -24.586  -80.067  -0.068 0.4000000060
133292  -21.132  -72.905  1.377 0.6000000238
9669  -21.201  -74.106  1.970 0.5000000000
115707  -21.103  -70.864  1.346 0.6000000238
10948  -21.344  -72.597  5.742 0.4000000060
16213  -21.919  -65.325  -1.323 0.6000000238
16195  -22.236  -65.818  0.051 0.6999999881
16993  -12.310  -64.198  5.064 0.6000000238
122680  -22.937  -77.071  0.966 0.4000000060
8969  -22.671  -75.825  3.562 0.4000000060
10951  -23.952  -72.686  5.554 0.4000000060
13170  -20.982  -69.261  5.578 0.4000000060
133928  -20.591  -65.393  -1.502 0.6000000238
17841  -10.799  -63.420  5.964 0.6000000238
16149  -13.700  -65.373  4.808 0.6000000238
121177  -25.658  -77.894  1.635 0.5000000000
16170  -15.608  -64.733  2.633 0.5000000000
16124  -15.316  -66.472  6.889 0.6000000238
129235  -16.288  -64.324  2.016 0.4000000060
15413  -20.962  -66.279  1.150 0.5000000000
121629  -24.073  -75.371  4.524 0.5000000000
122748  -19.044  -67.142  2.907 0.6000000238
15412  -20.026  -66.219  1.084 0.5000000000
115909  -10.253  -65.683  10.650 0.6000000238
15291  -14.086  -66.489  12.964 0.5000000000
22070  -7.106  -57.811  10.139 0.5000000000
19493  -8.958  -61.425  11.484 0.6000000238
20394  -8.902  -60.357  11.272 0.6000000238
113838  -8.063  -58.068  10.578 0.6000000238
17778  -10.277  -63.744  11.786 0.6000000238
15270  -14.979  -66.726  14.477 0.5000000000
23706  -9.321  -56.648  8.830 0.5000000000
19514  -13.152  -61.480  10.379 0.6000000238
16046  -16.264  -65.389  14.263 0.5000000000
18651  -15.116  -62.504  10.405 0.6000000238
116193  -12.922  -58.212  13.080 0.3000000119
22088  -12.568  -58.389  9.477 0.5000000000
17761  -17.353  -63.618  13.710 0.3000000119
22907  -13.283  -57.872  9.108 0.4000000060
125276  -14.124  -57.787  9.002 0.4000000060
17762  -17.714  -63.547  12.893 0.4000000060
19468  -16.999  -62.052  14.090 0.3000000119
19517  -17.702  -61.605  10.622 0.5000000000
23726  -15.024  -56.312  8.277 0.4000000060
25287  -13.650  -54.327  13.044 0.3000000119
116469  -16.749  -59.091  9.424 0.4000000060
129721  -16.415  -58.366  13.361 0.3000000119
20416  -17.916  -60.916  10.349 0.4000000060
122601  -14.119  -53.147  12.651 0.3000000119
116082  -16.936  -57.998  13.299 0.3000000119
114747  -18.052  -58.923  9.456 0.4000000060
7734  -13.003  -76.790  -5.141 0.5000000000
123563  -14.696  -76.707  -4.435 0.5000000000
7701  -15.666  -77.141  -3.529 0.5000000000
8365  -16.724  -76.615  -1.990 0.4000000060
7719  -12.302  -76.203  -4.533 0.5000000000
8397  -12.801  -75.917  -4.760 0.5000000000
133778  -14.373  -76.049  -4.571 0.5000000000
8389  -15.048  -76.083  -4.213 0.5000000000
8379  -16.036  -76.617  -3.112 0.5000000000
8344  -17.678  -75.995  -0.839 0.4000000060
9059  -13.005  -74.785  -4.070 0.4000000060
9069  -13.665  -74.845  -4.117 0.5000000000
9071  -15.924  -75.691  -3.930 0.5000000000
9038  -17.898  -75.433  -0.855 0.4000000060
9720  -14.358  -74.416  -3.706 0.5000000000
9722  -16.371  -74.891  -4.104 0.5000000000
9070  -14.928  -75.199  -3.981 0.5000000000
124910  -17.004  -74.439  -4.172 0.5000000000
9061  -16.917  -75.208  -3.825 0.5000000000
9724  -18.137  -74.483  -4.157 0.5000000000
9716  -18.549  -74.445  -3.786 0.5000000000
9705  -19.473  -73.812  -1.683 0.4000000060
9714  -14.938  -73.986  -3.498 0.5000000000
10368  -18.636  -74.174  -4.309 0.5000000000
10358  -19.234  -73.922  -3.528 0.5000000000
10359  -20.038  -73.393  -2.652 0.5000000000
11769  -17.153  -71.584  -1.594 0.5000000000
10357  -16.103  -73.294  -3.280 0.5000000000
11029  -16.392  -72.609  -2.719 0.5000000000
11036  -17.102  -73.335  -3.693 0.5000000000
11030  -17.465  -72.630  -3.390 0.5000000000
11037  -18.185  -73.488  -4.150 0.5000000000
11031  -18.603  -72.677  -3.878 0.5000000000
10369  -19.978  -73.183  -3.852 0.5000000000
10360  -20.848  -72.973  -2.646 0.5000000000
114608  -17.750  -71.543  -2.292 0.5000000000
11770  -18.535  -71.081  -2.253 0.5000000000
13245  -19.700  -69.298  -1.281 0.5000000000
11777  -18.466  -71.724  -3.154 0.5000000000
12524  -19.323  -70.633  -2.196 0.5000000000
13251  -20.091  -70.018  -2.062 0.5000000000
11784  -19.306  -72.173  -3.823 0.5000000000
130257  -19.924  -70.853  -2.946 0.5000000000
12530  -20.778  -70.424  -2.903 0.5000000000
11785  -20.771  -71.990  -3.715 0.5000000000
12536  -21.178  -71.174  -3.471 0.5000000000
11038  -20.063  -72.588  -3.945 0.5000000000
10370  -20.675  -72.550  -3.649 0.5000000000
11033  -22.229  -72.525  -2.937 0.5000000000
14686  -19.034  -66.571  -1.287 0.5000000000
127554  -20.548  -66.313  -1.863 0.6000000238
13246  -20.345  -69.130  -1.774 0.5000000000
13252  -20.873  -69.403  -2.333 0.5000000000
13947  -21.282  -67.701  -2.314 0.5000000000
13253  -21.547  -69.690  -2.900 0.5000000000
13254  -22.356  -69.079  -3.198 0.5000000000
11786  -21.696  -71.654  -3.562 0.5000000000
12537  -22.002  -70.910  -3.513 0.5000000000
15425  -18.017  -65.384  -0.969 0.5000000000
15426  -18.978  -65.241  -1.142 0.5000000000
14689  -21.447  -66.625  -2.254 0.6000000238
17868  -9.813  -63.156  3.838 0.5000000000
17862  -10.375  -62.585  4.105 0.6000000238
17860  -8.206  -63.346  4.484 0.5000000000
17861  -9.276  -62.834  4.340 0.5000000000
18718  -9.775  -62.206  5.351 0.6000000238
18717  -8.882  -62.031  5.309 0.6000000238
17851  -7.512  -62.934  4.835 0.5000000000
18716  -7.718  -62.192  5.364 0.6000000238
127529  -6.391  -62.415  6.528 0.5000000000
116940  -8.290  -61.830  5.897 0.6000000238
18691  -6.598  -62.011  6.691 0.6000000238
17826  -6.141  -62.765  6.869 0.5000000000
18690  -6.140  -62.121  7.158 0.6000000238
19560  -6.249  -61.586  7.507 0.6000000238
113453  -6.856  -63.834  8.702 0.5000000000
18671  -5.997  -62.464  7.708 0.5000000000
120623  -8.077  -64.501  9.874 0.5000000000
16085  -8.700  -65.147  9.600 0.6000000238
15303  -10.975  -66.244  10.250 0.6000000238
16087  -10.261  -66.048  9.844 0.5000000000
17793  -7.168  -63.394  10.133 0.6000000238
17804  -6.632  -63.207  9.323 0.5000000000
16081  -9.435  -65.077  10.435 0.5000000000
15297  -11.967  -66.310  11.588 0.6000000238
16082  -11.117  -66.071  11.178 0.6000000238
124149  -12.012  -65.791  12.309 0.6000000238
5392  -29.997  -81.265  -6.083 0.3000000119
6033  -31.614  -79.872  -6.112 0.3000000119
132164  -29.283  -81.021  -7.559 0.3000000119
7138  -33.048  -78.519  -6.074 0.3000000119
124171  -29.623  -80.514  -7.116 0.3000000119
5401  -29.879  -81.004  -7.105 0.3000000119
4746  -29.454  -81.725  -6.683 0.3000000119
9693  -18.960  -74.343  -0.846 0.4000000060
12531  -21.501  -70.475  -3.246 0.5000000000
13951  -22.693  -68.000  -3.108 0.5000000000
17863  -11.127  -62.419  4.146 0.5000000000
124454  -17.098  -75.420  -2.650 0.4000000060
9715  -17.837  -74.873  -3.503 0.5000000000
10366  -16.802  -73.890  -3.923 0.5000000000
129849  -16.236  -72.133  -1.892 0.5000000000
115419  -17.786  -72.030  -3.081 0.5000000000
12522  -17.951  -71.089  -1.257 0.5000000000
12523  -18.832  -70.545  -1.376 0.5000000000
13950  -21.630  -68.539  -2.640 0.5000000000
5393  -30.469  -80.579  -6.339 0.3000000119
7136  -30.869  -79.127  -6.354 0.3000000119
6577  -31.942  -79.293  -6.256 0.3000000119
5402  -30.426  -80.189  -6.607 0.3000000119
6590  -30.744  -79.661  -6.486 0.3000000119
7137  -31.755  -78.857  -6.186 0.3000000119
127338  -17.722  -56.672  8.481 0.3000000119
3091  -25.236  -85.334  -7.389 0.5000000000
3628  -22.350  -84.805  -5.886 0.4000000060
3639  -23.192  -84.751  -7.646 0.5000000000
3640  -26.716  -84.672  -7.201 0.4000000060
3650  -24.119  -84.232  -8.541 0.5000000000
3662  -25.344  -84.343  -8.441 0.5000000000
4206  -21.568  -83.466  -5.860 0.5000000000
4220  -22.265  -83.524  -7.854 0.5000000000
4233  -22.288  -82.741  -8.233 0.6000000238
4237  -25.392  -83.295  -8.467 0.4000000060
4239  -27.278  -83.066  -8.381 0.4000000060
4248  -25.353  -83.709  -8.640 0.4000000060
4698  -28.294  -82.619  -1.185 0.3000000119
4710  -24.771  -82.127  -2.908 0.4000000060
4722  -24.098  -82.288  -4.055 0.4000000060
4734  -25.010  -83.037  -5.799 0.4000000060
4741  -23.628  -82.273  -6.722 0.5000000000
4752  -21.659  -82.022  -7.125 0.6000000238
4755  -26.142  -82.286  -7.744 0.3000000119
4757  -29.210  -81.518  -7.506 0.3000000119
4763  -22.488  -82.317  -8.297 0.6000000238
4767  -27.406  -82.189  -8.496 0.4000000060
5302  -30.469  -80.821  -0.497 0.3000000119
5315  -24.768  -80.999  -1.057 0.4000000060
5330  -24.517  -81.275  -1.620 0.4000000060
5351  -25.880  -81.430  -2.500 0.4000000060
5352  -30.130  -81.505  -3.384 0.3000000119
5366  -23.863  -81.899  -3.561 0.4000000060
5397  -21.905  -81.391  -7.415 0.6000000238
5398  -23.101  -81.299  -7.783 0.6000000238
5407  -22.604  -81.816  -8.127 0.6000000238
5409  -28.100  -81.679  -8.247 0.4000000060
5952  -24.401  -80.493  -0.656 0.4000000060
5969  -23.848  -80.677  -1.634 0.4000000060
5972  -26.853  -80.303  -1.699 0.4000000060
6017  -21.574  -80.611  -4.789 0.6000000238
6019  -27.558  -80.373  -4.706 0.3000000119
6031  -28.382  -79.900  -6.739 0.3000000119
6032  -30.988  -80.108  -6.354 0.3000000119
6044  -28.778  -80.482  -7.605 0.4000000060
6045  -31.188  -79.720  -6.352 0.3000000119
6048  -22.481  -80.959  -7.647 0.6000000238
6049  -22.848  -80.772  -7.519 0.8000000119
6488  -23.660  -79.033  0.175 0.5000000000
6490  -25.414  -79.890  0.077 0.4000000060
6502  -23.821  -79.594  -0.349 0.4000000060
6506  -27.910  -79.032  -0.917 0.4000000060
6518  -23.702  -79.523  -1.049 0.4000000060
6519  -26.657  -80.003  -0.895 0.4000000060
6572  -23.588  -79.485  -6.386 0.6999999881
6576  -30.321  -79.416  -6.496 0.3000000119
6589  -30.059  -79.873  -6.802 0.3000000119
6591  -31.346  -79.388  -6.327 0.3000000119
7014  -24.291  -78.478  1.338 0.5000000000
7034  -27.577  -78.673  -0.152 0.4000000060
7118  -23.135  -77.891  -5.750 0.6999999881
7132  -22.331  -78.548  -5.278 0.6999999881
7134  -24.358  -78.104  -5.870 0.6000000238
7623  -26.533  -76.819  2.085 0.4000000060
7640  -27.412  -77.406  1.103 0.4000000060
7652  -27.527  -78.027  0.495 0.4000000060
7684  -19.058  -77.072  -1.398 0.5000000000
7686  -24.605  -77.279  -1.858 0.4000000060
7707  -21.351  -77.056  -2.740 0.6000000238
7726  -25.274  -77.825  -4.746 0.5000000000
8277  -23.017  -76.225  3.149 0.4000000060
8366  -17.386  -76.489  -1.308 0.5000000000
8367  -18.143  -76.468  -0.852 0.5000000000
8368  -19.136  -76.312  -0.739 0.5000000000
8371  -25.567  -75.955  -2.390 0.5000000000
8388  -12.584  -75.284  -4.314 0.4000000060
8391  -22.205  -76.357  -3.818 0.6000000238
8392  -26.006  -76.302  -4.440 0.5000000000
8398  -13.673  -76.084  -4.811 0.5000000000
8407  -25.303  -75.915  -5.732 0.5000000000
8953  -22.021  -75.526  3.561 0.5000000000
8955  -23.335  -75.257  4.658 0.5000000000
9039  -18.642  -75.032  -0.542 0.5000000000
9048  -16.475  -75.975  -2.802 0.4000000060
9049  -17.137  -75.888  -1.500 0.5000000000
9050  -17.667  -75.084  -1.719 0.4000000060
9052  -21.258  -74.665  -1.278 0.5000000000
9068  -13.136  -75.236  -4.528 0.5000000000
9076  -14.075  -75.523  -4.476 0.5000000000
9078  -24.649  -75.032  -5.691 0.6000000238
9079  -25.428  -74.765  -5.683 0.6000000238
9080  -26.499  -74.939  -4.465 0.5000000000
9083  -25.704  -75.358  -5.618 0.6000000238
9620  -21.823  -75.116  4.293 0.4000000060
9683  -23.068  -74.616  -0.066 0.6000000238
9694  -19.894  -74.110  -0.745 0.5000000000
9704  -18.539  -74.410  -2.126 0.4000000060
9707  -21.515  -74.055  -1.416 0.5000000000
9718  -22.714  -74.010  -2.340 0.5000000000
9721  -15.318  -74.535  -3.827 0.5000000000
9723  -17.457  -74.699  -4.197 0.5000000000
9726  -24.937  -73.770  -5.004 0.6000000238
9731  -26.405  -74.600  -4.997 0.5000000000
10324  -20.742  -72.541  1.807 0.6000000238
10325  -20.904  -73.321  1.903 0.6000000238
10346  -23.749  -73.831  -0.870 0.5000000000
10352  -20.381  -73.566  -1.542 0.5000000000
10365  -15.949  -74.047  -3.750 0.5000000000
10367  -17.709  -74.175  -4.278 0.5000000000
10373  -26.375  -72.799  -3.913 0.5000000000
10375  -25.567  -73.104  -5.026 0.6000000238
10949  -22.143  -72.640  5.832 0.4000000060
10950  -23.013  -72.695  5.758 0.4000000060
10962  -20.405  -72.575  4.739 0.6000000238
10982  -20.287  -72.598  3.867 0.6999999881
10993  -20.496  -72.181  2.467 0.6000000238
11015  -22.137  -72.678  0.230 0.6000000238
11026  -15.741  -72.382  -1.990 0.5000000000
11027  -24.736  -72.160  -2.010 0.6000000238
11032  -21.364  -72.524  -3.149 0.5000000000
11039  -21.429  -72.145  -3.507 0.5000000000
11045  -24.308  -71.754  -4.494 0.6999999881
11047  -26.084  -72.279  -4.794 0.6999999881
11661  -20.922  -71.855  5.867 0.4000000060
11747  -22.285  -71.796  0.013 0.6000000238
11776  -16.988  -72.042  -2.288 0.5000000000
11778  -19.938  -71.701  -3.669 0.5000000000
11779  -20.479  -71.233  -3.432 0.5000000000
11793  -24.664  -70.981  -4.666 0.6000000238
11795  -25.967  -70.733  -4.499 0.6999999881
12407  -21.516  -70.208  6.630 0.6000000238
12408  -22.112  -70.556  6.864 0.5000000000
12410  -24.295  -70.689  6.345 0.4000000060
12420  -20.668  -70.974  5.645 0.6000000238
12450  -20.762  -69.851  3.381 0.6000000238
12491  -20.766  -70.718  2.033 0.6000000238
12493  -22.124  -69.735  0.884 0.6000000238
12506  -21.746  -70.598  0.764 0.6000000238
12539  -24.132  -70.295  -4.457 0.6999999881
12540  -25.916  -69.966  -4.124 0.6000000238
12544  -25.665  -70.285  -4.571 0.6000000238
13145  -25.647  -69.166  7.205 0.4000000060
13155  -21.380  -69.452  6.451 0.4000000060
13183  -20.947  -69.213  4.509 0.5000000000
13206  -21.384  -69.230  2.810 0.5000000000
13222  -21.555  -69.421  2.116 0.5000000000
13231  -23.319  -68.947  -0.076 0.6000000238
13239  -23.789  -69.116  -0.712 0.5000000000
13244  -19.129  -69.872  -0.844 0.5000000000
13256  -25.699  -69.461  -3.724 0.6000000238
13259  -22.191  -70.035  -3.387 0.6000000238
13262  -25.019  -69.058  -4.240 0.6000000238
13263  -25.576  -69.348  -4.067 0.6000000238
13268  -24.750  -69.688  -4.486 0.6000000238
13914  -21.921  -68.422  3.114 0.5000000000
13916  -22.987  -67.418  1.727 0.6000000238
13946  -20.804  -68.450  -2.040 0.5000000000
13960  -25.145  -68.608  -3.720 0.6000000238
14603  -16.093  -67.478  5.881 0.6000000238
14615  -15.983  -67.397  5.000 0.6000000238
14624  -16.655  -67.424  4.386 0.6000000238
14625  -17.409  -67.587  4.620 0.6000000238
14627  -22.563  -66.727  3.816 0.5000000000
14636  -17.974  -67.544  3.862 0.6000000238
14682  -23.487  -67.017  -0.480 0.6999999881
14683  -23.898  -67.509  -1.039 0.6999999881
14691  -24.248  -67.324  -1.844 0.6999999881
14695  -22.073  -67.370  -2.631 0.6000000238
14698  -24.316  -67.326  -2.564 0.6999999881
15253  -15.205  -66.208  15.176 0.5000000000
15271  -15.448  -66.210  14.546 0.5000000000
15312  -10.791  -66.511  9.331 0.5000000000
15313  -11.692  -66.717  9.777 0.6000000238
15346  -18.032  -66.582  6.431 0.6000000238
15356  -17.610  -67.185  6.127 0.6000000238
15357  -18.362  -67.039  5.651 0.6000000238
15358  -19.210  -66.449  5.458 0.6000000238
15366  -15.343  -66.645  4.519 0.6999999881
15380  -16.628  -66.689  3.415 0.6000000238
15382  -19.772  -66.788  3.352 0.6000000238
15394  -17.040  -66.089  2.617 0.6999999881
15399  -21.686  -66.293  2.075 0.6000000238
15400  -22.667  -66.690  2.379 0.6000000238
15401  -22.931  -66.835  1.530 0.6000000238
15415  -23.118  -66.881  0.827 0.5000000000
15420  -22.637  -66.057  -0.280 0.6999999881
15433  -19.824  -65.808  -1.492 0.6000000238
15434  -21.312  -65.595  -1.786 0.6999999881
15437  -23.167  -66.267  -1.514 0.6999999881
15442  -22.345  -66.558  -2.436 0.6999999881
16056  -15.297  -65.914  13.548 0.5000000000
16057  -15.791  -65.928  14.092 0.5000000000
16080  -8.675  -64.569  10.448 0.6999999881
16086  -9.606  -65.666  9.778 0.5000000000
16107  -12.901  -65.279  7.043 0.5000000000
16110  -15.621  -65.487  7.440 0.5000000000
16121  -12.549  -65.205  6.162 0.6000000238
16127  -20.177  -65.359  6.091 0.6000000238
16135  -13.952  -66.119  5.720 0.5000000000
16150  -14.200  -65.881  4.802 0.6000000238
16151  -14.715  -65.961  4.274 0.6000000238
16153  -21.872  -65.686  4.042 0.6000000238
16162  -21.423  -66.093  2.866 0.6000000238
16164  -22.200  -65.908  3.862 0.6000000238
16180  -18.480  -64.554  0.744 0.5000000000
16183  -21.457  -66.077  0.722 0.6000000238
16192  -19.139  -64.260  -0.229 0.6000000238
16194  -21.601  -65.427  -0.042 0.6000000238
16201  -18.464  -64.465  -0.808 0.6000000238
16203  -20.764  -64.923  -0.689 0.6000000238
16204  -21.420  -65.038  -0.845 0.6000000238
16205  -21.992  -65.347  -0.569 0.6999999881
16212  -21.074  -65.038  -1.159 0.6000000238
16905  -15.961  -65.462  13.410 0.4000000060
16906  -16.623  -64.983  13.599 0.4000000060
16910  -13.081  -64.611  12.348 0.5000000000
16916  -9.299  -64.484  11.035 0.6000000238
16926  -7.397  -63.967  9.624 0.6000000238
16944  -11.861  -64.332  8.110 0.6000000238
16959  -10.708  -64.045  7.069 0.6000000238
16978  -11.381  -64.360  6.498 0.6000000238
17025  -18.137  -63.817  0.309 0.5000000000
17034  -18.536  -63.883  -0.157 0.6000000238
17041  -18.456  -63.980  -0.430 0.6000000238
17803  -5.947  -62.173  8.782 0.6999999881
17811  -6.245  -63.038  8.404 0.5000000000
17812  -6.352  -63.480  7.627 0.5000000000
17813  -9.851  -63.132  8.323 0.6000000238
17814  -11.472  -63.901  8.512 0.6000000238
17815  -12.232  -63.830  8.556 0.6000000238
17816  -13.080  -63.555  8.411 0.6000000238
17838  -6.415  -62.859  6.104 0.5000000000
17852  -8.526  -62.482  4.798 0.5000000000
17870  -11.217  -62.544  3.468 0.5000000000
18621  -8.423  -62.125  11.525 0.6000000238
18624  -11.494  -62.705  11.397 0.6000000238
18646  -6.372  -61.514  10.424 0.6999999881
18647  -7.097  -62.235  10.973 0.6000000238
18648  -7.952  -62.646  11.311 0.6000000238
18650  -14.231  -62.451  10.546 0.6999999881
18672  -8.035  -61.495  7.921 0.6999999881
18677  -13.257  -62.662  8.309 0.5000000000
18704  -6.815  -62.292  5.944 0.6000000238
18705  -7.363  -61.843  6.183 0.6000000238
18719  -10.423  -62.397  4.720 0.6000000238
18725  -9.588  -62.365  4.782 0.5000000000
19492  -7.924  -61.439  11.362 0.6000000238
19494  -9.986  -61.972  11.471 0.6000000238
19512  -11.540  -61.433  10.783 0.6000000238
19540  -5.679  -60.997  8.850 0.6999999881
20396  -19.038  -60.706  10.901 0.3000000119
20408  -6.666  -59.674  10.806 0.6000000238
20414  -13.937  -61.237  10.074 0.5000000000
20415  -17.243  -60.949  10.069 0.5000000000
20417  -18.462  -60.502  10.371 0.4000000060
20427  -5.626  -60.121  9.240 0.6999999881
20439  -9.866  -60.174  8.387 0.5000000000
20449  -10.840  -60.047  8.151 0.5000000000
21248  -5.937  -58.701  9.857 0.6000000238
21250  -7.330  -58.805  10.762 0.5000000000
21267  -5.776  -59.257  9.421 0.6000000238
21272  -15.296  -59.468  9.519 0.4000000060
21273  -16.770  -59.747  9.585 0.5000000000
21282  -6.201  -59.087  9.004 0.6000000238
21292  -10.871  -59.186  7.536 0.5000000000
21304  -11.243  -58.683  7.199 0.5000000000
22071  -8.743  -57.536  10.266 0.6000000238
22094  -18.709  -58.622  9.470 0.3000000119
22103  -6.708  -58.357  9.223 0.5000000000
22111  -8.417  -57.515  8.470 0.5000000000
22892  -9.232  -57.094  9.772 0.5000000000
22902  -8.003  -57.246  9.267 0.6000000238
22905  -11.241  -57.067  9.200 0.5000000000
22911  -17.387  -57.835  8.936 0.4000000060
22921  -8.769  -56.891  8.750 0.5000000000
23725  -14.025  -56.250  8.305 0.4000000060
25353  -14.726  -53.739  7.030 0.4000000060
113961  -17.338  -63.631  0.388 0.6000000238
114161  -18.026  -58.187  9.159 0.3000000119
114320  -19.193  -71.302  -3.073 0.5000000000
114361  -21.729  -71.918  6.125 0.4000000060
115050  -11.846  -62.527  3.573 0.6000000238
115081  -25.325  -79.267  0.711 0.4000000060
115299  -22.167  -75.330  1.212 0.5000000000
117295  -23.605  -70.900  6.513 0.4000000060
118032  -19.151  -73.576  -4.244 0.5000000000
118328  -25.958  -71.534  -4.821 0.6000000238
118398  -16.474  -71.769  -1.421 0.5000000000
118629  -21.167  -81.645  -3.245 0.5000000000
119939  -21.808  -65.558  4.626 0.5000000000
120150  -26.121  -81.642  -3.542 0.3000000119
120773  -26.106  -70.580  -4.018 0.6000000238
120848  -10.154  -60.931  8.746 0.6000000238
120886  -8.864  -61.944  8.551 0.6999999881
121120  -14.071  -58.424  9.281 0.4000000060
121241  -22.985  -83.453  -8.472 0.5000000000
121242  -22.722  -78.569  -5.837 0.6999999881
121537  -20.486  -73.322  4.312 0.6000000238
121671  -10.759  -63.432  8.651 0.6000000238
122137  -22.535  -70.694  -0.010 0.6000000238
122369  -32.480  -78.832  -6.131 0.3000000119
122758  -20.346  -71.966  3.264 0.6000000238
122847  -23.638  -79.112  -0.447 0.4000000060
123042  -8.955  -56.846  9.424 0.5000000000
123240  -7.913  -57.328  10.107 0.6000000238
123829  -23.310  -74.050  -0.418 0.6000000238
124604  -8.207  -60.782  11.350 0.6000000238
125831  -11.138  -62.592  8.920 0.6999999881
125993  -30.780  -81.598  -1.936 0.3000000119
126305  -19.516  -72.989  -4.159 0.5000000000
127360  -20.371  -71.288  3.351 0.6000000238
127375  -10.990  -64.249  12.002 0.6000000238
127812  -12.513  -75.794  -3.691 0.4000000060
128162  -21.239  -74.613  4.266 0.5000000000
129397  -19.441  -70.107  -1.485 0.5000000000
129611  -30.339  -81.611  -1.366 0.3000000119
129653  -18.236  -74.773  -0.972 0.4000000060
129964  -24.216  -79.295  -3.846 0.4000000060
131383  -24.171  -69.684  7.496 0.4000000060
131652  -6.395  -58.211  9.911 0.6000000238
131741  -22.085  -66.346  1.596 0.6000000238
131816  -26.545  -83.280  -8.612 0.4000000060
131862  -23.620  -77.565  -0.349 0.4000000060
132127  -14.932  -65.706  15.597 0.5000000000
132159  -20.473  -65.830  4.652 0.6000000238
132634  -23.420  -80.701  -6.821 0.6999999881
132819  -26.365  -74.333  -3.448 0.5000000000
133017  -21.457  -74.781  2.077 0.5000000000
133141  -9.209  -56.776  8.480 0.5000000000
133825  -16.937  -61.492  10.159 0.5000000000
133966  -29.930  -81.756  -2.466 0.3000000119
134588  -18.672  -61.406  12.749 0.3000000119
134619  -14.076  -64.265  11.944 0.6000000238
135376  -25.297  -84.843  -8.015 0.4000000060
135484  -20.813  -69.533  3.941 0.5000000000
135834  -13.847  -61.845  10.373 0.6000000238
136166  -21.764  -73.202  5.606 0.4000000060
136272  -13.724  -62.436  8.037 0.5000000000
136406  -21.125  -65.375  0.096 0.6000000238
