#!ascii label  , from subject sub-v1s17x0051138_ses-1 vox2ras=TkReg
1653
26217  -27.160  -65.450  5.397 0.5000000000
27293  -27.485  -64.721  5.529 0.4000000060
26218  -28.129  -65.422  5.705 0.6000000238
133826  -27.771  -64.049  5.658 0.6000000238
29263  -26.078  -62.077  5.018 0.6000000238
121237  -26.812  -63.985  5.331 0.5000000000
30199  -25.987  -61.308  5.016 0.6000000238
27294  -28.593  -64.567  5.885 0.6999999881
29264  -27.096  -62.594  5.543 0.6999999881
138791  -26.336  -62.511  5.171 0.6999999881
32169  -26.521  -59.946  4.703 0.5000000000
142003  -25.910  -60.191  5.070 0.6999999881
124718  -26.228  -61.423  4.769 0.5000000000
22160  -28.289  -69.358  11.726 0.5000000000
28292  -28.456  -63.604  5.890 0.6999999881
29265  -28.150  -62.750  5.862 0.6999999881
129366  -26.515  -61.874  5.398 0.6999999881
30190  -27.666  -61.891  5.845 0.6999999881
136863  -26.132  -60.429  5.373 0.6999999881
30189  -26.978  -61.014  5.768 0.6999999881
31127  -26.961  -60.151  5.985 0.6999999881
134915  -26.158  -59.060  4.939 0.6000000238
27286  -32.189  -64.785  7.824 0.6999999881
28283  -31.574  -63.796  7.188 0.6999999881
28293  -29.386  -63.911  6.205 0.6999999881
28281  -30.066  -63.287  6.428 0.6999999881
23127  -27.583  -68.944  11.205 0.6000000238
22192  -26.206  -70.064  9.831 0.4000000060
29252  -28.844  -62.073  6.151 0.6999999881
31126  -25.915  -59.963  5.146 0.6999999881
32157  -25.883  -59.532  5.111 0.6999999881
33150  -25.619  -58.329  5.784 0.6999999881
119496  -26.556  -58.168  4.979 0.6000000238
26198  -33.018  -65.058  8.867 0.6999999881
27275  -32.748  -64.451  8.401 0.6999999881
27285  -31.584  -64.609  7.351 0.6999999881
125761  -32.164  -63.248  7.470 0.6999999881
28271  -32.810  -63.472  8.198 0.6999999881
24090  -28.767  -67.791  12.358 0.6000000238
29255  -31.481  -63.018  6.940 0.6999999881
29253  -29.848  -62.361  6.378 0.6999999881
29254  -30.725  -62.697  6.610 0.6999999881
124381  -32.018  -62.432  7.202 0.6999999881
134841  -32.466  -61.877  7.458 0.6999999881
23143  -26.462  -68.622  10.408 0.5000000000
22178  -26.624  -69.493  10.296 0.5000000000
137073  -27.785  -60.490  6.204 0.6999999881
30178  -28.483  -61.028  6.245 0.6999999881
30181  -31.771  -61.529  6.938 0.6999999881
22191  -25.505  -69.727  9.447 0.4000000060
32143  -26.186  -59.694  5.671 0.6999999881
31111  -28.971  -60.135  6.441 0.6999999881
30180  -30.662  -61.700  6.554 0.6999999881
129264  -31.352  -62.280  6.800 0.6999999881
138374  -25.132  -70.284  9.124 0.4000000060
140394  -28.356  -60.379  6.347 0.6999999881
31113  -31.072  -60.656  6.609 0.6999999881
131496  -25.938  -59.171  5.425 0.6999999881
32124  -27.010  -59.396  6.232 0.6999999881
121816  -29.493  -58.655  6.511 0.6999999881
122141  -30.200  -59.240  6.512 0.6999999881
33161  -25.864  -58.573  5.470 0.6999999881
33134  -28.464  -58.492  6.506 0.6999999881
35078  -26.784  -57.054  5.177 0.6000000238
34143  -24.843  -56.994  5.872 0.6999999881
34134  -24.669  -57.068  6.006 0.6999999881
36783  -28.506  -54.643  5.268 0.5000000000
130665  -28.984  -55.375  5.020 0.5000000000
35922  -30.699  -55.523  4.711 0.4000000060
35921  -29.828  -55.399  4.845 0.5000000000
126050  -33.328  -62.442  8.559 0.6999999881
26130  -29.185  -66.054  12.853 0.6000000238
23144  -27.013  -68.258  10.870 0.5000000000
33133  -27.206  -58.502  6.434 0.6999999881
34135  -25.142  -57.656  6.019 0.6999999881
132451  -28.064  -57.666  6.545 0.6999999881
36782  -27.209  -54.609  5.460 0.6999999881
34154  -25.647  -57.585  5.540 0.6999999881
35920  -26.815  -55.518  5.402 0.6999999881
34153  -25.516  -56.730  5.583 0.6999999881
128599  -32.582  -64.542  12.585 0.6999999881
27207  -33.011  -64.145  12.168 0.6999999881
28215  -33.383  -63.465  11.707 0.8000000119
29218  -33.902  -62.426  10.545 0.8000000119
26113  -31.969  -64.785  13.088 0.6000000238
27187  -32.237  -63.911  13.003 0.6000000238
28214  -32.862  -63.419  12.503 0.6000000238
130731  -33.728  -63.070  10.185 0.8000000119
26112  -31.162  -65.015  13.349 0.6000000238
27185  -30.535  -64.413  13.369 0.6000000238
30169  -33.648  -61.687  8.901 0.6999999881
25044  -30.034  -65.943  13.229 0.6000000238
26111  -30.302  -65.162  13.318 0.6000000238
127845  -27.604  -67.143  11.600 0.6000000238
25059  -28.319  -66.115  12.297 0.6000000238
30168  -33.098  -61.771  7.994 0.6999999881
134820  -27.008  -67.385  11.078 0.6000000238
31103  -33.384  -60.896  8.264 0.6999999881
31114  -31.990  -60.670  6.983 0.6999999881
33132  -26.012  -58.116  6.173 0.6999999881
139157  -27.923  -59.114  6.450 0.6999999881
127051  -30.918  -59.685  6.573 0.6999999881
36774  -24.564  -55.157  5.950 0.8000000119
35077  -24.646  -56.404  5.825 0.6999999881
34115  -26.919  -57.606  6.501 0.6999999881
37631  -26.018  -54.149  5.693 0.8000000119
34114  -25.773  -57.382  6.325 0.6999999881
126707  -27.612  -56.871  6.578 0.6999999881
36784  -29.448  -54.662  5.104 0.5000000000
36785  -30.337  -54.707  4.953 0.5000000000
37635  -30.844  -53.929  5.105 0.5000000000
36786  -31.322  -54.854  4.766 0.4000000060
28198  -32.241  -62.993  13.074 0.6000000238
129067  -33.285  -62.799  12.170 0.6999999881
30124  -33.871  -61.548  11.854 0.8000000119
29202  -33.717  -62.462  11.529 0.8999999762
27186  -31.375  -64.191  13.333 0.6000000238
30141  -34.095  -61.683  11.015 0.8000000119
30159  -34.075  -61.561  9.978 0.8000000119
31095  -34.090  -60.305  9.359 0.8000000119
26110  -29.409  -65.159  13.014 0.6000000238
26129  -28.696  -65.428  12.592 0.6000000238
133192  -33.916  -60.886  9.195 0.8000000119
24126  -26.398  -67.744  10.575 0.6000000238
25081  -27.758  -66.493  11.803 0.6000000238
26151  -27.571  -65.821  11.722 0.6000000238
125112  -33.314  -60.102  8.013 0.6999999881
23142  -25.782  -68.174  10.111 0.5000000000
32127  -32.264  -59.295  7.135 0.6999999881
32110  -33.057  -59.371  7.689 0.6999999881
23153  -25.112  -68.678  9.531 0.5000000000
132238  -31.507  -59.149  6.737 0.6999999881
36775  -24.957  -54.401  6.001 0.8000000119
143220  -24.061  -56.117  6.047 0.8000000119
129138  -26.577  -56.943  6.545 0.6999999881
35046  -28.022  -56.009  6.667 0.6999999881
126595  -29.092  -57.739  6.507 0.6999999881
35044  -25.427  -56.559  6.407 0.6999999881
28197  -31.507  -63.352  13.329 0.6999999881
29166  -32.261  -62.138  13.222 0.6999999881
29182  -32.850  -62.533  12.724 0.6999999881
30103  -33.443  -61.261  12.513 0.8000000119
31060  -33.982  -60.669  12.107 0.8000000119
28196  -30.686  -63.623  13.385 0.6999999881
30102  -32.902  -61.718  12.901 0.8000000119
31061  -34.351  -60.406  11.366 0.8000000119
28195  -29.941  -63.896  13.227 0.6000000238
30160  -34.251  -60.631  9.924 0.8000000119
27206  -29.318  -64.264  12.914 0.6000000238
32102  -34.070  -59.841  9.140 0.6999999881
25080  -27.071  -66.454  11.291 0.6000000238
33117  -33.447  -58.611  7.996 0.8000000119
33118  -34.148  -58.507  8.850 0.6999999881
24125  -25.714  -67.254  10.277 0.6000000238
34100  -33.723  -57.832  8.242 0.8000000119
140910  -24.501  -67.924  9.362 0.4000000060
124274  -30.851  -58.993  6.581 0.6999999881
33136  -31.227  -58.402  6.649 0.6999999881
33116  -32.659  -58.596  7.395 0.6999999881
22207  -22.932  -69.613  7.784 0.4000000060
34118  -30.551  -57.245  6.571 0.6999999881
33137  -31.958  -58.566  6.907 0.6999999881
36755  -24.720  -54.954  6.297 0.8000000119
35045  -26.774  -56.210  6.626 0.8000000119
126669  -29.980  -57.842  6.552 0.6999999881
34116  -28.707  -56.807  6.565 0.6999999881
137922  -26.859  -53.810  5.606 0.8000000119
37632  -27.945  -53.894  5.436 0.6999999881
37623  -28.475  -53.213  5.430 0.5000000000
37625  -30.851  -53.154  5.314 0.5000000000
37634  -29.889  -53.967  5.219 0.5000000000
120252  -31.747  -54.179  4.887 0.4000000060
30082  -31.548  -61.746  13.404 0.6000000238
30083  -32.279  -61.211  13.318 0.6999999881
31039  -34.307  -59.971  11.935 0.8000000119
125308  -30.818  -62.815  13.387 0.6999999881
28213  -29.385  -63.449  12.826 0.6999999881
32088  -34.527  -59.325  10.317 0.8000000119
28212  -28.732  -63.844  12.474 0.6000000238
32071  -34.550  -59.587  11.271 0.8000000119
27230  -28.116  -64.241  12.063 0.6000000238
33105  -34.493  -58.711  9.737 0.8000000119
32103  -34.249  -59.293  9.375 0.8000000119
26168  -26.318  -65.981  10.811 0.6000000238
26150  -26.910  -65.562  11.253 0.6000000238
132886  -33.060  -57.885  7.606 0.8999999762
123013  -32.013  -56.871  6.938 0.8000000119
137412  -32.692  -57.254  7.374 0.8000000119
24139  -25.095  -67.646  9.785 0.5000000000
35901  -30.894  -55.374  6.690 0.8000000119
34119  -31.381  -57.594  6.700 0.6999999881
23163  -23.820  -67.521  8.892 0.4000000060
37615  -25.247  -53.842  6.395 0.8000000119
35897  -25.549  -55.569  6.567 0.8000000119
35898  -26.894  -55.314  6.729 0.8000000119
35048  -30.410  -56.302  6.580 0.6999999881
37621  -25.782  -53.339  5.959 0.8000000119
34117  -29.688  -57.021  6.542 0.6999999881
36757  -27.010  -54.439  6.927 0.8000000119
38474  -26.636  -52.419  5.922 0.8000000119
37624  -29.411  -53.288  5.365 0.6000000238
134297  -30.194  -53.268  5.347 0.5000000000
124937  -31.407  -60.941  13.420 0.6000000238
31018  -33.387  -60.499  12.771 0.6999999881
29181  -30.238  -62.142  13.142 0.6000000238
33063  -33.829  -58.868  12.821 0.6999999881
32051  -34.358  -59.247  12.098 0.6999999881
29180  -29.480  -62.591  12.706 0.6000000238
30081  -30.815  -61.474  13.339 0.6000000238
31038  -30.698  -60.675  13.258 0.6000000238
29179  -28.826  -63.011  12.296 0.6000000238
33091  -34.764  -58.520  10.592 0.8000000119
27229  -27.502  -64.530  11.624 0.6000000238
33076  -34.665  -58.821  11.459 0.6999999881
129075  -34.660  -57.890  9.628 0.8000000119
126877  -24.953  -65.785  9.804 0.3000000119
136545  -33.671  -56.300  8.101 0.8000000119
132075  -33.995  -57.108  8.440 0.8000000119
35050  -32.215  -55.940  7.102 0.8000000119
35029  -32.828  -56.528  7.470 0.8000000119
36759  -30.514  -54.523  6.786 0.8000000119
121466  -25.917  -54.690  6.836 0.8000000119
134802  -28.860  -55.596  6.618 0.8000000119
126934  -31.162  -56.828  6.657 0.6999999881
35899  -28.029  -55.073  6.758 0.8000000119
37605  -27.312  -53.642  7.161 0.8000000119
38475  -27.914  -52.470  5.648 0.6999999881
138190  -29.722  -52.751  5.479 0.6000000238
38479  -32.521  -52.512  5.430 0.3000000119
31016  -31.975  -60.371  13.449 0.6000000238
131714  -32.445  -59.886  13.388 0.6999999881
32029  -33.171  -59.691  13.145 0.6999999881
29215  -25.308  -61.154  9.474 0.5000000000
30101  -30.150  -61.178  12.924 0.6000000238
127092  -34.537  -58.269  12.214 0.6999999881
28232  -26.951  -63.981  11.187 0.5000000000
28234  -28.209  -63.421  11.915 0.5000000000
30100  -29.515  -61.688  12.534 0.6000000238
142734  -35.234  -57.046  11.114 0.6999999881
26184  -24.906  -64.780  9.601 0.3000000119
128540  -26.306  -65.110  10.734 0.5000000000
34075  -35.081  -57.557  10.683 0.8000000119
35012  -34.789  -56.321  9.351 0.8000000119
34101  -34.537  -57.103  9.089 0.8000000119
35903  -32.295  -55.095  7.243 0.8999999762
35886  -33.706  -55.308  8.180 0.8999999762
35887  -34.318  -55.813  8.690 0.8000000119
24138  -24.365  -67.075  9.389 0.4000000060
36760  -31.518  -54.597  6.979 0.8999999762
35902  -31.682  -55.416  6.893 0.8999999762
35885  -32.987  -55.633  7.596 0.8999999762
139354  -25.540  -53.076  6.565 0.8000000119
36756  -25.195  -54.100  6.504 0.8000000119
120437  -28.935  -54.789  6.716 0.8000000119
35900  -29.811  -55.310  6.624 0.8000000119
38473  -25.844  -52.465  6.496 0.8000000119
39323  -27.442  -51.605  6.034 0.6999999881
38476  -28.978  -52.602  5.506 0.6000000238
121249  -30.984  -51.865  5.707 0.6000000238
38478  -31.246  -52.659  5.476 0.6000000238
31015  -31.214  -60.168  13.407 0.6000000238
32027  -31.767  -59.535  13.479 0.6000000238
33048  -32.994  -58.811  13.346 0.6999999881
133342  -30.640  -60.010  13.176 0.6000000238
132020  -33.434  -58.206  13.245 0.6999999881
31037  -30.093  -60.255  12.783 0.6000000238
34053  -34.500  -57.346  12.584 0.8000000119
28249  -26.973  -62.577  10.830 0.6000000238
131155  -27.629  -62.983  11.401 0.5000000000
30123  -28.849  -61.241  11.857 0.6000000238
34066  -35.280  -56.490  11.464 0.8000000119
126573  -25.599  -63.483  9.965 0.4000000060
34994  -35.268  -56.649  10.525 0.6999999881
26167  -25.629  -65.457  10.297 0.4000000060
34086  -34.998  -57.020  9.821 0.8000000119
129101  -33.056  -54.653  7.680 0.8000000119
35874  -34.815  -55.426  9.329 0.8000000119
36747  -30.182  -53.753  7.000 0.8999999762
36761  -32.288  -54.369  7.336 0.8000000119
37608  -31.013  -53.779  7.039 0.8000000119
37591  -26.416  -52.803  7.287 0.8000000119
37606  -28.477  -53.600  7.130 0.8000000119
119701  -29.640  -54.357  6.800 0.6999999881
38462  -25.629  -52.376  6.821 0.8000000119
126069  -28.944  -54.124  6.884 0.8000000119
36758  -28.148  -54.267  6.906 0.8000000119
38458  -25.794  -52.168  7.107 0.8000000119
39324  -29.194  -51.232  6.106 0.6999999881
39325  -30.099  -51.622  5.884 0.6999999881
123971  -30.774  -50.253  6.486 0.6000000238
127239  -32.013  -50.352  6.425 0.6000000238
40201  -32.721  -50.059  6.481 0.6000000238
32049  -30.281  -59.422  12.836 0.6000000238
140643  -32.779  -57.316  13.581 0.8000000119
34037  -33.402  -57.423  13.396 0.6999999881
31077  -26.467  -59.564  10.159 0.5000000000
31058  -28.676  -60.197  11.522 0.5000000000
34987  -34.921  -56.669  12.324 0.8000000119
34065  -35.001  -57.387  11.726 0.6999999881
29217  -26.757  -61.588  10.461 0.5000000000
124698  -28.205  -61.660  11.444 0.5000000000
34969  -34.402  -56.642  13.003 0.8000000119
135144  -34.779  -56.107  12.794 0.8000000119
29216  -26.187  -62.044  10.184 0.5000000000
34980  -35.200  -55.952  12.195 0.8000000119
127862  -35.410  -55.995  10.813 0.8000000119
35856  -35.431  -55.274  10.677 0.8000000119
35855  -35.259  -55.876  10.027 0.8000000119
35875  -35.254  -54.955  9.909 0.8000000119
36748  -33.804  -54.468  8.306 0.8000000119
37609  -31.862  -53.744  7.296 0.8000000119
135931  -34.343  -54.294  8.781 0.8000000119
38446  -26.477  -51.985  7.429 0.8000000119
37594  -29.881  -53.073  7.249 0.8000000119
37593  -28.980  -52.970  7.301 0.8999999762
39322  -26.320  -51.708  6.401 0.8000000119
39306  -25.764  -51.522  6.986 0.8000000119
136380  -28.331  -51.196  6.128 0.6999999881
133280  -27.676  -50.688  6.260 0.6999999881
40221  -30.666  -51.020  6.278 0.6999999881
126704  -28.526  -50.499  6.307 0.6999999881
40220  -29.298  -50.179  6.410 0.6999999881
40199  -30.142  -50.249  6.454 0.6999999881
124674  -31.265  -56.635  13.396 0.8000000119
34035  -31.503  -57.787  13.434 0.6000000238
132250  -32.169  -57.162  13.632 0.8000000119
32047  -26.390  -58.721  11.729 0.6000000238
136406  -26.844  -57.608  10.711 0.5000000000
141395  -29.863  -59.687  12.532 0.6000000238
33062  -30.083  -58.438  12.522 0.6000000238
34968  -33.732  -56.626  13.456 0.8000000119
32025  -26.312  -59.225  13.095 0.6000000238
33059  -26.926  -58.396  12.538 0.6000000238
34061  -27.118  -57.460  11.484 0.6000000238
33090  -27.536  -57.521  10.660 0.5000000000
32070  -28.851  -59.238  11.525 0.5000000000
34947  -24.830  -56.520  14.215 0.5000000000
133035  -25.321  -58.055  14.316 0.5000000000
34031  -26.980  -57.944  14.134 0.6000000238
33060  -27.423  -57.804  12.694 0.6000000238
31057  -27.628  -59.905  10.715 0.5000000000
127770  -28.238  -58.347  10.919 0.5000000000
35823  -34.996  -55.376  12.882 0.8000000119
120772  -35.360  -55.306  12.110 0.8000000119
34948  -25.742  -56.485  14.525 0.5000000000
34964  -24.228  -56.458  13.818 0.4000000060
30122  -28.158  -60.821  11.266 0.5000000000
126161  -35.517  -54.760  11.503 0.6999999881
132611  -34.664  -53.814  9.175 0.8000000119
37582  -35.186  -54.101  9.805 0.8000000119
36728  -35.456  -54.418  10.560 0.6999999881
37595  -31.338  -52.960  7.372 0.8000000119
37610  -32.690  -53.808  7.585 0.8000000119
122043  -35.105  -53.251  9.663 0.8000000119
37598  -33.956  -53.624  8.488 0.8000000119
38453  -33.710  -52.681  8.417 0.8000000119
40198  -25.826  -50.731  6.941 0.8999999762
39293  -26.258  -51.291  7.363 0.8999999762
38448  -28.492  -52.267  7.490 0.8000000119
137351  -30.587  -53.228  7.227 0.8000000119
38447  -27.387  -52.213  7.522 1.0000000000
38449  -29.585  -52.251  7.434 0.8000000119
40219  -26.717  -50.895  6.390 0.8000000119
121562  -27.891  -49.845  6.287 0.6999999881
138681  -30.603  -56.357  12.879 0.8000000119
34966  -32.002  -56.435  13.778 0.8000000119
35821  -32.395  -55.859  13.970 0.8000000119
34032  -27.625  -57.473  13.504 0.6000000238
34979  -29.873  -55.930  12.113 0.6000000238
122682  -30.623  -57.032  12.934 0.6000000238
34967  -32.839  -56.693  13.713 0.8000000119
35822  -33.320  -55.912  13.869 0.8000000119
34015  -26.383  -57.351  14.499 0.5000000000
33044  -27.200  -58.146  13.415 0.6000000238
34050  -27.685  -56.817  11.896 0.6000000238
132675  -29.017  -57.024  11.380 0.6000000238
35834  -34.246  -55.842  13.446 0.8000000119
36697  -35.072  -54.532  13.226 0.6999999881
34949  -26.637  -56.709  14.645 0.5000000000
34986  -28.614  -55.987  11.395 0.6000000238
34051  -29.839  -57.152  12.140 0.6000000238
35816  -24.354  -55.687  13.830 0.4000000060
119027  -27.377  -56.396  14.678 0.4000000060
36703  -35.374  -54.704  12.446 0.6999999881
118658  -25.665  -54.939  14.602 0.4000000060
35782  -26.354  -54.995  14.990 0.4000000060
34951  -28.755  -55.708  13.581 0.4000000060
122472  -35.610  -53.869  11.218 0.6999999881
36656  -26.704  -54.458  15.280 0.4000000060
36657  -27.611  -54.606  15.478 0.5000000000
37570  -35.453  -53.542  10.399 0.6999999881
36673  -25.913  -54.207  14.798 0.3000000119
35784  -28.278  -55.175  15.117 0.5000000000
37596  -32.320  -53.038  7.595 0.8000000119
37597  -33.186  -53.212  7.909 0.8000000119
38454  -34.468  -53.006  9.007 0.8000000119
40182  -25.907  -50.634  7.120 0.8000000119
39276  -27.152  -51.490  7.591 1.0000000000
39278  -28.929  -51.466  7.585 0.8000000119
142663  -29.710  -51.625  7.529 0.8000000119
131826  -30.499  -52.573  7.391 0.8000000119
38451  -31.925  -52.246  7.664 0.8000000119
40163  -26.456  -50.415  7.430 1.0000000000
122419  -31.395  -51.533  7.722 0.8000000119
126080  -26.067  -51.074  6.686 0.8000000119
39277  -28.007  -51.023  7.621 0.8000000119
39279  -30.423  -51.720  7.545 0.8000000119
124616  -27.008  -50.004  6.339 0.8999999762
137089  -28.595  -49.741  6.339 0.6999999881
41129  -29.774  -49.409  6.419 0.6999999881
42156  -30.319  -48.762  6.297 0.6999999881
137978  -30.956  -49.010  6.433 0.6999999881
42157  -31.632  -48.883  6.335 0.6999999881
41133  -33.005  -49.372  6.385 0.6000000238
42158  -32.424  -48.698  6.262 0.6000000238
35820  -31.371  -55.605  13.562 0.8000000119
34033  -28.205  -56.796  13.025 0.5000000000
35833  -29.637  -55.049  12.162 0.8000000119
35819  -30.263  -54.742  12.740 0.8000000119
130951  -30.499  -55.681  12.809 0.8000000119
35803  -32.848  -55.207  14.232 0.8000000119
34016  -27.265  -57.211  14.344 0.5000000000
34965  -28.564  -56.030  12.790 0.6000000238
35817  -28.907  -55.182  12.284 0.5000000000
135465  -33.741  -55.079  14.032 0.6999999881
35783  -27.280  -55.440  15.172 0.4000000060
35800  -28.206  -55.893  14.576 0.5000000000
36702  -29.728  -54.615  12.563 0.6999999881
34978  -29.113  -55.458  11.670 0.6999999881
36679  -33.813  -54.243  14.317 0.6999999881
125475  -34.473  -54.940  13.604 0.6999999881
37538  -35.185  -53.727  13.414 0.6999999881
136400  -35.433  -54.095  12.793 0.6999999881
37544  -35.608  -53.357  12.696 0.6999999881
38392  -35.884  -52.640  12.257 0.6999999881
120386  -28.020  -54.011  15.798 0.5000000000
38400  -35.860  -52.537  11.376 0.6999999881
38352  -26.489  -52.999  15.536 0.4000000060
38353  -27.161  -52.925  16.067 0.4000000060
38425  -35.492  -52.490  10.315 0.6999999881
38452  -32.858  -52.386  7.952 0.8000000119
39280  -32.422  -51.504  8.062 0.8000000119
40145  -33.653  -50.353  8.894 0.6999999881
40166  -28.914  -50.603  7.673 0.8000000119
40197  -25.817  -50.083  7.026 0.8999999762
40218  -26.166  -50.184  6.690 0.8999999762
40162  -26.036  -49.774  7.212 0.8999999762
41092  -26.695  -49.735  7.511 0.8000000119
41093  -27.517  -49.670  7.641 0.8000000119
121046  -28.899  -49.999  7.755 0.8000000119
41150  -26.466  -49.287  6.502 0.8999999762
42171  -26.033  -48.556  6.709 0.8000000119
41151  -27.247  -49.109  6.263 0.8999999762
41152  -28.132  -49.038  6.197 0.8000000119
139410  -33.620  -50.795  6.106 0.4000000060
41153  -29.000  -49.206  6.315 0.8000000119
42174  -29.540  -48.568  6.130 0.6999999881
42175  -31.044  -48.251  5.988 0.6999999881
43179  -33.993  -47.557  5.164 0.5000000000
36695  -31.003  -54.523  13.459 0.6999999881
35802  -31.940  -55.055  14.120 0.8000000119
37536  -30.162  -53.460  13.303 0.6999999881
37523  -32.617  -53.601  14.631 0.6999999881
37520  -29.885  -53.052  14.381 0.6000000238
37522  -31.588  -53.506  14.242 0.6999999881
140289  -34.167  -54.591  14.005 0.6999999881
36696  -34.543  -54.111  13.899 0.6999999881
37526  -34.828  -53.249  14.047 0.6999999881
36659  -28.793  -54.004  15.443 0.5000000000
141511  -35.707  -52.665  12.997 0.6999999881
37490  -27.968  -52.750  16.290 0.4000000060
39182  -26.483  -51.688  15.989 0.3000000119
38334  -27.370  -52.064  16.381 0.3000000119
38335  -29.057  -52.443  16.025 0.5000000000
38437  -33.443  -51.811  8.434 0.6999999881
39259  -34.918  -51.791  9.577 0.6999999881
38393  -36.127  -51.891  11.943 0.6999999881
119961  -28.249  -52.071  16.476 0.4000000060
39258  -34.147  -51.205  8.995 0.6999999881
39257  -33.155  -50.998  8.489 0.6999999881
41094  -28.394  -49.609  7.706 0.8000000119
125429  -29.778  -51.020  7.663 0.8000000119
40167  -30.725  -50.863  7.747 0.8000000119
39255  -31.679  -50.852  8.013 0.8000000119
40141  -29.932  -50.113  7.885 0.8000000119
42116  -26.299  -49.164  7.381 0.8000000119
42172  -26.234  -47.806  6.504 0.8000000119
42155  -25.760  -47.833  6.917 0.8000000119
42138  -25.872  -48.884  7.126 0.8999999762
137418  -27.260  -47.981  6.012 0.8999999762
43174  -28.271  -47.386  5.643 0.8000000119
129885  -29.314  -47.770  5.689 0.8000000119
131286  -32.579  -47.883  5.688 0.6999999881
140407  -33.461  -47.927  5.590 0.6000000238
123288  -30.179  -48.000  5.815 0.6999999881
44166  -30.343  -45.909  4.987 0.6999999881
36676  -31.554  -54.272  14.040 0.6999999881
38370  -30.612  -52.567  14.274 0.6000000238
38371  -31.256  -52.609  14.344 0.6000000238
38372  -32.857  -52.937  14.943 0.6999999881
37524  -33.435  -53.557  14.663 0.6999999881
37505  -29.314  -53.271  15.387 0.5000000000
37535  -29.930  -53.438  13.564 0.6000000238
38373  -33.722  -52.872  14.943 0.6999999881
37525  -34.166  -53.471  14.468 0.6999999881
38369  -30.263  -52.628  14.395 0.6000000238
137641  -26.657  -52.415  15.910 0.3000000119
38354  -29.866  -52.567  15.141 0.5000000000
38356  -31.074  -51.896  14.682 0.6000000238
38385  -35.368  -52.969  13.512 0.6999999881
39164  -28.897  -51.585  16.417 0.4000000060
39165  -29.568  -51.626  15.957 0.5000000000
135739  -30.240  -51.352  15.516 0.6000000238
39203  -35.879  -51.538  13.463 0.6999999881
39221  -35.915  -51.723  11.073 0.6999999881
39241  -35.458  -51.381  10.282 0.6999999881
123682  -27.983  -50.395  16.746 0.3000000119
136346  -34.905  -51.018  9.684 0.6999999881
41082  -30.714  -49.656  8.180 0.8000000119
122003  -31.480  -49.635  8.334 0.8000000119
41083  -32.361  -49.598  8.533 0.6999999881
40144  -32.808  -50.287  8.535 0.6999999881
40146  -34.490  -50.359  9.478 0.6999999881
133024  -28.748  -49.130  7.728 0.8000000119
42103  -30.929  -49.095  8.300 0.8000000119
42139  -25.734  -47.979  7.079 0.8000000119
122056  -26.980  -49.054  7.577 0.8000000119
127111  -27.929  -49.070  7.683 0.8000000119
41095  -29.270  -49.488  7.809 0.8000000119
43172  -26.419  -47.058  6.370 0.8000000119
44115  -28.014  -46.840  7.265 0.8000000119
43130  -28.399  -47.742  7.524 0.8000000119
135555  -29.346  -47.219  7.459 0.8000000119
44128  -28.813  -46.235  7.001 0.8000000119
131389  -33.156  -47.265  5.109 0.6000000238
43178  -32.304  -47.059  5.093 0.6999999881
44150  -29.781  -46.476  5.261 0.8000000119
43176  -30.847  -47.418  5.514 0.6000000238
45211  -30.896  -45.272  4.700 0.6999999881
44167  -31.250  -46.076  4.859 0.6000000238
44152  -31.478  -46.834  5.141 0.6000000238
38357  -32.006  -52.226  15.029 0.6000000238
39183  -30.863  -51.272  15.203 0.6000000238
38359  -34.087  -52.200  15.297 0.6999999881
38374  -34.513  -52.695  14.645 0.6999999881
39184  -31.511  -51.365  15.315 0.6000000238
39194  -34.931  -51.864  14.919 0.6999999881
38375  -35.163  -52.489  14.170 0.6999999881
131128  -29.646  -50.938  16.225 0.4000000060
40088  -31.979  -50.803  15.922 0.5000000000
135615  -34.341  -51.545  15.515 0.6999999881
39195  -35.491  -51.753  14.173 0.6999999881
40087  -31.215  -50.695  15.643 0.5000000000
39213  -36.198  -51.168  12.605 0.6999999881
135584  -28.772  -50.918  16.608 0.3000000119
40067  -29.154  -50.258  16.584 0.3000000119
40068  -30.067  -50.185  16.235 0.4000000060
41026  -28.608  -49.519  16.682 0.3000000119
42048  -29.148  -48.775  16.576 0.3000000119
124913  -35.884  -50.859  10.947 0.6999999881
140880  -36.152  -50.468  11.512 0.6999999881
41078  -34.760  -49.600  9.884 0.6999999881
40121  -35.842  -50.051  11.037 0.6999999881
41081  -30.113  -49.294  8.049 0.8000000119
41084  -33.249  -49.579  8.847 0.6999999881
133348  -35.576  -48.669  10.817 0.6999999881
41085  -34.040  -49.634  9.328 0.6999999881
42095  -34.899  -48.723  10.136 0.6999999881
42118  -27.407  -48.237  7.585 0.8000000119
43131  -29.311  -48.125  7.670 0.8000000119
42107  -34.239  -48.389  9.598 0.6999999881
43099  -34.758  -47.799  9.944 0.6999999881
121568  -26.494  -47.457  7.346 0.8000000119
42119  -28.575  -48.555  7.665 0.8000000119
142267  -29.944  -48.319  7.846 0.8000000119
123101  -30.368  -48.661  8.093 0.8000000119
42104  -31.808  -48.936  8.530 0.8000000119
42106  -33.517  -48.085  9.171 0.8000000119
43113  -34.437  -47.158  9.562 0.6999999881
43128  -26.014  -46.996  7.090 0.8000000119
128837  -29.977  -47.812  7.704 0.8000000119
44116  -30.601  -47.217  7.642 0.8000000119
43134  -32.459  -47.352  8.402 0.8000000119
44138  -26.212  -46.698  6.730 0.8000000119
44139  -26.616  -46.059  6.496 0.8000000119
44118  -32.590  -46.503  8.092 0.8000000119
43173  -27.122  -46.737  5.799 0.8000000119
44127  -27.343  -45.883  6.707 0.8000000119
135095  -30.020  -46.408  7.208 0.8000000119
44129  -31.064  -46.320  7.340 0.8000000119
44130  -32.009  -46.065  7.550 0.8000000119
124729  -27.080  -45.721  5.697 0.8000000119
45182  -29.561  -45.600  6.771 0.8000000119
44164  -28.149  -45.538  5.289 0.8000000119
43197  -33.771  -46.812  4.637 0.5000000000
45208  -27.918  -44.855  5.177 0.8000000119
44165  -29.345  -45.737  5.080 0.8000000119
43196  -32.928  -46.537  4.712 0.6000000238
44168  -32.099  -46.294  4.752 0.6000000238
38358  -33.115  -52.297  15.418 0.6999999881
39186  -33.524  -51.603  15.759 0.6999999881
128080  -34.861  -51.030  15.430 0.6999999881
125321  -34.050  -50.932  15.994 0.6999999881
41027  -30.495  -49.589  16.299 0.4000000060
41028  -31.265  -49.419  16.316 0.4000000060
135533  -35.786  -51.120  14.047 0.6999999881
39204  -36.110  -50.737  13.449 0.6999999881
133853  -30.018  -48.856  16.478 0.3000000119
42049  -30.720  -48.832  16.445 0.3000000119
142644  -31.765  -48.958  16.452 0.5000000000
41048  -36.114  -49.400  14.214 0.6999999881
40112  -36.318  -50.377  12.833 0.6999999881
138285  -30.794  -48.029  16.452 0.3000000119
41064  -36.395  -49.646  12.558 0.6999999881
43043  -30.144  -47.556  16.369 0.3000000119
43087  -36.267  -47.732  11.678 0.6999999881
42122  -32.092  -48.181  8.481 0.8000000119
122654  -33.680  -48.904  9.276 0.6999999881
42105  -32.803  -48.749  8.784 0.6999999881
119684  -34.158  -47.752  9.484 0.6999999881
43114  -34.979  -47.077  9.967 0.6999999881
43132  -30.576  -48.025  7.964 0.8000000119
42123  -32.821  -47.971  8.755 0.6999999881
43112  -33.800  -47.314  9.155 0.8000000119
43129  -27.410  -47.365  7.429 0.8000000119
44119  -33.344  -46.787  8.629 0.8000000119
44126  -26.626  -46.093  6.606 0.8000000119
44117  -31.692  -46.883  7.822 0.8000000119
45172  -32.803  -45.776  7.829 0.8000000119
45181  -26.789  -45.406  6.280 0.8000000119
45197  -26.753  -45.193  6.069 0.8000000119
130351  -28.286  -45.281  6.613 0.8000000119
45183  -30.550  -45.703  6.913 0.8000000119
46200  -31.132  -44.667  6.707 0.8000000119
45185  -32.293  -45.280  7.387 0.8000000119
44163  -27.198  -44.887  5.596 0.8000000119
46217  -27.009  -44.385  5.864 0.8000000119
46198  -29.106  -44.731  6.554 0.8000000119
140879  -29.695  -44.397  6.520 0.8000000119
46201  -32.519  -44.414  7.173 0.8000000119
45210  -29.874  -45.126  4.780 0.8000000119
39185  -32.479  -51.552  15.688 0.6000000238
40089  -33.016  -50.891  16.205 0.6000000238
128609  -29.609  -49.536  16.486 0.3000000119
40069  -30.978  -50.106  15.994 0.5000000000
40072  -33.712  -50.040  16.361 0.6000000238
41029  -32.044  -49.463  16.392 0.5000000000
139589  -34.517  -49.595  16.259 0.6999999881
40090  -34.675  -50.291  15.965 0.6999999881
41047  -35.731  -49.613  15.035 0.6999999881
41030  -33.060  -49.194  16.571 0.6000000238
41041  -35.168  -49.619  15.773 0.6999999881
41042  -35.972  -48.880  14.907 0.6999999881
43042  -29.648  -48.110  16.482 0.3000000119
43044  -31.547  -47.716  16.524 0.3000000119
42060  -34.856  -48.758  16.237 0.6999999881
43056  -29.373  -47.379  16.188 0.3000000119
44037  -31.747  -46.016  16.153 0.3000000119
128783  -36.252  -48.691  14.200 0.6999999881
41057  -36.375  -48.978  13.364 0.6999999881
45092  -29.894  -45.607  14.568 0.3000000119
45093  -30.627  -45.337  14.784 0.3000000119
45080  -31.146  -45.654  15.479 0.3000000119
45081  -31.982  -45.346  15.626 0.3000000119
45109  -29.579  -45.180  13.946 0.3000000119
43086  -35.782  -47.906  11.004 0.6999999881
44102  -34.144  -46.601  9.126 0.8000000119
135121  -33.498  -45.514  8.187 0.8000000119
45186  -33.072  -45.032  7.655 0.8000000119
46209  -26.905  -44.612  6.063 0.8000000119
46197  -27.714  -44.293  6.240 0.8000000119
47180  -27.965  -43.503  5.855 0.8000000119
47168  -28.985  -43.864  6.322 0.8000000119
47169  -30.277  -44.013  6.488 0.8000000119
47170  -31.316  -43.773  6.575 0.8000000119
125056  -31.834  -44.260  6.778 0.8000000119
46228  -27.954  -44.064  4.975 0.8000000119
48155  -29.677  -43.221  6.205 0.8000000119
45209  -28.707  -44.939  4.909 0.8000000119
46229  -29.257  -44.228  4.628 0.6999999881
46230  -30.424  -44.451  4.538 0.6000000238
131752  -35.526  -49.051  15.537 0.6999999881
44024  -32.378  -46.506  16.491 0.4000000060
43057  -34.417  -47.042  16.478 0.6000000238
42061  -35.631  -48.330  15.537 0.6999999881
44039  -34.120  -46.253  16.366 0.4000000060
42066  -36.168  -48.120  14.754 0.6999999881
42075  -36.443  -48.041  13.778 0.6999999881
129202  -36.439  -48.875  12.551 0.6999999881
46104  -32.801  -44.099  14.841 0.3000000119
44040  -34.871  -46.316  15.998 0.4000000060
136994  -36.238  -46.690  15.051 0.6000000238
43078  -36.531  -47.049  12.892 0.6999999881
130263  -36.484  -47.668  12.440 0.6999999881
120259  -36.489  -46.862  12.053 0.6999999881
43101  -36.087  -46.997  11.053 0.6999999881
44091  -36.175  -46.169  10.767 0.6999999881
43135  -33.214  -47.512  8.810 0.8000000119
141947  -33.214  -46.127  8.290 0.8000000119
44120  -33.835  -46.036  8.651 0.8000000119
135020  -31.859  -44.834  6.960 0.8000000119
46189  -33.800  -44.783  8.047 0.8000000119
46199  -30.214  -44.939  6.639 0.8000000119
47171  -32.265  -43.544  6.764 0.8000000119
125983  -27.849  -43.299  5.151 0.8000000119
47181  -28.727  -43.160  5.966 0.8000000119
133239  -30.113  -42.614  6.023 0.8000000119
48156  -30.688  -43.151  6.344 0.8000000119
48169  -29.101  -42.497  5.715 0.8000000119
45212  -31.882  -45.401  4.573 0.6000000238
46231  -31.326  -44.522  4.497 0.6000000238
47198  -29.955  -43.422  4.371 0.6999999881
126397  -30.785  -43.169  4.271 0.6999999881
42053  -33.825  -48.505  16.528 0.6000000238
136006  -34.418  -47.919  16.490 0.6000000238
43047  -35.119  -47.731  16.148 0.6000000238
44038  -32.712  -45.749  16.219 0.3000000119
43058  -35.817  -47.379  15.394 0.6000000238
140049  -32.706  -45.137  15.633 0.3000000119
45083  -34.325  -45.556  15.908 0.3000000119
44041  -35.663  -46.482  15.497 0.5000000000
46097  -34.861  -45.020  15.501 0.3000000119
45084  -35.329  -45.691  15.533 0.5000000000
43071  -36.486  -47.183  13.663 0.6999999881
47077  -31.764  -43.556  13.948 0.3000000119
46108  -36.262  -44.956  14.343 0.4000000060
136461  -36.576  -46.411  12.739 0.6999999881
143251  -31.347  -42.681  13.073 0.3000000119
138212  -36.605  -45.913  12.250 0.6000000238
45144  -36.315  -45.491  10.738 0.6000000238
45130  -36.611  -45.229  11.564 0.6000000238
45158  -35.333  -45.617  9.625 0.8000000119
45143  -35.812  -45.863  10.228 0.6999999881
46166  -36.481  -44.712  10.786 0.6000000238
45157  -34.552  -45.845  9.114 0.8000000119
46179  -35.638  -44.739  9.504 0.6999999881
45159  -36.006  -45.129  10.140 0.6999999881
45173  -34.230  -45.294  8.550 0.8000000119
46191  -35.313  -44.348  8.925 0.6999999881
46180  -36.258  -44.303  10.056 0.6999999881
46202  -33.361  -44.255  7.512 0.8000000119
46190  -34.612  -44.399  8.391 0.8000000119
47162  -35.300  -43.523  8.551 0.6999999881
133088  -32.969  -43.717  7.196 0.8000000119
47172  -33.734  -43.435  7.462 0.8000000119
48143  -34.984  -42.830  7.974 0.6999999881
135293  -35.552  -42.726  8.455 0.6999999881
46210  -27.406  -43.952  5.884 0.8000000119
47187  -27.858  -43.206  5.387 0.8000000119
143351  -28.316  -42.145  5.292 0.8000000119
48170  -30.961  -42.266  6.059 0.8000000119
48158  -32.432  -42.611  6.571 0.8000000119
46218  -27.515  -43.867  5.555 0.8000000119
48186  -28.063  -41.891  4.950 0.8000000119
49259  -29.879  -41.798  5.579 0.8000000119
49260  -31.629  -41.481  5.892 0.8000000119
47197  -28.549  -43.144  4.630 0.8000000119
138249  -28.533  -42.282  4.549 0.8000000119
48187  -29.296  -42.408  4.301 0.6999999881
46232  -32.135  -44.461  4.498 0.6000000238
46233  -32.958  -44.479  4.740 0.6000000238
48188  -30.212  -42.430  4.131 0.6999999881
48189  -31.100  -42.497  4.107 0.6999999881
45096  -36.204  -45.841  14.964 0.5000000000
44051  -36.412  -46.528  14.293 0.5000000000
46095  -33.181  -44.639  15.402 0.3000000119
45095  -35.663  -44.959  15.129 0.4000000060
44059  -36.540  -46.449  13.437 0.6000000238
47079  -33.393  -43.506  14.543 0.3000000119
129638  -36.561  -44.999  13.435 0.5000000000
45111  -36.616  -45.758  13.076 0.6000000238
48059  -33.021  -42.860  14.044 0.3000000119
48061  -34.917  -43.025  14.374 0.3000000119
46139  -36.625  -44.426  12.894 0.6000000238
45119  -36.674  -45.098  12.577 0.6000000238
48066  -31.822  -42.507  13.233 0.3000000119
49164  -32.731  -41.574  13.007 0.3000000119
48069  -35.551  -42.648  13.847 0.3000000119
135847  -36.685  -44.339  11.437 0.6000000238
49180  -31.088  -41.439  12.219 0.3000000119
47151  -35.861  -43.895  9.342 0.6999999881
48159  -33.867  -42.568  7.208 0.6999999881
48160  -34.676  -42.150  7.498 0.6999999881
49253  -33.278  -42.075  6.684 0.6999999881
48172  -32.433  -41.795  6.330 0.8000000119
127611  -33.032  -41.224  6.328 0.6999999881
49258  -28.798  -41.679  5.286 0.8000000119
50225  -30.028  -40.906  5.209 0.6999999881
139137  -30.732  -41.457  5.618 0.8000000119
143050  -32.369  -41.119  5.997 0.6000000238
47188  -33.656  -44.160  5.191 0.6000000238
47207  -28.308  -41.797  4.701 0.6999999881
48197  -29.568  -41.577  3.988 0.6999999881
49277  -28.891  -41.107  4.503 0.6999999881
138310  -32.019  -42.671  4.218 0.6999999881
48198  -30.463  -41.564  3.735 0.6999999881
50276  -33.795  -39.680  2.939 0.5000000000
123121  -33.580  -40.312  3.107 0.5000000000
47110  -36.603  -43.612  12.623 0.6000000238
46151  -36.755  -44.379  12.147 0.6000000238
47125  -36.731  -43.660  11.728 0.6000000238
118982  -36.683  -43.122  11.262 0.6000000238
47152  -36.393  -43.450  9.937 0.6999999881
142909  -36.479  -42.755  9.871 0.6999999881
50178  -29.540  -40.020  10.879 0.3000000119
48133  -36.083  -42.969  9.122 0.6999999881
50227  -31.875  -40.634  5.541 0.6999999881
129357  -34.076  -41.881  6.989 0.6999999881
49267  -28.192  -41.717  5.052 0.6999999881
50237  -29.405  -40.694  4.617 0.6999999881
50226  -30.962  -40.744  5.357 0.6999999881
50239  -31.258  -40.054  4.926 0.6000000238
50252  -29.529  -40.573  4.041 0.6999999881
47200  -32.466  -43.579  4.543 0.6000000238
47201  -33.159  -43.648  4.780 0.5000000000
48199  -31.537  -41.613  3.657 0.6999999881
49294  -31.714  -40.602  3.067 0.6999999881
127672  -32.470  -41.274  3.481 0.6999999881
49295  -33.338  -41.020  3.519 0.6000000238
49185  -36.438  -41.967  12.371 0.4000000060
48106  -36.663  -42.799  11.917 0.5000000000
125003  -36.601  -42.004  11.599 0.5000000000
129549  -36.659  -42.435  11.117 0.6000000238
49234  -36.629  -41.504  9.958 0.6000000238
51152  -29.562  -39.290  10.502 0.3000000119
51153  -30.190  -39.359  10.712 0.3000000119
48145  -35.997  -42.178  8.677 0.6999999881
48144  -35.414  -42.161  8.054 0.6000000238
49242  -35.865  -41.597  8.265 0.6000000238
48161  -35.375  -41.445  7.659 0.6000000238
50228  -32.780  -40.449  5.758 0.6000000238
142516  -34.647  -41.241  7.031 0.6000000238
50238  -30.322  -40.268  4.667 0.6999999881
128591  -33.498  -40.683  6.239 0.6000000238
51222  -30.788  -39.717  4.234 0.6999999881
51223  -31.814  -39.569  4.479 0.6000000238
49293  -30.748  -40.658  3.306 0.6999999881
49278  -32.410  -41.982  4.076 0.6999999881
48190  -32.998  -42.758  4.476 0.6000000238
48179  -34.623  -42.897  5.328 0.5000000000
49279  -33.150  -41.766  4.138 0.6000000238
48191  -33.882  -42.343  4.687 0.6000000238
48192  -34.717  -41.907  4.903 0.5000000000
49280  -33.994  -41.456  4.245 0.5000000000
50266  -32.661  -40.487  3.025 0.5000000000
50267  -34.178  -40.719  3.652 0.5000000000
50254  -34.790  -41.095  4.343 0.5000000000
51244  -34.573  -40.058  3.140 0.5000000000
135928  -36.237  -41.185  12.431 0.4000000060
49200  -36.498  -41.209  11.708 0.4000000060
139467  -36.400  -40.430  11.541 0.4000000060
50139  -33.945  -40.307  12.635 0.4000000060
49222  -36.656  -41.573  10.881 0.6000000238
51127  -30.920  -39.396  10.970 0.3000000119
141854  -31.255  -38.301  10.479 0.3000000119
51129  -32.332  -39.140  11.389 0.3000000119
49243  -36.374  -41.373  8.976 0.6000000238
128158  -30.655  -37.293  9.681 0.3000000119
50207  -36.088  -40.794  8.130 0.6000000238
142694  -34.828  -40.635  6.847 0.5000000000
50241  -33.612  -39.994  5.825 0.6000000238
50229  -34.251  -40.512  6.496 0.6000000238
50240  -32.113  -40.003  5.165 0.6000000238
51225  -33.849  -39.213  5.341 0.6000000238
51234  -30.696  -39.676  3.652 0.6999999881
52219  -32.645  -39.235  4.200 0.6000000238
50264  -31.113  -40.016  2.936 0.6999999881
50141  -35.666  -40.771  12.761 0.4000000060
50142  -36.205  -40.539  12.151 0.4000000060
138122  -35.483  -39.354  12.094 0.4000000060
50180  -36.633  -40.949  10.394 0.4000000060
132932  -36.603  -40.740  9.697 0.5000000000
53190  -31.976  -37.235  10.138 0.3000000119
52146  -32.363  -38.264  10.904 0.4000000060
133205  -36.479  -40.540  8.938 0.4000000060
129103  -31.832  -36.632  9.714 0.3000000119
52147  -33.243  -37.771  10.996 0.4000000060
50219  -36.078  -39.927  7.707 0.5000000000
50218  -35.383  -40.574  7.269 0.5000000000
50230  -34.963  -40.091  6.649 0.5000000000
51216  -35.145  -39.312  6.380 0.5000000000
51224  -32.850  -39.514  5.098 0.6000000238
52221  -34.138  -38.476  4.885 0.6000000238
51243  -32.249  -39.403  3.368 0.6000000238
52232  -33.193  -38.941  3.889 0.6000000238
51252  -32.446  -39.544  3.040 0.5000000000
50265  -31.993  -39.945  2.760 0.5000000000
51253  -33.280  -39.360  3.034 0.5000000000
141323  -33.859  -39.278  2.935 0.5000000000
51255  -35.409  -39.020  2.671 0.5000000000
51245  -35.402  -39.522  3.043 0.5000000000
51118  -35.540  -40.039  12.411 0.4000000060
50155  -36.580  -40.715  10.996 0.4000000060
51154  -36.599  -40.232  10.356 0.4000000060
52131  -36.125  -39.059  11.261 0.4000000060
51177  -36.592  -39.837  9.478 0.4000000060
54135  -31.157  -36.778  9.567 0.3000000119
50208  -36.426  -39.943  8.532 0.5000000000
55084  -31.206  -36.061  9.257 0.3000000119
52199  -35.715  -39.031  6.781 0.4000000060
52208  -34.655  -38.862  5.658 0.5000000000
52209  -35.484  -38.435  6.165 0.5000000000
52220  -33.431  -38.925  4.552 0.6000000238
52222  -34.867  -38.072  5.263 0.5000000000
52252  -33.025  -39.217  3.292 0.5000000000
52241  -32.939  -39.181  3.527 0.6000000238
52233  -33.881  -38.376  4.056 0.6000000238
52242  -33.546  -38.818  3.522 0.6000000238
52253  -33.863  -38.885  3.049 0.5000000000
51254  -34.547  -39.257  2.881 0.5000000000
142271  -36.549  -39.380  3.422 0.5000000000
56943  -30.066  -33.603  8.055 0.3000000119
56944  -30.873  -33.935  8.336 0.4000000060
56945  -31.556  -33.253  8.174 0.4000000060
53245  -34.410  -37.849  3.809 0.5000000000
57927  -30.322  -32.303  7.506 0.4000000060
122943  -35.276  -36.565  4.634 0.5000000000
54195  -35.560  -36.825  5.377 0.5000000000
53256  -34.906  -37.767  3.123 0.5000000000
54203  -35.312  -36.358  3.775 0.5000000000
52254  -34.974  -38.523  2.835 0.5000000000
53263  -35.768  -37.846  2.352 0.6000000238
51246  -36.196  -39.096  2.904 0.5000000000
51256  -35.934  -38.544  2.392 0.6000000238
123925  -36.444  -38.003  2.018 0.5000000000
52244  -36.867  -38.488  2.350 0.6000000238
57928  -31.464  -32.595  7.828 0.4000000060
120074  -32.933  -34.011  8.672 0.4000000060
53257  -35.449  -37.049  2.851 0.5000000000
141370  -35.945  -37.230  2.124 0.5000000000
129820  -36.097  -36.552  2.002 0.5000000000
54209  -35.644  -36.280  2.954 0.5000000000
53266  -38.107  -37.279  1.988 0.4000000060
53265  -37.207  -37.529  1.753 0.5000000000
57914  -32.198  -32.638  7.966 0.4000000060
58897  -31.257  -31.347  7.240 0.4000000060
53246  -34.805  -37.138  3.953 0.5000000000
55158  -35.573  -35.791  4.392 0.4000000060
53264  -36.519  -37.202  1.761 0.4000000060
53267  -37.208  -36.677  1.396 0.4000000060
53269  -38.299  -36.452  1.614 0.3000000119
55165  -35.664  -35.660  3.463 0.4000000060
54212  -36.887  -36.246  1.363 0.4000000060
53268  -37.755  -36.595  1.442 0.5000000000
54215  -38.172  -35.813  1.307 0.4000000060
55169  -36.566  -35.629  1.615 0.4000000060
55166  -39.158  -35.812  3.621 0.4000000060
54214  -37.544  -36.009  1.221 0.4000000060
55170  -38.721  -35.322  1.436 0.4000000060
142747  -36.809  -34.680  1.908 0.4000000060
55171  -39.318  -35.345  1.970 0.4000000060
55167  -39.551  -35.308  2.921 0.4000000060
55160  -39.394  -35.229  3.978 0.4000000060
55145  -39.082  -35.217  4.861 0.4000000060
56105  -37.448  -34.724  1.537 0.4000000060
142356  -38.245  -35.298  1.277 0.3000000119
56108  -39.265  -34.852  1.702 0.4000000060
57024  -37.822  -34.147  1.999 0.4000000060
56102  -37.021  -34.188  2.281 0.4000000060
57026  -39.750  -34.209  2.176 0.3000000119
56103  -39.758  -34.652  2.349 0.4000000060
56098  -39.932  -34.609  3.291 0.4000000060
56085  -39.619  -34.525  4.504 0.4000000060
56106  -38.263  -34.645  1.474 0.3000000119
128985  -40.247  -34.029  2.806 0.4000000060
57011  -40.314  -33.932  3.662 0.5000000000
57025  -38.838  -33.977  2.000 0.4000000060
130413  -40.244  -33.651  2.785 0.4000000060
29232  -33.698  -62.533  9.511 0.6999999881
24108  -27.564  -67.948  11.417 0.6000000238
31104  -33.748  -60.235  8.759 0.8000000119
31078  -34.446  -60.142  10.551 0.8000000119
137782  -30.976  -62.146  13.405 0.6000000238
31017  -32.729  -60.457  13.230 0.6999999881
137693  -34.257  -57.697  8.810 0.8000000119
122554  -26.004  -53.753  6.962 0.8000000119
32087  -26.874  -58.666  10.401 0.5000000000
35839  -35.420  -55.639  11.458 0.8000000119
36739  -34.778  -54.598  9.305 0.8000000119
35798  -25.509  -55.610  14.499 0.4000000060
131753  -29.215  -56.053  11.517 0.6000000238
34950  -28.122  -56.677  13.948 0.5000000000
35818  -29.444  -54.789  12.806 0.6000000238
129434  -33.136  -54.128  14.540 0.6999999881
39256  -32.413  -50.799  8.282 0.6999999881
45184  -31.414  -45.469  7.048 0.8000000119
118879  -35.362  -50.344  15.253 0.6999999881
44090  -35.533  -46.592  10.277 0.6999999881
143000  -35.410  -46.147  9.903 0.6999999881
44079  -36.439  -46.164  11.454 0.6999999881
140502  -36.423  -45.770  11.116 0.6000000238
43046  -33.587  -47.618  16.619 0.6000000238
48089  -36.460  -42.775  12.678 0.4000000060
51132  -36.114  -39.742  11.818 0.4000000060
119312  -36.479  -39.280  10.381 0.4000000060
27292  -26.534  -64.825  5.137 0.5000000000
30210  -26.170  -62.240  4.841 0.5000000000
25149  -29.536  -66.267  6.181 0.6999999881
33171  -27.166  -58.943  4.643 0.5000000000
131767  -28.969  -68.884  12.286 0.5000000000
142869  -33.101  -62.908  8.369 0.6999999881
29243  -32.731  -62.599  7.854 0.6999999881
130733  -29.472  -60.737  6.416 0.6999999881
129373  -30.179  -60.933  6.462 0.6999999881
138090  -29.501  -59.491  6.487 0.6999999881
133138  -26.473  -56.257  5.369 0.6999999881
130666  -28.015  -55.401  5.252 0.6000000238
37633  -28.992  -53.932  5.267 0.5000000000
31115  -32.587  -60.145  7.388 0.6999999881
36781  -25.767  -54.897  5.655 0.6999999881
25045  -30.927  -65.821  13.292 0.6000000238
142860  -33.038  -60.552  7.743 0.6999999881
30125  -34.172  -61.058  11.436 0.8000000119
27205  -28.685  -64.679  12.560 0.6000000238
133568  -27.381  -65.176  11.584 0.6000000238
36769  -24.881  -54.517  6.172 0.8000000119
29165  -31.566  -62.541  13.360 0.6999999881
31096  -34.324  -59.928  9.765 0.6999999881
25095  -25.661  -66.363  10.350 0.5000000000
34099  -33.370  -57.159  7.823 0.8000000119
32050  -33.872  -59.833  12.500 0.6999999881
28233  -27.602  -63.770  11.569 0.6000000238
35049  -31.406  -56.121  6.759 0.8000000119
131704  -28.598  -51.856  5.780 0.6999999881
38477  -30.377  -52.502  5.546 0.6000000238
30099  -28.859  -62.139  12.111 0.6000000238
37607  -29.375  -53.637  7.053 0.8999999762
39326  -32.567  -51.762  5.789 0.4000000060
28261  -24.669  -62.612  9.198 0.3000000119
142289  -27.121  -63.327  11.143 0.5000000000
27245  -26.318  -64.203  10.652 0.5000000000
27262  -24.853  -63.741  9.407 0.4000000060
39321  -25.812  -51.688  6.811 0.8000000119
33047  -32.122  -58.714  13.549 0.6000000238
32026  -30.933  -59.467  13.333 0.6000000238
34036  -32.657  -57.938  13.517 0.6000000238
34038  -34.045  -57.194  13.114 0.8000000119
135919  -29.448  -59.904  12.172 0.5000000000
28248  -26.409  -63.177  10.541 0.4000000060
29200  -27.539  -62.083  11.118 0.5000000000
126070  -33.365  -53.946  7.955 0.8000000119
121937  -29.872  -50.909  6.268 0.6999999881
41132  -32.219  -49.508  6.432 0.6000000238
40223  -33.410  -50.121  6.342 0.4000000060
33045  -30.643  -58.855  13.074 0.6000000238
31076  -25.334  -59.489  9.814 0.5000000000
30140  -26.223  -60.446  9.966 0.5000000000
30121  -27.343  -60.911  10.686 0.5000000000
34034  -30.641  -58.044  13.007 0.6000000238
33074  -26.548  -57.848  10.977 0.5000000000
34074  -27.117  -57.271  10.747 0.6000000238
33089  -26.929  -57.764  10.538 0.5000000000
34062  -27.388  -56.939  10.948 0.6000000238
32086  -25.918  -58.789  10.229 0.5000000000
32048  -29.565  -59.041  12.153 0.5000000000
34030  -26.138  -58.084  14.330 0.6000000238
33043  -26.669  -58.574  13.703 0.6000000238
139994  -27.482  -58.262  10.579 0.5000000000
33075  -28.374  -57.321  10.964 0.6000000238
34064  -28.194  -56.421  11.043 0.6000000238
32069  -27.999  -59.146  10.867 0.5000000000
33061  -29.352  -57.860  11.673 0.5000000000
35797  -25.026  -55.848  14.269 0.4000000060
122179  -35.639  -54.035  12.082 0.6999999881
135783  -35.689  -53.147  10.995 0.6999999881
38450  -31.124  -52.201  7.532 0.8000000119
134033  -27.999  -51.674  7.593 0.8999999762
34977  -28.232  -56.085  12.055 0.6000000238
34976  -28.095  -56.332  11.210 0.6000000238
35832  -29.243  -55.063  12.045 0.6000000238
132933  -29.532  -54.300  13.803 0.5000000000
35801  -28.939  -55.202  14.252 0.5000000000
37551  -35.766  -53.277  11.770 0.6999999881
37502  -27.093  -53.737  15.667 0.4000000060
36658  -28.340  -54.541  15.417 0.5000000000
36674  -28.950  -54.616  14.897 0.5000000000
38438  -34.316  -52.156  8.915 0.6999999881
127547  -27.113  -50.780  7.606 0.8000000119
42176  -31.843  -48.223  5.999 0.6999999881
36677  -32.444  -54.387  14.379 0.6999999881
36694  -30.149  -53.986  12.898 0.6999999881
37537  -30.703  -53.663  13.496 0.6999999881
36693  -29.921  -53.971  12.930 0.6000000238
39212  -35.945  -52.038  12.803 0.6999999881
37504  -28.489  -53.338  15.890 0.5000000000
42173  -28.609  -48.340  5.947 0.8000000119
131955  -30.596  -53.063  13.777 0.6000000238
37521  -30.233  -53.043  13.801 0.6000000238
132725  -32.071  -52.960  14.650 0.6999999881
36675  -29.476  -53.850  14.679 0.5000000000
39163  -28.050  -51.377  16.646 0.3000000119
39222  -36.182  -51.107  11.696 0.6999999881
136980  -29.113  -46.969  5.424 0.8000000119
44149  -28.114  -46.453  5.476 0.8000000119
44151  -30.653  -46.655  5.212 0.6000000238
43177  -31.671  -47.596  5.550 0.6000000238
38355  -30.471  -51.987  14.884 0.6000000238
137147  -29.881  -51.952  15.481 0.5000000000
39166  -30.564  -50.649  15.780 0.4000000060
40131  -35.288  -50.386  10.243 0.6999999881
44148  -26.583  -46.153  6.240 0.8000000119
140808  -28.949  -46.263  5.289 0.8000000119
40070  -31.611  -50.129  16.121 0.5000000000
40122  -36.333  -50.441  12.145 0.6999999881
41079  -35.393  -49.455  10.559 0.6999999881
138371  -36.258  -49.838  11.724 0.6999999881
42088  -36.096  -48.520  11.468 0.6999999881
128556  -35.276  -48.100  10.465 0.6999999881
43133  -31.420  -47.682  8.110 0.8000000119
39187  -35.432  -51.088  14.727 0.6999999881
42050  -31.331  -48.599  16.445 0.5000000000
40096  -35.875  -50.321  14.320 0.6999999881
40105  -36.259  -49.907  13.454 0.6999999881
141160  -30.281  -48.277  16.461 0.3000000119
139642  -32.371  -48.805  16.514 0.5000000000
42051  -32.080  -48.279  16.618 0.4000000060
42089  -36.419  -48.372  12.135 0.6999999881
124478  -30.007  -46.725  15.864 0.3000000119
41031  -34.022  -49.226  16.510 0.6000000238
45094  -31.430  -44.987  14.957 0.3000000119
46094  -32.296  -44.706  15.172 0.3000000119
125017  -30.861  -43.854  4.378 0.6999999881
127744  -35.237  -46.986  15.998 0.6000000238
128252  -33.591  -45.839  16.268 0.4000000060
43063  -36.331  -47.325  14.522 0.6999999881
138329  -36.528  -47.655  13.115 0.6999999881
47161  -34.524  -43.532  7.925 0.8000000119
122622  -33.099  -42.997  6.942 0.8000000119
48157  -31.594  -42.937  6.466 0.8000000119
47199  -31.545  -43.548  4.355 0.6000000238
45082  -33.429  -45.251  15.846 0.3000000119
44025  -33.343  -46.610  16.553 0.5000000000
46096  -34.072  -44.743  15.584 0.3000000119
45097  -36.490  -45.746  13.954 0.5000000000
47092  -32.178  -42.984  13.710 0.3000000119
46123  -36.382  -44.082  13.683 0.5000000000
45174  -34.969  -45.064  8.992 0.8000000119
47140  -36.613  -43.786  10.835 0.6000000238
47173  -34.376  -42.907  7.580 0.6999999881
47080  -34.350  -43.532  14.743 0.3000000119
48067  -32.686  -42.233  13.430 0.3000000119
47081  -35.145  -43.647  14.667 0.3000000119
132342  -31.736  -41.551  12.529 0.3000000119
49165  -33.432  -41.583  13.317 0.3000000119
48124  -36.602  -42.954  10.569 0.6000000238
49292  -29.839  -40.780  3.713 0.6999999881
124414  -36.624  -42.227  10.321 0.6000000238
48134  -36.435  -42.172  9.479 0.6999999881
49261  -33.820  -41.287  6.616 0.6000000238
50263  -30.283  -40.052  3.456 0.6999999881
47202  -33.770  -43.281  5.054 0.5000000000
51235  -31.256  -39.493  3.883 0.6000000238
51236  -31.989  -39.380  3.798 0.6000000238
51116  -33.666  -39.640  12.234 0.4000000060
52127  -31.550  -38.740  10.835 0.3000000119
53161  -31.001  -37.888  10.200 0.3000000119
53189  -31.393  -37.295  9.927 0.3000000119
51203  -35.588  -39.711  7.004 0.5000000000
51215  -34.399  -39.643  6.095 0.5000000000
51242  -31.383  -39.526  3.434 0.5000000000
53163  -32.471  -37.526  10.506 0.4000000060
54136  -32.529  -36.861  10.152 0.4000000060
52174  -36.515  -38.928  9.542 0.4000000060
51204  -36.097  -39.155  7.423 0.4000000060
52243  -34.259  -38.343  3.363 0.6000000238
56946  -32.476  -33.417  8.360 0.4000000060
56109  -37.508  -35.150  1.302 0.4000000060
131982  -36.964  -35.061  1.453 0.4000000060
142995  -38.141  -33.676  2.410 0.4000000060
134609  -40.123  -33.749  4.593 0.3000000119
21253  -32.467  -70.772  7.672 0.5000000000
22208  -31.322  -69.874  6.734 0.5000000000
20278  -32.644  -71.639  10.754 0.4000000060
124562  -33.147  -70.962  9.449 0.5000000000
20299  -32.969  -71.567  8.955 0.5000000000
21241  -32.966  -70.696  8.573 0.5000000000
22209  -32.537  -69.990  7.942 0.6000000238
23175  -31.375  -68.330  7.207 0.6000000238
21225  -33.045  -70.736  10.409 0.5000000000
126829  -32.867  -70.065  11.261 0.5000000000
131273  -33.216  -70.091  9.465 0.5000000000
22200  -33.087  -69.266  9.002 0.5000000000
21186  -32.312  -70.199  11.924 0.5000000000
24163  -32.370  -67.668  8.273 0.6000000238
24162  -31.636  -67.469  7.560 0.6000000238
23176  -32.108  -68.403  7.848 0.6000000238
24161  -31.003  -66.932  7.080 0.6000000238
25137  -31.524  -66.549  7.506 0.6000000238
25150  -30.399  -66.406  6.643 0.6000000238
26220  -29.987  -65.592  6.420 0.6000000238
27296  -30.342  -65.001  6.592 0.6000000238
22180  -33.037  -69.328  11.158 0.5000000000
23155  -33.177  -68.622  9.468 0.5000000000
24140  -32.954  -67.840  9.036 0.6000000238
22135  -32.029  -69.465  12.315 0.5000000000
22161  -32.610  -69.388  11.808 0.5000000000
24151  -32.136  -66.829  8.038 0.6000000238
22134  -31.224  -69.511  12.517 0.5000000000
25124  -31.970  -66.023  7.875 0.6000000238
26207  -30.784  -65.588  6.874 0.6000000238
27295  -29.631  -64.792  6.293 0.6000000238
23145  -33.254  -68.803  10.485 0.5000000000
23106  -32.375  -68.637  12.234 0.5000000000
141341  -33.118  -67.892  11.539 0.5000000000
23130  -33.308  -67.973  10.906 0.5000000000
126149  -33.263  -67.977  9.959 0.5000000000
24152  -32.687  -67.069  8.779 0.6000000238
23105  -31.602  -68.709  12.551 0.5000000000
130060  -30.745  -68.783  12.656 0.5000000000
23104  -31.112  -68.016  12.846 0.5000000000
26209  -31.827  -65.318  7.641 0.6000000238
26208  -31.314  -65.235  7.235 0.6000000238
28294  -30.332  -64.219  6.572 0.6000000238
24110  -32.766  -67.721  12.102 0.5000000000
25097  -33.280  -66.515  10.629 0.5000000000
25111  -33.070  -66.567  9.515 0.6000000238
26186  -33.271  -65.136  9.609 0.6000000238
24093  -31.967  -67.886  12.609 0.5000000000
132401  -33.084  -67.333  9.503 0.6000000238
26185  -32.987  -65.730  9.081 0.6000000238
132778  -29.888  -68.859  12.574 0.5000000000
23128  -28.197  -68.426  11.829 0.5000000000
27284  -30.920  -64.811  6.896 0.6000000238
140947  -32.518  -66.436  12.412 0.5000000000
25083  -32.882  -66.672  12.054 0.5000000000
127755  -33.345  -65.810  10.960 0.5000000000
26169  -33.389  -65.147  10.483 0.6000000238
24092  -31.381  -67.227  12.944 0.5000000000
23103  -30.241  -68.125  12.757 0.5000000000
24091  -30.500  -67.383  12.996 0.6000000238
26133  -32.998  -65.042  12.077 0.6000000238
131410  -33.075  -65.827  11.707 0.5000000000
27246  -33.495  -64.474  10.825 0.5000000000
27263  -33.465  -64.517  10.014 0.6000000238
25063  -31.577  -66.420  13.039 0.6000000238
136732  -32.233  -66.135  12.718 0.6000000238
27276  -33.274  -64.509  9.205 0.6000000238
25060  -28.962  -66.875  12.641 0.5000000000
25061  -29.819  -66.748  13.041 0.5000000000
25062  -30.712  -66.611  13.179 0.6000000238
24109  -28.058  -67.645  11.873 0.4000000060
26131  -31.753  -65.613  13.100 0.6000000238
26132  -32.413  -65.348  12.659 0.6000000238
27231  -33.318  -64.353  11.553 0.6000000238
123317  -33.310  -65.110  11.301 0.5000000000
28250  -33.600  -63.790  10.333 0.6000000238
28262  -33.535  -63.389  9.557 0.6000000238
28235  -33.734  -63.192  10.926 0.6999999881
40200  -31.268  -50.561  6.395 0.5000000000
40071  -32.530  -50.105  16.312 0.5000000000
44103  -34.896  -46.439  9.643 0.6000000238
135717  -32.589  -45.145  4.605 0.5000000000
56997  -40.635  -33.105  4.585 0.3000000119
57950  -40.320  -32.165  6.154 0.3000000119
19422  -32.104  -72.889  10.811 0.4000000060
19435  -32.741  -72.309  9.274 0.5000000000
20313  -32.708  -71.521  8.116 0.5000000000
22220  -30.611  -69.252  6.355 0.5000000000
21210  -32.566  -70.919  11.394 0.4000000060
23188  -31.176  -68.986  6.821 0.6000000238
23174  -31.010  -67.648  6.995 0.6000000238
23187  -30.546  -68.274  6.556 0.5000000000
24171  -29.883  -66.923  6.306 0.5000000000
19390  -31.469  -71.971  12.045 0.4000000060
21185  -31.624  -70.267  12.316 0.5000000000
124829  -30.755  -70.263  12.492 0.5000000000
21183  -29.356  -70.407  12.333 0.3000000119
136539  -28.327  -70.100  11.692 0.4000000060
22179  -27.228  -69.713  10.716 0.4000000060
126047  -31.812  -52.165  5.641 0.4000000060
40222  -32.777  -50.871  6.282 0.4000000060
132516  -31.709  -51.286  6.129 0.4000000060
42052  -32.895  -48.294  16.608 0.5000000000
43045  -32.496  -47.416  16.578 0.4000000060
45213  -33.315  -45.432  4.725 0.5000000000
57969  -40.555  -32.672  5.340 0.3000000119
58923  -40.639  -30.889  6.588 0.3000000119
19408  -31.872  -72.481  11.433 0.4000000060
26197  -32.457  -65.384  8.285 0.6000000238
140836  -29.499  -68.228  12.571 0.5000000000
137482  -29.628  -67.531  12.768 0.6000000238
119047  -32.721  -45.843  4.576 0.5000000000
22131  -28.836  -69.840  12.131 0.4000000060
137654  -32.023  -70.129  7.338 0.6000000238
20289  -32.934  -71.633  9.847 0.4000000060
132563  -32.952  -69.855  8.610 0.5000000000
131601  -32.575  -69.213  8.213 0.6000000238
22193  -33.199  -69.734  10.449 0.5000000000
21209  -31.958  -71.053  12.038 0.5000000000
24127  -33.258  -67.263  10.332 0.5000000000
24111  -33.181  -67.223  11.363 0.5000000000
137054  -32.240  -66.949  12.598 0.5000000000
120618  -31.115  -71.078  12.354 0.4000000060
134611  -29.820  -67.626  6.215 0.4000000060
21184  -30.082  -70.954  12.423 0.4000000060
30158  -24.813  -59.885  9.581 0.4000000060
30139  -25.296  -60.290  9.558 0.3000000119
143305  -26.018  -61.123  9.870 0.4000000060
28247  -25.473  -62.313  9.661 0.4000000060
32085  -25.386  -59.186  10.105 0.4000000060
32024  -24.970  -59.959  13.657 0.4000000060
31014  -25.709  -59.882  12.981 0.4000000060
32067  -25.503  -59.188  10.689 0.4000000060
32068  -25.980  -58.628  10.606 0.4000000060
121216  -23.444  -59.927  13.774 0.3000000119
32023  -24.047  -59.599  13.876 0.3000000119
133109  -23.272  -58.118  13.614 0.4000000060
118884  -23.934  -58.770  13.922 0.4000000060
138077  -24.617  -59.276  13.992 0.5000000000
128391  -23.975  -58.027  13.916 0.4000000060
34013  -24.452  -57.356  14.071 0.4000000060
33042  -25.849  -58.795  14.108 0.5000000000
46107  -35.719  -44.195  14.568 0.3000000119
47093  -35.741  -43.414  14.166 0.3000000119
48070  -36.246  -43.134  13.379 0.3000000119
53239  -34.459  -37.824  4.449 0.4000000060
50127  -35.033  -41.149  13.262 0.3000000119
50140  -34.830  -40.454  12.814 0.3000000119
136572  -34.996  -37.288  4.908 0.4000000060
51117  -34.673  -39.639  12.382 0.3000000119
51130  -33.286  -39.088  11.708 0.3000000119
137360  -32.980  -38.501  11.339 0.3000000119
53229  -35.525  -37.565  5.678 0.4000000060
55168  -35.951  -35.689  2.479 0.3000000119
139699  -34.970  -38.973  12.037 0.3000000119
51131  -35.541  -38.815  11.699 0.3000000119
52128  -33.796  -38.373  11.507 0.3000000119
128323  -34.203  -38.989  11.950 0.3000000119
52129  -34.825  -38.343  11.617 0.3000000119
52130  -35.716  -38.201  11.152 0.3000000119
52148  -36.205  -38.552  10.662 0.3000000119
53148  -34.275  -37.697  11.219 0.3000000119
53149  -35.069  -37.726  11.211 0.3000000119
53165  -35.498  -37.517  10.801 0.3000000119
123014  -36.382  -38.520  10.099 0.3000000119
141605  -36.538  -39.301  8.903 0.3000000119
132831  -33.083  -37.149  10.513 0.3000000119
124509  -33.863  -37.120  10.721 0.3000000119
51191  -36.414  -39.242  8.194 0.3000000119
121950  -32.589  -36.191  9.755 0.3000000119
52189  -36.409  -38.497  7.946 0.3000000119
134269  -31.973  -35.907  9.428 0.3000000119
55085  -32.648  -35.375  9.360 0.3000000119
52200  -36.109  -38.419  7.071 0.3000000119
52210  -36.140  -37.569  6.604 0.3000000119
56961  -30.739  -32.970  7.869 0.3000000119
130518  -35.958  -37.026  5.989 0.3000000119
129622  -30.373  -31.534  7.146 0.3000000119
56104  -36.373  -35.002  2.076 0.3000000119
53166  -36.110  -37.794  10.328 0.3000000119
53164  -34.807  -37.172  10.864 0.3000000119
53191  -36.290  -37.104  9.449 0.3000000119
119837  -36.522  -38.633  8.791 0.3000000119
54116  -33.378  -36.471  10.243 0.3000000119
54117  -34.454  -36.508  10.474 0.3000000119
54118  -35.554  -36.813  10.350 0.3000000119
53207  -36.486  -37.825  8.640 0.3000000119
54137  -33.254  -35.819  9.793 0.3000000119
55071  -34.073  -35.810  10.073 0.3000000119
55072  -35.049  -35.923  10.107 0.3000000119
53216  -36.411  -37.702  7.662 0.3000000119
55103  -31.679  -35.320  9.016 0.3000000119
54187  -36.298  -36.682  6.593 0.3000000119
142065  -32.356  -34.009  8.562 0.3000000119
54186  -36.057  -36.360  5.916 0.3000000119
123061  -31.896  -31.869  7.575 0.3000000119
57929  -32.823  -31.998  7.686 0.3000000119
55142  -35.730  -36.044  5.215 0.3000000119
56101  -35.920  -34.952  2.921 0.3000000119
54138  -35.858  -36.173  9.665 0.3000000119
54157  -36.293  -36.275  8.934 0.3000000119
127297  -36.450  -36.980  8.396 0.3000000119
55086  -33.675  -35.254  9.553 0.3000000119
132084  -35.448  -35.462  9.544 0.3000000119
55088  -36.014  -35.690  9.209 0.3000000119
56034  -32.272  -34.581  8.804 0.3000000119
56019  -33.253  -34.620  9.122 0.3000000119
56020  -34.244  -34.644  9.275 0.3000000119
131034  -36.456  -36.885  7.424 0.3000000119
124328  -36.328  -36.027  6.518 0.3000000119
123718  -36.447  -36.129  7.229 0.3000000119
57915  -33.133  -32.681  8.104 0.3000000119
55143  -36.218  -35.494  5.988 0.3000000119
58898  -32.587  -31.297  7.341 0.3000000119
58899  -33.444  -31.396  7.404 0.3000000119
131859  -35.855  -35.162  5.033 0.3000000119
56097  -35.875  -34.918  3.971 0.3000000119
137807  -36.384  -34.441  2.728 0.3000000119
55105  -36.237  -35.605  8.578 0.3000000119
56036  -34.837  -34.107  8.897 0.3000000119
56038  -36.178  -34.890  8.324 0.3000000119
54171  -36.438  -36.215  8.081 0.3000000119
56035  -33.868  -34.012  8.842 0.3000000119
131928  -36.034  -34.260  8.132 0.3000000119
56947  -33.490  -33.374  8.452 0.3000000119
56948  -34.491  -33.435  8.484 0.3000000119
57930  -33.766  -32.076  7.720 0.3000000119
58900  -34.394  -31.453  7.258 0.3000000119
56067  -36.171  -34.554  5.815 0.3000000119
59848  -33.882  -30.870  7.118 0.3000000119
57009  -35.992  -34.240  4.845 0.3000000119
57018  -36.185  -34.062  3.846 0.3000000119
142096  -36.077  -34.577  3.326 0.3000000119
56037  -35.626  -34.424  8.724 0.3000000119
56949  -35.453  -33.678  8.300 0.3000000119
55118  -36.403  -35.491  7.776 0.3000000119
57916  -34.120  -32.746  8.132 0.3000000119
55130  -36.412  -35.448  6.926 0.3000000119
57931  -34.660  -32.247  7.631 0.3000000119
56068  -36.332  -34.851  6.580 0.3000000119
59867  -33.753  -30.313  6.751 0.3000000119
58901  -35.067  -31.855  7.187 0.3000000119
58920  -34.551  -30.638  6.689 0.3000000119
58921  -35.091  -31.285  6.737 0.3000000119
57020  -37.472  -33.509  2.845 0.3000000119
56054  -36.308  -34.687  7.450 0.3000000119
126112  -35.626  -33.216  7.681 0.3000000119
56053  -36.038  -33.834  7.578 0.3000000119
56976  -35.961  -33.269  6.958 0.3000000119
57932  -35.431  -32.538  7.285 0.3000000119
56995  -36.070  -33.533  5.845 0.3000000119
60775  -34.980  -30.074  6.259 0.3000000119
59868  -35.261  -30.683  6.207 0.3000000119
132322  -35.481  -31.941  6.632 0.3000000119
57981  -36.103  -33.351  4.828 0.3000000119
57010  -36.442  -33.197  4.166 0.3000000119
57019  -36.666  -33.720  3.246 0.3000000119
57996  -39.717  -33.488  2.618 0.3000000119
57021  -38.539  -33.175  2.900 0.3000000119
57949  -35.838  -32.660  6.371 0.3000000119
126890  -35.593  -30.068  5.827 0.3000000119
58940  -35.575  -31.376  6.050 0.3000000119
127980  -35.859  -32.103  5.814 0.3000000119
57968  -36.162  -32.446  4.915 0.3000000119
127461  -37.230  -32.293  4.024 0.3000000119
57982  -36.634  -32.538  4.311 0.3000000119
57983  -38.344  -32.235  3.696 0.3000000119
57992  -37.652  -32.830  3.464 0.3000000119
57993  -39.509  -32.653  3.219 0.3000000119
60791  -35.063  -29.315  5.978 0.3000000119
59881  -35.832  -30.827  5.614 0.3000000119
58941  -36.028  -31.582  5.336 0.3000000119
132124  -36.365  -31.078  5.155 0.3000000119
58955  -36.617  -31.753  4.655 0.3000000119
58956  -37.578  -31.539  4.318 0.3000000119
58957  -38.676  -31.380  4.081 0.3000000119
58967  -39.368  -31.934  3.631 0.3000000119
57994  -40.435  -32.979  3.180 0.3000000119
57022  -40.548  -33.329  3.404 0.3000000119
60792  -35.979  -29.410  5.511 0.3000000119
59882  -36.418  -30.273  5.302 0.3000000119
59883  -37.287  -30.159  4.839 0.3000000119
59897  -36.987  -30.933  4.801 0.3000000119
57023  -40.920  -32.779  3.578 0.3000000119
57012  -41.002  -32.917  4.003 0.3000000119
25148  -28.639  -66.184  5.810 0.4000000060
121489  -25.464  -59.412  13.813 0.4000000060
34014  -25.471  -57.333  14.389 0.4000000060
33041  -24.769  -58.557  14.169 0.4000000060
124406  -36.431  -39.906  11.064 0.3000000119
56033  -31.334  -34.668  8.622 0.3000000119
124408  -31.788  -33.985  8.466 0.3000000119
128950  -31.010  -32.098  7.565 0.3000000119
125079  -36.432  -38.113  9.500 0.3000000119
132458  -24.309  -60.527  13.624 0.4000000060
130515  -24.769  -61.184  12.957 0.4000000060
31035  -25.034  -60.580  11.650 0.4000000060
31036  -25.509  -59.909  11.794 0.4000000060
33040  -23.096  -59.039  13.667 0.3000000119
55087  -34.630  -35.298  9.656 0.3000000119
132369  -31.926  -31.153  7.202 0.3000000119
56021  -35.140  -34.784  9.273 0.3000000119
55104  -35.839  -35.092  9.022 0.3000000119
57917  -35.045  -32.890  8.043 0.3000000119
59866  -32.946  -30.182  6.678 0.3000000119
56977  -36.226  -34.107  6.719 0.3000000119
57967  -35.992  -32.789  5.537 0.3000000119
57991  -36.956  -33.008  3.697 0.3000000119
58968  -40.134  -32.139  3.500 0.3000000119
59898  -37.893  -30.777  4.511 0.3000000119
30079  -23.924  -61.447  13.529 0.4000000060
138871  -31.913  -52.797  5.388 0.4000000060
129087  -24.118  -68.612  8.942 0.3000000119
22190  -24.758  -69.545  9.064 0.3000000119
23173  -23.314  -68.899  8.244 0.3000000119
23154  -25.977  -69.122  9.905 0.3000000119
34029  -23.590  -57.340  13.627 0.3000000119
132348  -23.841  -56.740  13.644 0.3000000119
30120  -24.455  -60.890  10.823 0.3000000119
30098  -24.629  -61.517  12.215 0.3000000119
31013  -25.240  -60.504  12.931 0.3000000119
31075  -24.883  -59.627  9.788 0.3000000119
31056  -25.066  -59.539  10.401 0.3000000119
29178  -24.238  -62.327  12.592 0.3000000119
37626  -31.598  -53.401  5.206 0.3000000119
19409  -32.310  -72.264  10.978 0.4000000060
20264  -32.189  -71.744  11.513 0.4000000060
21240  -24.592  -70.361  8.734 0.4000000060
22132  -29.545  -69.627  12.404 0.4000000060
22133  -30.363  -69.544  12.542 0.5000000000
22199  -24.067  -69.602  8.589 0.3000000119
23129  -32.983  -68.565  11.539 0.5000000000
23164  -32.737  -68.498  8.602 0.5000000000
24170  -29.095  -67.027  5.928 0.4000000060
24172  -30.451  -67.296  6.631 0.6000000238
25082  -28.231  -66.997  12.126 0.5000000000
25084  -33.190  -66.414  11.394 0.5000000000
25096  -26.369  -66.856  10.732 0.6000000238
25110  -25.015  -66.723  9.866 0.4000000060
25112  -33.269  -65.821  10.057 0.5000000000
25125  -32.535  -66.266  8.549 0.6000000238
25136  -31.026  -66.255  7.095 0.6000000238
26152  -28.006  -65.143  12.109 0.6000000238
26153  -32.692  -65.917  12.265 0.6000000238
26219  -29.115  -65.469  6.023 0.6999999881
27184  -29.869  -64.576  13.237 0.6000000238
27228  -26.888  -64.776  11.206 0.6000000238
27244  -25.615  -64.507  10.162 0.3000000119
27303  -26.382  -64.057  5.111 0.5000000000
28272  -33.285  -63.839  8.922 0.6999999881
28280  -29.138  -62.997  6.168 0.6999999881
28282  -30.887  -63.544  6.749 0.6999999881
28284  -32.203  -64.076  7.699 0.6999999881
28290  -26.577  -63.161  5.244 0.6999999881
28291  -27.488  -63.358  5.604 0.6999999881
28300  -26.299  -63.656  5.048 0.5000000000
29164  -30.056  -63.083  13.196 0.6999999881
29183  -33.416  -62.071  12.330 0.8000000119
29201  -28.240  -62.571  11.701 0.5000000000
29244  -33.354  -63.107  8.839 0.6000000238
29271  -26.216  -62.913  4.895 0.5000000000
30080  -24.408  -61.786  13.006 0.3000000119
30084  -32.983  -61.039  13.008 0.6999999881
30142  -34.299  -60.924  10.706 0.8000000119
30179  -29.595  -61.465  6.371 0.6999999881
30182  -32.635  -61.067  7.489 0.6999999881
30188  -26.036  -61.187  5.157 0.6999999881
31055  -24.561  -59.967  10.058 0.3000000119
31059  -29.481  -60.770  12.312 0.6000000238
31112  -30.052  -60.125  6.471 0.6999999881
31139  -25.920  -60.618  5.033 0.6999999881
31153  -25.969  -60.720  4.940 0.6000000238
31173  -26.586  -60.790  4.617 0.5000000000
32028  -32.514  -59.340  13.422 0.6999999881
32046  -25.986  -59.351  11.813 0.4000000060
32111  -33.732  -59.426  8.537 0.8000000119
32123  -26.094  -58.930  6.000 0.6999999881
32125  -28.755  -59.294  6.490 0.6999999881
32126  -31.751  -59.935  6.828 0.6999999881
33046  -31.250  -58.751  13.375 0.6000000238
33088  -26.538  -58.160  10.649 0.5000000000
33135  -30.406  -58.503  6.551 0.6999999881
34052  -34.037  -57.908  12.956 0.8000000119
34063  -27.653  -56.816  10.870 0.6000000238
34073  -26.940  -57.348  10.808 0.6000000238
34113  -24.877  -57.126  6.119 0.6999999881
34120  -32.218  -57.836  7.082 0.8000000119
34144  -25.225  -57.650  5.875 0.6999999881
35030  -34.302  -56.532  8.696 0.8000000119
35047  -29.383  -56.203  6.552 0.6999999881
35062  -24.310  -56.663  6.134 0.8000000119
35069  -24.191  -56.586  5.937 0.6999999881
35799  -26.385  -55.843  14.789 0.4000000060
35831  -28.698  -55.675  11.707 0.6000000238
35896  -24.479  -55.894  6.259 0.8000000119
35907  -24.072  -55.437  6.012 0.8000000119
35914  -24.157  -55.805  5.893 0.8000000119
35919  -25.339  -55.822  5.666 0.6999999881
36678  -33.220  -54.646  14.363 0.6999999881
36749  -34.337  -54.984  8.735 0.8000000119
36768  -24.485  -55.012  6.067 0.8000000119
37503  -27.729  -53.384  16.014 0.5000000000
37592  -27.864  -52.936  7.374 1.0000000000
37604  -25.546  -53.131  6.761 0.8000000119
37622  -27.267  -53.173  5.634 0.6999999881
38439  -34.900  -52.536  9.476 0.6999999881
40142  -31.087  -50.230  8.097 0.8000000119
40143  -31.973  -50.258  8.317 0.8000000119
40164  -27.137  -50.187  7.598 0.8000000119
40165  -27.990  -50.264  7.677 0.8000000119
40217  -25.802  -49.857  6.926 0.8999999762
41072  -35.943  -49.279  11.258 0.6999999881
41073  -36.370  -49.097  11.918 0.6999999881
41128  -25.790  -49.446  6.958 0.8999999762
41130  -30.545  -49.558  6.429 0.6999999881
41131  -31.328  -49.720  6.528 0.6000000238
41149  -25.785  -49.344  6.799 0.8000000119
42082  -36.502  -48.273  12.880 0.6999999881
42117  -26.259  -48.290  7.379 0.8000000119
42120  -29.484  -48.820  7.835 0.8000000119
42121  -31.186  -48.424  8.270 0.8000000119
42154  -25.710  -48.745  6.986 0.8999999762
42159  -33.250  -48.575  6.094 0.6000000238
43100  -35.407  -47.415  10.434 0.6999999881
43149  -25.848  -47.187  6.998 0.8000000119
43161  -25.966  -47.237  6.768 0.8000000119
43175  -30.007  -47.236  5.456 0.6000000238
44114  -26.667  -46.654  7.095 0.8000000119
44125  -26.225  -46.637  6.860 0.8000000119
46196  -27.176  -44.986  6.338 0.8000000119
46227  -27.403  -44.352  5.458 0.8000000119
47160  -34.042  -44.119  7.810 0.8000000119
47196  -27.943  -42.439  4.955 0.8000000119
48088  -32.108  -41.900  12.900 0.3000000119
48168  -28.205  -42.799  5.491 0.8000000119
48171  -31.825  -42.230  6.297 0.8000000119
48178  -27.998  -42.308  5.087 0.8000000119
48196  -29.007  -41.780  4.258 0.6999999881
49182  -33.175  -40.937  12.756 0.3000000119
49268  -28.665  -41.190  5.003 0.6999999881
49276  -28.389  -41.508  4.850 0.6999999881
49290  -28.670  -41.409  4.479 0.6999999881
49291  -29.124  -41.081  4.071 0.6999999881
50253  -30.058  -40.055  4.041 0.6999999881
50273  -30.923  -39.714  3.219 0.5000000000
50274  -31.597  -39.654  3.034 0.5000000000
50275  -32.936  -39.854  2.884 0.5000000000
52231  -32.608  -39.261  3.701 0.6000000238
54213  -38.777  -35.946  1.707 0.4000000060
55172  -37.250  -35.533  1.280 0.4000000060
55173  -37.803  -35.443  1.236 0.4000000060
56107  -38.999  -34.587  1.627 0.3000000119
56110  -37.971  -35.048  1.237 0.3000000119
56111  -38.568  -34.993  1.324 0.3000000119
120420  -26.625  -48.528  6.371 0.8999999762
121583  -34.882  -58.138  11.385 0.6999999881
121720  -31.864  -69.275  7.444 0.6000000238
123991  -27.999  -59.858  6.376 0.6999999881
124966  -28.924  -58.403  11.426 0.5000000000
125919  -30.000  -70.172  12.477 0.5000000000
127602  -31.403  -65.826  7.380 0.6000000238
130281  -29.518  -52.091  5.656 0.6000000238
135224  -31.701  -58.099  6.795 0.6999999881
135323  -35.603  -52.258  13.544 0.6999999881
136078  -25.920  -47.483  7.166 0.8000000119
136627  -33.256  -69.314  9.782 0.5000000000
136693  -26.992  -69.002  10.683 0.5000000000
136733  -30.593  -50.154  16.091 0.4000000060
136741  -29.198  -41.104  5.156 0.8000000119
137969  -30.707  -57.910  6.570 0.6999999881
139022  -31.066  -64.203  6.930 0.6000000238
139939  -34.686  -59.079  10.917 0.8000000119
140257  -30.852  -45.230  6.766 0.8000000119
140343  -34.336  -49.049  9.645 0.6999999881
140665  -33.562  -63.862  11.099 0.6999999881
140990  -40.642  -33.409  3.971 0.4000000060
141063  -35.144  -56.471  9.901 0.8000000119
141083  -24.150  -55.290  5.954 0.8000000119
141285  -28.775  -56.158  6.582 0.8000000119
142068  -32.688  -64.008  12.553 0.6000000238
142164  -33.453  -64.007  9.599 0.6000000238
143121  -35.862  -39.208  11.753 0.4000000060
143230  -25.765  -49.348  7.013 0.8999999762
