#!ascii label  , from subject sub-v1s17x0051138_ses-1 vox2ras=TkReg
836
19464  -35.795  -72.247  7.359 0.5000000000
19496  -35.329  -72.698  6.119 0.8000000119
18667  -34.123  -73.594  4.418 0.8000000119
17752  -34.780  -73.984  5.093 0.8000000119
18648  -35.243  -73.466  5.710 0.8000000119
20300  -36.787  -71.551  8.255 0.5000000000
138350  -35.561  -72.680  6.806 0.5000000000
19478  -35.468  -72.018  6.592 0.6000000238
141510  -33.295  -74.094  3.533 0.6999999881
19495  -34.922  -72.636  5.359 0.8000000119
20329  -35.436  -71.215  6.152 0.6999999881
21243  -37.835  -70.898  8.098 0.6000000238
20315  -36.461  -70.959  7.839 0.5000000000
21255  -36.774  -70.034  7.637 0.6000000238
17789  -31.877  -74.099  2.063 0.6999999881
20314  -35.820  -71.283  7.207 0.6000000238
21269  -36.223  -69.757  6.908 0.6000000238
17777  -32.491  -74.400  2.760 0.6999999881
16932  -32.704  -75.347  3.271 0.6999999881
19507  -34.445  -72.579  4.443 0.6999999881
21268  -35.784  -70.457  6.558 0.6000000238
22222  -36.334  -69.037  6.321 0.6000000238
20344  -34.827  -71.846  4.841 0.8000000119
21282  -35.539  -70.484  5.471 0.8000000119
22221  -35.847  -69.722  5.949 0.6999999881
22212  -38.076  -69.594  7.446 0.4000000060
22211  -37.359  -69.405  7.413 0.6000000238
23189  -36.844  -68.466  6.599 0.6000000238
19514  -33.059  -72.728  1.786 0.6999999881
19509  -33.669  -72.822  2.820 0.6999999881
19510  -33.958  -72.823  3.595 0.6999999881
20356  -34.640  -71.749  3.831 0.6999999881
20357  -35.010  -71.282  4.221 0.6000000238
22236  -36.130  -69.162  5.251 0.6999999881
24193  -37.580  -67.580  3.643 0.5000000000
20361  -35.244  -71.237  2.919 0.6000000238
22242  -36.005  -70.145  3.415 0.6000000238
22243  -36.269  -69.536  3.895 0.6000000238
129635  -36.921  -69.244  3.038 0.6000000238
24208  -37.687  -68.887  2.309 0.5000000000
23201  -39.341  -68.717  6.149 0.4000000060
19524  -31.402  -72.848  1.756 0.6999999881
23191  -38.300  -68.293  6.672 0.6000000238
24174  -37.874  -67.570  6.326 0.6000000238
19515  -33.730  -72.491  1.944 0.6999999881
132118  -37.507  -67.217  5.767 0.6000000238
20371  -34.802  -71.934  1.773 0.6999999881
24181  -37.565  -66.804  4.989 0.5000000000
25168  -37.961  -66.673  4.104 0.6000000238
133769  -35.676  -71.075  1.782 0.6999999881
140292  -35.983  -70.610  2.337 0.6000000238
25182  -38.503  -67.252  2.698 0.5000000000
25169  -38.569  -66.250  3.683 0.5000000000
22252  -36.627  -69.960  2.291 0.5000000000
137514  -28.292  -73.498  1.582 0.6000000238
19513  -29.775  -72.196  2.136 0.6000000238
23202  -40.299  -68.948  5.165 0.5000000000
132971  -40.616  -68.192  4.846 0.5000000000
19523  -30.341  -72.844  1.908 0.6999999881
130243  -30.273  -74.248  1.658 0.6999999881
129912  -39.738  -67.896  5.615 0.5000000000
24175  -38.792  -67.621  6.153 0.5000000000
141047  -40.290  -66.680  5.004 0.4000000060
140200  -32.078  -72.606  1.644 0.6999999881
24183  -39.240  -66.928  5.610 0.5000000000
19526  -33.669  -72.090  1.432 0.6999999881
20379  -34.439  -71.766  1.251 0.6999999881
26230  -39.830  -65.696  4.618 0.5000000000
20380  -34.911  -71.661  1.344 0.6999999881
21295  -35.911  -70.651  1.559 0.6000000238
26228  -38.878  -65.862  4.380 0.5000000000
137862  -36.329  -70.241  1.689 0.6000000238
26258  -39.354  -65.806  3.202 0.5000000000
22266  -36.774  -69.725  1.607 0.5000000000
23220  -37.406  -69.406  1.671 0.5000000000
127242  -38.417  -68.491  1.624 0.5000000000
25183  -39.479  -66.910  1.965 0.5000000000
26267  -40.170  -66.473  1.401 0.3000000119
25172  -42.225  -66.917  3.849 0.3000000119
132781  -27.551  -73.060  1.553 0.6000000238
19512  -28.819  -72.094  1.986 0.6000000238
25171  -41.352  -66.725  4.369 0.4000000060
140082  -31.186  -71.668  2.212 0.6000000238
25170  -40.497  -66.148  4.681 0.5000000000
20378  -31.821  -72.100  1.814 0.6999999881
19525  -32.668  -72.377  1.634 0.6999999881
26229  -39.288  -65.838  4.678 0.5000000000
21310  -34.771  -71.360  1.225 0.5000000000
26242  -39.654  -65.426  3.992 0.5000000000
22265  -36.156  -70.219  1.549 0.5000000000
26259  -40.181  -65.406  2.502 0.4000000060
27326  -40.986  -65.047  1.424 0.4000000060
24209  -39.242  -67.878  1.016 0.5000000000
25192  -39.994  -67.199  0.759 0.4000000060
20376  -27.314  -71.548  1.734 0.6000000238
20365  -28.712  -71.319  2.231 0.6000000238
135860  -29.362  -71.644  2.258 0.6000000238
20366  -30.002  -71.625  2.338 0.6000000238
20367  -30.605  -71.204  2.440 0.6000000238
137775  -41.899  -65.040  3.662 0.3000000119
26243  -40.400  -65.375  4.155 0.4000000060
21305  -33.308  -70.574  1.902 0.6000000238
21309  -33.952  -71.420  1.342 0.6999999881
27328  -42.258  -64.282  2.760 0.3000000119
27315  -41.213  -64.956  3.554 0.3000000119
22263  -34.222  -70.052  1.769 0.6000000238
135670  -42.970  -62.994  1.527 0.3000000119
27327  -41.452  -64.430  2.389 0.3000000119
141830  -34.542  -69.538  1.919 0.5000000000
22264  -35.340  -70.013  1.488 0.5000000000
23231  -36.261  -69.471  1.477 0.5000000000
27335  -41.422  -64.283  0.942 0.3000000119
27336  -42.139  -63.603  1.265 0.3000000119
23232  -37.541  -69.172  1.292 0.5000000000
23233  -38.216  -68.881  0.949 0.5000000000
142600  -40.987  -64.968  0.734 0.3000000119
24214  -36.493  -68.506  1.410 0.5000000000
26272  -40.209  -66.101  0.527 0.4000000060
27334  -40.512  -65.094  0.660 0.3000000119
20364  -27.813  -70.865  2.097 0.5000000000
135043  -28.670  -70.683  2.386 0.6000000238
21301  -29.513  -70.995  2.451 0.5000000000
21304  -32.137  -70.611  2.422 0.6000000238
22262  -32.492  -69.877  2.720 0.5000000000
127249  -33.311  -69.764  2.447 0.6000000238
28337  -42.894  -61.932  1.452 0.3000000119
25190  -37.568  -67.470  0.972 0.5000000000
24219  -39.533  -67.337  0.654 0.4000000060
25195  -39.005  -66.775  0.478 0.4000000060
21300  -28.140  -70.062  2.437 0.5000000000
22259  -29.626  -69.553  2.886 0.5000000000
22260  -30.586  -69.740  2.995 0.5000000000
21302  -30.093  -70.354  2.702 0.5000000000
22248  -31.047  -69.166  3.297 0.5000000000
29292  -43.678  -62.438  3.601 0.3000000119
29305  -43.271  -62.416  2.376 0.3000000119
22251  -33.823  -69.209  2.581 0.6000000238
23230  -34.847  -69.014  2.064 0.5000000000
25189  -36.445  -67.511  1.631 0.5000000000
28342  -40.662  -63.941  0.717 0.4000000060
27333  -39.029  -64.841  0.975 0.4000000060
23229  -30.156  -68.968  3.224 0.5000000000
23215  -30.672  -68.517  3.430 0.5000000000
23216  -31.414  -68.549  3.533 0.5000000000
29293  -44.434  -62.301  3.634 0.4000000060
30223  -43.898  -61.982  4.447 0.4000000060
22249  -31.937  -69.234  3.294 0.5000000000
23218  -33.205  -68.603  3.472 0.5000000000
29273  -43.060  -62.167  4.538 0.4000000060
29291  -42.869  -62.314  3.460 0.3000000119
24205  -33.597  -67.978  3.820 0.4000000060
29304  -42.624  -61.496  2.029 0.3000000119
23219  -33.987  -68.535  3.074 0.5000000000
24206  -34.582  -67.971  3.029 0.4000000060
24207  -35.505  -67.646  2.309 0.4000000060
27332  -38.274  -65.346  1.242 0.4000000060
133382  -29.892  -68.014  3.412 0.5000000000
133516  -30.871  -67.871  3.598 0.5000000000
24189  -32.069  -67.227  4.155 0.5000000000
30204  -44.216  -61.279  4.839 0.4000000060
24204  -32.658  -67.978  3.976 0.5000000000
30203  -43.433  -61.401  5.244 0.4000000060
30202  -42.439  -61.757  5.335 0.4000000060
24190  -33.054  -67.317  4.375 0.4000000060
29272  -42.268  -62.129  4.505 0.4000000060
24192  -34.837  -67.015  3.602 0.4000000060
25180  -35.599  -66.701  2.874 0.4000000060
25181  -36.425  -66.435  2.170 0.4000000060
120153  -37.270  -66.241  1.547 0.4000000060
26266  -37.355  -65.305  2.007 0.4000000060
28333  -38.215  -64.254  1.944 0.4000000060
29313  -40.054  -62.356  1.817 0.4000000060
28334  -39.007  -63.862  1.593 0.4000000060
131062  -30.360  -67.146  3.655 0.5000000000
25163  -31.448  -66.375  4.198 0.4000000060
31144  -44.285  -60.459  5.317 0.4000000060
31143  -43.494  -60.559  5.767 0.4000000060
131523  -31.187  -67.171  3.875 0.5000000000
25164  -32.458  -66.543  4.495 0.4000000060
24191  -33.996  -67.253  4.185 0.4000000060
30192  -41.824  -61.433  6.084 0.4000000060
25167  -35.165  -66.206  4.190 0.4000000060
26256  -35.817  -65.839  3.513 0.4000000060
26236  -31.246  -65.571  4.298 0.4000000060
136299  -31.972  -65.729  4.521 0.5000000000
126932  -32.510  -65.137  4.813 0.4000000060
31142  -42.741  -61.040  5.933 0.4000000060
26238  -33.582  -65.617  5.085 0.4000000060
25165  -33.415  -66.564  4.696 0.4000000060
130386  -34.081  -64.616  5.312 0.4000000060
26239  -34.644  -65.570  4.989 0.4000000060
26240  -35.407  -65.383  4.534 0.4000000060
27324  -36.976  -64.508  3.046 0.4000000060
29312  -39.142  -62.908  2.229 0.4000000060
28326  -38.277  -63.321  2.602 0.4000000060
130045  -32.252  -64.080  4.681 0.4000000060
141167  -33.116  -64.660  5.042 0.4000000060
27312  -34.973  -64.854  5.151 0.4000000060
135231  -35.630  -64.478  4.680 0.4000000060
30238  -40.111  -61.269  3.072 0.4000000060
139295  -36.079  -63.827  4.411 0.4000000060
28325  -36.679  -63.643  3.776 0.4000000060
139743  -37.458  -63.741  2.989 0.4000000060
28311  -32.594  -63.163  4.672 0.4000000060
135288  -33.363  -63.131  4.895 0.4000000060
28312  -34.027  -63.553  5.219 0.4000000060
28313  -34.720  -63.077  5.081 0.4000000060
130540  -34.839  -64.021  5.218 0.4000000060
29288  -35.372  -62.585  4.761 0.4000000060
28314  -35.495  -63.498  4.868 0.4000000060
29289  -36.104  -63.030  4.419 0.4000000060
29300  -36.742  -62.747  3.846 0.4000000060
30237  -38.986  -61.491  3.547 0.3000000119
29301  -37.532  -62.735  3.392 0.4000000060
29302  -38.506  -62.389  3.112 0.4000000060
29285  -33.065  -62.468  4.653 0.4000000060
30217  -33.664  -61.774  4.620 0.4000000060
140430  -33.722  -61.051  4.453 0.4000000060
29286  -33.914  -62.680  4.944 0.4000000060
29287  -34.584  -62.177  4.817 0.4000000060
30220  -36.026  -62.009  4.231 0.4000000060
31164  -40.037  -60.388  4.179 0.4000000060
30235  -36.891  -61.877  3.709 0.4000000060
30236  -37.839  -61.652  3.640 0.5000000000
31160  -33.229  -60.587  4.453 0.4000000060
31161  -34.045  -60.477  4.342 0.4000000060
32172  -35.105  -59.730  3.872 0.4000000060
30218  -34.517  -61.240  4.476 0.4000000060
121944  -33.893  -59.098  4.299 0.4000000060
32183  -34.751  -59.088  3.942 0.4000000060
120476  -37.091  -61.067  3.679 0.4000000060
141275  -37.694  -60.970  3.869 0.5000000000
33177  -33.399  -58.369  4.408 0.4000000060
33178  -34.279  -58.355  4.145 0.4000000060
33187  -35.128  -58.385  3.656 0.4000000060
31176  -37.556  -60.305  3.942 0.5000000000
35086  -34.416  -56.078  3.988 0.4000000060
34156  -33.790  -57.601  4.324 0.4000000060
132028  -34.121  -56.845  4.174 0.4000000060
34157  -34.615  -57.613  3.893 0.4000000060
132027  -34.964  -56.848  3.667 0.4000000060
130529  -36.049  -56.007  3.146 0.5000000000
24215  -37.518  -68.471  0.938 0.5000000000
141272  -38.156  -66.941  0.777 0.5000000000
27342  -39.830  -65.332  0.510 0.4000000060
19465  -36.222  -71.813  7.919 0.5000000000
17773  -34.324  -74.536  4.609 0.8000000119
16922  -33.856  -75.159  4.176 0.8000000119
16147  -32.886  -76.180  3.257 0.6999999881
20302  -38.069  -71.548  8.271 0.5000000000
16937  -32.188  -75.998  2.788 0.6999999881
20316  -38.559  -71.206  7.818 0.5000000000
17780  -31.293  -75.077  2.069 0.6999999881
22213  -38.837  -70.006  7.063 0.4000000060
21257  -38.321  -70.411  7.640 0.4000000060
17788  -31.097  -74.248  1.729 0.6999999881
19522  -29.399  -72.830  1.860 0.6999999881
22237  -40.102  -69.708  5.457 0.4000000060
131794  -41.536  -68.553  3.986 0.4000000060
18678  -27.699  -73.956  1.502 0.6000000238
25184  -43.431  -67.347  3.169 0.4000000060
20375  -26.314  -71.556  1.597 0.6000000238
20363  -26.667  -70.851  1.839 0.5000000000
22258  -28.633  -69.383  2.709 0.5000000000
23228  -29.167  -68.714  3.055 0.4000000060
26255  -30.717  -65.879  4.068 0.4000000060
27310  -30.776  -64.326  4.303 0.4000000060
27311  -31.511  -64.821  4.474 0.4000000060
28310  -31.573  -63.125  4.448 0.4000000060
126670  -32.186  -62.402  4.507 0.4000000060
30216  -32.710  -61.739  4.497 0.4000000060
122113  -32.942  -59.186  4.473 0.4000000060
35084  -33.619  -56.098  4.332 0.4000000060
17774  -35.105  -74.752  5.038 0.8000000119
18647  -34.680  -73.266  5.041 0.8000000119
21256  -37.552  -70.155  7.796 0.5000000000
143320  -33.323  -75.059  3.749 0.6999999881
19516  -34.225  -72.324  2.471 0.6999999881
23177  -37.239  -68.803  7.046 0.6000000238
138788  -36.552  -68.302  5.574 0.6999999881
22235  -35.788  -69.894  4.740 0.6999999881
24182  -38.254  -66.821  5.708 0.6000000238
24180  -37.020  -67.475  5.185 0.6000000238
136188  -36.451  -68.838  4.474 0.6000000238
25157  -38.870  -66.191  5.179 0.5000000000
24195  -41.906  -67.810  3.892 0.5000000000
24194  -40.896  -67.318  4.639 0.5000000000
26245  -42.470  -65.879  3.717 0.3000000119
24216  -38.480  -68.610  0.914 0.5000000000
22261  -31.541  -69.850  2.939 0.6000000238
24213  -35.547  -68.520  1.894 0.5000000000
24218  -38.857  -67.863  0.737 0.5000000000
25191  -37.964  -66.108  1.091 0.4000000060
28335  -39.877  -63.405  1.329 0.4000000060
27325  -37.585  -64.581  2.267 0.4000000060
27313  -36.338  -64.503  3.897 0.4000000060
141793  -37.089  -63.211  3.521 0.4000000060
8637  -32.834  -86.206  -3.105 0.4000000060
8608  -34.267  -86.664  -1.343 0.4000000060
8594  -35.843  -86.490  -0.958 0.4000000060
9249  -36.227  -86.056  -0.372 0.4000000060
9279  -36.059  -86.048  -2.245 0.4000000060
8610  -36.236  -86.244  -1.857 0.4000000060
9250  -37.137  -85.628  -1.001 0.4000000060
9981  -37.729  -84.841  -1.123 0.4000000060
11480  -37.742  -82.931  0.413 0.5000000000
10013  -35.873  -85.577  -2.177 0.4000000060
125175  -36.853  -85.520  -1.772 0.4000000060
9982  -38.151  -84.176  -1.205 0.5000000000
10746  -38.424  -83.552  -0.985 0.5000000000
11481  -38.675  -82.475  -0.930 0.6000000238
9995  -35.702  -84.908  -1.668 0.4000000060
10760  -37.547  -83.698  -1.565 0.4000000060
12195  -38.271  -81.738  0.076 0.5000000000
21258  -39.077  -70.812  7.204 0.3000000119
21270  -39.562  -70.555  6.461 0.4000000060
23208  -42.536  -69.020  3.099 0.3000000119
12189  -37.599  -81.103  1.424 0.5000000000
142832  -37.549  -74.466  8.613 0.5000000000
19450  -38.643  -71.985  8.117 0.4000000060
11489  -35.461  -82.997  0.286 0.4000000060
10761  -38.182  -83.641  -1.395 0.5000000000
11496  -38.428  -82.913  -1.201 0.5000000000
10743  -34.980  -83.626  0.222 0.4000000060
138425  -36.717  -84.459  -1.601 0.4000000060
12974  -38.512  -80.304  -0.088 0.6000000238
12961  -37.690  -79.993  1.578 0.6000000238
13712  -37.799  -78.834  1.878 0.6999999881
18601  -37.028  -73.580  8.592 0.5000000000
124808  -37.582  -78.965  3.118 0.6999999881
15302  -37.533  -77.737  4.944 0.6999999881
16874  -36.944  -74.995  8.270 0.6999999881
15310  -37.404  -77.488  4.027 0.6999999881
16125  -37.246  -76.961  5.486 0.6999999881
11491  -38.111  -82.705  -1.579 0.5000000000
12215  -38.519  -81.948  -1.314 0.6000000238
12207  -38.841  -81.287  -1.082 0.6000000238
13726  -38.815  -78.146  -0.366 0.6000000238
11490  -36.713  -82.901  -1.097 0.4000000060
12206  -37.132  -81.981  -1.338 0.5000000000
12991  -38.614  -80.865  -1.462 0.6000000238
122353  -38.500  -78.921  0.407 0.6000000238
14515  -38.477  -77.691  0.741 0.6000000238
14506  -37.843  -77.673  2.276 0.6000000238
24196  -43.031  -68.341  3.087 0.3000000119
16139  -37.187  -76.799  4.458 0.6999999881
121597  -36.408  -74.439  7.758 0.6000000238
138659  -37.127  -72.059  8.487 0.5000000000
12986  -36.017  -81.258  -0.665 0.6000000238
12988  -36.156  -79.590  -1.443 0.6000000238
14531  -36.959  -78.833  -1.331 0.6999999881
14532  -38.302  -78.690  -1.319 0.6000000238
14525  -38.597  -77.855  -0.631 0.6000000238
125967  -38.260  -76.894  1.118 0.6000000238
11479  -35.659  -82.140  0.114 0.5000000000
12214  -38.166  -81.540  -1.735 0.6000000238
15326  -37.630  -76.826  2.215 0.6000000238
16152  -37.262  -76.658  3.317 0.6999999881
16908  -36.316  -75.555  5.435 0.6999999881
16895  -36.431  -75.452  6.449 0.6999999881
17726  -36.328  -73.549  8.030 0.6000000238
12985  -35.645  -80.266  -0.930 0.6000000238
14523  -36.198  -78.324  -0.879 0.6999999881
14524  -37.823  -77.823  -0.908 0.6999999881
15338  -37.628  -76.723  0.711 0.6000000238
18615  -35.823  -73.054  7.365 0.5000000000
16151  -36.935  -76.321  3.334 0.6999999881
138763  -36.398  -75.964  4.691 0.6999999881
17737  -35.950  -73.851  7.170 0.6000000238
15336  -34.663  -77.547  1.077 0.6999999881
16149  -34.434  -76.272  3.695 0.6999999881
15348  -35.399  -77.853  -0.083 0.6999999881
15323  -35.218  -77.212  2.109 0.6000000238
16161  -35.778  -76.668  2.861 0.5000000000
15349  -37.016  -77.401  -0.139 0.6999999881
15324  -36.728  -76.680  1.816 0.6000000238
16138  -36.325  -76.081  4.148 0.6999999881
121898  -35.718  -74.062  6.302 0.5000000000
15325  -37.683  -76.644  1.582 0.6000000238
16907  -35.722  -74.981  5.360 0.6999999881
17754  -35.988  -74.814  5.972 0.6000000238
16148  -33.698  -76.266  3.490 0.6999999881
16934  -34.140  -75.793  3.996 0.6999999881
16159  -33.378  -76.774  2.850 0.6999999881
16924  -35.706  -75.468  4.782 0.6000000238
16923  -34.678  -75.292  4.514 0.6999999881
19449  -37.832  -72.274  8.520 0.5000000000
16150  -36.180  -76.293  3.527 0.6000000238
8625  -34.656  -86.340  -2.393 0.4000000060
10745  -37.937  -84.268  -0.607 0.4000000060
9994  -34.471  -84.618  -0.669 0.4000000060
9997  -37.501  -84.613  -1.441 0.4000000060
10744  -36.111  -83.642  -0.868 0.4000000060
16108  -36.935  -76.128  7.041 0.6999999881
124754  -36.636  -75.268  7.452 0.6999999881
13735  -38.917  -78.888  -1.005 0.6000000238
15351  -38.537  -77.198  0.092 0.6000000238
137534  -37.289  -81.137  -1.662 0.6999999881
13741  -37.591  -79.586  -1.696 0.6000000238
15337  -36.067  -77.265  0.971 0.6999999881
16162  -36.954  -76.395  2.612 0.6000000238
16160  -34.433  -76.811  3.070 0.6000000238
14522  -34.668  -78.565  -1.021 0.5000000000
12973  -35.228  -81.453  0.679 0.4000000060
15347  -34.090  -77.967  -0.134 0.6000000238
11471  -34.451  -81.813  1.886 0.4000000060
12960  -34.342  -80.641  1.578 0.5000000000
12972  -35.050  -80.740  0.417 0.5000000000
13734  -34.535  -79.964  -0.730 0.5000000000
14521  -33.444  -78.621  -1.105 0.5000000000
15346  -32.413  -78.330  -0.797 0.5000000000
13740  -35.035  -79.575  -1.131 0.5000000000
15335  -33.602  -77.522  1.104 0.5000000000
128314  -33.088  -77.837  0.019 0.5000000000
135298  -32.867  -77.419  1.166 0.6999999881
126359  -32.218  -77.486  0.439 0.6000000238
15334  -32.344  -77.048  1.691 0.6000000238
12187  -34.204  -81.161  2.281 0.5000000000
128625  -33.868  -80.148  1.473 0.5000000000
137601  -32.502  -80.047  -0.828 0.5000000000
14520  -32.567  -79.163  -1.365 0.5000000000
129290  -33.303  -79.256  -1.408 0.5000000000
15321  -33.094  -77.166  2.029 0.6000000238
15345  -31.479  -77.880  -0.470 0.6000000238
135484  -31.629  -77.025  1.139 0.5000000000
16936  -31.568  -75.816  2.386 0.6000000238
12959  -33.739  -80.496  2.503 0.5000000000
13724  -33.135  -79.992  0.349 0.5000000000
13731  -31.135  -80.046  -0.711 0.5000000000
128131  -31.792  -80.025  -1.052 0.5000000000
15353  -31.682  -78.903  -1.260 0.5000000000
16158  -32.573  -76.608  2.534 0.6000000238
15333  -31.036  -77.220  0.420 0.5000000000
16170  -30.926  -76.554  1.305 0.6000000238
12947  -33.334  -80.696  3.405 0.5000000000
13723  -32.316  -79.738  1.240 0.5000000000
13722  -31.199  -79.780  0.613 0.5000000000
13721  -30.283  -79.577  0.838 0.5000000000
14518  -28.917  -79.117  -0.070 0.6000000238
13730  -30.347  -79.826  -0.250 0.4000000060
15342  -28.258  -78.086  0.422 0.4000000060
14526  -29.446  -78.922  -0.650 0.5000000000
142400  -30.042  -78.544  -0.777 0.5000000000
14528  -31.038  -79.520  -1.185 0.4000000060
16171  -27.250  -77.242  0.994 0.4000000060
16172  -27.975  -77.423  0.746 0.5000000000
16173  -29.201  -77.222  0.382 0.5000000000
123269  -26.493  -76.656  1.131 0.4000000060
15332  -30.097  -76.993  0.547 0.6000000238
122058  -30.494  -75.122  1.723 0.6000000238
137001  -28.621  -77.627  0.316 0.5000000000
16941  -27.207  -75.688  1.318 0.5000000000
16942  -28.280  -75.727  1.368 0.5000000000
16168  -28.615  -76.695  0.934 0.5000000000
16940  -26.083  -75.624  1.210 0.4000000060
17785  -26.816  -74.628  1.382 0.5000000000
130648  -28.900  -74.929  1.559 0.6000000238
16169  -29.466  -76.510  1.017 0.6000000238
17787  -29.741  -74.930  1.601 0.6000000238
17786  -27.950  -74.835  1.459 0.5000000000
19519  -25.805  -72.303  1.455 0.3000000119
130197  -25.386  -73.165  1.420 0.4000000060
18677  -26.080  -73.876  1.382 0.4000000060
135466  -26.951  -73.690  1.438 0.5000000000
129049  -28.576  -74.146  1.554 0.5000000000
129950  -29.430  -74.203  1.609 0.6000000238
24203  -29.401  -67.030  3.485 0.3000000119
23227  -28.052  -68.581  2.879 0.3000000119
22257  -27.526  -69.270  2.584 0.4000000060
21299  -26.882  -70.010  2.282 0.4000000060
135129  -30.203  -64.706  4.160 0.3000000119
29284  -31.424  -62.293  4.422 0.3000000119
28309  -30.739  -63.508  4.335 0.3000000119
31158  -31.550  -61.084  4.481 0.3000000119
31159  -32.390  -60.940  4.477 0.3000000119
126764  -32.590  -60.035  4.491 0.3000000119
33176  -32.441  -58.410  4.483 0.3000000119
34155  -32.931  -57.609  4.475 0.3000000119
132284  -26.479  -73.044  1.448 0.5000000000
132455  -30.157  -65.438  3.999 0.3000000119
15322  -34.004  -77.283  2.146 0.5000000000
13725  -34.201  -80.180  0.410 0.5000000000
135482  -30.488  -77.787  -0.382 0.5000000000
16944  -30.149  -76.053  1.480 0.6000000238
18602  -37.941  -73.401  8.686 0.3000000119
16109  -37.417  -77.024  6.530 0.6000000238
16091  -37.220  -75.826  7.908 0.6000000238
21285  -41.908  -71.718  3.568 0.3000000119
136465  -40.818  -71.721  5.321 0.3000000119
20318  -40.244  -71.719  6.281 0.3000000119
20330  -39.697  -71.174  6.625 0.3000000119
19467  -40.201  -72.345  6.973 0.3000000119
20317  -39.411  -71.661  7.323 0.3000000119
131513  -37.552  -76.660  7.511 0.6000000238
131984  -37.666  -75.454  8.425 0.5000000000
21290  -41.444  -70.966  3.795 0.3000000119
139605  -40.697  -70.480  4.810 0.3000000119
19466  -39.351  -72.552  7.882 0.3000000119
17717  -38.504  -74.366  8.640 0.4000000060
21292  -42.935  -71.029  2.820 0.3000000119
22245  -42.943  -70.654  2.584 0.3000000119
22254  -43.659  -70.268  2.516 0.3000000119
22244  -41.833  -70.417  3.335 0.3000000119
9946  -35.652  -84.537  2.063 0.5000000000
10709  -35.547  -83.627  3.166 0.5000000000
8593  -34.698  -86.604  -0.410 0.4000000060
8579  -35.248  -86.301  0.204 0.4000000060
9229  -35.276  -85.297  1.683 0.4000000060
9945  -34.893  -84.895  2.575 0.5000000000
141815  -37.397  -81.235  3.341 0.5000000000
11461  -36.137  -83.087  2.933 0.5000000000
10730  -36.481  -84.151  1.448 0.5000000000
10721  -35.923  -83.815  2.422 0.5000000000
9965  -36.273  -84.936  0.934 0.4000000060
13674  -38.535  -79.751  4.396 0.6000000238
129007  -37.749  -80.736  3.679 0.6000000238
12180  -37.483  -80.839  2.637 0.5000000000
12188  -37.160  -81.710  2.616 0.5000000000
122890  -37.076  -84.414  0.435 0.3000000119
10731  -37.334  -83.805  0.551 0.4000000060
10722  -36.726  -83.406  1.716 0.5000000000
14456  -38.380  -78.444  5.552 0.6000000238
140943  -37.729  -79.702  3.557 0.6000000238
12948  -37.541  -79.959  2.978 0.6000000238
133050  -37.430  -82.022  1.372 0.4000000060
15273  -37.957  -77.463  7.065 0.6000000238
18616  -40.080  -73.129  7.629 0.3000000119
125273  -38.961  -75.145  8.583 0.4000000060
14483  -37.737  -78.603  4.376 0.6000000238
122666  -40.869  -72.938  6.628 0.3000000119
19479  -41.068  -72.348  5.630 0.3000000119
18603  -39.145  -73.515  8.379 0.3000000119
16076  -37.851  -76.333  8.218 0.5000000000
15290  -37.948  -77.744  6.321 0.6000000238
14471  -38.110  -78.665  4.964 0.6000000238
140270  -39.455  -74.448  8.437 0.3000000119
14472  -38.985  -79.507  4.828 0.5000000000
14457  -39.401  -79.054  5.265 0.5000000000
15291  -38.576  -78.120  6.252 0.5000000000
15275  -39.827  -77.892  6.842 0.4000000060
15265  -39.031  -77.278  7.837 0.5000000000
13676  -40.192  -79.898  4.777 0.5000000000
13675  -39.332  -80.238  4.667 0.5000000000
14458  -40.658  -79.215  4.907 0.4000000060
15266  -40.017  -77.265  7.617 0.4000000060
16078  -39.249  -76.639  8.290 0.4000000060
16077  -38.511  -76.669  8.236 0.5000000000
12170  -37.574  -81.216  4.025 0.5000000000
12935  -38.222  -80.791  4.339 0.5000000000
7215  -30.351  -88.528  5.941 0.3000000119
6650  -30.063  -89.101  5.926 0.3000000119
137085  -30.945  -88.364  6.379 0.3000000119
7831  -31.872  -87.204  6.972 0.3000000119
121812  -32.892  -86.598  7.623 0.4000000060
7841  -30.859  -87.863  6.223 0.3000000119
7857  -30.968  -87.281  5.612 0.3000000119
8441  -33.941  -85.651  8.137 0.4000000060
8481  -32.392  -85.830  7.075 0.4000000060
8480  -31.912  -86.542  6.715 0.3000000119
8519  -31.473  -86.637  5.009 0.3000000119
9136  -34.078  -84.957  8.311 0.4000000060
9841  -33.789  -84.421  8.131 0.4000000060
9858  -32.738  -85.150  7.126 0.4000000060
9171  -32.064  -85.953  6.331 0.4000000060
8520  -32.121  -86.214  4.480 0.4000000060
9188  -32.324  -85.520  5.806 0.4000000060
123704  -37.119  -82.027  9.408 0.3000000119
127903  -35.133  -83.744  8.815 0.4000000060
10626  -34.616  -83.437  8.505 0.4000000060
10647  -33.723  -83.821  7.693 0.4000000060
10663  -33.467  -83.940  6.845 0.4000000060
9189  -32.856  -84.925  5.582 0.4000000060
122524  -32.493  -85.577  4.961 0.4000000060
12856  -38.192  -80.600  9.039 0.3000000119
12094  -35.932  -81.739  8.974 0.4000000060
11401  -34.484  -82.630  7.519 0.4000000060
11381  -34.721  -82.692  8.265 0.4000000060
139947  -34.420  -82.654  6.967 0.4000000060
11433  -34.467  -82.754  6.335 0.4000000060
139340  -33.975  -83.460  5.949 0.4000000060
10682  -34.340  -83.564  4.987 0.4000000060
9913  -33.600  -84.489  4.811 0.4000000060
9204  -33.189  -85.169  4.405 0.4000000060
12870  -36.949  -80.551  8.165 0.4000000060
130188  -36.004  -81.029  7.290 0.4000000060
11446  -34.670  -82.983  5.337 0.4000000060
10694  -34.860  -83.375  4.419 0.4000000060
9930  -33.902  -84.818  3.859 0.4000000060
9914  -34.317  -84.062  4.287 0.4000000060
8539  -32.971  -86.236  3.097 0.4000000060
12153  -35.725  -81.479  6.350 0.4000000060
11447  -35.448  -82.616  4.637 0.4000000060
10695  -35.482  -83.204  3.772 0.4000000060
9217  -34.176  -85.239  2.993 0.4000000060
10708  -34.984  -83.809  3.645 0.4000000060
12906  -36.674  -80.959  6.400 0.4000000060
12169  -36.827  -81.547  4.535 0.4000000060
12179  -36.957  -81.673  3.678 0.4000000060
12909  -39.691  -80.297  4.868 0.4000000060
131719  -37.440  -81.035  5.528 0.4000000060
12155  -37.608  -81.158  4.723 0.4000000060
15276  -41.155  -78.041  6.105 0.3000000119
16080  -40.855  -76.392  7.946 0.3000000119
132353  -35.951  -82.638  3.776 0.4000000060
12921  -39.174  -80.521  4.770 0.4000000060
16877  -40.386  -75.790  8.284 0.3000000119
8440  -33.494  -85.178  8.011 0.4000000060
9859  -33.251  -84.645  7.498 0.4000000060
9877  -32.954  -84.647  6.630 0.4000000060
9876  -32.504  -85.312  6.494 0.4000000060
12095  -36.717  -81.497  9.190 0.4000000060
10611  -35.920  -82.873  9.211 0.4000000060
12096  -37.556  -81.355  9.340 0.3000000119
10664  -34.029  -83.167  7.075 0.4000000060
12871  -37.824  -80.322  8.328 0.3000000119
12111  -36.387  -81.062  8.655 0.4000000060
12110  -35.654  -81.398  8.177 0.4000000060
11418  -34.843  -82.130  6.885 0.4000000060
12890  -36.816  -80.651  7.274 0.4000000060
12168  -35.920  -81.821  5.153 0.4000000060
9931  -34.588  -84.492  3.386 0.4000000060
11448  -36.277  -82.115  4.204 0.4000000060
12908  -39.003  -80.633  5.276 0.4000000060
9844  -36.375  -84.337  8.619 0.3000000119
8463  -35.288  -86.546  7.464 0.3000000119
123896  -34.509  -86.886  7.531 0.3000000119
8442  -34.607  -86.128  7.964 0.3000000119
9138  -35.876  -85.072  8.284 0.3000000119
8462  -33.688  -86.516  7.794 0.3000000119
9137  -34.810  -85.199  8.372 0.3000000119
9843  -35.413  -84.372  8.669 0.3000000119
9826  -35.908  -83.568  9.031 0.3000000119
12892  -38.572  -80.193  7.372 0.3000000119
13633  -39.554  -80.346  5.857 0.3000000119
13656  -40.572  -80.058  4.952 0.3000000119
13677  -41.227  -79.542  4.720 0.3000000119
121586  -37.091  -82.708  9.302 0.3000000119
12907  -37.801  -80.719  6.168 0.3000000119
6668  -29.653  -89.472  5.513 0.3000000119
7230  -29.588  -88.899  5.571 0.3000000119
7842  -31.416  -87.246  6.425 0.3000000119
8460  -32.347  -86.576  7.263 0.4000000060
8461  -33.240  -85.926  7.860 0.4000000060
8498  -31.510  -86.550  6.012 0.3000000119
8499  -31.954  -86.049  5.472 0.4000000060
8609  -35.308  -86.499  -1.688 0.4000000060
8611  -36.538  -85.946  -2.011 0.4000000060
8624  -33.462  -86.520  -2.218 0.4000000060
8626  -35.506  -86.164  -2.312 0.4000000060
8639  -34.831  -86.076  -2.656 0.4000000060
9156  -32.920  -85.454  7.588 0.4000000060
9216  -33.470  -85.562  3.455 0.4000000060
9241  -35.691  -85.690  0.685 0.4000000060
9242  -36.563  -85.489  0.022 0.4000000060
9262  -36.574  -86.140  -1.270 0.4000000060
9263  -36.824  -85.824  -1.649 0.4000000060
9278  -35.479  -85.961  -2.516 0.4000000060
9842  -34.523  -84.279  8.513 0.4000000060
9897  -33.401  -84.187  5.846 0.4000000060
9898  -33.920  -83.937  5.135 0.4000000060
9932  -35.266  -84.201  2.925 0.5000000000
9966  -37.271  -84.971  -0.303 0.3000000119
9980  -35.292  -84.231  -0.571 0.4000000060
9996  -36.631  -85.260  -1.875 0.4000000060
10014  -36.282  -85.816  -2.146 0.4000000060
10612  -36.448  -83.026  9.249 0.3000000119
10625  -34.097  -83.794  8.219 0.4000000060
10627  -35.260  -82.981  8.946 0.4000000060
10628  -36.997  -83.555  8.958 0.3000000119
10648  -34.205  -83.217  7.927 0.4000000060
11363  -35.730  -82.414  9.069 0.4000000060
11364  -36.396  -82.324  9.289 0.4000000060
11382  -35.302  -82.175  8.610 0.4000000060
11402  -34.941  -82.020  7.852 0.4000000060
11434  -35.133  -82.270  5.778 0.4000000060
11462  -36.541  -82.290  3.267 0.5000000000
11472  -36.892  -82.585  2.109 0.5000000000
12128  -36.281  -80.831  7.957 0.4000000060
12143  -35.386  -81.548  7.345 0.4000000060
12154  -36.658  -81.320  5.479 0.4000000060
12194  -34.663  -81.235  1.466 0.4000000060
12855  -37.231  -80.781  8.897 0.4000000060
12872  -38.710  -80.118  8.332 0.3000000119
12891  -37.674  -80.392  7.363 0.4000000060
12920  -38.471  -80.867  4.912 0.4000000060
12987  -38.941  -80.012  -1.168 0.6000000238
12989  -36.724  -80.398  -1.620 0.6999999881
12990  -38.018  -80.548  -1.873 0.6000000238
13691  -38.792  -80.467  4.562 0.5000000000
13711  -33.250  -79.853  2.027 0.5000000000
13720  -29.548  -79.478  0.306 0.6000000238
13732  -31.964  -80.075  -0.274 0.5000000000
13733  -33.419  -79.983  -0.800 0.5000000000
13736  -30.651  -79.746  -0.887 0.4000000060
13737  -31.267  -79.912  -1.083 0.5000000000
13738  -32.687  -79.742  -1.179 0.5000000000
13739  -33.916  -79.484  -1.265 0.5000000000
13742  -38.579  -79.759  -1.503 0.6000000238
14432  -39.618  -78.493  5.977 0.4000000060
14433  -40.655  -78.581  5.552 0.4000000060
14496  -37.563  -78.216  3.568 0.6999999881
14517  -28.544  -78.588  0.298 0.4000000060
14519  -29.820  -79.427  -0.549 0.5000000000
14527  -30.211  -79.296  -0.967 0.4000000060
14529  -34.037  -79.014  -1.409 0.5000000000
14530  -35.207  -79.075  -1.367 0.5000000000
15274  -38.777  -77.745  7.101 0.5000000000
15317  -37.556  -77.224  3.080 0.6999999881
15339  -38.232  -76.740  0.576 0.6000000238
15341  -27.632  -77.747  0.921 0.4000000060
15343  -28.817  -78.392  -0.115 0.5000000000
15344  -29.509  -77.929  -0.312 0.5000000000
15350  -38.287  -77.047  -0.147 0.6000000238
15352  -30.794  -78.649  -1.020 0.4000000060
16079  -40.146  -76.552  8.144 0.3000000119
16092  -38.198  -77.075  7.801 0.5000000000
16093  -40.983  -77.145  7.403 0.3000000119
16124  -36.823  -76.245  6.005 0.6999999881
16137  -35.180  -75.993  4.155 0.6999999881
16157  -31.699  -76.459  2.089 0.6000000238
16163  -37.293  -76.584  2.545 0.6999999881
16167  -27.600  -76.594  1.078 0.5000000000
16875  -38.510  -75.892  8.536 0.4000000060
16876  -39.513  -75.872  8.492 0.4000000060
16933  -33.397  -75.661  3.679 0.6999999881
16943  -29.307  -75.737  1.417 0.6000000238
16945  -30.974  -75.895  1.927 0.6000000238
17716  -36.822  -74.219  8.313 0.6999999881
17738  -36.146  -74.650  6.862 0.6000000238
17753  -35.440  -74.320  5.575 0.6000000238
17772  -33.613  -74.385  4.000 0.6999999881
17778  -33.066  -74.553  3.437 0.6999999881
17781  -31.993  -75.183  2.569 0.6999999881
17784  -25.665  -74.776  1.338 0.4000000060
18629  -35.591  -73.311  6.568 0.5000000000
18670  -32.999  -73.860  3.012 0.6999999881
18671  -33.498  -73.521  3.478 0.6999999881
18673  -32.609  -73.474  2.239 0.6999999881
18674  -33.235  -73.121  2.480 0.6999999881
18679  -29.032  -73.512  1.673 0.6999999881
18680  -29.895  -73.530  1.728 0.6000000238
18681  -30.798  -73.547  1.707 0.6999999881
18682  -31.525  -73.549  1.760 0.6999999881
18683  -32.227  -73.084  1.725 0.6999999881
19447  -36.652  -72.289  8.313 0.5000000000
19448  -37.162  -72.754  8.567 0.5000000000
19520  -26.925  -72.272  1.541 0.5000000000
19521  -28.503  -72.852  1.704 0.6000000238
20301  -37.439  -71.506  8.347 0.6000000238
20331  -40.240  -71.165  5.810 0.3000000119
20345  -35.185  -71.186  5.120 0.8000000119
20360  -34.714  -71.847  2.693 0.6999999881
20368  -31.612  -71.281  2.270 0.6000000238
20369  -32.776  -71.534  1.712 0.6000000238
20370  -34.416  -72.029  1.526 0.6999999881
20372  -35.231  -71.544  1.776 0.6999999881
20377  -30.740  -72.092  2.133 0.6000000238
21242  -37.107  -70.797  8.132 0.5000000000
21254  -36.189  -70.466  7.313 0.6000000238
21283  -40.145  -70.478  5.607 0.4000000060
21284  -40.976  -71.278  4.674 0.3000000119
21289  -35.469  -70.649  4.072 0.6000000238
21291  -42.418  -71.198  3.074 0.3000000119
21303  -31.096  -70.501  2.665 0.6000000238
21311  -35.383  -71.115  1.388 0.6999999881
22210  -36.765  -69.188  7.095 0.6000000238
22223  -38.591  -69.158  6.865 0.4000000060
22224  -39.414  -69.740  6.324 0.4000000060
22238  -40.912  -69.972  4.464 0.3000000119
22250  -32.848  -69.239  3.136 0.5000000000
22267  -34.296  -70.832  1.378 0.6000000238
22268  -35.042  -70.730  1.288 0.5000000000
22269  -35.671  -70.639  1.449 0.5000000000
23178  -37.823  -68.856  7.136 0.6000000238
23190  -37.492  -68.257  6.705 0.6000000238
23205  -36.888  -68.286  4.124 0.5000000000
23217  -32.294  -68.593  3.592 0.5000000000
23221  -38.132  -69.054  1.163 0.5000000000
24173  -37.106  -67.738  6.180 0.6000000238
24184  -40.104  -67.172  5.260 0.5000000000
24217  -38.283  -68.503  0.789 0.5000000000
25156  -38.211  -66.292  4.752 0.5000000000
25158  -39.701  -66.276  5.111 0.5000000000
25166  -34.321  -66.412  4.609 0.4000000060
25178  -30.019  -66.268  3.754 0.3000000119
25179  -30.744  -66.551  3.896 0.5000000000
25193  -39.907  -66.833  0.504 0.4000000060
26237  -32.792  -65.937  4.775 0.4000000060
26241  -36.004  -65.144  4.032 0.4000000060
26244  -41.357  -65.687  4.176 0.5000000000
26254  -30.754  -65.113  4.235 0.4000000060
26257  -36.524  -65.361  2.905 0.4000000060
26271  -39.371  -65.904  0.509 0.4000000060
27314  -40.564  -64.971  3.272 0.5000000000
28341  -39.835  -64.449  0.806 0.4000000060
29290  -42.193  -61.768  3.261 0.3000000119
29303  -39.486  -62.045  2.774 0.4000000060
30215  -31.862  -61.683  4.462 0.3000000119
30245  -40.364  -61.622  2.265 0.4000000060
32160  -43.916  -59.787  5.949 0.4000000060
120756  -38.164  -80.259  4.042 0.6000000238
121108  -36.843  -76.328  4.084 0.6999999881
121311  -36.766  -76.293  4.982 0.6999999881
123377  -37.238  -85.313  -1.442 0.4000000060
123610  -38.963  -79.150  -0.701 0.6000000238
124043  -32.739  -86.087  7.536 0.4000000060
124982  -35.163  -71.935  5.730 0.8000000119
125290  -38.161  -75.111  8.664 0.4000000060
125927  -28.516  -78.744  0.552 0.4000000060
127452  -33.504  -59.858  4.387 0.4000000060
127591  -34.373  -59.772  4.169 0.4000000060
129148  -38.552  -80.481  6.393 0.3000000119
129680  -31.342  -63.946  4.433 0.4000000060
130029  -33.223  -63.851  5.013 0.4000000060
130251  -31.729  -67.894  3.799 0.5000000000
130445  -40.236  -66.640  0.664 0.4000000060
131123  -36.178  -72.645  7.970 0.5000000000
131835  -31.795  -79.667  -1.247 0.5000000000
132275  -31.407  -87.860  6.659 0.3000000119
133341  -35.139  -76.457  3.558 0.6999999881
133622  -37.787  -79.331  3.906 0.6000000238
133650  -37.749  -77.760  5.723 0.6000000238
133989  -29.125  -70.162  2.588 0.5000000000
134084  -40.553  -65.834  0.845 0.3000000119
134711  -33.142  -61.207  4.467 0.4000000060
136236  -28.115  -71.605  1.923 0.6000000238
136356  -36.635  -72.959  8.360 0.5000000000
137604  -33.848  -87.240  7.505 0.3000000119
137933  -27.885  -72.221  1.702 0.6000000238
138097  -34.919  -81.782  1.213 0.4000000060
139489  -38.570  -72.753  8.399 0.4000000060
141416  -29.939  -75.442  1.559 0.6000000238
141493  -37.953  -83.683  -0.252 0.4000000060
142224  -34.346  -72.250  3.466 0.6999999881
142611  -31.600  -77.368  0.406 0.5000000000
143339  -28.992  -77.776  -0.028 0.5000000000
