#!ascii label  , from subject sub-v1s17x0051138_ses-1 vox2ras=TkReg
1369
2127  31.173  -95.574  2.494 0.5000000000
7776  25.463  -83.635  1.333 0.6000000238
7785  24.986  -83.078  0.394 0.6000000238
8383  24.496  -82.153  -0.024 0.6000000238
8372  24.825  -82.361  0.956 0.6999999881
139348  24.225  -81.385  0.134 0.6000000238
8362  25.500  -82.544  2.493 0.6999999881
9021  24.979  -81.993  1.737 0.6000000238
4205  25.001  -90.641  -1.780 0.5000000000
3773  27.247  -91.411  -4.124 0.6000000238
3780  25.434  -91.650  -4.289 0.6000000238
4206  24.613  -91.052  -2.743 0.5000000000
121917  28.661  -91.549  -2.590 0.5000000000
3765  27.356  -91.712  -3.216 0.4000000060
3325  25.204  -92.463  -4.165 0.5000000000
3774  24.477  -92.134  -3.766 0.6000000238
6142  23.530  -85.884  0.902 0.5000000000
2868  32.055  -93.651  0.718 0.4000000060
6679  23.231  -85.451  -1.358 0.5000000000
123206  23.097  -85.001  0.684 0.5000000000
6689  23.300  -84.947  -2.501 0.6000000238
7227  24.942  -83.999  -1.845 0.6000000238
7212  25.410  -83.990  0.346 0.6000000238
6655  25.748  -84.459  1.306 0.6999999881
7795  25.008  -83.580  -0.770 0.6000000238
7175  25.784  -84.066  2.141 0.6999999881
7164  26.848  -84.584  3.336 0.6000000238
7766  25.912  -83.496  2.795 0.6999999881
7751  29.249  -83.329  4.054 0.6000000238
7753  27.141  -83.970  3.843 0.6000000238
7736  28.425  -83.424  4.373 0.6999999881
4702  25.010  -89.815  -1.803 0.5000000000
4216  24.834  -90.640  -3.381 0.6000000238
4215  24.858  -89.985  -2.697 0.5000000000
3772  28.115  -91.177  -4.256 0.6000000238
126890  27.489  -91.067  -4.536 0.6999999881
3781  24.911  -91.307  -3.990 0.6000000238
3755  29.369  -91.718  -1.736 0.4000000060
6178  23.582  -85.640  -2.486 0.5000000000
141525  23.443  -85.939  -0.632 0.5000000000
2480  32.074  -94.924  1.878 0.5000000000
6699  23.910  -84.804  -3.155 0.5000000000
6678  25.741  -85.235  -0.767 0.6999999881
7255  24.336  -84.541  -3.098 0.6000000238
6666  26.113  -85.645  0.359 0.6999999881
122208  25.393  -84.367  -0.745 0.6000000238
123052  25.285  -84.673  -1.892 0.6000000238
6667  25.736  -84.837  0.345 0.6999999881
7194  26.131  -84.869  2.107 0.6999999881
7163  27.525  -84.626  3.546 0.6000000238
6636  26.709  -85.250  2.726 0.6000000238
7161  29.156  -84.007  3.473 0.6000000238
7174  26.280  -84.379  2.824 0.6000000238
8350  29.923  -82.670  3.694 0.6000000238
141830  30.067  -82.137  4.092 0.6999999881
9599  25.434  -81.069  3.258 0.6999999881
9629  24.150  -80.803  0.788 0.5000000000
7737  27.563  -83.350  4.343 0.6999999881
8351  26.085  -82.686  3.462 0.6999999881
9008  24.656  -81.026  1.811 0.6000000238
133875  25.604  -89.540  -3.964 0.5000000000
4703  24.738  -89.127  -2.379 0.5000000000
4731  27.875  -90.350  -4.434 0.6999999881
4228  25.239  -90.369  -3.820 0.6000000238
3771  29.823  -91.104  -4.391 0.5000000000
4226  29.136  -90.920  -4.435 0.6999999881
3778  28.179  -90.889  -4.580 0.6999999881
4233  26.892  -90.869  -4.657 0.6000000238
4227  25.679  -90.644  -4.299 0.6000000238
3753  32.155  -91.456  -1.980 0.4000000060
3754  30.357  -91.405  -2.385 0.4000000060
3763  29.652  -91.320  -3.422 0.5000000000
6191  24.359  -85.821  -3.341 0.5000000000
6160  26.018  -85.995  -1.324 0.5000000000
6697  24.993  -85.856  -3.515 0.5000000000
6698  24.540  -85.144  -3.352 0.5000000000
141542  26.101  -85.832  -0.377 0.6000000238
131622  25.543  -85.304  -2.011 0.5000000000
6120  26.540  -86.172  1.304 0.6999999881
6633  29.049  -85.855  2.403 0.6000000238
6105  26.931  -86.059  2.251 0.6999999881
133487  26.436  -85.575  1.997 0.6999999881
7173  29.331  -84.940  2.526 0.6000000238
6615  28.664  -85.211  2.966 0.6000000238
6635  27.430  -85.713  2.802 0.6999999881
122180  30.441  -82.205  1.612 0.6999999881
7775  29.680  -84.080  2.654 0.6000000238
6616  27.897  -85.257  3.209 0.6000000238
9614  30.700  -80.793  2.226 0.6000000238
8361  30.280  -82.493  2.787 0.6999999881
7765  29.786  -83.317  3.190 0.6999999881
10971  30.984  -78.538  1.920 0.6000000238
144324  30.699  -81.067  2.742 0.6000000238
9006  30.547  -81.564  2.501 0.6999999881
9600  25.027  -80.376  3.429 0.6000000238
8349  30.342  -81.942  3.424 0.6999999881
8334  26.488  -82.350  4.166 0.6999999881
9615  24.928  -80.674  2.693 0.6000000238
10970  31.254  -78.428  2.805 0.6999999881
10261  31.106  -79.927  3.181 0.6000000238
8970  30.439  -81.446  4.147 0.8000000119
8331  29.569  -82.560  4.406 0.6999999881
8332  28.935  -82.882  4.715 0.6999999881
124599  27.143  -82.623  4.691 0.6999999881
5194  25.210  -88.722  -3.580 0.6000000238
138305  28.619  -90.607  -4.460 0.6999999881
136259  28.345  -89.913  -4.007 0.6999999881
4733  26.153  -89.965  -4.338 0.6000000238
4224  31.159  -90.824  -4.549 0.5000000000
4225  30.157  -90.900  -4.557 0.6999999881
3761  31.382  -91.357  -3.087 0.4000000060
3762  30.619  -91.166  -4.164 0.5000000000
137904  24.877  -86.512  -3.698 0.5000000000
123689  24.356  -86.841  -3.182 0.5000000000
6190  25.520  -86.458  -3.303 0.5000000000
142551  27.557  -87.246  1.425 0.6000000238
5587  27.007  -87.016  0.939 0.6999999881
6102  29.023  -86.542  1.962 0.6999999881
133553  27.233  -86.711  1.768 0.6999999881
139670  29.823  -84.546  2.018 0.6000000238
7193  29.696  -85.279  1.867 0.6000000238
6103  28.426  -86.498  2.262 0.6999999881
9034  30.207  -81.007  0.347 0.6999999881
127001  30.369  -81.684  0.744 0.6999999881
123637  30.379  -83.088  1.209 0.6999999881
9585  25.334  -80.735  4.614 0.6000000238
9644  30.327  -80.328  0.809 0.6000000238
7764  30.208  -83.176  2.215 0.6999999881
12370  29.654  -76.697  1.364 0.6000000238
122172  30.491  -77.933  1.344 0.6000000238
10988  30.508  -78.732  1.177 0.6000000238
10294  30.502  -79.608  1.192 0.6000000238
9020  30.506  -81.124  1.393 0.6999999881
124868  25.508  -80.805  3.956 0.6000000238
11685  31.015  -77.746  2.179 0.6000000238
123813  30.871  -79.215  1.775 0.6000000238
8952  29.017  -82.094  5.773 0.6999999881
8314  26.923  -82.253  5.335 0.6000000238
8972  26.419  -81.938  4.629 0.6999999881
11701  30.453  -77.143  1.682 0.5000000000
12355  31.005  -76.933  2.549 0.6000000238
10260  31.282  -79.101  3.464 0.8000000119
10242  31.129  -79.814  4.223 0.8000000119
9584  30.713  -80.679  4.658 0.8000000119
8971  29.917  -81.942  4.711 0.8000000119
8312  28.607  -82.529  5.292 0.6999999881
129289  30.873  -80.654  3.743 0.8000000119
4726  27.503  -89.729  -4.094 0.6999999881
4715  26.775  -89.244  -3.809 0.6999999881
5193  25.659  -88.418  -3.831 0.6999999881
5185  24.715  -88.279  -3.186 0.6000000238
4724  30.439  -90.482  -4.350 0.6999999881
5657  25.178  -87.786  -3.752 0.6000000238
4723  31.856  -90.399  -4.564 0.6000000238
132402  24.416  -87.665  -2.867 0.5000000000
6202  25.189  -87.046  -3.776 0.5000000000
9515  23.356  -80.617  9.442 0.6000000238
5645  26.096  -87.040  -2.979 0.5000000000
9514  24.115  -81.168  9.237 0.5000000000
5634  26.428  -87.268  -1.954 0.5000000000
8902  24.831  -81.576  8.736 0.6000000238
5602  27.595  -87.772  0.776 0.6999999881
5603  26.941  -87.430  -0.017 0.6000000238
6117  29.340  -86.999  1.401 0.6999999881
8933  25.511  -82.043  7.358 0.6000000238
7192  30.210  -84.550  1.235 0.6999999881
6653  29.562  -86.148  1.681 0.6000000238
9035  29.643  -80.986  -0.629 0.6999999881
8392  30.129  -82.560  -0.530 0.6999999881
134515  30.392  -83.740  0.990 0.6999999881
8955  25.654  -81.763  6.280 0.6000000238
9645  29.862  -80.239  -0.072 0.6000000238
8382  30.339  -82.409  0.517 0.6999999881
132599  26.607  -82.211  6.125 0.6000000238
128912  24.737  -80.441  5.153 0.6000000238
11008  29.246  -78.546  -0.165 0.6000000238
11007  29.980  -79.003  0.465 0.6000000238
144297  27.960  -82.350  6.516 0.6999999881
134352  27.453  -82.372  6.009 0.6000000238
8953  26.167  -81.729  5.331 0.6000000238
11702  29.707  -77.444  0.886 0.6000000238
10222  31.263  -78.539  5.123 0.6000000238
9551  30.634  -80.031  6.126 0.6000000238
9569  30.057  -81.236  5.762 0.6999999881
8299  28.249  -82.357  5.914 0.6000000238
8973  25.830  -81.290  4.579 0.6000000238
10941  31.393  -78.053  4.490 0.6000000238
9568  30.485  -80.690  5.539 0.8000000119
10958  31.410  -78.273  3.696 0.6000000238
138530  31.219  -79.294  4.952 0.6999999881
8951  29.674  -81.738  5.444 0.8000000119
4713  28.987  -89.825  -3.101 0.6999999881
4714  27.499  -89.399  -3.317 0.6999999881
5192  26.163  -88.356  -3.768 0.6999999881
4711  30.785  -89.865  -3.357 0.6999999881
4712  29.918  -89.911  -3.233 0.6999999881
5184  26.780  -88.622  -3.005 0.6000000238
5655  26.112  -87.642  -3.415 0.6000000238
10131  25.457  -79.419  11.283 0.6000000238
10143  23.396  -80.057  10.629 0.6000000238
9499  24.742  -80.765  10.439 0.6000000238
9500  23.140  -80.358  10.073 0.6000000238
5173  26.568  -87.843  -2.381 0.6000000238
127086  24.551  -81.164  9.885 0.5000000000
5148  28.030  -88.478  0.236 0.6999999881
5620  27.405  -88.124  -0.110 0.6999999881
132727  26.083  -81.481  9.656 0.4000000060
8885  24.846  -81.423  9.437 0.5000000000
6116  29.978  -86.443  0.968 0.6999999881
5600  29.356  -87.852  0.858 0.8000000119
8900  26.270  -81.971  8.959 0.5000000000
6652  30.118  -85.540  1.102 0.6000000238
5585  28.777  -87.526  1.340 0.6999999881
8272  26.383  -82.250  8.286 0.6000000238
7784  30.402  -83.257  0.225 0.6999999881
131644  30.482  -84.029  0.494 0.6999999881
8899  28.188  -81.726  8.081 0.6999999881
8286  26.784  -82.409  7.728 0.6000000238
123769  28.963  -80.928  -1.643 0.6999999881
8393  29.510  -81.838  -1.335 0.6999999881
9540  28.906  -81.158  7.880 0.5000000000
8301  26.276  -82.350  7.015 0.6000000238
10324  28.753  -79.199  -1.275 0.6000000238
10313  29.440  -79.362  -0.343 0.6000000238
9658  29.178  -80.137  -1.013 0.6999999881
8284  28.113  -82.178  7.204 0.6999999881
143236  28.937  -78.780  -0.746 0.6000000238
10208  30.515  -79.397  6.530 0.5000000000
8914  29.577  -80.822  7.299 0.6000000238
11731  28.888  -77.823  0.097 0.6000000238
11658  30.986  -76.931  5.030 0.6000000238
10929  30.892  -78.118  5.869 0.5000000000
8931  29.448  -81.489  6.362 0.6999999881
12326  30.953  -76.120  3.998 0.6000000238
4699  29.437  -89.666  -1.884 0.6999999881
4700  28.541  -89.555  -1.856 0.6999999881
4701  27.659  -89.205  -1.982 0.6000000238
5172  27.124  -88.531  -1.781 0.6000000238
10132  24.611  -79.521  11.258 0.4000000060
135010  24.206  -78.960  11.386 0.5000000000
5162  27.648  -88.738  -0.790 0.6000000238
10130  26.250  -79.271  11.197 0.5000000000
10144  22.492  -79.832  10.348 0.6000000238
5161  28.491  -88.985  -0.343 0.6999999881
5147  28.895  -88.554  0.348 0.6999999881
5163  26.907  -87.914  -1.076 0.6000000238
8867  25.964  -81.051  10.191 0.5000000000
6138  30.390  -86.795  0.273 0.6999999881
9512  27.301  -80.751  9.616 0.4000000060
8409  29.245  -82.172  -2.486 0.6999999881
7794  30.374  -83.709  -1.376 0.6999999881
7226  30.720  -84.465  -0.922 0.6999999881
9529  27.696  -81.272  8.920 0.6000000238
9676  28.684  -80.504  -2.813 0.6999999881
9068  28.861  -81.436  -2.968 0.6999999881
134834  30.307  -83.241  -0.744 0.6999999881
7211  30.594  -84.815  0.255 0.6999999881
9527  28.880  -79.917  8.370 0.5000000000
8271  27.153  -82.060  8.511 0.5000000000
10334  28.553  -79.314  -2.006 0.6000000238
9669  28.608  -80.131  -2.008 0.6999999881
9063  28.931  -81.459  -2.240 0.6999999881
9539  29.141  -80.549  7.998 0.5000000000
12399  28.266  -77.582  -1.087 0.5000000000
11737  28.567  -78.172  -1.491 0.6000000238
4688  28.951  -89.418  -0.961 0.6999999881
10845  24.997  -78.662  11.445 0.4000000060
4687  29.793  -89.396  -0.988 0.6999999881
4689  28.221  -89.272  -1.084 0.6999999881
126102  24.174  -78.225  11.468 0.4000000060
5160  29.310  -89.024  -0.300 0.6999999881
10135  22.020  -79.207  10.919 0.6000000238
5599  30.166  -87.684  0.291 0.8000000119
5146  29.722  -88.462  0.156 0.6999999881
6687  30.950  -84.935  -1.585 0.6000000238
6158  30.885  -86.232  -0.459 0.6000000238
10850  19.898  -78.209  11.256 0.6000000238
7804  30.097  -83.604  -2.453 0.6999999881
7240  30.569  -84.274  -2.033 0.6999999881
6677  30.877  -85.331  -0.553 0.6000000238
9070  29.446  -81.722  -3.466 0.6000000238
10339  29.343  -79.222  -2.949 0.6000000238
11570  17.332  -77.480  10.670 0.5000000000
11742  28.793  -78.224  -2.023 0.6000000238
10340  28.753  -79.282  -2.532 0.6999999881
11736  28.838  -77.710  -1.685 0.5000000000
5159  30.489  -88.316  -0.337 0.6999999881
11547  23.305  -77.868  11.459 0.4000000060
5619  30.891  -87.280  -0.503 0.8000000119
10847  22.625  -78.640  11.297 0.5000000000
6686  31.226  -85.235  -2.112 0.8000000119
11549  21.386  -77.733  11.480 0.4000000060
11548  22.323  -77.830  11.443 0.4000000060
6676  31.208  -85.641  -1.299 0.6999999881
11550  20.447  -77.601  11.503 0.4000000060
10848  21.684  -78.509  11.271 0.5000000000
9679  30.055  -80.454  -3.454 0.6000000238
137434  29.759  -82.407  -3.542 0.6000000238
7819  30.068  -83.495  -3.254 0.6999999881
12247  20.135  -76.703  11.572 0.4000000060
10338  30.407  -79.151  -3.092 0.6000000238
9680  29.148  -80.750  -3.364 0.6000000238
11553  17.741  -77.101  11.244 0.4000000060
10851  19.043  -78.020  11.206 0.6000000238
11741  29.527  -77.971  -2.287 0.6000000238
11735  29.966  -77.202  -1.922 0.5000000000
124354  29.810  -76.529  -1.426 0.5000000000
12244  23.512  -77.068  11.444 0.4000000060
5633  31.599  -87.335  -1.401 0.8000000119
137617  22.858  -77.138  11.423 0.4000000060
6174  31.625  -85.765  -2.067 0.6999999881
12246  21.084  -76.894  11.503 0.4000000060
7825  30.314  -83.318  -3.494 0.6000000238
7254  30.472  -84.122  -2.993 0.6999999881
132753  30.009  -81.168  -3.608 0.6000000238
9069  30.275  -81.975  -3.684 0.6000000238
132620  19.562  -76.186  11.581 0.4000000060
12248  19.314  -76.761  11.588 0.4000000060
11026  30.051  -78.510  -2.739 0.6000000238
12250  17.320  -76.437  11.439 0.4000000060
12397  30.989  -76.486  -1.812 0.4000000060
135603  23.232  -76.458  11.260 0.4000000060
6696  31.402  -85.123  -2.835 0.6999999881
142627  22.678  -76.667  11.324 0.4000000060
7824  30.969  -83.442  -3.605 0.6999999881
7253  31.009  -84.509  -3.257 0.6000000238
12987  21.612  -76.162  11.252 0.4000000060
9678  30.877  -80.718  -3.380 0.6000000238
144099  30.600  -81.363  -3.562 0.6000000238
12249  18.774  -76.174  11.626 0.4000000060
11025  31.167  -78.462  -2.858 0.6000000238
131048  17.897  -75.820  11.637 0.3000000119
143578  31.287  -77.039  -2.328 0.4000000060
13124  31.866  -75.757  -1.866 0.4000000060
12396  32.261  -76.461  -2.305 0.4000000060
13008  21.979  -75.566  10.678 0.4000000060
12989  19.437  -75.481  11.493 0.4000000060
10337  31.398  -79.149  -2.949 0.6000000238
11739  31.760  -77.929  -2.688 0.6000000238
11022  32.358  -78.355  -2.238 0.6000000238
13123  32.926  -75.626  -2.175 0.4000000060
12395  33.052  -76.121  -2.166 0.5000000000
15360  16.066  -72.896  10.136 0.3000000119
141059  33.331  -75.081  -2.028 0.4000000060
15358  24.351  -72.845  10.673 0.4000000060
14564  18.589  -73.573  9.564 0.3000000119
15382  15.029  -72.250  8.329 0.4000000060
16250  25.503  -72.012  11.109 0.4000000060
14561  23.174  -73.217  10.024 0.4000000060
132055  20.266  -73.903  8.054 0.3000000119
13790  20.825  -73.979  8.478 0.3000000119
15369  16.011  -72.525  9.264 0.3000000119
14565  17.725  -73.188  9.543 0.3000000119
144905  15.318  -72.400  9.020 0.3000000119
16252  24.014  -72.051  10.446 0.4000000060
16260  23.162  -72.251  10.006 0.4000000060
14563  21.951  -73.760  9.202 0.4000000060
121850  18.336  -73.522  8.557 0.3000000119
15380  17.528  -73.118  8.511 0.3000000119
135971  13.477  -72.261  4.848 0.4000000060
17248  13.108  -71.519  4.154 0.3000000119
17228  13.297  -70.696  4.542 0.3000000119
15381  16.706  -72.700  8.434 0.3000000119
15395  16.507  -72.657  7.413 0.3000000119
16253  23.582  -71.312  10.278 0.4000000060
15368  21.904  -72.911  9.034 0.4000000060
15378  21.326  -72.751  8.518 0.3000000119
14577  20.728  -73.342  8.035 0.3000000119
14578  18.882  -73.834  7.633 0.3000000119
15411  14.262  -72.265  6.339 0.3000000119
137725  18.689  -73.716  6.890 0.3000000119
16343  14.277  -71.730  3.840 0.3000000119
14589  18.120  -73.524  6.572 0.3000000119
143179  15.944  -71.277  3.639 0.4000000060
17246  14.661  -70.999  3.643 0.3000000119
18181  15.601  -69.743  4.214 0.3000000119
18182  14.957  -70.003  4.136 0.3000000119
16262  21.731  -72.070  9.027 0.4000000060
16273  21.175  -71.897  8.570 0.4000000060
15392  20.398  -72.788  7.478 0.3000000119
15424  15.347  -72.269  4.780 0.4000000060
15393  19.940  -73.066  6.907 0.3000000119
15410  15.837  -72.437  5.561 0.3000000119
15434  15.658  -71.992  4.138 0.4000000060
15423  16.440  -72.258  4.702 0.4000000060
19066  15.869  -69.030  4.740 0.3000000119
17156  22.346  -70.647  9.792 0.4000000060
16274  20.505  -71.764  7.982 0.4000000060
16290  19.900  -72.245  7.004 0.4000000060
14599  18.815  -73.445  6.262 0.3000000119
15421  18.200  -72.709  5.441 0.3000000119
16320  17.823  -72.169  5.057 0.3000000119
17226  17.440  -71.389  4.655 0.3000000119
17207  17.573  -70.464  5.263 0.5000000000
16340  16.824  -71.380  4.138 0.4000000060
17227  16.853  -70.450  4.393 0.4000000060
19904  15.652  -67.382  5.704 0.3000000119
138819  21.247  -70.297  9.387 0.4000000060
17175  20.135  -70.579  8.389 0.4000000060
126540  19.533  -71.417  7.000 0.3000000119
17190  18.599  -70.038  7.217 0.3000000119
142432  18.746  -68.771  8.184 0.3000000119
19020  18.355  -68.050  7.867 0.3000000119
16300  19.220  -72.054  6.225 0.3000000119
17189  19.005  -70.969  6.680 0.3000000119
17206  18.234  -70.489  6.210 0.3000000119
131435  18.012  -69.573  6.785 0.3000000119
19021  17.664  -67.915  7.106 0.3000000119
17225  18.111  -71.418  5.351 0.3000000119
18162  16.943  -69.536  5.170 0.3000000119
19049  16.325  -68.716  5.178 0.3000000119
20721  15.817  -66.607  5.912 0.3000000119
18977  23.851  -69.081  10.772 0.3000000119
18978  23.215  -68.733  10.639 0.3000000119
18071  21.842  -69.260  10.094 0.3000000119
18993  21.062  -68.829  9.886 0.3000000119
19006  19.559  -68.312  9.137 0.3000000119
19867  19.260  -67.527  8.950 0.3000000119
18093  21.177  -69.621  9.643 0.3000000119
18095  19.886  -68.931  9.231 0.3000000119
18116  19.336  -69.047  8.698 0.3000000119
19007  18.944  -68.161  8.564 0.3000000119
19868  18.558  -67.184  8.164 0.3000000119
19877  17.936  -67.259  7.440 0.3000000119
19034  16.964  -67.692  6.203 0.3000000119
19878  17.213  -66.723  6.579 0.3000000119
19035  16.322  -67.742  5.630 0.3000000119
19890  16.319  -66.703  5.935 0.3000000119
130904  25.483  -67.899  11.429 0.3000000119
124469  23.144  -67.880  10.841 0.3000000119
18979  22.404  -68.298  10.522 0.3000000119
18981  20.979  -68.009  10.087 0.3000000119
142035  19.816  -67.761  9.418 0.3000000119
20686  18.472  -66.235  8.009 0.3000000119
20694  17.861  -66.393  7.353 0.3000000119
20695  17.155  -65.614  6.530 0.3000000119
20709  15.707  -66.158  6.253 0.3000000119
20673  20.344  -66.640  9.801 0.3000000119
20685  19.085  -66.630  8.722 0.3000000119
131941  17.873  -65.332  7.299 0.3000000119
21553  17.026  -64.692  6.459 0.3000000119
20707  16.486  -65.779  6.197 0.3000000119
21563  16.227  -65.151  6.376 0.3000000119
21527  20.331  -65.651  9.720 0.3000000119
142205  19.572  -65.328  9.060 0.3000000119
21541  18.864  -65.563  8.394 0.3000000119
21512  21.125  -65.508  10.188 0.3000000119
127174  19.910  -64.702  9.314 0.3000000119
22396  19.037  -64.434  8.376 0.3000000119
21542  18.299  -64.653  7.614 0.3000000119
22407  17.465  -64.152  6.809 0.3000000119
22408  16.841  -63.788  6.519 0.3000000119
139832  16.650  -63.780  6.640 0.3000000119
2468  31.973  -95.048  2.691 0.5000000000
2488  31.386  -94.966  1.196 0.5000000000
2869  31.281  -94.232  0.537 0.4000000060
124733  25.549  -83.338  2.097 0.6999999881
137528  25.649  -81.861  3.123 0.6999999881
3300  31.190  -91.631  -1.300 0.4000000060
2487  32.490  -94.174  1.607 0.5000000000
6175  26.053  -86.542  -2.308 0.5000000000
6665  30.501  -85.878  0.315 0.6000000238
12398  28.679  -76.920  -1.291 0.5000000000
8408  29.843  -82.896  -1.711 0.6999999881
11552  18.654  -77.164  11.457 0.4000000060
12393  29.191  -76.180  -1.066 0.5000000000
9675  30.705  -79.859  -3.244 0.6000000238
8422  31.033  -82.557  -3.620 0.6000000238
9674  31.532  -79.993  -2.878 0.6000000238
12990  18.589  -75.082  11.551 0.3000000119
12401  31.960  -77.303  -2.531 0.4000000060
12400  32.571  -76.931  -2.225 0.4000000060
15359  23.688  -72.719  10.309 0.4000000060
18070  22.515  -69.878  10.135 0.3000000119
18964  23.850  -68.382  10.975 0.3000000119
8421  32.631  -82.802  -2.949 0.5000000000
7823  31.999  -83.944  -3.519 0.5000000000
6710  31.753  -84.920  -3.263 0.6999999881
6709  32.565  -85.337  -3.243 0.6999999881
5158  31.219  -88.186  -1.003 0.6000000238
8425  31.824  -83.109  -3.449 0.5000000000
7266  31.374  -84.233  -3.465 0.6000000238
6189  32.203  -85.727  -2.820 0.6000000238
4697  31.217  -89.453  -2.254 0.6000000238
124367  33.433  -85.497  -3.328 0.6999999881
5170  32.398  -88.383  -2.338 0.6000000238
6188  32.852  -86.771  -2.713 0.6999999881
5632  32.364  -87.513  -2.142 0.6000000238
4698  30.335  -89.616  -1.965 0.6000000238
8407  32.569  -82.167  -2.577 0.5000000000
6200  34.150  -86.337  -3.381 0.6999999881
5644  33.338  -87.841  -2.869 0.6999999881
5182  33.043  -88.877  -3.356 0.6000000238
4710  31.613  -89.807  -3.672 0.6000000238
6708  34.496  -85.722  -3.400 0.6000000238
6187  33.777  -86.989  -3.165 0.6999999881
5183  32.122  -89.259  -2.769 0.6000000238
7821  34.126  -84.512  -3.198 0.6000000238
9062  32.853  -81.815  -1.943 0.5000000000
128840  31.910  -82.276  -3.180 0.5000000000
7263  34.965  -84.986  -3.336 0.6999999881
5643  34.564  -87.214  -3.480 0.6000000238
141132  31.166  -90.367  -4.353 0.6000000238
10323  32.612  -79.981  -0.989 0.5000000000
9066  32.181  -81.503  -2.662 0.5000000000
11006  32.815  -78.396  -0.300 0.5000000000
9668  32.568  -80.574  -1.479 0.5000000000
11729  33.164  -76.795  -0.845 0.4000000060
9052  24.011  -81.568  -0.788 0.4000000060
7786  24.537  -82.832  -0.898 0.4000000060
8394  24.175  -82.200  -1.124 0.4000000060
8410  24.028  -82.622  -1.993 0.5000000000
7796  24.493  -83.334  -1.912 0.5000000000
7807  23.381  -83.445  -2.780 0.5000000000
131538  32.485  -79.142  -1.702 0.5000000000
7196  22.683  -84.112  1.113 0.6000000238
11018  32.630  -78.348  -1.481 0.4000000060
7256  23.849  -83.983  -3.082 0.5000000000
7229  22.896  -84.618  -1.930 0.5000000000
9064  23.026  -81.521  -2.142 0.5000000000
8411  23.342  -82.593  -2.415 0.5000000000
8412  22.640  -82.038  -2.274 0.5000000000
131041  22.340  -82.915  -1.987 0.5000000000
8396  21.870  -82.992  -0.830 0.5000000000
7242  22.755  -83.710  -2.264 0.5000000000
7797  22.317  -83.669  -1.079 0.5000000000
7214  22.624  -84.286  -0.112 0.5000000000
134986  33.391  -75.976  0.792 0.4000000060
11730  32.861  -77.560  -1.168 0.4000000060
127109  33.438  -76.033  -0.550 0.4000000060
9616  24.481  -80.351  2.234 0.5000000000
8385  21.499  -82.285  -0.499 0.5000000000
10336  32.089  -79.267  -2.465 0.5000000000
12392  33.034  -76.769  -1.891 0.4000000060
10262  24.431  -79.847  3.671 0.5000000000
10276  23.799  -79.495  3.087 0.5000000000
10277  23.014  -79.159  3.040 0.5000000000
9617  23.942  -79.844  2.078 0.5000000000
12391  33.400  -76.009  -1.722 0.4000000060
10224  24.132  -79.814  4.573 0.5000000000
137091  23.173  -79.231  3.745 0.5000000000
10243  23.327  -79.417  4.487 0.5000000000
10263  22.427  -78.919  3.463 0.5000000000
141614  21.828  -78.612  2.354 0.4000000060
9571  23.944  -80.002  5.468 0.5000000000
10244  22.502  -79.106  4.389 0.6000000238
136748  21.753  -78.620  2.948 0.6000000238
9570  24.304  -80.470  5.913 0.5000000000
9553  23.726  -80.219  6.305 0.5000000000
126020  22.792  -79.360  5.179 0.5000000000
10245  21.866  -79.023  4.837 0.6000000238
10942  21.614  -78.741  3.954 0.6000000238
10959  20.832  -78.369  3.028 0.6000000238
136279  20.457  -77.969  1.877 0.5000000000
11704  18.793  -76.896  0.868 0.5000000000
12357  18.100  -76.508  1.192 0.5000000000
9552  24.288  -80.815  6.666 0.5000000000
9542  23.676  -80.570  7.388 0.5000000000
10196  23.051  -79.874  6.738 0.5000000000
10210  22.553  -79.469  6.070 0.5000000000
10211  21.765  -79.331  6.235 0.6000000238
10943  20.602  -78.520  4.049 0.6000000238
10960  20.087  -78.234  3.446 0.6000000238
10974  19.940  -77.918  2.639 0.6000000238
11687  18.712  -77.064  1.902 0.5000000000
12319  14.453  -76.995  5.413 0.5000000000
12359  16.318  -75.761  1.589 0.5000000000
8916  24.849  -81.658  7.844 0.5000000000
9530  24.186  -81.190  8.209 0.5000000000
9543  22.782  -80.096  7.892 0.6000000238
10197  22.228  -79.603  7.012 0.6000000238
10198  21.196  -79.480  7.199 0.6000000238
10931  20.161  -78.744  4.831 0.6000000238
10228  19.741  -78.960  5.585 0.6000000238
130555  19.584  -78.373  4.136 0.6000000238
120744  19.159  -78.667  4.950 0.6000000238
10961  19.347  -77.971  3.288 0.6000000238
11672  18.534  -77.505  3.015 0.5000000000
11688  17.932  -76.726  2.220 0.5000000000
12339  17.061  -76.380  2.514 0.5000000000
11674  16.797  -76.888  3.705 0.5000000000
12340  16.121  -76.179  2.908 0.5000000000
12327  14.977  -76.459  4.144 0.5000000000
9532  22.896  -80.346  8.849 0.6000000238
126616  21.839  -79.711  8.002 0.6000000238
10199  20.422  -79.531  7.767 0.6000000238
10201  19.116  -79.327  7.360 0.6000000238
10214  19.301  -79.179  6.385 0.6000000238
140714  19.003  -78.935  5.700 0.6000000238
125435  18.427  -78.904  6.194 0.6000000238
10944  18.365  -78.248  4.603 0.5000000000
10945  17.695  -78.202  5.312 0.5000000000
11673  17.662  -77.183  3.297 0.5000000000
11644  17.093  -77.713  5.301 0.5000000000
11645  16.460  -77.530  5.745 0.6000000238
11662  15.798  -76.678  4.193 0.5000000000
11646  15.780  -77.103  5.342 0.5000000000
11647  15.090  -77.138  5.824 0.5000000000
10912  13.963  -78.107  6.744 0.5000000000
140040  19.700  -79.473  7.851 0.6000000238
10184  18.979  -79.284  8.400 0.6000000238
10921  17.757  -78.675  6.760 0.6000000238
10933  17.133  -78.141  6.061 0.6000000238
11634  16.112  -77.591  7.105 0.6000000238
135059  14.933  -77.326  6.713 0.5000000000
10163  20.271  -79.436  9.581 0.6000000238
10922  16.897  -78.088  6.950 0.6000000238
11635  15.458  -77.420  7.176 0.6000000238
11618  15.042  -77.421  7.613 0.5000000000
10859  20.271  -78.819  10.794 0.6000000238
10164  19.443  -79.259  9.379 0.6000000238
10165  18.570  -78.904  9.259 0.6000000238
10890  17.989  -78.771  8.456 0.6000000238
10910  16.601  -77.869  7.722 0.6000000238
11617  15.725  -77.487  7.900 0.5000000000
139071  18.360  -78.547  9.881 0.6000000238
126799  17.645  -78.313  9.313 0.6000000238
10862  17.851  -78.076  10.226 0.6000000238
10891  17.116  -78.155  8.422 0.6000000238
11586  16.105  -77.418  9.622 0.6000000238
140143  15.713  -77.467  10.215 0.5000000000
11571  16.341  -77.281  10.522 0.4000000060
4686  30.699  -89.102  -1.093 0.6000000238
6173  32.023  -86.580  -2.044 0.6999999881
132583  31.720  -80.808  -2.889 0.5000000000
9673  32.151  -80.329  -2.322 0.5000000000
127070  33.060  -79.185  0.449 0.5000000000
10311  32.709  -79.210  -0.647 0.5000000000
7787  22.226  -83.575  0.212 0.6000000238
10226  21.427  -79.127  5.483 0.6000000238
10212  20.910  -79.242  6.238 0.6000000238
10962  18.797  -78.091  3.885 0.6000000238
11660  17.500  -77.614  4.417 0.5000000000
10908  18.283  -78.999  7.597 0.6000000238
10875  16.651  -77.731  9.052 0.6000000238
11601  15.850  -77.473  8.775 0.6000000238
2456  30.822  -94.419  3.054 0.4000000060
3707  31.292  -91.588  3.557 0.5000000000
4160  32.328  -91.003  4.095 0.5000000000
3244  32.045  -92.793  3.442 0.4000000060
2835  31.478  -93.633  3.240 0.4000000060
2834  32.481  -93.729  3.309 0.4000000060
2455  31.895  -94.510  3.152 0.4000000060
4147  33.309  -90.513  4.493 0.5000000000
126589  32.027  -90.205  4.625 0.5000000000
125949  33.419  -92.169  3.657 0.5000000000
3255  33.577  -92.858  3.150 0.5000000000
2454  32.615  -94.306  3.067 0.4000000060
5107  34.284  -89.343  4.690 0.5000000000
4159  34.133  -90.553  4.088 0.5000000000
127938  33.984  -91.004  3.614 0.5000000000
3722  33.867  -92.185  2.888 0.5000000000
2849  33.400  -93.400  2.771 0.4000000060
2860  33.432  -93.125  1.946 0.4000000060
5120  34.046  -89.232  3.821 0.5000000000
4661  34.046  -90.277  3.447 0.5000000000
4662  33.368  -89.548  2.424 0.5000000000
127870  33.912  -91.107  2.857 0.5000000000
4172  33.841  -91.744  2.496 0.5000000000
2867  32.851  -93.396  1.334 0.4000000060
4223  32.095  -90.787  -4.595 0.5000000000
3770  31.702  -91.137  -4.366 0.4000000060
3769  32.411  -91.059  -4.410 0.4000000060
4214  33.919  -90.628  -3.222 0.4000000060
3752  33.029  -91.301  -2.406 0.4000000060
4671  33.554  -90.415  2.000 0.5000000000
3745  33.029  -91.577  -1.004 0.4000000060
3287  32.564  -92.260  -0.083 0.4000000060
3275  32.011  -92.924  0.181 0.4000000060
5132  33.354  -89.610  1.171 0.4000000060
4186  33.749  -91.160  1.540 0.5000000000
3273  33.268  -92.620  0.998 0.4000000060
125661  33.618  -92.421  1.730 0.4000000060
4222  32.807  -90.642  -4.425 0.4000000060
4204  34.262  -90.725  -1.916 0.4000000060
125571  33.762  -91.192  -1.483 0.4000000060
5583  33.090  -87.649  0.837 0.4000000060
3737  33.964  -91.426  0.083 0.4000000060
3286  33.347  -91.923  0.140 0.4000000060
5145  33.500  -88.681  0.569 0.4000000060
4679  33.822  -90.371  0.763 0.4000000060
133492  34.171  -90.698  0.300 0.4000000060
126551  33.650  -91.929  0.874 0.4000000060
4722  32.656  -90.264  -4.497 0.5000000000
4721  33.510  -89.903  -4.234 0.4000000060
4720  34.406  -89.148  -3.882 0.4000000060
4708  34.950  -89.394  -3.100 0.4000000060
4684  35.879  -89.206  -1.350 0.4000000060
4203  34.956  -90.288  -1.312 0.4000000060
124613  34.839  -90.231  -0.480 0.4000000060
4194  34.405  -90.929  -0.727 0.4000000060
135488  34.330  -88.704  0.134 0.4000000060
5144  35.014  -89.129  -0.211 0.4000000060
4185  34.315  -90.948  -0.027 0.4000000060
4709  32.477  -89.774  -4.083 0.5000000000
5190  34.103  -88.972  -4.019 0.5000000000
5654  34.613  -88.060  -3.619 0.6000000238
5189  34.747  -88.359  -3.655 0.5000000000
5169  36.329  -88.489  -1.795 0.4000000060
134128  36.285  -88.694  -0.963 0.4000000060
5596  36.177  -87.887  -0.390 0.4000000060
123639  35.638  -87.353  0.011 0.4000000060
5652  35.755  -87.492  -3.335 0.4000000060
130823  35.026  -87.381  -3.587 0.5000000000
5642  36.400  -87.437  -2.862 0.4000000060
5156  36.799  -87.941  -1.232 0.4000000060
5651  36.282  -86.765  -3.106 0.5000000000
5640  37.430  -86.352  -2.199 0.4000000060
5631  37.109  -87.413  -1.684 0.4000000060
5617  37.214  -87.297  -1.148 0.4000000060
6198  35.812  -86.334  -3.277 0.6000000238
6199  35.040  -86.584  -3.478 0.6000000238
6694  37.450  -85.609  -2.550 0.5000000000
6685  37.742  -85.884  -1.974 0.4000000060
7265  32.486  -84.757  -3.378 0.5000000000
10181  22.256  -79.981  8.815 0.5000000000
10162  21.060  -79.563  9.672 0.5000000000
10858  21.122  -78.983  10.839 0.5000000000
10161  21.882  -79.803  9.644 0.5000000000
10145  21.507  -79.483  10.323 0.5000000000
126572  21.465  -79.704  8.903 0.5000000000
3705  33.421  -91.362  4.042 0.5000000000
3706  32.738  -92.046  3.789 0.5000000000
4220  34.198  -89.980  -3.797 0.4000000060
4213  34.648  -90.120  -2.532 0.4000000060
123797  34.100  -89.474  0.348 0.4000000060
4707  35.199  -88.611  -3.404 0.4000000060
5179  36.714  -87.773  -2.161 0.4000000060
5157  35.511  -89.390  -0.644 0.4000000060
135443  35.853  -88.609  -0.515 0.4000000060
5653  35.139  -87.717  -3.576 0.5000000000
5618  36.809  -87.588  -0.725 0.4000000060
132969  35.495  -87.052  -3.449 0.5000000000
6197  36.491  -85.959  -3.037 0.6000000238
6674  37.592  -86.157  -1.229 0.5000000000
6705  36.704  -85.279  -3.094 0.5000000000
12351  36.320  -76.183  1.601 0.3000000119
12368  35.852  -77.141  1.664 0.3000000119
11699  35.263  -77.930  1.757 0.3000000119
12352  35.305  -76.257  2.267 0.3000000119
13080  36.529  -75.192  1.750 0.3000000119
14642  37.571  -73.540  1.481 0.3000000119
14643  37.118  -74.360  1.563 0.3000000119
128005  36.246  -77.915  1.110 0.3000000119
10308  36.129  -79.652  0.443 0.4000000060
132712  35.556  -80.399  0.315 0.4000000060
12367  37.161  -76.827  0.542 0.3000000119
9643  34.282  -80.470  0.572 0.4000000060
10986  34.762  -78.542  1.651 0.4000000060
9050  32.990  -81.375  -1.240 0.4000000060
8406  33.276  -82.512  -2.243 0.4000000060
13098  37.403  -76.043  0.582 0.3000000119
10969  34.212  -77.845  2.023 0.3000000119
14631  35.122  -73.855  2.501 0.3000000119
12354  33.701  -76.780  2.032 0.3000000119
9046  37.170  -81.220  -1.129 0.4000000060
9059  36.646  -81.991  -1.659 0.4000000060
8419  35.483  -83.348  -2.651 0.4000000060
132054  34.987  -84.094  -3.030 0.4000000060
11004  36.593  -78.928  0.472 0.4000000060
9032  36.310  -80.830  -0.431 0.4000000060
9047  35.808  -81.581  -0.862 0.4000000060
8405  34.533  -82.873  -2.149 0.4000000060
11698  36.985  -77.537  0.498 0.3000000119
9033  34.852  -81.166  -0.091 0.4000000060
9048  34.655  -81.789  -0.787 0.4000000060
7822  33.112  -84.331  -3.274 0.4000000060
9049  33.767  -81.460  -0.560 0.4000000060
8420  33.565  -83.247  -2.677 0.4000000060
13097  38.234  -76.009  -0.052 0.3000000119
10310  33.144  -80.127  0.102 0.4000000060
11005  33.144  -78.411  0.807 0.4000000060
125184  38.161  -82.434  -1.673 0.4000000060
7815  37.498  -83.905  -2.804 0.4000000060
9045  37.967  -81.050  -0.973 0.4000000060
9058  37.756  -81.906  -1.625 0.4000000060
8417  37.457  -83.231  -2.587 0.4000000060
7817  36.137  -83.824  -3.000 0.4000000060
11002  37.861  -78.319  0.543 0.3000000119
10307  37.343  -79.428  0.041 0.4000000060
13110  39.049  -76.043  -0.176 0.3000000119
12366  38.213  -76.567  0.137 0.3000000119
128500  33.837  -83.918  -2.972 0.4000000060
13872  38.676  -75.621  -0.230 0.3000000119
7250  37.404  -84.817  -2.854 0.4000000060
139624  37.810  -83.433  -2.456 0.4000000060
11720  33.018  -77.596  0.247 0.3000000119
12369  33.413  -76.710  1.466 0.3000000119
7264  33.753  -84.994  -3.370 0.4000000060
7252  35.799  -84.496  -3.181 0.4000000060
7262  36.004  -85.142  -3.203 0.4000000060
7238  37.835  -85.061  -2.309 0.4000000060
10291  35.442  -79.173  1.142 0.3000000119
13081  35.427  -75.485  2.371 0.3000000119
14630  36.100  -74.122  2.369 0.3000000119
9642  36.844  -80.067  -0.216 0.4000000060
126415  33.759  -79.722  0.987 0.4000000060
9656  33.739  -80.890  0.016 0.4000000060
9061  33.819  -82.107  -1.380 0.4000000060
10987  33.707  -78.341  1.558 0.4000000060
9655  37.481  -80.534  -0.627 0.4000000060
8418  36.620  -83.180  -2.668 0.4000000060
8404  36.010  -82.700  -2.185 0.4000000060
11003  37.479  -78.611  0.378 0.3000000119
9060  35.248  -82.265  -1.455 0.4000000060
12385  37.818  -77.258  0.281 0.3000000119
9654  37.950  -80.428  -0.413 0.4000000060
10306  37.715  -79.096  0.409 0.3000000119
11717  38.332  -77.088  0.320 0.3000000119
3216  27.978  -92.802  5.568 0.3000000119
2813  27.120  -94.108  5.322 0.3000000119
3666  28.824  -92.003  6.151 0.3000000119
2811  28.268  -93.721  6.013 0.3000000119
3680  27.968  -92.070  5.040 0.3000000119
3217  27.520  -92.691  4.785 0.3000000119
3665  29.449  -91.638  6.475 0.3000000119
3651  30.039  -92.318  6.914 0.3000000119
3206  28.799  -93.104  6.255 0.3000000119
4122  29.665  -90.640  6.148 0.3000000119
3678  29.017  -91.181  5.780 0.3000000119
3695  27.873  -92.133  4.213 0.3000000119
3245  30.862  -92.579  3.180 0.3000000119
135509  31.601  -91.418  7.857 0.3000000119
3650  30.681  -92.425  7.308 0.3000000119
4108  31.081  -90.306  7.553 0.3000000119
134479  30.782  -91.319  7.429 0.3000000119
2805  29.851  -94.140  6.913 0.3000000119
4149  29.533  -90.642  4.555 0.3000000119
4161  31.060  -90.625  4.100 0.3000000119
135846  30.214  -91.776  3.261 0.3000000119
4604  30.979  -89.679  7.127 0.3000000119
4134  29.350  -90.664  5.340 0.3000000119
135753  30.322  -89.967  6.017 0.3000000119
135639  31.609  -89.235  6.307 0.3000000119
4148  30.940  -90.052  4.800 0.3000000119
122691  30.282  -90.458  4.407 0.3000000119
4639  31.783  -89.720  5.197 0.3000000119
144864  32.764  -87.759  3.819 0.4000000060
5095  34.044  -88.862  5.190 0.4000000060
2424  27.360  -95.311  8.478 0.3000000119
2432  25.621  -94.582  7.750 0.3000000119
2806  28.990  -94.173  6.536 0.3000000119
2438  28.574  -94.821  6.409 0.3000000119
2781  31.209  -94.165  8.349 0.3000000119
2420  30.641  -94.668  8.077 0.3000000119
2422  29.145  -95.101  8.595 0.3000000119
2087  28.439  -96.098  8.308 0.3000000119
2431  26.375  -95.424  8.250 0.3000000119
3182  32.566  -93.142  8.489 0.3000000119
2792  31.137  -94.223  7.824 0.3000000119
2085  29.562  -95.666  8.118 0.3000000119
2095  27.562  -96.567  8.231 0.3000000119
3192  31.331  -93.464  7.670 0.3000000119
2793  30.532  -94.435  7.565 0.3000000119
2102  29.397  -95.737  7.582 0.3000000119
2094  28.670  -96.796  7.867 0.3000000119
2437  29.486  -95.080  6.956 0.3000000119
141086  29.151  -95.694  6.953 0.3000000119
3694  28.374  -91.529  4.514 0.3000000119
3709  28.505  -91.770  3.705 0.3000000119
4133  30.092  -90.215  5.229 0.3000000119
2784  27.306  -94.200  8.557 0.3000000119
2104  28.505  -96.815  7.025 0.3000000119
2791  31.629  -93.943  7.990 0.3000000119
2772  29.488  -94.248  8.954 0.3000000119
2430  29.976  -95.069  7.671 0.3000000119
2093  29.174  -96.255  8.019 0.3000000119
1772  28.135  -97.447  7.618 0.3000000119
4638  33.147  -89.694  5.083 0.3000000119
8328  34.315  -82.196  4.181 0.3000000119
8329  33.679  -82.559  4.498 0.3000000119
7733  33.339  -83.188  4.177 0.3000000119
7172  32.781  -84.880  2.652 0.4000000060
6631  32.475  -85.853  2.260 0.4000000060
5584  32.456  -87.807  1.956 0.3000000119
5133  32.850  -88.726  1.499 0.3000000119
7748  34.466  -83.170  3.134 0.3000000119
7763  34.071  -83.815  2.758 0.4000000060
7191  34.000  -84.886  1.765 0.4000000060
6113  34.232  -86.197  0.790 0.4000000060
6135  35.944  -86.581  0.212 0.4000000060
6136  34.940  -86.735  0.365 0.4000000060
135534  34.714  -87.429  0.175 0.3000000119
6156  36.510  -87.151  -0.293 0.3000000119
10207  33.697  -79.868  6.882 0.3000000119
9566  33.987  -80.307  5.916 0.3000000119
8309  33.344  -82.295  5.087 0.4000000060
7750  32.860  -83.828  3.784 0.4000000060
6614  32.102  -85.405  3.090 0.3000000119
132743  32.192  -86.987  2.501 0.3000000119
5564  32.108  -87.193  3.399 0.3000000119
10221  34.622  -79.651  5.592 0.3000000119
9583  34.672  -80.538  4.981 0.3000000119
8988  34.931  -81.785  3.813 0.3000000119
8347  34.730  -82.500  3.478 0.3000000119
7762  34.989  -83.589  2.454 0.3000000119
7170  34.479  -84.257  2.171 0.4000000060
8346  35.403  -82.106  3.115 0.3000000119
7761  35.646  -83.126  2.275 0.3000000119
8360  35.204  -82.831  2.821 0.3000000119
7773  35.195  -84.135  1.911 0.4000000060
6664  35.228  -85.966  0.671 0.4000000060
8370  36.357  -83.066  1.770 0.3000000119
7210  36.283  -85.110  0.758 0.4000000060
6663  36.167  -85.790  0.457 0.4000000060
7782  37.833  -83.367  -0.138 0.3000000119
7208  37.476  -84.410  -0.069 0.4000000060
6662  36.988  -85.405  0.086 0.4000000060
6134  36.755  -86.366  -0.154 0.4000000060
7793  38.247  -82.804  -1.052 0.3000000119
6661  37.692  -85.180  -0.841 0.4000000060
7225  38.057  -84.520  -1.751 0.3000000119
8880  34.389  -81.193  9.929 0.3000000119
132012  33.605  -80.912  9.549 0.3000000119
8269  32.212  -82.141  9.000 0.3000000119
8282  32.007  -82.055  8.106 0.3000000119
10905  34.503  -78.632  7.928 0.3000000119
133061  34.044  -79.149  8.151 0.3000000119
8930  32.770  -81.120  7.048 0.3000000119
129554  31.959  -82.337  7.373 0.3000000119
142896  35.478  -77.682  7.173 0.3000000119
10904  35.065  -78.118  7.545 0.3000000119
132603  33.251  -80.304  7.392 0.3000000119
8949  32.790  -81.732  6.324 0.3000000119
8310  32.721  -82.427  5.701 0.3000000119
7723  32.315  -83.263  5.370 0.3000000119
7150  31.497  -84.968  4.782 0.3000000119
6089  31.774  -86.611  3.890 0.3000000119
5553  32.477  -87.378  4.290 0.3000000119
5552  33.110  -87.641  5.101 0.3000000119
10928  34.780  -78.837  6.091 0.3000000119
8369  36.901  -82.280  1.654 0.3000000119
7209  36.734  -84.529  0.676 0.3000000119
8381  37.327  -82.956  0.880 0.3000000119
7783  37.195  -83.832  0.542 0.3000000119
8380  38.147  -82.266  -0.183 0.3000000119
8391  38.203  -81.819  -1.076 0.3000000119
7803  38.158  -83.370  -1.904 0.3000000119
8864  35.026  -81.845  10.174 0.3000000119
9509  34.837  -80.505  9.667 0.3000000119
10158  33.729  -80.194  9.131 0.3000000119
9526  32.796  -80.970  8.645 0.3000000119
140079  35.386  -78.654  8.798 0.3000000119
9525  33.283  -80.368  8.604 0.3000000119
5542  33.343  -87.893  5.551 0.3000000119
8255  35.956  -82.310  10.058 0.3000000119
9508  35.760  -80.674  9.583 0.3000000119
123632  36.208  -79.937  9.342 0.3000000119
126456  35.216  -79.783  9.425 0.3000000119
10178  34.640  -79.110  8.823 0.3000000119
10888  35.205  -78.328  8.357 0.3000000119
8878  36.254  -81.655  9.599 0.3000000119
9507  36.646  -80.987  9.279 0.3000000119
10157  35.671  -79.069  9.124 0.3000000119
5563  33.442  -87.994  4.560 0.3000000119
5121  32.949  -88.633  2.732 0.3000000119
6115  32.697  -86.754  1.587 0.3000000119
6137  33.983  -87.041  0.409 0.4000000060
6675  37.281  -86.073  -0.584 0.4000000060
9031  38.162  -81.136  -0.295 0.3000000119
8947  34.022  -81.177  5.308 0.3000000119
8348  34.049  -82.846  3.824 0.3000000119
8948  33.357  -81.685  5.608 0.3000000119
7171  33.614  -84.486  2.393 0.4000000060
6630  33.219  -85.125  2.064 0.4000000060
6114  33.413  -86.630  0.949 0.4000000060
6649  35.510  -85.233  1.062 0.4000000060
10206  34.238  -79.390  6.445 0.3000000119
9550  33.389  -80.637  6.550 0.3000000119
7734  32.574  -83.559  4.570 0.3000000119
7149  32.119  -84.319  4.223 0.4000000060
138858  31.688  -85.843  3.599 0.3000000119
10220  35.189  -79.098  5.293 0.3000000119
10240  35.067  -79.803  4.955 0.3000000119
8967  35.144  -81.035  4.151 0.3000000119
7772  35.734  -83.684  1.839 0.4000000060
8913  32.457  -81.308  7.957 0.3000000119
141869  32.529  -81.721  6.821 0.3000000119
7715  32.012  -82.980  6.178 0.3000000119
8368  37.774  -81.838  0.749 0.3000000119
7213  22.929  -84.914  -0.649 0.4000000060
2086  28.998  -95.766  8.330 0.3000000119
2103  28.974  -96.277  7.392 0.3000000119
2421  29.939  -94.997  8.317 0.3000000119
2423  28.256  -95.157  8.612 0.3000000119
2469  31.384  -95.097  2.920 0.5000000000
2479  32.575  -94.439  2.500 0.5000000000
2812  27.520  -93.403  5.399 0.3000000119
2833  33.144  -93.482  3.209 0.5000000000
2850  33.099  -94.017  2.868 0.4000000060
2861  33.051  -93.811  2.217 0.4000000060
3191  31.999  -93.375  7.972 0.3000000119
3193  30.535  -93.504  7.242 0.3000000119
3205  29.577  -92.780  6.675 0.3000000119
3242  33.385  -92.749  3.387 0.5000000000
3243  32.886  -92.968  3.511 0.4000000060
3264  33.669  -92.745  2.545 0.4000000060
3274  32.627  -92.903  0.587 0.4000000060
3326  24.850  -92.128  -4.146 0.5000000000
3649  31.492  -92.518  7.698 0.3000000119
3664  30.066  -91.365  6.906 0.3000000119
3679  28.459  -91.590  5.380 0.3000000119
3692  33.889  -90.742  4.189 0.5000000000
3693  29.023  -91.098  3.993 0.3000000119
3704  33.768  -91.360  3.765 0.5000000000
3731  33.740  -91.811  1.621 0.4000000060
3744  33.789  -91.422  -0.562 0.4000000060
3747  25.299  -91.145  -0.841 0.5000000000
3759  33.117  -91.057  -3.775 0.4000000060
3760  32.318  -91.288  -3.549 0.4000000060
3764  28.131  -91.442  -3.289 0.4000000060
3766  24.294  -92.004  -3.027 0.6000000238
3779  26.621  -91.444  -4.342 0.6000000238
4109  30.387  -90.310  6.859 0.3000000119
4135  28.836  -90.972  4.917 0.3000000119
4162  30.053  -91.003  3.738 0.3000000119
4195  25.339  -90.145  -0.831 0.5000000000
4221  33.469  -90.463  -4.093 0.4000000060
4232  27.514  -90.719  -4.610 0.6999999881
4617  30.874  -89.615  6.486 0.3000000119
4628  33.441  -88.975  5.485 0.3000000119
4630  31.026  -89.648  5.644 0.3000000119
4637  34.090  -90.021  4.617 0.5000000000
4650  34.275  -89.875  4.246 0.5000000000
4678  34.732  -89.957  0.000 0.4000000060
4685  35.432  -89.789  -1.033 0.4000000060
4691  24.878  -89.219  -1.345 0.5000000000
4696  35.314  -89.638  -1.902 0.4000000060
4725  29.416  -90.455  -4.308 0.6999999881
4727  26.203  -89.209  -4.091 0.6999999881
4728  25.115  -89.674  -3.414 0.6000000238
4732  26.926  -90.055  -4.447 0.6000000238
5096  33.741  -88.250  5.182 0.4000000060
5108  34.060  -88.677  4.655 0.3000000119
5171  31.564  -88.792  -1.728 0.6000000238
5180  36.031  -88.152  -2.919 0.4000000060
5181  33.903  -88.573  -3.743 0.6000000238
5188  35.352  -88.015  -3.501 0.4000000060
5191  33.357  -89.547  -4.082 0.5000000000
5573  32.485  -87.847  3.014 0.3000000119
5586  28.120  -87.495  1.442 0.6999999881
5597  35.132  -88.177  -0.123 0.3000000119
5598  34.031  -87.935  0.215 0.4000000060
5601  28.448  -88.029  0.929 0.8000000119
5616  37.385  -86.920  -1.691 0.4000000060
5641  37.028  -87.017  -2.433 0.4000000060
5646  25.560  -87.000  -3.572 0.5000000000
5647  24.784  -87.285  -3.612 0.5000000000
5656  25.605  -87.594  -3.761 0.6000000238
6075  31.999  -86.790  4.878 0.3000000119
6104  27.684  -86.383  2.370 0.6999999881
6118  28.601  -87.045  1.769 0.6000000238
6119  27.917  -87.000  1.938 0.6999999881
6139  29.863  -87.174  0.800 0.8000000119
6140  26.438  -86.471  0.039 0.6999999881
6154  37.438  -86.787  -1.235 0.5000000000
6155  37.189  -86.853  -0.733 0.4000000060
6157  31.378  -86.457  -1.251 0.6999999881
6159  26.446  -86.964  -1.054 0.6000000238
6172  37.554  -86.455  -1.642 0.5000000000
6176  25.492  -85.819  -2.753 0.5000000000
6186  36.993  -86.182  -2.780 0.5000000000
6201  33.169  -86.077  -3.172 0.6999999881
6603  31.529  -85.842  4.294 0.3000000119
6617  27.243  -85.134  3.178 0.6000000238
6632  31.871  -86.346  3.058 0.3000000119
6634  28.209  -85.892  2.770 0.6999999881
6650  34.562  -85.419  1.235 0.4000000060
6651  33.442  -85.767  1.455 0.4000000060
6654  26.086  -85.284  1.289 0.6999999881
6668  23.328  -85.616  -0.129 0.5000000000
6688  25.022  -84.999  -3.037 0.5000000000
6695  37.050  -85.536  -2.937 0.6000000238
6706  36.123  -85.738  -3.150 0.6000000238
6707  35.427  -85.784  -3.308 0.4000000060
7151  27.914  -84.028  4.001 0.6000000238
7158  33.225  -84.146  3.051 0.4000000060
7159  32.436  -84.585  3.417 0.3000000119
7160  31.766  -85.121  3.857 0.3000000119
7162  28.391  -84.552  3.507 0.6000000238
7188  36.533  -83.779  1.217 0.3000000119
7189  35.842  -84.464  1.349 0.4000000060
7190  34.937  -84.724  1.629 0.4000000060
7228  24.351  -83.914  -2.720 0.6000000238
7230  22.612  -84.278  -1.237 0.5000000000
7239  30.891  -84.731  -2.600 0.6999999881
7241  23.352  -84.192  -2.809 0.5000000000
7251  36.722  -84.427  -3.111 0.5000000000
7267  30.658  -83.841  -3.418 0.6000000238
7735  31.860  -84.018  5.049 0.3000000119
7738  26.781  -83.139  4.057 0.6999999881
7749  33.682  -83.478  3.446 0.3000000119
7752  28.617  -83.885  3.909 0.6000000238
7754  26.477  -83.761  3.452 0.6999999881
7774  30.157  -83.854  1.732 0.6999999881
7805  29.565  -82.973  -2.889 0.6999999881
7806  23.860  -83.341  -2.646 0.5000000000
7808  22.925  -82.912  -2.551 0.5000000000
7816  36.992  -83.673  -2.907 0.4000000060
7818  32.776  -83.580  -3.170 0.5000000000
8285  27.539  -82.256  7.733 0.6999999881
8287  26.092  -82.323  7.756 0.6000000238
8297  32.280  -82.253  6.654 0.3000000119
8298  31.726  -82.847  6.987 0.3000000119
8300  27.254  -82.436  6.909 0.6000000238
8311  29.309  -82.302  5.065 0.8000000119
8313  27.746  -82.550  5.357 0.6999999881
8330  33.020  -82.885  4.894 0.4000000060
8333  28.093  -82.924  4.846 0.6999999881
8359  36.013  -82.425  2.400 0.3000000119
8371  25.218  -82.839  1.528 0.6999999881
8395  23.649  -81.921  -1.747 0.4000000060
8397  21.877  -82.218  -1.658 0.5000000000
8402  37.844  -82.755  -2.174 0.4000000060
8403  37.201  -82.561  -2.263 0.4000000060
8423  29.801  -82.938  -3.429 0.6999999881
8424  29.372  -82.315  -3.191 0.6000000238
8426  30.287  -82.814  -3.622 0.6000000238
8868  25.308  -81.267  9.970 0.5000000000
8879  35.360  -81.328  9.867 0.3000000119
8882  32.855  -81.497  9.400 0.3000000119
8883  26.872  -81.496  9.327 0.5000000000
8884  25.482  -81.688  9.216 0.6000000238
8898  32.406  -81.558  8.645 0.3000000119
8901  25.598  -82.054  8.342 0.5000000000
8915  28.828  -81.584  7.245 0.6999999881
8929  33.179  -81.246  6.274 0.3000000119
8932  28.613  -82.015  6.503 0.6999999881
8934  24.880  -81.467  6.929 0.6000000238
8950  30.267  -81.334  5.050 0.8000000119
8954  25.448  -81.134  5.314 0.6000000238
8968  34.509  -81.460  4.555 0.3000000119
8969  33.880  -81.905  4.857 0.3000000119
8987  35.578  -81.397  3.433 0.3000000119
8989  30.647  -81.236  3.261 0.6999999881
8990  25.971  -81.621  3.862 0.6999999881
9007  25.226  -81.506  2.516 0.6000000238
9022  24.546  -81.614  0.936 0.6000000238
9051  30.090  -81.744  -0.136 0.6999999881
9067  31.247  -81.583  -3.397 0.5000000000
9487  25.074  -80.168  11.003 0.6000000238
9488  24.225  -80.203  10.853 0.6000000238
9496  26.974  -80.246  10.234 0.5000000000
9497  26.282  -80.484  10.498 0.5000000000
9510  34.138  -80.487  9.556 0.3000000119
9513  26.594  -80.962  9.963 0.4000000060
9516  22.657  -80.195  9.571 0.5000000000
9528  28.509  -80.784  8.523 0.5000000000
9531  23.481  -80.692  8.510 0.5000000000
9537  33.314  -80.072  8.100 0.3000000119
9538  32.888  -80.622  7.974 0.3000000119
9541  24.354  -81.160  7.416 0.5000000000
9567  33.594  -81.024  5.920 0.3000000119
9586  24.937  -80.258  4.214 0.5000000000
9598  30.859  -80.630  2.905 0.6000000238
9628  30.598  -80.363  1.569 0.6000000238
9641  37.620  -80.053  -0.230 0.4000000060
9657  33.043  -80.790  -0.610 0.4000000060
9670  28.634  -79.837  -2.530 0.6999999881
9677  28.833  -79.907  -3.063 0.6000000238
10133  23.804  -79.525  11.148 0.5000000000
10134  22.962  -79.379  10.999 0.5000000000
10142  25.900  -80.023  11.007 0.5000000000
10146  20.651  -79.290  10.266 0.5000000000
10147  19.835  -79.139  10.176 0.6000000238
10156  36.641  -79.122  9.031 0.3000000119
10179  33.788  -79.696  8.551 0.3000000119
10182  20.966  -79.596  8.251 0.5000000000
10183  20.044  -79.522  8.645 0.6000000238
10192  34.040  -79.152  7.372 0.3000000119
10193  33.619  -79.638  7.773 0.3000000119
10200  20.119  -79.393  6.974 0.6000000238
10209  23.267  -79.696  5.810 0.5000000000
10213  20.145  -79.174  6.130 0.6000000238
10223  30.976  -79.155  5.809 0.5000000000
10225  23.497  -79.621  5.105 0.5000000000
10227  20.609  -79.029  5.497 0.6000000238
10241  31.352  -78.861  4.324 0.6999999881
10273  31.127  -79.212  2.545 0.6999999881
10274  30.858  -79.974  2.199 0.6000000238
10275  24.528  -79.999  2.859 0.6000000238
10292  34.301  -79.165  1.417 0.4000000060
10293  33.499  -78.997  1.167 0.4000000060
10309  34.930  -79.846  0.979 0.4000000060
10312  30.064  -79.694  0.413 0.6000000238
10333  32.361  -79.838  -1.836 0.5000000000
10341  29.667  -79.877  -3.274 0.6000000238
10846  23.505  -78.795  11.348 0.4000000060
10849  20.770  -78.365  11.273 0.5000000000
10857  26.881  -79.112  10.997 0.5000000000
10860  19.458  -78.612  10.705 0.6000000238
10861  18.657  -78.363  10.540 0.6000000238
10874  19.057  -78.850  10.013 0.6000000238
10892  16.353  -77.659  8.361 0.6000000238
10909  17.441  -78.465  7.653 0.6000000238
10916  35.102  -78.162  6.653 0.3000000119
10917  34.536  -78.635  6.992 0.3000000119
10920  18.542  -79.082  6.869 0.6000000238
10923  14.555  -77.693  7.191 0.5000000000
10930  21.091  -78.866  4.772 0.6000000238
10932  18.369  -78.636  5.464 0.6000000238
10934  16.458  -77.717  6.454 0.6000000238
10972  22.385  -78.877  2.497 0.5000000000
10984  36.872  -78.222  0.467 0.3000000119
10985  35.909  -78.500  1.151 0.3000000119
11023  28.612  -78.680  -1.531 0.6000000238
11024  31.923  -78.424  -2.667 0.6000000238
11027  29.085  -78.637  -2.461 0.6000000238
11028  28.611  -78.715  -2.011 0.6000000238
11551  19.559  -77.444  11.488 0.4000000060
11569  18.198  -77.760  10.945 0.5000000000
11585  16.996  -77.646  9.880 0.6000000238
11587  15.459  -77.698  9.451 0.5000000000
11642  31.165  -77.689  5.186 0.6000000238
11657  31.291  -77.400  4.611 0.6000000238
11659  18.164  -77.768  3.852 0.6000000238
11661  16.596  -77.227  4.828 0.5000000000
11670  31.428  -77.500  3.961 0.6000000238
11671  19.216  -77.581  2.511 0.6000000238
11682  34.654  -77.387  2.154 0.3000000119
11683  33.961  -77.212  2.187 0.3000000119
11686  19.573  -77.412  1.605 0.5000000000
11700  33.602  -77.427  1.734 0.3000000119
11718  38.089  -77.672  0.422 0.3000000119
11719  37.601  -77.866  0.410 0.3000000119
11721  29.870  -78.208  0.581 0.6000000238
11732  28.465  -78.146  -0.859 0.6000000238
11734  32.638  -77.554  -2.035 0.4000000060
11738  32.222  -77.714  -2.432 0.4000000060
11740  30.862  -77.753  -2.555 0.4000000060
12243  24.044  -76.561  11.382 0.4000000060
12245  22.074  -76.935  11.423 0.4000000060
12325  31.221  -76.829  4.323 0.6000000238
12386  33.226  -76.760  0.458 0.3000000119
12988  20.193  -75.803  11.435 0.4000000060
12992  16.963  -75.581  11.604 0.3000000119
13009  21.014  -75.483  11.033 0.4000000060
13111  38.666  -76.173  -0.153 0.3000000119
13122  33.376  -75.399  -2.006 0.5000000000
13791  19.811  -74.075  8.572 0.3000000119
13844  35.363  -74.621  2.510 0.3000000119
13888  32.592  -75.078  -1.744 0.4000000060
14566  16.850  -72.828  9.445 0.3000000119
14576  21.343  -73.547  8.670 0.3000000119
14579  18.159  -73.566  7.541 0.3000000119
14587  20.144  -73.520  7.386 0.3000000119
14588  19.426  -73.647  6.886 0.3000000119
15367  22.545  -73.049  9.544 0.4000000060
15379  20.850  -72.532  8.082 0.3000000119
15394  17.376  -73.159  7.424 0.3000000119
15407  19.443  -72.957  6.363 0.3000000119
15408  18.786  -72.872  5.819 0.3000000119
15425  14.318  -72.257  5.031 0.4000000060
15435  14.789  -72.090  4.103 0.4000000060
15436  13.804  -72.119  4.215 0.4000000060
16261  22.783  -71.358  9.869 0.4000000060
16275  19.926  -71.303  7.590 0.3000000119
16301  18.493  -72.223  5.576 0.3000000119
16321  17.110  -72.044  4.463 0.4000000060
16341  16.275  -71.713  3.952 0.4000000060
16342  15.354  -71.569  3.727 0.4000000060
16344  13.354  -71.882  3.982 0.3000000119
16345  12.784  -71.888  4.227 0.3000000119
17157  21.676  -70.775  9.391 0.3000000119
17158  20.634  -70.060  9.163 0.3000000119
17174  20.981  -70.961  8.870 0.4000000060
17244  16.328  -70.938  3.798 0.4000000060
17245  15.618  -70.656  3.696 0.4000000060
17247  13.768  -71.281  3.922 0.3000000119
18092  21.815  -70.069  9.749 0.3000000119
18094  20.483  -69.240  9.449 0.3000000119
18115  19.971  -69.625  8.935 0.3000000119
18117  18.942  -69.559  8.002 0.3000000119
18133  17.538  -68.728  6.606 0.3000000119
18148  17.527  -69.571  6.016 0.3000000119
18163  16.407  -69.528  4.625 0.3000000119
18164  15.218  -69.138  4.754 0.3000000119
18165  14.503  -69.426  4.866 0.3000000119
18180  16.148  -70.003  4.074 0.3000000119
18183  14.126  -70.333  4.337 0.3000000119
18963  24.435  -68.919  11.030 0.3000000119
18980  21.669  -68.481  10.254 0.3000000119
18994  20.288  -68.374  9.613 0.3000000119
19048  16.900  -68.635  5.759 0.3000000119
19050  15.470  -68.277  5.343 0.3000000119
19857  19.736  -67.045  9.364 0.3000000119
19903  15.971  -67.179  5.635 0.3000000119
20708  15.983  -65.870  6.075 0.3000000119
21528  19.648  -66.157  9.225 0.3000000119
21562  16.572  -65.078  6.362 0.3000000119
22397  18.073  -63.637  7.253 0.3000000119
22421  16.546  -64.460  6.520 0.3000000119
22422  16.223  -64.481  6.680 0.3000000119
121060  29.019  -91.228  -4.047 0.6000000238
121102  19.125  -73.849  8.546 0.3000000119
121235  33.299  -77.820  1.178 0.3000000119
121469  19.611  -73.916  7.768 0.3000000119
121577  28.340  -92.261  5.703 0.3000000119
122577  28.672  -80.912  -2.403 0.6999999881
123234  37.864  -85.404  -1.658 0.4000000060
123347  33.267  -77.283  1.117 0.3000000119
123635  21.830  -78.613  1.675 0.4000000060
123983  30.143  -80.740  6.382 0.6999999881
124209  23.882  -80.732  10.137 0.6000000238
124555  14.997  -72.257  5.685 0.3000000119
124845  32.311  -81.791  7.324 0.3000000119
125204  28.166  -89.608  -2.820 0.6999999881
125745  30.538  -83.890  -0.334 0.6999999881
125786  35.687  -88.932  -2.432 0.4000000060
126126  25.873  -91.906  -4.321 0.5000000000
126129  22.374  -72.151  9.487 0.4000000060
126381  19.361  -74.790  11.250 0.3000000119
126710  20.826  -76.175  11.418 0.4000000060
127059  24.210  -80.408  1.620 0.5000000000
127332  30.017  -88.966  -0.413 0.6999999881
127581  30.926  -79.978  5.230 0.8000000119
128195  26.378  -90.543  -4.539 0.6000000238
128678  22.124  -79.231  5.449 0.5000000000
128842  38.060  -83.940  -0.969 0.3000000119
128914  26.172  -91.184  -4.523 0.6000000238
129836  37.877  -84.131  -2.474 0.4000000060
130192  24.132  -77.363  11.482 0.4000000060
130510  22.085  -71.372  9.435 0.4000000060
131777  31.825  -88.067  -1.627 0.6000000238
131896  15.735  -77.369  6.363 0.5000000000
132081  24.543  -91.434  -3.427 0.5000000000
132139  24.585  -68.150  11.219 0.3000000119
133378  15.911  -67.988  5.377 0.3000000119
133622  31.863  -94.417  1.167 0.5000000000
133657  32.483  -81.084  -1.997 0.5000000000
133723  33.409  -88.364  3.830 0.4000000060
133939  34.390  -79.897  9.307 0.3000000119
134116  18.654  -71.445  5.980 0.3000000119
134338  22.588  -69.104  10.371 0.3000000119
134825  33.627  -92.205  3.406 0.5000000000
135294  24.882  -89.113  -3.102 0.6000000238
136263  18.235  -68.971  7.479 0.3000000119
136698  25.469  -95.419  7.664 0.3000000119
136866  18.071  -76.569  11.510 0.4000000060
136917  33.824  -91.323  0.700 0.4000000060
137200  30.234  -80.021  6.955 0.5000000000
137214  33.211  -80.748  9.098 0.3000000119
137385  24.867  -81.031  6.036 0.5000000000
138736  27.802  -94.166  5.827 0.3000000119
138951  17.829  -78.594  5.953 0.6000000238
138960  15.877  -72.368  8.364 0.3000000119
138974  34.142  -87.748  -3.412 0.6000000238
139016  34.493  -83.502  -2.695 0.4000000060
139672  32.148  -80.908  -2.477 0.5000000000
139795  33.887  -91.652  3.281 0.5000000000
140027  21.526  -71.398  9.072 0.4000000060
140147  30.775  -76.361  4.679 0.6000000238
140176  20.351  -74.168  8.633 0.3000000119
141304  20.736  -79.568  9.057 0.5000000000
141491  18.951  -78.398  4.391 0.6000000238
141737  33.776  -92.211  2.306 0.5000000000
141816  25.177  -86.573  -3.687 0.5000000000
142011  34.041  -89.385  5.060 0.4000000060
142024  22.309  -79.181  4.959 0.6000000238
142226  26.177  -92.014  -4.137 0.6000000238
142260  23.812  -79.512  3.910 0.5000000000
142815  36.472  -88.162  -0.736 0.4000000060
143284  32.978  -92.456  0.421 0.4000000060
143391  33.658  -91.041  -2.578 0.4000000060
143642  23.721  -73.307  10.388 0.4000000060
143753  29.082  -84.592  3.093 0.6000000238
143938  24.770  -84.397  -2.650 0.6000000238
143997  22.123  -68.791  10.334 0.3000000119
144986  34.093  -79.670  8.986 0.3000000119
