#!ascii label  , from subject sub-v1s17x0051138_ses-1 vox2ras=TkReg
2171
10254  44.932  -79.513  3.526 0.2000000030
10253  44.891  -79.485  2.594 0.2000000030
123618  44.652  -80.299  3.458 0.2000000030
10286  44.510  -79.290  0.464 0.1000000015
9580  45.013  -79.578  4.510 0.3000000119
10953  45.028  -78.893  3.390 0.2000000030
137747  44.572  -80.030  1.812 0.1000000015
10270  44.635  -80.166  2.579 0.2000000030
124785  44.947  -77.342  2.873 0.1000000015
11679  45.217  -77.992  2.246 0.1000000015
137112  45.337  -77.225  2.169 0.1000000015
12347  45.581  -76.589  1.734 0.1000000015
11694  45.426  -77.624  1.224 0.1000000015
14626  46.707  -73.553  2.280 0.1000000015
13092  45.857  -75.719  1.275 0.1000000015
135656  46.360  -74.277  1.799 0.1000000015
15446  47.787  -72.375  2.355 0.2000000030
14625  47.230  -72.974  1.849 0.1000000015
13820  44.462  -74.790  4.057 0.1000000015
14614  45.587  -73.548  4.231 0.1000000015
11667  44.949  -78.159  3.155 0.2000000030
13827  45.640  -74.688  2.736 0.1000000015
12331  45.202  -76.469  2.583 0.1000000015
15439  47.716  -72.385  3.383 0.1000000015
16325  49.318  -70.971  3.742 0.2000000030
16347  48.778  -71.466  3.347 0.2000000030
18169  50.384  -69.624  3.430 0.1000000015
128396  48.817  -71.390  2.453 0.2000000030
18168  50.842  -68.764  3.720 0.2000000030
18184  50.666  -68.102  2.833 0.1000000015
19908  50.530  -66.989  3.614 0.1000000015
14620  45.915  -73.791  3.293 0.1000000015
14613  46.416  -73.148  3.971 0.1000000015
14619  46.615  -73.375  3.103 0.1000000015
18152  50.860  -69.012  5.077 0.2000000030
19053  51.388  -67.279  4.522 0.2000000030
20710  51.493  -66.393  5.362 0.2000000030
19907  51.093  -67.033  3.864 0.2000000030
20722  50.874  -66.463  4.292 0.1000000015
19893  50.001  -66.534  4.348 0.2000000030
15431  46.949  -72.621  4.604 0.1000000015
15430  47.672  -72.240  4.382 0.1000000015
16326  48.686  -71.464  4.300 0.2000000030
17195  50.262  -69.838  5.748 0.2000000030
17212  50.364  -69.758  4.610 0.3000000119
21565  50.755  -65.608  5.561 0.3000000119
20712  50.431  -66.008  4.973 0.2000000030
20713  49.355  -66.271  5.262 0.2000000030
19910  48.500  -67.733  4.322 0.2000000030
19026  51.172  -68.542  5.919 0.3000000119
16306  49.181  -70.977  4.772 0.2000000030
20698  51.620  -66.191  6.141 0.3000000119
21545  50.686  -65.288  6.979 0.3000000119
22382  49.293  -64.805  8.283 0.3000000119
21555  50.169  -65.167  6.374 0.3000000119
21556  49.139  -65.195  6.451 0.2000000030
19895  47.969  -67.586  5.307 0.2000000030
19040  47.585  -68.348  4.896 0.2000000030
21515  50.929  -65.751  9.617 0.4000000060
129654  51.859  -66.706  6.941 0.3000000119
128720  51.048  -65.633  7.720 0.3000000119
19038  51.526  -67.659  5.540 0.2000000030
19881  51.805  -67.023  6.146 0.2000000030
21547  48.599  -64.828  7.078 0.3000000119
20714  48.344  -66.752  5.691 0.2000000030
21557  48.193  -65.456  6.720 0.2000000030
19882  47.475  -67.238  6.133 0.2000000030
139061  49.770  -65.241  9.798 0.3000000119
21516  49.940  -65.284  8.862 0.3000000119
22401  48.133  -64.596  7.763 0.2000000030
21549  46.905  -65.395  7.672 0.2000000030
21548  47.726  -65.026  7.356 0.2000000030
20689  46.586  -66.335  7.461 0.1000000015
20702  47.829  -66.340  6.438 0.2000000030
19883  46.680  -67.691  6.544 0.2000000030
20703  47.025  -66.801  6.841 0.2000000030
19896  47.124  -68.103  5.785 0.2000000030
22341  48.276  -64.357  11.059 0.3000000119
22342  47.761  -64.163  10.159 0.3000000119
22368  49.021  -64.784  9.103 0.3000000119
23196  47.011  -63.634  10.287 0.2000000030
22384  47.627  -64.362  8.502 0.3000000119
23210  46.471  -63.609  9.737 0.2000000030
22383  48.509  -64.546  8.341 0.3000000119
22385  46.793  -64.242  8.601 0.1000000015
21534  46.457  -64.950  8.263 0.1000000015
20678  45.396  -66.347  8.473 0.1000000015
20677  46.141  -65.865  8.053 0.1000000015
22386  45.966  -64.492  8.801 0.1000000015
19873  45.538  -67.671  7.582 0.1000000015
23169  48.490  -63.342  12.246 0.3000000119
23182  47.560  -63.907  10.949 0.2000000030
23170  46.873  -62.782  12.080 0.2000000030
24985  46.491  -61.556  12.500 0.2000000030
25834  45.511  -60.504  12.550 0.1000000015
23183  46.349  -62.847  11.419 0.1000000015
138523  45.307  -61.764  12.050 0.1000000015
23197  46.212  -63.202  10.487 0.1000000015
22371  46.273  -63.832  9.141 0.1000000015
21517  45.200  -64.934  9.230 0.1000000015
21536  44.906  -65.863  9.096 0.1000000015
141964  47.452  -62.542  12.369 0.2000000030
132590  45.007  -61.181  12.331 0.1000000015
25002  44.649  -61.705  11.797 0.1000000015
24121  45.127  -62.189  11.427 0.1000000015
24139  44.828  -62.609  10.740 0.1000000015
23211  45.781  -63.509  9.725 0.1000000015
23199  44.517  -63.159  10.381 0.1000000015
22373  44.668  -64.410  9.739 0.1000000015
23212  44.978  -63.620  9.855 0.1000000015
25003  43.396  -61.085  11.841 0.1000000015
22355  44.163  -63.879  10.256 0.1000000015
21518  44.354  -65.326  9.674 0.1000000015
24987  43.773  -60.395  12.249 0.1000000015
13838  45.980  -74.900  2.001 0.1000000015
13065  44.977  -75.447  3.173 0.1000000015
140705  50.282  -69.453  2.456 0.1000000015
19750  44.511  -67.120  19.813 0.5000000000
20557  46.212  -65.794  19.594 0.5000000000
20559  43.992  -66.521  20.083 0.5000000000
19729  42.982  -66.845  20.234 0.5000000000
125902  47.537  -66.189  20.840 0.2000000030
20533  47.811  -65.874  20.302 0.2000000030
21376  47.261  -65.415  20.234 0.3000000119
21403  47.003  -65.392  19.771 0.3000000119
21405  45.593  -65.236  19.897 0.5000000000
20558  45.050  -66.127  19.850 0.5000000000
20534  44.508  -65.447  20.130 0.5000000000
20535  43.460  -65.952  20.288 0.5000000000
132184  42.992  -65.523  20.371 0.5000000000
20536  42.534  -66.209  20.321 0.5000000000
19752  42.453  -67.674  19.959 0.5000000000
19730  42.032  -66.985  20.148 0.5000000000
18874  41.885  -68.415  19.456 0.5000000000
17055  42.799  -70.315  17.708 0.5000000000
143544  46.842  -65.378  21.051 0.3000000119
130846  46.267  -64.749  20.619 0.3000000119
139598  45.174  -64.781  20.180 0.5000000000
125555  42.241  -65.536  20.408 0.5000000000
20537  41.521  -66.270  20.189 0.5000000000
19753  41.528  -67.650  19.741 0.5000000000
18875  41.010  -68.158  19.239 0.5000000000
15305  43.095  -72.062  15.172 0.4000000060
16216  42.606  -71.625  15.783 0.5000000000
16201  43.203  -71.210  16.365 0.5000000000
17079  42.727  -70.713  17.058 0.5000000000
17042  42.425  -69.945  18.144 0.5000000000
15317  43.557  -72.488  14.521 0.4000000060
20520  46.764  -65.922  21.285 0.3000000119
22208  46.066  -64.628  21.098 0.4000000060
23063  44.974  -63.830  21.000 0.4000000060
21379  44.482  -64.578  20.320 0.5000000000
22216  43.341  -63.844  20.554 0.5000000000
137208  43.806  -64.366  20.402 0.5000000000
21381  42.929  -64.758  20.421 0.5000000000
22217  42.324  -64.123  20.540 0.5000000000
23069  41.465  -63.529  20.590 0.5000000000
22218  41.381  -64.576  20.444 0.5000000000
21382  41.402  -65.403  20.336 0.5000000000
20561  40.623  -66.638  19.723 0.5000000000
17970  41.102  -69.157  18.474 0.6000000238
16202  42.115  -71.187  16.392 0.5000000000
129075  42.018  -70.296  17.554 0.5000000000
17971  40.229  -68.847  18.021 0.5000000000
135256  43.955  -73.520  13.242 0.4000000060
15330  44.008  -72.974  13.799 0.4000000060
15306  42.022  -72.150  15.255 0.5000000000
17865  44.171  -69.953  24.012 0.1000000015
18802  43.185  -68.960  23.960 0.1000000015
18820  42.859  -68.162  23.711 0.1000000015
18818  44.052  -68.843  22.826 0.1000000015
19695  43.290  -67.679  23.106 0.1000000015
19696  42.647  -67.336  23.487 0.1000000015
18831  43.853  -67.990  22.671 0.1000000015
131398  43.277  -66.782  22.945 0.1000000015
20502  42.513  -66.430  23.350 0.1000000015
20521  45.951  -66.783  21.577 0.2000000030
124636  45.162  -66.536  21.942 0.1000000015
136817  45.927  -65.970  21.648 0.3000000119
22215  44.332  -63.793  20.633 0.5000000000
21359  45.512  -64.715  21.650 0.4000000060
23064  44.621  -63.633  21.652 0.4000000060
122582  43.638  -63.173  20.865 0.4000000060
23068  42.716  -63.213  20.718 0.5000000000
23070  40.402  -63.404  20.400 0.5000000000
19754  40.608  -67.426  19.368 0.5000000000
17080  41.586  -70.675  16.902 0.5000000000
14495  42.959  -73.093  14.061 0.4000000060
140467  44.257  -74.574  12.304 0.5000000000
16024  43.851  -71.361  27.253 0.1000000015
16949  44.221  -70.999  26.064 0.1000000015
16955  44.193  -70.605  25.350 0.1000000015
17866  43.815  -70.047  24.737 0.1000000015
140262  43.587  -69.549  24.201 0.1000000015
18803  42.573  -68.587  24.418 0.1000000015
18804  41.910  -68.214  24.808 0.1000000015
17849  43.447  -70.095  25.453 0.1000000015
17867  43.080  -69.431  24.795 0.1000000015
19684  42.219  -67.814  24.104 0.1000000015
23050  41.874  -63.088  23.424 0.2000000030
23999  41.002  -62.430  23.772 0.2000000030
18830  44.494  -68.213  22.300 0.1000000015
19706  43.787  -67.193  22.650 0.1000000015
20501  43.299  -65.818  22.903 0.1000000015
127681  42.271  -63.634  23.282 0.2000000030
20510  44.263  -66.179  22.442 0.2000000030
21361  44.002  -65.257  22.580 0.1000000015
22193  43.649  -63.831  22.630 0.2000000030
23049  43.383  -63.027  22.536 0.2000000030
23998  41.778  -62.300  23.405 0.2000000030
24871  41.169  -61.750  23.654 0.2000000030
21360  44.787  -65.008  22.245 0.2000000030
122185  44.364  -63.811  22.202 0.2000000030
23060  44.046  -63.292  22.148 0.3000000119
24015  43.145  -62.335  21.772 0.3000000119
24016  42.531  -61.999  21.485 0.4000000060
24021  42.147  -62.522  20.899 0.5000000000
18895  39.923  -68.162  18.284 0.5000000000
24022  41.038  -62.601  20.764 0.4000000060
132235  39.388  -68.205  16.211 0.5000000000
19782  39.354  -67.904  16.859 0.5000000000
19774  39.445  -67.490  17.714 0.5000000000
18000  39.641  -69.419  16.482 0.5000000000
17986  39.872  -69.151  17.279 0.5000000000
18905  39.637  -68.389  17.491 0.5000000000
21384  39.980  -64.738  19.896 0.5000000000
22219  40.540  -64.254  20.276 0.5000000000
16203  41.065  -71.109  16.246 0.5000000000
17081  39.856  -70.157  16.232 0.5000000000
17057  40.223  -69.843  16.998 0.5000000000
20571  39.455  -66.736  18.349 0.5000000000
15318  42.495  -72.615  14.670 0.5000000000
16217  41.545  -71.628  15.762 0.5000000000
17985  40.626  -69.511  17.723 0.5000000000
138546  40.362  -67.975  18.861 0.6000000238
13731  42.801  -74.089  13.058 0.4000000060
16018  43.353  -71.447  27.968 0.1000000015
16950  43.603  -70.775  26.631 0.1000000015
16951  42.869  -70.342  26.911 0.1000000015
17819  41.592  -69.549  27.519 0.1000000015
122988  43.716  -70.539  25.938 0.1000000015
17835  43.152  -70.205  26.188 0.1000000015
17850  42.774  -69.634  25.693 0.1000000015
19685  41.552  -67.472  24.492 0.1000000015
20496  41.246  -66.724  24.249 0.1000000015
22196  40.721  -64.528  23.851 0.1000000015
138223  42.376  -65.357  23.301 0.1000000015
124781  41.197  -63.046  23.686 0.2000000030
22195  41.789  -64.503  23.468 0.1000000015
23051  41.413  -63.756  23.569 0.2000000030
24010  43.020  -62.377  22.407 0.3000000119
24888  42.055  -61.347  22.591 0.3000000119
25725  40.828  -60.513  23.394 0.2000000030
24896  42.068  -61.395  21.871 0.3000000119
25724  41.497  -60.866  23.009 0.2000000030
24017  41.694  -61.802  21.204 0.4000000060
25749  41.012  -60.624  21.959 0.3000000119
24903  40.598  -61.733  20.934 0.4000000060
24898  40.487  -60.865  21.365 0.4000000060
21444  39.605  -65.123  16.253 0.5000000000
123048  39.183  -65.090  16.931 0.5000000000
20576  39.218  -66.473  17.403 0.5000000000
24023  40.153  -62.624  20.482 0.5000000000
24057  40.048  -62.037  15.987 0.5000000000
24935  39.929  -61.291  16.283 0.5000000000
24042  39.240  -62.831  16.944 0.5000000000
22286  39.322  -64.358  16.744 0.5000000000
21422  39.109  -65.535  17.467 0.6000000238
23071  39.796  -63.217  20.118 0.5000000000
123382  39.505  -61.996  16.694 0.5000000000
128599  39.103  -62.266  17.288 0.5000000000
22270  39.029  -64.638  17.564 0.6000000238
21406  39.856  -65.486  19.575 0.5000000000
136839  39.061  -65.244  18.077 0.5000000000
136796  39.553  -66.121  18.949 0.5000000000
12975  44.427  -75.778  11.381 0.4000000060
12968  43.824  -75.179  11.992 0.4000000060
14521  44.286  -73.932  12.748 0.4000000060
18770  39.715  -68.190  28.274 0.1000000015
17820  40.940  -69.112  27.889 0.1000000015
19651  39.514  -67.635  27.493 0.1000000015
17836  42.507  -69.794  26.474 0.1000000015
17837  41.837  -69.386  26.778 0.1000000015
18780  40.735  -68.320  26.632 0.1000000015
19660  40.065  -67.792  26.754 0.1000000015
18779  41.415  -68.745  26.342 0.1000000015
19671  40.588  -67.487  25.574 0.1000000015
125761  39.671  -66.734  25.732 0.1000000015
19686  40.841  -67.140  24.869 0.1000000015
21333  39.895  -66.146  24.841 0.1000000015
21343  40.327  -65.567  24.298 0.1000000015
23034  39.483  -63.400  24.458 0.2000000030
23978  39.654  -62.474  24.445 0.2000000030
24848  39.921  -61.436  24.420 0.2000000030
141301  40.683  -61.382  23.953 0.2000000030
24847  40.514  -60.767  23.983 0.2000000030
32346  40.651  -52.934  18.895 0.2000000030
25740  40.916  -60.399  22.672 0.2000000030
32345  41.203  -53.506  18.330 0.2000000030
31306  40.252  -54.495  18.891 0.2000000030
30335  39.864  -55.507  18.603 0.2000000030
30336  39.096  -56.006  19.045 0.2000000030
30334  40.878  -55.116  18.232 0.2000000030
29366  40.322  -56.023  17.987 0.2000000030
29367  39.524  -56.424  18.393 0.2000000030
28414  38.894  -57.666  18.621 0.2000000030
29368  38.938  -56.900  18.866 0.3000000119
27525  38.653  -58.195  18.941 0.2000000030
26629  38.662  -59.416  19.663 0.4000000060
29377  40.803  -56.507  17.421 0.2000000030
141330  39.867  -57.001  17.726 0.3000000119
26636  38.943  -59.215  18.142 0.4000000060
27524  38.922  -58.393  18.345 0.3000000119
125588  38.727  -59.757  18.705 0.4000000060
25760  38.707  -60.244  19.189 0.5000000000
24904  39.689  -61.198  20.678 0.4000000060
26654  41.238  -59.142  15.970 0.5000000000
26655  40.422  -59.352  16.404 0.4000000060
143742  40.314  -58.820  16.633 0.4000000060
144810  39.803  -58.427  17.173 0.4000000060
26644  39.364  -59.523  17.430 0.4000000060
24927  38.994  -61.059  17.713 0.5000000000
25766  38.751  -60.616  18.523 0.5000000000
24909  38.778  -61.052  19.298 0.5000000000
126028  39.781  -62.014  20.459 0.5000000000
26656  39.825  -59.816  16.796 0.5000000000
24936  39.455  -61.166  16.946 0.5000000000
23105  38.884  -62.864  17.787 0.5000000000
22252  38.881  -63.838  18.128 0.5000000000
22251  39.087  -64.649  18.476 0.5000000000
23089  39.100  -63.968  19.047 0.5000000000
22220  39.718  -63.986  19.901 0.5000000000
19633  38.608  -67.625  29.477 0.1000000015
19642  39.154  -67.997  28.919 0.1000000015
19643  38.693  -67.362  28.673 0.1000000015
20471  37.876  -66.082  27.983 0.1000000015
20469  38.990  -66.948  27.060 0.1000000015
21316  38.064  -65.827  27.135 0.1000000015
20480  38.627  -66.267  26.673 0.1000000015
21327  37.743  -65.098  26.773 0.1000000015
21334  38.716  -65.245  25.525 0.1000000015
22165  38.416  -64.360  25.390 0.1000000015
21344  39.436  -65.497  24.943 0.1000000015
23035  38.821  -63.836  24.840 0.2000000030
23979  38.814  -62.930  24.791 0.2000000030
32331  40.170  -53.594  19.326 0.1000000015
30324  39.372  -55.103  19.293 0.2000000030
26601  40.215  -59.792  22.616 0.2000000030
33367  39.851  -52.008  19.884 0.1000000015
139019  40.022  -52.746  19.614 0.1000000015
124329  39.507  -54.236  19.597 0.1000000015
126520  38.933  -54.789  19.855 0.1000000015
30325  38.666  -55.613  19.833 0.1000000015
28406  38.576  -57.558  19.391 0.1000000015
27514  38.535  -58.421  19.528 0.2000000030
25741  40.405  -60.240  21.926 0.2000000030
28399  38.326  -57.177  20.173 0.1000000015
141032  38.405  -57.887  20.041 0.1000000015
25750  39.777  -60.403  21.224 0.2000000030
24917  38.766  -61.476  18.469 0.5000000000
126802  38.794  -61.840  19.096 0.5000000000
24908  39.145  -61.771  19.887 0.5000000000
24025  39.507  -62.600  20.014 0.5000000000
24033  38.796  -62.306  18.512 0.5000000000
23090  38.890  -63.143  18.718 0.5000000000
24026  38.993  -62.514  19.316 0.5000000000
19634  38.027  -67.184  30.044 0.1000000015
21290  37.194  -65.919  29.503 0.1000000015
21306  36.822  -65.086  29.063 0.1000000015
20463  37.727  -66.350  28.830 0.1000000015
21317  37.513  -65.363  27.624 0.1000000015
22141  36.979  -64.859  28.151 0.1000000015
23023  37.537  -63.556  26.131 0.1000000015
23014  37.029  -63.645  26.935 0.1000000015
22166  37.872  -64.117  25.824 0.1000000015
23022  38.147  -63.435  25.406 0.2000000030
24849  38.983  -61.969  24.823 0.2000000030
24831  39.147  -61.007  24.937 0.2000000030
26544  39.147  -60.088  25.018 0.2000000030
25703  39.822  -60.481  24.454 0.2000000030
25702  40.269  -60.093  23.853 0.2000000030
26586  39.871  -59.415  23.427 0.2000000030
26585  40.505  -59.980  23.229 0.2000000030
32332  39.464  -53.368  19.967 0.1000000015
31307  38.803  -54.091  20.293 0.1000000015
29349  38.285  -56.334  20.361 0.1000000015
27488  38.791  -58.485  22.192 0.1000000015
26611  39.736  -59.741  21.799 0.2000000030
26602  39.524  -59.187  22.460 0.2000000030
27508  38.534  -58.514  20.293 0.1000000015
26622  38.835  -59.206  20.653 0.2000000030
26621  39.244  -59.825  21.026 0.2000000030
22110  36.460  -64.505  30.416 0.1000000015
23896  36.635  -62.732  31.050 0.1000000015
22142  36.608  -64.282  28.735 0.1000000015
23923  36.436  -62.200  29.582 0.1000000015
23934  36.438  -62.067  28.650 0.1000000015
23954  36.843  -62.721  27.021 0.1000000015
23005  36.625  -63.184  27.693 0.1000000015
131352  37.215  -62.997  26.450 0.1000000015
24817  37.307  -61.269  26.464 0.1000000015
130743  37.883  -61.141  25.799 0.1000000015
25686  37.790  -60.426  26.098 0.1000000015
25685  38.459  -60.622  25.471 0.1000000015
125737  39.654  -59.653  24.366 0.2000000030
27456  39.239  -58.812  24.117 0.2000000030
27476  39.220  -58.689  23.141 0.1000000015
128800  40.439  -50.046  20.867 0.1000000015
33352  39.017  -52.057  21.052 0.1000000015
32322  38.773  -53.087  20.795 0.1000000015
31296  38.305  -54.420  20.768 0.1000000015
126399  38.130  -53.411  21.498 0.1000000015
31287  38.004  -54.206  21.298 0.1000000015
30313  38.250  -55.601  20.561 0.1000000015
29337  38.155  -56.887  20.855 0.1000000015
28385  38.314  -57.703  20.829 0.1000000015
27499  38.601  -58.491  21.174 0.2000000030
125668  36.711  -61.464  30.015 0.1000000015
24787  36.742  -60.904  29.366 0.1000000015
24798  36.578  -61.204  28.657 0.1000000015
24807  36.844  -61.002  27.326 0.1000000015
25671  37.272  -60.342  26.891 0.1000000015
26545  38.396  -59.647  25.688 0.1000000015
28336  38.327  -57.924  25.144 0.1000000015
141369  39.023  -59.236  24.958 0.1000000015
27457  38.744  -58.587  24.801 0.2000000030
28355  38.081  -57.428  24.312 0.1000000015
127698  38.593  -58.134  24.245 0.2000000030
33326  38.072  -52.294  22.795 0.1000000015
32295  37.786  -53.054  22.341 0.1000000015
32296  37.454  -53.730  22.902 0.1000000015
29328  37.534  -56.197  23.121 0.1000000015
28372  37.847  -56.971  22.722 0.1000000015
137328  38.277  -57.670  23.410 0.1000000015
34378  39.382  -51.246  21.375 0.1000000015
34379  38.888  -51.633  21.805 0.1000000015
33341  38.394  -52.427  21.797 0.1000000015
31273  37.504  -54.584  22.391 0.1000000015
30304  37.628  -55.319  21.851 0.1000000015
29338  37.662  -56.182  22.191 0.1000000015
28371  38.280  -57.722  22.422 0.1000000015
32310  37.708  -53.916  22.001 0.1000000015
139977  37.722  -54.612  21.702 0.1000000015
29350  37.925  -56.077  21.206 0.1000000015
28386  38.017  -57.069  21.680 0.1000000015
25635  37.304  -60.054  29.795 0.1000000015
25647  36.861  -60.380  28.704 0.1000000015
26511  37.223  -59.453  28.395 0.1000000015
26522  37.376  -59.551  27.355 0.1000000015
27423  37.864  -58.405  26.823 0.1000000015
27436  38.158  -58.171  26.061 0.1000000015
33270  38.577  -52.426  25.328 0.1000000015
32241  37.757  -53.476  25.438 0.1000000015
31221  37.452  -54.821  25.202 0.1000000015
30236  37.532  -55.623  25.447 0.1000000015
28337  37.876  -57.079  25.065 0.1000000015
34336  39.453  -51.247  24.189 0.1000000015
33288  38.945  -51.815  24.799 0.1000000015
32259  37.561  -53.419  24.566 0.1000000015
124727  37.470  -54.102  24.936 0.1000000015
30254  37.417  -55.419  24.510 0.1000000015
134948  37.729  -56.792  24.364 0.1000000015
34337  38.617  -51.652  24.024 0.1000000015
124620  38.418  -51.779  23.285 0.1000000015
33312  37.713  -52.742  24.145 0.1000000015
31242  37.364  -54.136  24.076 0.1000000015
133555  37.329  -54.844  23.994 0.1000000015
29313  37.503  -56.196  23.998 0.1000000015
28356  37.766  -56.894  23.639 0.1000000015
28285  37.840  -57.962  27.374 0.1000000015
29244  37.947  -56.477  27.363 0.1000000015
135094  37.892  -56.939  26.633 0.1000000015
30196  37.907  -55.608  27.199 0.1000000015
29257  37.766  -56.255  26.669 0.1000000015
28318  37.964  -57.404  25.893 0.1000000015
123385  39.442  -52.209  25.528 0.1000000015
32240  38.275  -53.032  25.843 0.1000000015
31205  37.843  -54.402  26.514 0.1000000015
30216  37.649  -55.674  26.308 0.1000000015
29279  37.718  -56.493  25.831 0.1000000015
34319  39.665  -51.670  24.897 0.1000000015
123526  37.602  -54.184  25.767 0.1000000015
21404  46.354  -65.120  19.842 0.4000000060
20538  40.635  -65.884  19.978 0.5000000000
22232  45.158  -64.289  20.514 0.4000000060
23067  44.247  -63.379  21.204 0.4000000060
17886  43.788  -69.290  23.540 0.1000000015
19697  41.926  -67.029  23.837 0.1000000015
20509  45.360  -65.561  21.925 0.2000000030
24019  43.659  -62.874  21.452 0.4000000060
24020  43.048  -62.592  21.138 0.4000000060
16939  43.171  -70.861  27.379 0.1000000015
18788  42.340  -68.963  25.207 0.1000000015
124438  42.603  -62.774  23.020 0.3000000119
23977  40.481  -62.072  24.089 0.2000000030
22194  42.762  -64.267  23.100 0.2000000030
137356  42.982  -63.466  22.931 0.2000000030
23997  42.409  -61.925  22.863 0.3000000119
24009  43.655  -62.745  22.024 0.3000000119
24870  41.746  -61.479  23.203 0.2000000030
24897  41.303  -61.136  21.572 0.3000000119
21436  39.267  -65.794  16.760 0.5000000000
16940  42.551  -70.466  27.599 0.1000000015
17818  42.233  -69.946  27.202 0.1000000015
18768  41.133  -68.929  27.112 0.1000000015
17851  42.089  -69.205  26.008 0.1000000015
19670  41.261  -67.833  25.197 0.1000000015
18790  41.015  -68.135  25.909 0.1000000015
21342  40.989  -66.072  24.068 0.1000000015
21352  41.695  -66.182  23.718 0.1000000015
133705  41.284  -65.386  23.736 0.1000000015
22180  40.047  -63.930  24.179 0.1000000015
23033  40.368  -63.011  24.068 0.2000000030
25739  41.552  -60.918  22.309 0.3000000119
22308  39.868  -64.119  15.991 0.5000000000
23118  39.502  -63.493  16.521 0.5000000000
121827  40.729  -62.164  15.558 0.5000000000
133985  40.257  -60.076  16.338 0.5000000000
18769  40.344  -68.398  27.511 0.1000000015
20479  39.283  -66.666  26.218 0.1000000015
20487  40.095  -66.786  25.273 0.1000000015
20488  39.451  -66.234  25.451 0.1000000015
21325  38.863  -65.986  25.900 0.1000000015
144568  39.394  -64.133  24.532 0.1000000015
129929  40.735  -53.754  18.792 0.2000000030
33382  40.993  -52.775  18.153 0.2000000030
31316  41.137  -54.267  18.389 0.2000000030
29358  38.604  -56.598  19.593 0.1000000015
30347  41.219  -55.685  17.711 0.2000000030
28413  39.304  -57.773  17.955 0.3000000119
25758  38.841  -60.349  19.854 0.4000000060
27531  40.266  -58.266  16.852 0.5000000000
28424  39.801  -57.894  17.358 0.4000000060
27532  39.390  -58.595  17.603 0.4000000060
26645  38.939  -60.098  17.919 0.5000000000
24905  39.072  -60.985  20.077 0.5000000000
131849  38.919  -59.869  20.349 0.3000000119
128593  40.796  -58.610  16.397 0.5000000000
28435  41.045  -57.815  16.593 0.5000000000
25772  39.387  -60.380  17.226 0.5000000000
20452  38.177  -66.969  29.158 0.1000000015
20462  38.299  -66.722  28.347 0.1000000015
19652  38.828  -67.153  27.884 0.1000000015
21326  38.329  -65.547  26.324 0.1000000015
22158  37.542  -64.312  26.461 0.1000000015
22157  38.048  -64.807  26.007 0.1000000015
22164  39.045  -64.657  24.890 0.1000000015
23964  38.256  -62.424  25.320 0.2000000030
20439  37.461  -66.510  30.229 0.1000000015
21274  36.954  -65.843  30.458 0.1000000015
22150  37.230  -64.566  27.279 0.1000000015
22994  36.479  -63.471  28.492 0.1000000015
23965  37.624  -62.769  25.877 0.1000000015
24833  37.730  -61.898  25.833 0.2000000030
24832  38.397  -61.513  25.354 0.2000000030
34400  40.094  -51.190  19.847 0.1000000015
134550  39.592  -51.612  20.527 0.1000000015
32321  39.451  -52.478  20.293 0.1000000015
26612  39.131  -59.142  21.541 0.2000000030
22128  36.506  -64.451  29.600 0.1000000015
128702  36.510  -64.561  31.087 0.1000000015
22967  36.343  -63.880  30.088 0.1000000015
24760  36.903  -61.854  30.820 0.1000000015
23913  36.570  -62.256  30.322 0.1000000015
126940  36.367  -63.041  30.077 0.1000000015
22982  36.383  -63.658  29.353 0.1000000015
129538  36.523  -61.555  29.262 0.1000000015
140140  36.443  -62.788  28.322 0.1000000015
24818  36.803  -61.849  27.105 0.1000000015
23944  36.568  -62.355  27.762 0.1000000015
23953  37.216  -62.253  26.430 0.1000000015
26532  37.733  -59.636  26.516 0.1000000015
27477  38.804  -58.314  23.585 0.2000000030
35517  39.927  -50.696  20.854 0.1000000015
123923  38.363  -53.839  20.892 0.1000000015
30314  37.994  -55.028  21.084 0.1000000015
121775  38.334  -57.902  21.642 0.1000000015
25619  37.060  -60.640  29.954 0.1000000015
25660  36.702  -60.860  28.056 0.1000000015
25659  36.969  -60.245  27.768 0.1000000015
126093  37.709  -59.033  26.922 0.1000000015
26531  38.082  -58.928  26.267 0.1000000015
27435  38.494  -58.738  25.507 0.1000000015
33327  37.638  -52.849  23.248 0.1000000015
34353  38.968  -51.257  23.342 0.1000000015
34367  38.609  -51.667  22.559 0.1000000015
143717  37.380  -53.959  23.493 0.1000000015
32278  37.455  -53.445  23.732 0.1000000015
30275  37.393  -55.444  23.590 0.1000000015
30292  37.461  -55.390  22.715 0.1000000015
26502  37.193  -59.769  29.260 0.1000000015
27404  37.583  -58.580  28.747 0.1000000015
27413  37.600  -58.671  27.693 0.1000000015
28296  37.941  -57.688  26.685 0.1000000015
33290  37.949  -52.809  25.015 0.1000000015
33260  38.952  -52.737  26.093 0.1000000015
139471  37.393  -54.666  24.537 0.1000000015
126554  37.554  -54.945  26.007 0.1000000015
29293  37.598  -56.288  24.858 0.1000000015
29235  38.088  -56.832  28.161 0.1000000015
140688  37.943  -57.276  27.416 0.1000000015
144599  37.745  -55.057  26.672 0.1000000015
30195  38.385  -55.183  27.906 0.1000000015
143612  39.659  -52.646  26.187 0.1000000015
33269  40.319  -51.967  25.273 0.1000000015
32224  38.710  -53.387  26.674 0.1000000015
17935  50.469  -69.170  19.568 0.1000000015
17948  50.979  -69.218  18.816 0.1000000015
19727  49.544  -67.602  19.291 0.1000000015
19746  48.948  -67.099  19.328 0.1000000015
20532  48.415  -66.440  19.823 0.1000000015
17937  48.859  -68.335  20.325 0.1000000015
18855  48.644  -67.128  20.261 0.1000000015
17017  50.979  -69.928  19.371 0.2000000030
19728  48.116  -66.388  20.419 0.1000000015
18888  50.812  -68.875  18.400 0.2000000030
18889  50.308  -68.531  18.410 0.1000000015
18903  50.856  -69.029  17.883 0.2000000030
19745  49.639  -67.765  18.865 0.1000000015
20556  47.685  -65.882  19.816 0.1000000015
17978  51.091  -69.663  17.368 0.2000000030
18904  50.286  -68.823  17.883 0.2000000030
19747  48.146  -66.571  19.309 0.2000000030
18890  49.522  -68.266  18.371 0.2000000030
18869  47.950  -67.216  18.776 0.2000000030
129872  47.245  -66.028  19.441 0.3000000119
134957  47.418  -66.687  19.117 0.3000000119
19748  46.313  -66.865  19.333 0.3000000119
17963  48.679  -68.842  18.061 0.2000000030
18891  48.436  -68.055  18.470 0.2000000030
17998  50.224  -69.683  16.440 0.2000000030
135892  46.840  -67.616  19.016 0.2000000030
17999  48.868  -69.725  16.669 0.2000000030
15312  50.125  -72.454  14.191 0.1000000015
17997  50.982  -69.907  16.474 0.2000000030
17980  49.562  -69.179  17.479 0.2000000030
17979  50.623  -69.382  17.245 0.2000000030
19749  45.439  -66.682  19.607 0.4000000060
127893  50.731  -71.154  14.613 0.1000000015
17071  50.913  -70.452  15.904 0.1000000015
17964  47.677  -69.114  18.305 0.2000000030
17965  46.611  -69.355  18.524 0.2000000030
15301  50.492  -71.695  14.760 0.1000000015
18871  45.139  -67.590  19.571 0.4000000060
17093  50.745  -70.730  15.095 0.2000000030
17981  48.163  -69.465  17.611 0.2000000030
17094  50.256  -70.419  14.907 0.2000000030
15311  50.515  -71.938  13.532 0.1000000015
15324  50.268  -72.434  12.811 0.2000000030
15300  50.699  -71.604  14.078 0.1000000015
16228  50.283  -71.695  13.242 0.1000000015
17073  49.609  -69.991  15.677 0.2000000030
17982  47.035  -69.798  17.878 0.2000000030
17966  45.605  -69.537  18.694 0.4000000060
17100  50.609  -70.893  14.323 0.1000000015
17983  45.994  -70.001  18.039 0.4000000060
18872  44.073  -68.224  19.701 0.4000000060
17095  48.862  -70.335  15.065 0.3000000119
17074  48.143  -70.191  15.999 0.3000000119
17101  49.604  -70.634  14.282 0.2000000030
16211  48.100  -70.698  14.566 0.4000000060
17967  44.664  -69.631  18.776 0.4000000060
18873  42.929  -68.374  19.687 0.4000000060
17050  47.525  -70.018  16.976 0.3000000119
16212  46.768  -70.999  14.958 0.4000000060
17096  47.428  -70.549  15.409 0.3000000119
35547  40.565  -50.503  18.503 0.1000000015
33383  40.580  -52.102  18.555 0.1000000015
17951  44.320  -69.072  19.297 0.4000000060
17052  45.371  -70.378  17.341 0.4000000060
17968  43.756  -69.643  18.794 0.5000000000
17097  46.236  -70.822  15.738 0.4000000060
17075  46.852  -70.415  16.292 0.3000000119
17076  45.772  -70.617  16.532 0.4000000060
17077  44.800  -70.767  16.741 0.4000000060
34418  40.577  -51.324  18.101 0.1000000015
35558  40.591  -50.516  17.662 0.1000000015
17952  43.381  -69.068  19.331 0.4000000060
17969  42.875  -69.581  18.748 0.5000000000
17040  44.101  -70.102  18.184 0.5000000000
17954  41.722  -68.987  18.984 0.5000000000
33396  40.719  -52.078  17.737 0.1000000015
33403  41.284  -52.829  16.889 0.1000000015
33395  41.068  -52.631  17.499 0.1000000015
31328  41.707  -54.066  17.857 0.1000000015
17018  50.510  -70.283  20.120 0.1000000015
18854  49.329  -67.696  19.787 0.1000000015
127958  49.014  -67.083  19.643 0.1000000015
17936  49.653  -68.688  19.956 0.1000000015
18841  47.974  -68.222  20.735 0.1000000015
19717  46.863  -66.950  21.241 0.1000000015
19751  43.477  -67.499  19.992 0.4000000060
16142  50.758  -70.645  19.791 0.1000000015
17949  46.212  -68.746  19.030 0.3000000119
17950  45.232  -69.007  19.218 0.4000000060
17051  46.385  -70.242  17.190 0.3000000119
17039  45.021  -70.091  18.147 0.4000000060
32360  41.490  -53.312  17.607 0.1000000015
17921  48.244  -69.336  20.735 0.1000000015
12207  36.923  -76.837  15.500 0.1000000015
11508  36.464  -77.470  15.018 0.1000000015
10075  38.121  -79.155  16.294 0.1000000015
11509  36.049  -76.768  15.019 0.1000000015
142655  38.268  -78.168  16.522 0.1000000015
12208  36.216  -76.066  15.415 0.1000000015
12223  34.950  -76.903  14.902 0.1000000015
11511  33.495  -77.579  15.471 0.1000000015
11523  34.756  -77.658  14.614 0.1000000015
8732  40.550  -82.692  22.216 0.1000000015
11447  32.567  -77.370  20.530 0.1000000015
128497  32.242  -77.221  19.073 0.1000000015
139357  38.177  -77.388  16.601 0.1000000015
11463  32.289  -77.354  18.187 0.1000000015
11492  37.614  -77.528  16.028 0.1000000015
12189  33.335  -76.572  16.858 0.1000000015
11491  38.740  -77.605  16.991 0.1000000015
11493  33.117  -77.321  16.265 0.1000000015
144306  38.632  -78.690  16.677 0.1000000015
9354  38.462  -81.005  23.623 0.1000000015
8731  40.647  -82.257  22.158 0.1000000015
8737  40.473  -82.435  21.828 0.1000000015
9960  38.469  -79.980  24.999 0.1000000015
9336  38.843  -80.525  24.245 0.1000000015
9353  39.915  -81.302  23.422 0.1000000015
8720  40.663  -81.932  22.507 0.1000000015
9374  38.736  -80.919  21.625 0.1000000015
10744  34.743  -78.798  21.758 0.1000000015
11442  33.526  -77.368  21.332 0.1000000015
12186  37.692  -76.749  16.270 0.1000000015
12187  37.060  -75.884  15.976 0.1000000015
12947  34.824  -75.825  15.704 0.1000000015
12185  38.449  -76.751  16.968 0.1000000015
125094  39.911  -78.091  16.385 0.1000000015
10786  40.036  -78.871  16.488 0.1000000015
8719  40.850  -81.485  22.561 0.1000000015
143827  40.779  -80.904  22.171 0.1000000015
134743  39.002  -80.409  25.586 0.1000000015
9318  39.866  -80.847  24.742 0.1000000015
126285  40.253  -80.994  23.949 0.1000000015
9352  41.127  -81.220  23.269 0.1000000015
9361  41.208  -80.858  22.606 0.1000000015
133973  39.910  -80.699  21.892 0.1000000015
10014  38.156  -79.370  22.296 0.1000000015
10015  37.100  -79.262  22.171 0.1000000015
10016  36.148  -79.175  22.017 0.1000000015
10736  36.603  -78.461  22.440 0.1000000015
10737  35.606  -78.385  22.176 0.1000000015
11435  34.882  -77.060  22.200 0.1000000015
11441  34.255  -77.262  21.811 0.1000000015
12134  33.918  -76.583  21.527 0.1000000015
12141  32.886  -76.723  20.339 0.1000000015
12890  34.394  -74.825  17.564 0.1000000015
125999  37.851  -76.082  16.569 0.1000000015
12929  36.603  -75.060  16.283 0.1000000015
12945  36.224  -75.478  15.843 0.1000000015
139428  34.425  -75.226  16.849 0.1000000015
12184  39.531  -76.904  17.170 0.1000000015
11490  39.248  -77.751  17.047 0.1000000015
10719  40.458  -78.806  23.447 0.1000000015
9311  39.303  -80.951  26.410 0.1000000015
9310  40.258  -81.327  25.831 0.1000000015
9335  41.198  -81.092  24.219 0.1000000015
9999  41.593  -80.456  23.255 0.1000000015
10000  41.053  -79.789  22.958 0.1000000015
10733  39.952  -79.149  22.822 0.1000000015
10721  38.343  -77.991  23.118 0.1000000015
11433  36.202  -77.589  22.660 0.1000000015
11434  35.577  -76.862  22.611 0.1000000015
9317  41.072  -81.278  25.197 0.1000000015
9334  41.544  -80.928  24.550 0.1000000015
9982  41.781  -80.618  23.908 0.1000000015
137399  35.404  -77.571  22.339 0.1000000015
12128  34.416  -76.601  21.985 0.1000000015
12839  33.787  -75.792  21.034 0.1000000015
12135  33.391  -76.609  20.965 0.1000000015
12851  34.014  -74.971  20.743 0.1000000015
134350  33.369  -76.116  20.458 0.1000000015
13655  33.886  -74.932  19.345 0.1000000015
12852  33.633  -75.365  20.089 0.1000000015
14464  35.703  -73.611  18.246 0.1000000015
13674  34.569  -74.403  18.289 0.1000000015
12870  33.455  -75.536  19.183 0.1000000015
12928  37.560  -75.229  16.672 0.1000000015
13705  36.077  -74.487  16.743 0.1000000015
13706  35.105  -74.666  16.908 0.1000000015
12168  38.924  -76.304  17.478 0.1000000015
12167  39.422  -76.347  17.517 0.1000000015
131239  40.442  -77.633  15.446 0.1000000015
11489  40.010  -77.325  16.509 0.1000000015
12222  40.906  -76.884  14.920 0.1000000015
12206  40.545  -76.784  15.815 0.1000000015
139527  40.630  -78.553  23.986 0.1000000015
10720  39.400  -78.259  23.316 0.1000000015
9304  39.215  -81.514  27.224 0.1000000015
137517  40.625  -81.911  27.102 0.1000000015
8682  40.908  -81.565  26.289 0.1000000015
9309  41.170  -81.372  26.218 0.1000000015
10684  41.365  -79.811  25.244 0.1000000015
10704  41.699  -79.938  24.410 0.1000000015
10705  40.953  -78.894  24.602 0.1000000015
11423  37.773  -77.453  23.278 0.1000000015
12120  36.748  -76.360  23.406 0.1000000015
9303  40.237  -81.844  26.762 0.1000000015
9316  41.381  -81.189  25.442 0.1000000015
12121  35.875  -76.038  23.039 0.1000000015
12127  34.935  -76.127  22.426 0.1000000015
125236  34.253  -75.890  21.826 0.1000000015
12828  34.667  -75.202  22.172 0.1000000015
12838  34.252  -75.102  21.459 0.1000000015
13618  34.631  -74.569  21.791 0.1000000015
13631  34.490  -74.322  21.054 0.1000000015
14447  35.386  -73.499  18.932 0.1000000015
14431  34.796  -73.837  19.505 0.1000000015
12911  38.318  -75.104  17.335 0.1000000015
13687  38.440  -74.401  17.702 0.1000000015
13688  37.608  -74.361  17.242 0.1000000015
14462  37.204  -73.625  17.731 0.1000000015
14446  36.132  -73.192  18.651 0.1000000015
13673  35.156  -73.957  18.241 0.1000000015
138277  38.947  -75.134  17.857 0.1000000015
13689  36.616  -74.047  17.272 0.1000000015
143723  38.801  -75.667  17.556 0.1000000015
12889  39.679  -75.204  18.279 0.1000000015
12909  39.898  -75.842  17.941 0.1000000015
12183  40.242  -76.612  16.724 0.1000000015
12957  41.649  -76.317  14.761 0.1000000015
8668  39.595  -82.632  28.471 0.1000000015
9297  39.030  -81.992  28.039 0.1000000015
9295  40.809  -81.585  27.290 0.1000000015
9936  41.117  -81.021  26.767 0.1000000015
11421  39.843  -77.965  23.902 0.1000000015
8676  40.068  -82.319  27.604 0.1000000015
9302  40.915  -81.730  26.852 0.1000000015
131091  41.395  -80.760  25.768 0.1000000015
10685  40.553  -78.826  25.546 0.1000000015
11409  40.107  -78.013  24.494 0.1000000015
11422  38.771  -77.372  23.771 0.1000000015
12111  38.538  -76.604  24.457 0.1000000015
12113  37.159  -75.838  23.898 0.1000000015
12820  35.995  -75.159  23.380 0.1000000015
12827  35.299  -75.221  22.808 0.1000000015
13617  35.068  -74.376  22.438 0.1000000015
13609  35.610  -74.437  23.143 0.1000000015
14379  35.329  -73.555  22.301 0.1000000015
14395  35.312  -73.300  21.586 0.1000000015
14412  35.339  -73.186  20.812 0.1000000015
14429  35.921  -73.015  19.292 0.1000000015
14430  35.438  -73.198  19.889 0.1000000015
132407  37.803  -73.252  18.174 0.1000000015
15250  36.671  -72.643  19.215 0.1000000015
13671  39.723  -74.462  18.548 0.1000000015
14443  39.291  -73.637  18.595 0.1000000015
13670  40.321  -74.818  18.695 0.1000000015
12908  40.565  -75.754  17.754 0.1000000015
12166  40.038  -76.301  17.477 0.1000000015
12182  40.777  -76.227  16.219 0.1000000015
12205  41.130  -76.205  15.513 0.1000000015
11362  39.345  -77.986  26.728 0.1000000015
8060  39.692  -82.842  28.907 0.1000000015
8667  40.097  -82.498  28.301 0.1000000015
9296  40.545  -81.621  28.095 0.1000000015
9937  40.553  -80.014  27.161 0.1000000015
124355  40.064  -78.666  26.292 0.1000000015
11384  39.189  -77.299  25.968 0.1000000015
12104  38.684  -76.722  26.174 0.1000000015
8666  40.546  -82.057  27.462 0.1000000015
10666  40.777  -79.745  26.281 0.1000000015
11397  40.245  -78.149  25.073 0.1000000015
12108  38.903  -76.709  25.301 0.1000000015
12812  37.752  -75.398  24.901 0.1000000015
13596  36.795  -74.490  24.402 0.1000000015
12112  37.850  -75.946  24.420 0.1000000015
14361  35.912  -73.695  23.441 0.1000000015
15189  35.741  -72.865  22.166 0.1000000015
15188  36.326  -72.303  21.893 0.1000000015
15211  35.804  -72.724  21.339 0.1000000015
15249  37.497  -72.214  19.641 0.1000000015
15232  35.930  -72.676  20.513 0.1000000015
15262  39.109  -72.835  18.935 0.1000000015
15263  38.489  -72.990  18.584 0.1000000015
15264  37.622  -72.652  18.824 0.1000000015
14442  40.133  -73.994  18.888 0.1000000015
12888  40.419  -75.389  18.332 0.1000000015
9925  39.474  -79.588  28.768 0.1000000015
9275  39.878  -81.921  29.861 0.1000000015
9908  39.195  -79.783  29.538 0.1000000015
10624  38.959  -78.642  28.487 0.1000000015
10646  39.207  -78.406  27.662 0.1000000015
11363  38.695  -77.577  27.546 0.1000000015
140373  39.347  -83.088  29.541 0.1000000015
8656  39.920  -82.829  29.135 0.1000000015
9287  40.222  -82.016  28.950 0.1000000015
9907  39.970  -80.704  28.920 0.1000000015
10623  39.841  -79.516  27.884 0.1000000015
10645  39.919  -79.030  27.014 0.1000000015
120725  38.711  -77.157  26.788 0.1000000015
12105  38.316  -76.477  26.829 0.1000000015
12809  37.744  -75.161  25.688 0.1000000015
12801  38.257  -76.026  26.071 0.1000000015
13585  36.994  -73.866  25.008 0.1000000015
14340  36.471  -73.562  24.246 0.1000000015
126780  36.230  -72.917  23.632 0.1000000015
15167  36.316  -72.413  22.876 0.1000000015
16106  36.930  -71.850  22.389 0.1000000015
15210  36.422  -72.256  21.055 0.1000000015
16147  38.373  -71.666  20.826 0.1000000015
14428  39.802  -73.158  19.105 0.1000000015
15248  38.446  -72.361  19.319 0.1000000015
13653  40.948  -74.392  19.153 0.1000000015
128595  41.779  -75.206  18.627 0.1000000015
122890  39.000  -80.057  30.183 0.1000000015
122487  38.643  -77.895  28.218 0.1000000015
9288  39.653  -80.892  29.667 0.1000000015
12098  37.956  -76.189  27.483 0.1000000015
12792  37.666  -75.385  27.711 0.1000000015
13568  37.501  -74.540  26.410 0.1000000015
14305  37.391  -73.723  26.570 0.1000000015
14321  37.224  -73.222  25.710 0.1000000015
14322  36.895  -73.158  24.906 0.1000000015
16086  37.043  -71.802  23.289 0.1000000015
130621  36.660  -72.286  23.691 0.1000000015
16104  38.515  -71.303  22.837 0.1000000015
16146  39.338  -71.701  20.800 0.1000000015
16126  38.231  -71.425  21.891 0.1000000015
122797  40.900  -72.241  20.416 0.1000000015
15230  38.908  -71.952  20.049 0.1000000015
15245  40.978  -72.828  19.854 0.1000000015
15246  40.171  -72.680  19.621 0.1000000015
15247  39.374  -72.460  19.484 0.1000000015
137052  41.643  -74.334  19.444 0.1000000015
12887  42.557  -75.270  18.470 0.1000000015
13686  43.323  -74.519  17.306 0.1000000015
10610  38.681  -78.770  29.370 0.1000000015
12078  37.954  -76.788  29.035 0.1000000015
12089  37.830  -76.250  28.340 0.1000000015
11345  38.246  -77.170  28.312 0.1000000015
13554  37.502  -74.358  27.326 0.1000000015
15132  37.497  -72.245  25.787 0.1000000015
15148  37.274  -72.026  24.921 0.1000000015
16066  37.686  -71.587  24.511 0.1000000015
16085  37.800  -71.418  23.760 0.1000000015
16144  41.238  -71.912  20.936 0.1000000015
124674  38.952  -71.493  21.454 0.1000000015
128183  39.722  -71.496  21.570 0.1000000015
14425  41.913  -73.879  19.766 0.1000000015
13652  42.381  -74.602  19.613 0.1000000015
122327  43.131  -75.516  18.926 0.1000000015
14441  44.932  -74.180  18.242 0.1000000015
15276  46.090  -72.663  17.390 0.1000000015
121880  38.084  -78.160  30.942 0.1000000015
10599  38.508  -79.023  30.342 0.1000000015
11323  38.099  -77.944  30.114 0.1000000015
13521  37.871  -74.544  29.460 0.1000000015
132265  37.689  -74.392  28.876 0.1000000015
121788  38.297  -77.707  29.077 0.1000000015
120303  37.561  -73.862  28.033 0.1000000015
14292  37.587  -73.279  27.474 0.1000000015
130368  37.510  -72.797  26.602 0.1000000015
16065  38.324  -71.341  24.496 0.1000000015
16084  39.640  -71.269  23.673 0.1000000015
16103  39.285  -71.287  22.993 0.1000000015
12835  47.220  -76.353  21.149 0.1000000015
12836  46.519  -76.801  20.920 0.1000000015
13639  45.349  -76.261  20.701 0.1000000015
14394  44.098  -73.332  21.253 0.1000000015
14409  43.414  -73.432  20.713 0.1000000015
16124  40.718  -71.542  21.768 0.1000000015
12847  46.894  -76.724  20.272 0.1000000015
12848  46.165  -77.005  20.155 0.1000000015
14408  44.165  -74.430  20.754 0.1000000015
16123  41.742  -71.771  21.600 0.1000000015
13638  47.611  -75.703  20.378 0.1000000015
14423  47.584  -74.908  19.572 0.1000000015
13649  47.056  -76.120  19.557 0.1000000015
12849  45.252  -76.654  19.948 0.1000000015
13641  43.250  -74.488  20.148 0.1000000015
121463  42.126  -72.783  20.426 0.1000000015
14407  48.133  -74.304  20.071 0.1000000015
140132  48.076  -73.797  19.503 0.1000000015
14424  46.892  -74.956  19.049 0.1000000015
13651  43.313  -75.383  19.500 0.1000000015
13668  45.839  -74.499  18.690 0.1000000015
12867  43.868  -75.854  19.098 0.1000000015
15274  48.268  -72.108  17.769 0.1000000015
14440  45.637  -73.211  18.171 0.1000000015
15275  47.068  -72.328  17.366 0.1000000015
11310  37.975  -77.212  31.050 0.1000000015
12063  37.963  -76.305  30.883 0.1000000015
12742  37.928  -75.665  30.320 0.1000000015
11324  37.856  -76.816  29.981 0.1000000015
12743  37.791  -75.276  29.629 0.1000000015
14274  38.000  -73.782  29.141 0.1000000015
137801  37.677  -73.947  28.569 0.1000000015
133905  37.889  -73.306  28.378 0.1000000015
15100  37.967  -72.733  27.867 0.1000000015
16036  37.984  -71.726  26.026 0.1000000015
16048  38.547  -71.455  25.853 0.1000000015
16064  40.301  -71.312  24.225 0.1000000015
16081  42.078  -71.651  23.074 0.1000000015
16102  40.618  -71.401  22.716 0.1000000015
13629  45.979  -76.160  21.404 0.1000000015
15185  44.386  -72.942  21.918 0.1000000015
15207  43.468  -72.616  21.459 0.1000000015
16100  42.336  -71.780  22.230 0.1000000015
13628  46.827  -76.253  21.790 0.1000000015
15225  49.580  -72.501  20.301 0.1000000015
14422  48.763  -73.188  19.745 0.1000000015
12040  38.561  -76.597  32.338 0.1000000015
12731  38.426  -75.492  31.329 0.1000000015
12048  38.268  -76.391  31.638 0.1000000015
13505  38.666  -74.299  30.570 0.1000000015
14261  38.959  -73.701  30.224 0.1000000015
13520  38.346  -74.028  29.899 0.1000000015
14273  38.629  -73.451  29.523 0.1000000015
14280  38.362  -73.192  28.920 0.1000000015
15099  38.486  -72.656  28.367 0.1000000015
15108  38.348  -72.276  27.629 0.1000000015
15120  38.385  -71.708  26.580 0.1000000015
16046  40.304  -71.368  25.240 0.1000000015
16047  39.306  -71.302  25.587 0.1000000015
16062  41.717  -71.603  23.836 0.1000000015
16063  41.231  -71.545  24.584 0.1000000015
14392  45.638  -74.700  21.919 0.1000000015
14378  45.201  -73.633  22.450 0.1000000015
15187  42.921  -71.996  22.822 0.1000000015
16083  40.443  -71.348  23.450 0.1000000015
13626  48.020  -75.027  22.382 0.1000000015
13616  46.485  -75.524  22.297 0.1000000015
122794  43.040  -72.075  22.051 0.1000000015
144765  48.296  -74.569  21.815 0.1000000015
134203  47.805  -75.486  21.484 0.1000000015
12730  39.142  -75.051  31.936 0.1000000015
13493  38.892  -74.640  31.235 0.1000000015
13504  39.326  -74.059  30.868 0.1000000015
14272  39.362  -73.266  29.688 0.1000000015
15092  38.938  -72.896  29.086 0.1000000015
15098  39.327  -72.477  28.507 0.1000000015
15107  38.959  -72.113  27.895 0.1000000015
16025  39.479  -71.821  27.366 0.1000000015
16035  39.193  -71.483  26.538 0.1000000015
16044  41.957  -71.946  25.112 0.1000000015
15166  42.696  -71.990  23.840 0.1000000015
140559  42.089  -71.834  24.443 0.1000000015
15165  43.587  -72.412  23.352 0.1000000015
14406  48.779  -73.390  20.688 0.1000000015
16143  50.525  -71.174  20.112 0.1000000015
13492  39.664  -74.481  31.521 0.1000000015
14259  40.835  -73.689  30.193 0.1000000015
14260  39.797  -73.592  30.330 0.1000000015
136943  40.944  -73.385  29.480 0.1000000015
129516  40.238  -73.260  29.668 0.1000000015
15097  40.300  -72.548  28.369 0.1000000015
15091  39.795  -72.833  29.113 0.1000000015
121070  39.664  -72.184  27.961 0.1000000015
15119  40.856  -72.031  26.917 0.1000000015
16034  40.110  -71.665  26.802 0.1000000015
16045  41.226  -71.677  25.389 0.1000000015
15146  43.580  -72.674  24.379 0.1000000015
15164  44.402  -72.856  22.830 0.1000000015
13615  47.071  -75.677  22.721 0.1000000015
14377  45.936  -74.614  22.662 0.1000000015
15224  50.118  -71.667  20.858 0.1000000015
17000  50.407  -71.001  20.583 0.1000000015
132098  41.335  -73.353  28.980 0.1000000015
14271  40.699  -73.022  29.003 0.1000000015
15096  41.365  -73.024  28.274 0.1000000015
14291  41.976  -73.154  27.637 0.1000000015
142947  40.850  -72.551  27.919 0.1000000015
15105  41.353  -72.587  27.411 0.1000000015
15118  41.583  -72.325  26.579 0.1000000015
15131  41.761  -72.096  25.842 0.1000000015
15147  42.697  -72.272  24.786 0.1000000015
15183  49.847  -71.896  22.013 0.1000000015
14376  48.582  -73.932  22.486 0.1000000015
14360  45.011  -73.419  23.445 0.1000000015
16121  49.948  -71.400  21.290 0.1000000015
120675  42.183  -73.509  28.082 0.1000000015
14289  43.122  -73.636  26.866 0.1000000015
14290  42.625  -73.608  27.531 0.1000000015
14320  43.742  -73.446  25.707 0.1000000015
14303  43.603  -73.702  26.320 0.1000000015
15117  42.287  -72.999  26.913 0.1000000015
14319  44.502  -73.813  25.337 0.1000000015
15130  42.506  -72.461  25.571 0.1000000015
15129  43.255  -72.822  25.294 0.1000000015
15184  49.374  -72.748  22.644 0.1000000015
13604  48.258  -74.363  23.146 0.1000000015
13614  47.572  -75.192  23.001 0.1000000015
13607  46.628  -75.114  23.307 0.1000000015
14359  45.759  -74.230  23.306 0.1000000015
15145  44.254  -72.905  23.694 0.1000000015
17001  49.842  -70.806  21.000 0.1000000015
14318  45.374  -74.303  24.955 0.1000000015
14304  42.979  -73.081  26.137 0.1000000015
14337  45.553  -74.115  24.117 0.1000000015
14339  43.927  -73.217  25.051 0.1000000015
13606  47.240  -75.204  23.653 0.1000000015
134063  46.265  -74.696  23.949 0.1000000015
14338  44.605  -73.452  24.429 0.1000000015
10746  32.810  -78.701  21.305 0.1000000015
11446  32.994  -77.165  20.874 0.1000000015
12146  33.150  -76.076  19.795 0.1000000015
12147  32.690  -76.646  19.490 0.1000000015
141395  33.002  -76.110  19.088 0.1000000015
10802  37.482  -78.302  15.836 0.1000000015
12153  33.311  -75.852  18.383 0.1000000015
12188  34.149  -75.906  16.289 0.1000000015
12912  33.761  -75.631  17.417 0.1000000015
12210  34.490  -76.436  15.467 0.1000000015
11510  34.200  -77.193  15.129 0.1000000015
12211  33.744  -76.785  15.864 0.1000000015
8721  39.607  -81.972  22.999 0.1000000015
11453  31.739  -77.745  19.551 0.1000000015
11443  32.731  -77.868  20.989 0.1000000015
12170  32.767  -76.937  17.592 0.1000000015
10013  39.297  -79.666  22.330 0.1000000015
10738  34.823  -77.872  22.002 0.1000000015
10745  34.085  -78.072  21.644 0.1000000015
12931  34.907  -75.310  16.222 0.1000000015
9351  41.493  -80.928  23.240 0.1000000015
135917  41.569  -80.882  23.834 0.1000000015
10012  40.448  -80.163  22.407 0.1000000015
10735  37.649  -78.485  22.640 0.1000000015
10734  38.780  -78.748  22.717 0.1000000015
11432  37.125  -77.828  22.847 0.1000000015
13691  34.942  -74.336  17.682 0.1000000015
12891  33.909  -75.038  18.440 0.1000000015
12927  38.370  -75.861  17.095 0.1000000015
13704  36.904  -74.569  16.749 0.1000000015
11424  36.961  -77.113  23.171 0.1000000015
11425  36.269  -76.790  22.966 0.1000000015
9959  41.633  -80.650  24.806 0.1000000015
13642  34.234  -74.470  20.024 0.1000000015
13654  34.340  -74.412  19.055 0.1000000015
14463  36.340  -73.536  17.931 0.1000000015
12119  37.744  -76.625  23.753 0.1000000015
134733  36.489  -75.709  23.525 0.1000000015
14380  34.900  -73.933  21.737 0.1000000015
14445  36.936  -73.066  18.370 0.1000000015
9923  40.653  -80.746  27.624 0.1000000015
11410  39.325  -77.303  24.488 0.1000000015
11398  39.632  -77.490  25.140 0.1000000015
12813  37.273  -75.270  24.425 0.1000000015
12819  36.657  -75.142  23.897 0.1000000015
13608  36.208  -74.402  23.762 0.1000000015
14362  35.480  -73.828  22.873 0.1000000015
13669  41.024  -75.069  18.737 0.1000000015
134388  41.276  -75.542  17.324 0.1000000015
12926  40.700  -75.994  16.978 0.1000000015
11383  39.791  -78.035  25.773 0.1000000015
9924  40.200  -80.418  28.305 0.1000000015
12109  38.275  -75.931  25.096 0.1000000015
13584  37.335  -74.210  25.746 0.1000000015
13595  37.349  -74.717  25.003 0.1000000015
16148  37.526  -71.886  20.450 0.1000000015
14427  40.571  -73.457  19.346 0.1000000015
120565  41.133  -75.414  18.151 0.1000000015
12097  38.265  -76.819  27.555 0.1000000015
127189  37.700  -75.243  26.687 0.1000000015
16067  37.154  -71.865  24.120 0.1000000015
16127  37.570  -71.679  21.242 0.1000000015
127094  37.468  -71.618  21.963 0.1000000015
14426  41.311  -73.680  19.571 0.1000000015
12869  41.687  -74.870  19.143 0.1000000015
13538  37.577  -74.527  28.238 0.1000000015
16105  37.721  -71.440  22.793 0.1000000015
129876  38.690  -71.263  23.683 0.1000000015
15229  39.765  -72.106  20.122 0.1000000015
15227  41.514  -72.500  20.398 0.1000000015
12886  43.413  -75.277  18.379 0.1000000015
144337  44.107  -74.605  17.931 0.1000000015
14460  44.616  -73.619  17.525 0.1000000015
12765  37.641  -75.220  28.811 0.1000000015
16049  37.942  -71.580  25.262 0.1000000015
14410  42.510  -73.558  20.202 0.1000000015
12885  44.440  -75.715  18.745 0.1000000015
12884  45.192  -75.473  18.707 0.1000000015
15261  46.561  -72.646  18.085 0.1000000015
12079  37.751  -76.036  29.353 0.1000000015
139635  38.200  -72.020  27.088 0.1000000015
137486  39.291  -71.234  24.584 0.1000000015
14393  44.806  -73.865  21.556 0.1000000015
13640  44.595  -75.797  20.396 0.1000000015
15226  42.723  -72.711  20.805 0.1000000015
15208  42.580  -72.132  21.485 0.1000000015
16101  41.450  -71.540  22.434 0.1000000015
131779  45.895  -76.810  19.603 0.1000000015
13637  48.191  -74.518  20.988 0.1000000015
12850  44.254  -75.999  19.706 0.1000000015
12866  44.665  -76.167  19.396 0.1000000015
13650  46.161  -76.106  19.101 0.1000000015
14438  47.546  -73.775  19.096 0.1000000015
14439  46.584  -73.466  18.700 0.1000000015
16183  49.176  -71.741  16.783 0.1000000015
142791  47.238  -72.402  17.952 0.1000000015
16082  41.217  -71.453  23.224 0.1000000015
15186  43.668  -72.403  22.384 0.1000000015
16026  38.725  -71.826  27.223 0.1000000015
125774  39.945  -71.412  26.086 0.1000000015
14391  48.802  -73.597  21.702 0.1000000015
15206  49.580  -72.572  21.470 0.1000000015
137295  42.255  -72.582  26.217 0.1000000015
17053  44.430  -70.461  17.482 0.4000000060
16224  46.139  -71.521  14.560 0.3000000119
16213  45.664  -71.286  15.280 0.3000000119
16199  45.218  -71.055  16.011 0.3000000119
17078  43.827  -70.828  16.918 0.4000000060
17054  43.523  -70.439  17.586 0.4000000060
16214  44.661  -71.460  15.502 0.3000000119
10176  45.174  -79.579  8.436 0.1000000015
10885  46.193  -78.108  7.911 0.1000000015
11579  46.217  -77.314  8.376 0.2000000030
12237  43.853  -76.407  11.033 0.3000000119
16204  40.191  -70.842  15.876 0.4000000060
13740  42.334  -74.674  12.593 0.4000000060
14508  42.353  -73.626  13.592 0.4000000060
12264  44.671  -76.654  10.302 0.2000000030
12976  43.322  -75.878  11.568 0.3000000119
13732  41.851  -74.124  13.088 0.4000000060
14496  41.901  -73.165  14.153 0.4000000060
127954  40.571  -71.507  15.535 0.4000000060
9503  44.263  -80.304  8.924 0.1000000015
11565  44.169  -77.173  9.635 0.3000000119
14509  41.421  -73.593  13.552 0.4000000060
15320  40.557  -72.450  14.431 0.4000000060
15308  40.201  -71.848  14.816 0.4000000060
9521  44.750  -79.968  7.876 0.1000000015
143887  39.531  -69.708  15.825 0.5000000000
11580  44.840  -77.496  8.685 0.2000000030
12265  43.512  -76.802  10.399 0.3000000119
12969  42.809  -75.277  12.100 0.3000000119
14497  40.950  -73.078  14.029 0.4000000060
123292  39.512  -68.133  15.623 0.4000000060
20586  39.379  -66.588  16.525 0.4000000060
12970  41.816  -75.192  12.039 0.4000000060
13741  41.433  -74.541  12.517 0.4000000060
132213  39.994  -72.109  14.166 0.4000000060
16226  39.775  -71.483  14.345 0.4000000060
143448  39.626  -70.896  14.728 0.5000000000
10189  45.166  -79.676  6.996 0.2000000030
10175  45.701  -79.042  7.549 0.2000000030
11609  45.700  -78.170  7.658 0.2000000030
11581  43.562  -77.434  9.113 0.2000000030
11593  45.502  -77.786  7.954 0.2000000030
12977  42.326  -75.818  11.519 0.3000000119
12978  41.465  -75.503  11.305 0.3000000119
143092  44.484  -80.375  7.312 0.1000000015
14511  40.299  -73.195  12.853 0.4000000060
12238  42.872  -76.411  11.012 0.3000000119
13748  40.637  -74.252  11.777 0.4000000060
15331  40.025  -72.469  12.887 0.4000000060
144640  39.461  -69.988  14.878 0.5000000000
18936  39.614  -68.804  14.973 0.5000000000
20595  39.735  -66.657  15.687 0.4000000060
14522  40.467  -73.685  12.310 0.4000000060
17104  39.766  -70.920  13.513 0.4000000060
17102  39.547  -70.359  14.579 0.5000000000
18935  40.128  -68.367  14.406 0.5000000000
139367  39.669  -67.468  15.526 0.4000000060
10901  45.189  -78.535  6.798 0.2000000030
11594  43.989  -77.788  8.231 0.2000000030
11595  42.928  -77.434  8.639 0.2000000030
12266  42.549  -76.731  10.238 0.4000000060
12284  42.186  -76.877  8.980 0.2000000030
12267  41.776  -76.316  10.166 0.3000000119
12279  41.687  -76.217  9.399 0.4000000060
133111  41.168  -75.394  10.739 0.3000000119
123866  39.688  -70.272  13.937 0.5000000000
19800  39.837  -67.927  15.007 0.5000000000
21443  40.119  -65.679  15.511 0.4000000060
13003  41.376  -75.707  10.140 0.4000000060
14530  40.447  -73.647  11.802 0.4000000060
14523  40.268  -73.135  12.318 0.4000000060
137918  40.441  -68.791  13.797 0.5000000000
11610  44.463  -78.099  7.325 0.2000000030
10216  45.398  -78.999  6.062 0.2000000030
11611  43.238  -77.670  7.749 0.2000000030
131914  40.608  -64.292  15.420 0.4000000060
12291  42.389  -77.020  8.079 0.2000000030
12979  40.872  -74.878  11.199 0.3000000119
14531  40.324  -73.150  11.889 0.4000000060
17111  40.088  -71.042  12.814 0.4000000060
135312  45.214  -79.631  6.094 0.2000000030
11625  43.508  -77.832  7.010 0.2000000030
12285  41.919  -76.413  8.627 0.3000000119
13016  41.379  -75.415  9.562 0.4000000060
23138  40.422  -63.511  15.630 0.4000000060
13004  40.991  -74.945  10.395 0.3000000119
18026  40.139  -70.230  13.242 0.5000000000
134356  40.477  -67.616  14.504 0.5000000000
25782  40.414  -60.657  16.033 0.4000000060
10217  45.218  -79.349  5.432 0.2000000030
11624  44.186  -78.189  6.523 0.2000000030
16248  40.717  -72.768  11.188 0.4000000060
17124  40.608  -71.243  12.110 0.4000000060
128750  41.361  -66.209  14.547 0.5000000000
22306  41.422  -64.535  14.968 0.4000000060
28422  41.370  -56.956  16.908 0.4000000060
9562  44.852  -80.186  5.128 0.2000000030
12301  43.294  -77.516  6.340 0.2000000030
139036  42.390  -76.612  7.386 0.2000000030
12292  41.958  -76.063  7.920 0.2000000030
14544  41.073  -73.475  10.385 0.4000000060
18038  40.834  -69.346  13.092 0.5000000000
19806  40.833  -68.034  13.972 0.5000000000
9563  44.162  -81.049  5.296 0.2000000030
13776  41.241  -74.615  9.685 0.4000000060
14545  40.732  -73.708  10.804 0.3000000119
17110  40.882  -70.289  12.454 0.5000000000
20605  40.471  -66.375  14.986 0.5000000000
135354  44.621  -80.443  4.204 0.2000000030
27542  41.614  -58.335  16.196 0.4000000060
29391  42.328  -56.594  16.840 0.2000000030
24959  40.574  -61.394  15.761 0.4000000060
123804  40.931  -62.930  15.401 0.4000000060
10913  45.198  -78.775  6.142 0.2000000030
13800  41.864  -75.329  8.293 0.4000000060
21457  41.656  -65.389  14.683 0.4000000060
120269  41.722  -63.129  15.088 0.4000000060
10925  45.211  -78.981  5.297 0.2000000030
132129  42.663  -76.662  6.659 0.2000000030
13032  42.363  -75.844  7.073 0.2000000030
12310  43.493  -77.243  5.507 0.2000000030
26668  41.726  -59.794  15.603 0.4000000060
24081  41.498  -62.361  15.234 0.4000000060
24080  42.233  -62.604  14.985 0.4000000060
16236  41.173  -71.425  11.457 0.3000000119
18944  41.249  -68.467  13.429 0.5000000000
20604  41.786  -66.863  14.045 0.5000000000
23160  42.048  -63.929  14.838 0.4000000060
14574  41.722  -74.213  9.110 0.4000000060
15352  41.194  -72.808  10.597 0.4000000060
16247  41.187  -72.121  10.992 0.3000000119
143128  41.279  -70.757  11.838 0.4000000060
14556  42.043  -73.437  9.280 0.4000000060
18943  42.070  -68.128  13.206 0.5000000000
12311  42.986  -76.624  5.886 0.2000000030
25801  42.262  -60.475  15.330 0.4000000060
140141  42.435  -65.320  14.456 0.5000000000
120402  42.324  -65.987  14.258 0.5000000000
17123  41.917  -70.093  11.843 0.4000000060
18037  41.668  -69.477  12.478 0.5000000000
18952  42.531  -68.574  12.651 0.5000000000
18049  42.520  -69.289  12.133 0.5000000000
16200  44.238  -71.177  16.217 0.4000000060
15307  41.001  -72.106  15.139 0.4000000060
26669  40.853  -59.954  15.942 0.4000000060
24958  41.332  -61.584  15.379 0.4000000060
130620  42.358  -67.388  13.518 0.5000000000
14504  46.499  -72.763  12.896 0.3000000119
15328  46.032  -72.400  13.512 0.3000000119
15315  45.563  -72.077  14.162 0.2000000030
15304  44.118  -71.922  15.009 0.2000000030
125089  48.051  -73.117  11.831 0.2000000030
140948  46.032  -73.276  12.661 0.3000000119
14520  45.262  -73.585  12.710 0.3000000119
14506  44.670  -73.286  13.247 0.3000000119
132083  46.741  -74.286  11.497 0.2000000030
13746  45.805  -74.606  11.680 0.2000000030
13738  45.062  -74.259  12.273 0.2000000030
12277  45.495  -76.979  9.181 0.2000000030
8964  43.417  -81.946  3.904 0.1000000015
8984  42.760  -81.882  3.026 0.1000000015
15401  46.391  -72.173  6.324 0.1000000015
16229  49.354  -71.449  13.137 0.1000000015
16223  47.347  -71.241  14.210 0.2000000030
15314  46.625  -71.777  13.832 0.2000000030
15327  47.144  -72.162  13.168 0.2000000030
13728  50.183  -73.270  12.960 0.1000000015
14517  49.601  -73.557  11.816 0.1000000015
15335  48.860  -72.556  12.107 0.2000000030
13735  49.788  -73.908  12.450 0.1000000015
13744  49.357  -74.614  11.760 0.1000000015
9547  44.469  -80.587  6.014 0.1000000015
8943  44.137  -81.143  4.465 0.1000000015
13816  43.501  -74.971  5.165 0.1000000015
14610  43.757  -74.228  5.726 0.1000000015
14596  43.554  -73.988  6.600 0.1000000015
15388  44.207  -72.924  7.444 0.1000000015
13821  43.929  -75.086  4.506 0.1000000015
14595  44.251  -73.573  6.268 0.1000000015
15403  44.642  -73.012  6.766 0.1000000015
15374  44.487  -72.331  7.963 0.1000000015
14594  44.984  -73.157  6.021 0.1000000015
16280  45.779  -71.694  7.519 0.1000000015
17147  45.329  -70.543  9.149 0.1000000015
17165  45.940  -70.745  8.477 0.1000000015
18084  46.219  -69.609  9.369 0.1000000015
15326  48.448  -71.967  12.730 0.2000000030
15334  49.731  -72.762  12.121 0.1000000015
14573  42.366  -73.813  8.602 0.1000000015
127085  41.874  -71.449  10.885 0.3000000119
11652  44.160  -77.768  4.778 0.1000000015
12322  43.560  -76.642  4.959 0.1000000015
13039  42.724  -75.779  6.296 0.1000000015
14585  42.674  -74.133  7.863 0.1000000015
15363  43.325  -72.351  9.098 0.2000000030
16246  42.616  -71.362  10.444 0.3000000119
127147  43.266  -69.327  11.639 0.3000000119
18951  43.695  -68.138  12.300 0.3000000119
9593  44.142  -80.941  2.492 0.1000000015
11651  44.764  -78.346  4.051 0.1000000015
14584  43.443  -73.591  7.482 0.1000000015
16266  44.094  -72.030  8.690 0.1000000015
120160  43.374  -71.111  10.071 0.2000000030
18048  43.809  -69.407  11.199 0.3000000119
126089  44.550  -77.506  3.731 0.1000000015
16256  44.456  -71.361  9.041 0.1000000015
18064  44.848  -69.629  10.217 0.2000000030
18957  44.798  -68.430  11.339 0.3000000119
18063  45.740  -69.237  10.003 0.1000000015
18062  46.132  -68.542  10.476 0.2000000030
19823  45.976  -67.516  11.603 0.4000000060
126083  46.979  -69.383  9.171 0.1000000015
18970  47.163  -68.240  10.348 0.1000000015
19835  47.281  -67.610  11.079 0.3000000119
16162  51.050  -70.394  19.092 0.1000000015
16171  51.137  -70.577  17.359 0.1000000015
20603  43.173  -66.011  13.945 0.4000000060
19804  43.098  -67.190  13.328 0.4000000060
128673  42.751  -69.818  11.599 0.3000000119
18959  43.185  -68.710  12.162 0.4000000060
19803  43.843  -67.008  13.122 0.4000000060
123434  44.779  -67.425  12.294 0.4000000060
20628  44.707  -66.843  12.871 0.4000000060
19812  45.529  -67.065  12.325 0.4000000060
20627  46.196  -66.527  12.761 0.5000000000
140510  46.706  -67.405  11.510 0.3000000119
129298  47.069  -66.533  12.567 0.5000000000
18985  48.697  -68.540  9.528 0.2000000030
18083  47.708  -68.839  9.490 0.1000000015
133617  47.874  -66.573  12.393 0.4000000060
17162  48.341  -70.095  7.915 0.1000000015
18082  48.678  -69.063  8.947 0.1000000015
19834  48.837  -67.731  10.636 0.2000000030
135906  47.905  -67.805  10.659 0.2000000030
17197  48.905  -70.702  6.455 0.1000000015
18126  49.350  -69.795  7.739 0.1000000015
18968  49.355  -68.140  9.987 0.2000000030
17179  49.533  -70.158  6.959 0.1000000015
120282  43.045  -64.122  14.557 0.4000000060
22326  42.262  -64.728  14.643 0.3000000119
22325  43.496  -64.900  14.369 0.4000000060
21455  44.549  -65.688  13.874 0.4000000060
20602  43.826  -66.015  13.793 0.4000000060
126982  45.065  -66.195  13.412 0.4000000060
123735  44.301  -64.977  14.262 0.4000000060
138509  45.472  -66.529  12.958 0.4000000060
21466  47.290  -65.544  13.577 0.4000000060
21467  46.403  -65.538  13.662 0.4000000060
21465  48.181  -65.561  13.536 0.5000000000
20613  47.780  -66.070  13.023 0.4000000060
20639  49.772  -66.862  12.119 0.3000000119
20640  48.543  -66.922  11.921 0.4000000060
20626  48.718  -66.441  12.610 0.4000000060
18103  50.696  -69.002  7.913 0.2000000030
138479  50.588  -68.728  8.787 0.2000000030
19822  49.518  -67.378  11.347 0.2000000030
18125  50.131  -69.581  7.414 0.1000000015
135168  50.132  -69.299  8.050 0.2000000030
133583  43.759  -63.620  14.558 0.4000000060
23159  43.283  -63.294  14.658 0.4000000060
22324  44.857  -64.342  14.398 0.4000000060
22322  46.431  -64.193  14.334 0.4000000060
23157  45.517  -63.752  14.481 0.4000000060
21452  47.754  -65.070  13.922 0.4000000060
22321  47.466  -64.398  14.252 0.4000000060
144522  48.473  -65.179  13.868 0.3000000119
21450  50.248  -65.233  13.881 0.4000000060
129299  49.237  -65.585  13.573 0.4000000060
19821  51.014  -67.354  11.606 0.3000000119
20625  49.871  -66.277  12.880 0.4000000060
19012  51.175  -68.665  7.587 0.2000000030
18983  51.858  -67.910  8.911 0.2000000030
18967  50.756  -68.207  9.920 0.2000000030
19833  50.042  -67.796  10.667 0.2000000030
18124  50.668  -69.236  7.166 0.2000000030
15463  47.572  -71.853  0.041 0.1000000015
15451  47.777  -72.186  1.197 0.1000000015
15445  48.499  -71.570  1.654 0.1000000015
125712  42.635  -61.095  15.135 0.3000000119
143000  44.498  -61.689  14.798 0.4000000060
24955  44.119  -61.294  14.963 0.3000000119
24095  45.348  -62.764  14.588 0.4000000060
120991  46.819  -61.696  14.750 0.4000000060
24076  46.169  -62.239  14.668 0.4000000060
23155  47.218  -63.522  14.461 0.4000000060
23156  46.288  -63.184  14.533 0.4000000060
23154  48.214  -63.870  14.456 0.4000000060
23134  47.854  -62.909  14.600 0.4000000060
143437  50.005  -64.137  14.375 0.4000000060
22305  49.161  -63.946  14.468 0.3000000119
21474  53.028  -66.038  12.827 0.3000000119
21463  52.733  -65.740  13.428 0.3000000119
21449  52.016  -65.176  14.033 0.3000000119
142028  51.165  -65.210  13.939 0.3000000119
129424  50.801  -64.708  14.211 0.3000000119
20676  52.107  -66.871  8.026 0.2000000030
138756  52.312  -67.231  9.650 0.2000000030
20637  52.378  -66.644  11.735 0.3000000119
20624  52.637  -66.491  12.375 0.2000000030
21475  51.327  -66.369  12.915 0.3000000119
134805  50.415  -65.845  13.368 0.3000000119
19859  52.022  -67.535  8.329 0.2000000030
19820  52.232  -67.306  10.997 0.2000000030
19025  51.532  -68.075  6.802 0.2000000030
26667  42.712  -59.683  15.485 0.3000000119
27548  44.351  -58.290  16.011 0.3000000119
143608  43.559  -59.643  15.504 0.3000000119
134620  44.126  -59.962  15.427 0.4000000060
24956  43.266  -61.553  14.952 0.3000000119
25797  46.287  -60.380  15.183 0.3000000119
130527  45.760  -59.641  15.475 0.4000000060
24952  47.335  -61.184  14.818 0.4000000060
25796  47.110  -60.334  15.024 0.4000000060
127805  46.008  -61.275  14.904 0.4000000060
25795  48.198  -60.667  14.671 0.4000000060
24075  47.584  -62.009  14.697 0.4000000060
128796  48.775  -61.786  14.615 0.3000000119
24074  48.363  -62.302  14.653 0.4000000060
24100  53.797  -63.143  13.161 0.3000000119
24971  53.407  -62.716  13.461 0.2000000030
24093  52.475  -63.072  14.050 0.2000000030
24972  50.888  -61.679  14.143 0.2000000030
23132  49.703  -63.470  14.492 0.3000000119
24073  49.319  -62.528  14.554 0.3000000119
23178  53.177  -64.577  12.690 0.3000000119
23151  53.209  -64.428  13.814 0.3000000119
23152  52.599  -63.939  14.188 0.2000000030
23153  51.544  -63.473  14.351 0.2000000030
24072  50.420  -63.053  14.470 0.2000000030
21531  51.682  -66.297  8.275 0.2000000030
21502  52.081  -66.455  10.214 0.3000000119
21486  52.376  -66.080  11.358 0.3000000119
131067  52.884  -66.087  12.333 0.3000000119
27540  43.620  -57.742  16.293 0.3000000119
27550  42.166  -58.942  15.770 0.3000000119
25817  48.607  -60.223  14.508 0.3000000119
25830  51.923  -60.221  12.690 0.2000000030
25823  50.919  -60.236  13.333 0.2000000030
25824  49.948  -60.315  13.899 0.2000000030
26681  49.141  -59.847  14.133 0.2000000030
141431  54.120  -61.312  12.002 0.2000000030
25822  52.367  -60.934  13.159 0.2000000030
25815  50.952  -60.894  13.790 0.2000000030
28434  41.966  -57.473  16.511 0.2000000030
17214  49.042  -70.895  5.662 0.1000000015
17196  49.622  -70.340  6.177 0.1000000015
21503  51.239  -65.758  10.521 0.3000000119
19871  51.911  -67.391  7.393 0.2000000030
16215  43.659  -71.574  15.681 0.3000000119
15316  44.571  -72.313  14.361 0.3000000119
15329  45.051  -72.666  13.722 0.3000000119
13747  44.800  -74.973  11.846 0.2000000030
17962  51.152  -69.394  18.111 0.1000000015
16222  48.795  -70.992  13.804 0.2000000030
16225  45.098  -71.740  14.810 0.2000000030
13799  42.283  -75.048  7.588 0.1000000015
15365  41.650  -73.059  9.956 0.3000000119
28433  42.953  -57.150  16.554 0.3000000119
13798  42.918  -74.435  7.066 0.1000000015
24079  43.086  -62.508  14.806 0.3000000119
137350  42.828  -73.073  8.810 0.3000000119
17122  42.586  -70.393  11.264 0.2000000030
15364  42.478  -72.639  9.522 0.2000000030
13049  43.174  -75.835  5.456 0.1000000015
15336  47.625  -72.598  12.484 0.2000000030
14505  45.562  -73.000  13.154 0.3000000119
13736  47.340  -73.745  11.682 0.1000000015
13737  46.127  -73.838  12.128 0.2000000030
15386  45.682  -72.134  7.070 0.1000000015
16230  47.923  -71.538  13.453 0.2000000030
12321  44.082  -76.661  4.166 0.1000000015
13815  44.076  -74.436  4.859 0.1000000015
13038  43.071  -74.850  6.118 0.1000000015
15375  43.654  -72.836  8.256 0.1000000015
16281  45.168  -71.950  7.700 0.1000000015
16264  45.500  -71.418  8.101 0.1000000015
17148  44.804  -70.333  9.671 0.1000000015
14572  43.009  -73.476  8.193 0.2000000030
16245  43.025  -70.696  10.702 0.3000000119
16257  43.727  -71.588  9.397 0.2000000030
17138  43.713  -70.430  10.388 0.3000000119
18958  43.942  -68.746  11.657 0.4000000060
19813  44.129  -67.506  12.564 0.4000000060
139298  44.310  -70.202  10.122 0.3000000119
18047  44.448  -69.150  10.958 0.3000000119
18956  45.628  -68.159  11.129 0.3000000119
21468  45.518  -65.595  13.766 0.4000000060
18104  49.559  -69.188  8.486 0.2000000030
18081  49.620  -68.631  9.255 0.2000000030
23158  44.558  -63.481  14.534 0.4000000060
120363  45.143  -65.031  14.162 0.4000000060
18984  51.522  -68.182  9.413 0.2000000030
131344  44.819  -62.071  14.689 0.4000000060
136638  52.179  -66.722  12.437 0.3000000119
143080  51.891  -67.413  11.358 0.2000000030
19831  52.261  -67.319  10.233 0.2000000030
25798  45.410  -60.491  15.209 0.4000000060
25799  44.495  -60.570  15.209 0.4000000060
22327  53.364  -64.803  13.457 0.3000000119
21514  51.819  -66.385  9.258 0.2000000030
20664  52.362  -66.903  9.864 0.2000000030
26665  45.192  -58.822  15.763 0.4000000060
25794  48.869  -61.019  14.555 0.4000000060
144868  50.064  -61.646  14.327 0.2000000030
24104  53.932  -62.577  12.571 0.2000000030
24975  54.027  -62.299  12.891 0.2000000030
24976  53.145  -61.835  13.295 0.2000000030
24094  51.254  -62.589  14.277 0.2000000030
26666  44.244  -59.217  15.666 0.2000000030
142395  45.693  -58.201  15.754 0.3000000119
27549  43.302  -58.787  15.798 0.2000000030
27539  44.469  -57.374  16.286 0.2000000030
12973  46.710  -74.928  10.987 0.1000000015
13762  47.672  -75.197  10.274 0.1000000015
13001  46.598  -75.688  10.208 0.1000000015
16221  50.141  -71.065  13.653 0.1000000015
12974  45.582  -75.392  11.207 0.1000000015
136767  47.216  -76.678  8.852 0.1000000015
13002  45.274  -76.079  10.699 0.1000000015
12263  46.026  -76.399  9.705 0.1000000015
29375  42.579  -55.827  17.089 0.1000000015
133964  42.561  -54.232  16.222 0.1000000015
31346  43.137  -54.807  16.236 0.1000000015
29389  43.802  -56.117  16.535 0.1000000015
30356  43.559  -55.513  16.457 0.1000000015
28432  43.830  -56.837  16.540 0.1000000015
30362  43.815  -55.385  15.868 0.1000000015
30361  44.337  -55.786  15.557 0.1000000015
27538  45.080  -57.085  16.080 0.1000000015
28439  45.639  -57.562  15.701 0.2000000030
29395  44.849  -56.258  15.574 0.1000000015
30374  44.051  -55.631  14.033 0.2000000030
26663  46.934  -58.773  15.158 0.2000000030
29409  44.827  -56.112  14.000 0.2000000030
29399  45.888  -56.866  14.849 0.2000000030
28438  46.155  -57.395  15.217 0.2000000030
27546  46.260  -58.086  15.445 0.2000000030
30380  44.386  -55.676  12.508 0.2000000030
29408  45.683  -56.624  13.888 0.2000000030
28447  46.516  -57.298  14.290 0.2000000030
134993  47.242  -59.551  15.035 0.2000000030
26683  47.685  -59.180  14.720 0.2000000030
26662  47.850  -60.012  14.781 0.2000000030
26688  48.907  -59.207  13.908 0.1000000015
30381  43.655  -55.293  13.045 0.2000000030
27565  46.832  -57.949  14.889 0.2000000030
27564  47.482  -58.483  14.541 0.2000000030
27575  47.937  -58.315  13.911 0.1000000015
28455  48.301  -58.187  13.350 0.1000000015
27574  48.589  -58.640  13.648 0.1000000015
29390  43.171  -56.299  16.743 0.1000000015
31327  42.310  -54.683  17.374 0.1000000015
30357  42.967  -55.062  16.881 0.1000000015
31339  42.604  -54.436  16.852 0.1000000015
31347  42.621  -54.336  15.463 0.1000000015
31350  43.245  -54.883  15.211 0.1000000015
29394  45.444  -56.860  15.556 0.2000000030
21487  50.935  -65.391  11.214 0.2000000030
22338  52.772  -65.320  12.214 0.2000000030
22339  51.273  -64.850  11.799 0.2000000030
21504  49.947  -65.210  10.683 0.2000000030
23180  50.067  -64.188  12.003 0.2000000030
135089  52.993  -63.586  12.400 0.2000000030
23167  50.515  -63.701  12.162 0.2000000030
23179  51.856  -64.224  12.213 0.2000000030
127256  49.099  -64.733  11.112 0.2000000030
23166  53.569  -63.636  12.950 0.2000000030
25000  51.044  -62.342  11.821 0.1000000015
24105  50.099  -62.921  12.303 0.2000000030
24119  52.835  -62.811  11.820 0.2000000030
24118  53.741  -62.892  12.309 0.2000000030
24982  49.581  -62.093  12.233 0.1000000015
25001  50.075  -61.589  11.790 0.1000000015
120518  51.111  -61.542  11.244 0.1000000015
123702  48.086  -61.179  12.418 0.1000000015
24984  47.218  -61.314  12.517 0.1000000015
142674  43.028  -54.713  13.155 0.1000000015
25020  53.856  -61.601  10.812 0.1000000015
25848  49.991  -61.035  11.444 0.1000000015
24999  52.710  -62.119  11.220 0.1000000015
25849  48.350  -60.404  12.071 0.1000000015
25831  49.118  -61.161  12.076 0.1000000015
26696  46.970  -59.741  12.349 0.1000000015
25850  47.734  -59.859  12.087 0.1000000015
26714  45.487  -58.935  12.265 0.1000000015
31363  43.804  -55.131  12.021 0.1000000015
32414  42.566  -53.289  11.810 0.1000000015
31364  43.210  -54.610  12.422 0.1000000015
25829  53.372  -60.860  12.325 0.1000000015
25846  54.074  -61.464  11.432 0.1000000015
25869  50.818  -60.789  10.621 0.1000000015
25847  52.518  -61.508  10.479 0.1000000015
26711  48.318  -59.733  11.505 0.1000000015
26713  46.428  -58.980  12.015 0.1000000015
26712  47.432  -59.199  11.553 0.1000000015
32413  43.073  -53.537  11.365 0.1000000015
30373  45.001  -56.182  13.058 0.1000000015
25882  53.982  -60.523  9.610 0.1000000015
26692  53.961  -60.807  11.386 0.1000000015
26747  51.676  -60.023  8.744 0.1000000015
25883  53.357  -60.626  9.161 0.1000000015
25867  53.675  -61.154  9.893 0.1000000015
25866  54.100  -61.047  10.492 0.1000000015
26748  50.120  -59.547  9.389 0.1000000015
25868  52.391  -60.929  9.687 0.1000000015
132017  49.109  -58.988  9.581 0.1000000015
26732  49.808  -59.953  10.364 0.1000000015
27636  47.692  -58.226  9.701 0.1000000015
27617  48.346  -58.792  10.032 0.1000000015
26733  49.024  -59.337  10.180 0.1000000015
27618  47.559  -58.668  10.600 0.1000000015
32430  43.777  -53.862  10.736 0.1000000015
30394  44.469  -55.458  11.750 0.1000000015
26693  52.739  -60.247  11.965 0.1000000015
27646  49.149  -58.413  8.623 0.1000000015
27634  49.669  -58.889  8.893 0.1000000015
28505  48.314  -58.017  8.849 0.1000000015
26694  51.474  -59.511  12.233 0.1000000015
24106  49.013  -62.725  12.412 0.1000000015
24983  48.591  -61.936  12.435 0.1000000015
26734  48.241  -59.201  10.807 0.1000000015
27593  46.715  -58.534  11.129 0.1000000015
26708  53.708  -59.846  9.897 0.1000000015
17250  46.709  -69.972  2.453 0.1000000015
17232  46.508  -69.925  3.622 0.1000000015
17263  46.251  -70.272  1.819 0.1000000015
17277  46.533  -70.126  0.316 0.1000000015
17297  44.654  -70.542  -0.743 0.1000000015
17316  43.191  -71.094  -1.555 0.1000000015
15485  41.771  -72.368  -0.946 0.1000000015
18187  47.518  -69.330  2.456 0.1000000015
18170  47.326  -69.234  3.731 0.1000000015
131212  45.507  -70.554  1.401 0.1000000015
17278  45.257  -70.503  0.273 0.1000000015
18171  46.623  -69.473  4.582 0.1000000015
19056  47.250  -68.949  4.528 0.1000000015
19069  48.838  -68.206  2.492 0.1000000015
129145  48.523  -68.632  1.821 0.1000000015
18200  47.376  -69.548  1.139 0.1000000015
17251  45.938  -70.459  2.979 0.1000000015
19909  49.566  -67.173  3.795 0.1000000015
19918  50.108  -67.492  2.912 0.1000000015
18172  45.897  -70.021  4.709 0.1000000015
19041  46.696  -68.911  5.347 0.1000000015
19027  46.311  -68.498  6.209 0.1000000015
18154  45.474  -69.819  5.519 0.1000000015
18153  46.117  -69.522  5.247 0.1000000015
19042  45.885  -69.193  5.884 0.1000000015
18186  48.016  -68.792  2.912 0.1000000015
14667  41.227  -72.757  -0.779 0.1000000015
8963  44.020  -81.264  3.420 0.2000000030
8965  42.327  -82.337  3.618 0.1000000015
8983  43.248  -81.901  3.204 0.1000000015
9362  40.797  -81.593  22.042 0.1000000015
9546  44.717  -80.265  6.668 0.2000000030
10188  45.560  -79.031  6.739 0.2000000030
10718  41.413  -79.539  23.713 0.1000000015
10787  39.486  -78.604  16.762 0.1000000015
10788  38.918  -78.336  16.924 0.1000000015
10900  45.543  -78.564  7.266 0.2000000030
10937  45.056  -78.989  4.305 0.1000000015
10952  45.080  -78.800  2.430 0.1000000015
10981  45.113  -78.664  1.330 0.1000000015
11452  32.322  -77.247  19.934 0.1000000015
11476  39.019  -77.017  17.360 0.1000000015
11507  37.068  -77.670  15.471 0.1000000015
11522  35.614  -77.390  14.720 0.1000000015
11566  43.242  -77.124  9.810 0.4000000060
11582  42.695  -77.128  9.446 0.2000000030
11623  44.743  -78.475  6.125 0.2000000030
11637  44.793  -78.556  5.509 0.2000000030
11638  44.036  -78.045  5.746 0.2000000030
12154  32.752  -76.616  18.507 0.1000000015
12169  33.165  -76.311  17.740 0.1000000015
12209  35.345  -76.282  15.218 0.1000000015
12239  42.029  -76.195  10.859 0.3000000119
12240  41.524  -75.860  10.651 0.3000000119
12276  46.705  -76.754  8.750 0.2000000030
12278  42.093  -76.700  9.655 0.4000000060
12332  44.654  -76.518  3.371 0.1000000015
12837  45.882  -76.806  20.610 0.1000000015
12864  46.466  -76.772  19.697 0.1000000015
12865  45.304  -76.305  19.279 0.1000000015
12868  42.464  -75.233  19.091 0.1000000015
12907  41.882  -75.306  17.862 0.1000000015
12910  39.313  -75.779  17.784 0.1000000015
12930  35.714  -75.044  16.225 0.1000000015
12946  35.514  -75.608  15.709 0.1000000015
12956  42.474  -75.849  14.679 0.1000000015
12971  41.052  -74.825  11.901 0.4000000060
13000  47.557  -75.809  9.699 0.1000000015
13025  41.648  -75.801  8.763 0.3000000119
13057  43.697  -75.757  4.665 0.1000000015
13076  45.593  -75.657  2.251 0.1000000015
13506  38.134  -74.753  30.152 0.1000000015
13627  47.379  -75.782  22.092 0.1000000015
13630  45.102  -75.149  21.155 0.1000000015
13672  39.116  -74.446  18.203 0.1000000015
13690  35.659  -74.029  17.535 0.1000000015
13730  43.545  -73.911  12.994 0.4000000060
13733  41.076  -74.002  12.989 0.4000000060
13739  43.404  -74.532  12.555 0.4000000060
13742  40.786  -74.213  12.398 0.4000000060
13763  40.656  -74.185  11.099 0.3000000119
13787  42.059  -74.584  8.400 0.1000000015
13788  41.562  -75.010  8.944 0.4000000060
13807  42.623  -75.150  6.806 0.1000000015
13819  45.165  -74.321  3.589 0.1000000015
13826  46.188  -74.064  2.500 0.1000000015
14396  34.935  -73.672  21.128 0.1000000015
14411  41.738  -73.172  19.997 0.1000000015
14413  34.823  -73.740  20.403 0.1000000015
14444  37.951  -73.804  17.702 0.1000000015
14448  34.822  -73.991  18.797 0.1000000015
14491  50.327  -72.644  13.364 0.1000000015
14498  40.225  -72.683  13.610 0.4000000060
14507  43.287  -73.540  13.462 0.4000000060
14510  40.684  -73.418  13.322 0.4000000060
14516  50.080  -73.120  12.361 0.1000000015
14518  49.052  -73.259  11.608 0.1000000015
14519  46.912  -73.225  12.309 0.3000000119
14529  48.333  -73.705  11.378 0.2000000030
14557  41.369  -73.826  9.771 0.4000000060
14558  40.907  -74.160  10.347 0.3000000119
14618  47.203  -72.929  2.817 0.1000000015
14635  47.130  -72.868  0.735 0.1000000015
15106  40.367  -72.154  27.555 0.1000000015
15109  37.867  -72.477  27.247 0.1000000015
15121  37.859  -72.098  26.590 0.1000000015
15133  37.129  -72.623  25.158 0.1000000015
15149  36.749  -72.591  24.418 0.1000000015
15168  35.755  -73.175  22.915 0.1000000015
15209  42.022  -72.220  20.898 0.1000000015
15228  40.432  -72.313  20.137 0.1000000015
15231  36.704  -72.267  20.206 0.1000000015
15251  36.105  -72.712  19.810 0.1000000015
15319  41.443  -72.631  14.650 0.4000000060
15321  39.848  -71.971  13.661 0.4000000060
15325  49.662  -72.057  12.568 0.2000000030
15337  40.192  -72.635  12.166 0.4000000060
15343  40.555  -73.390  11.356 0.4000000060
15351  41.991  -72.159  10.286 0.3000000119
15353  40.804  -73.239  10.860 0.3000000119
15387  44.934  -72.503  7.260 0.1000000015
15402  45.407  -72.626  6.556 0.1000000015
15417  47.375  -72.209  5.111 0.1000000015
15429  48.217  -71.915  3.870 0.2000000030
15438  48.295  -71.904  2.896 0.2000000030
15440  47.123  -72.782  3.725 0.1000000015
16033  40.840  -71.700  26.146 0.1000000015
16125  39.098  -71.346  22.197 0.1000000015
16128  36.926  -71.885  21.553 0.1000000015
16145  40.310  -71.809  20.807 0.1000000015
16149  36.994  -71.913  20.879 0.1000000015
16163  50.772  -71.072  19.198 0.1000000015
16164  38.132  -71.914  20.016 0.1000000015
16218  39.854  -71.214  15.137 0.5000000000
16220  50.626  -71.410  13.921 0.1000000015
16232  40.080  -71.889  12.468 0.4000000060
16235  41.867  -70.820  11.347 0.4000000060
16237  40.498  -72.134  11.686 0.3000000119
16255  45.129  -71.116  8.755 0.1000000015
16258  42.945  -71.868  9.809 0.2000000030
16263  46.298  -71.260  7.706 0.1000000015
16265  44.797  -71.696  8.374 0.1000000015
16327  48.206  -71.786  4.608 0.2000000030
16357  49.107  -70.908  1.665 0.1000000015
16410  41.992  -71.685  -1.133 0.1000000015
17019  49.820  -69.750  20.348 0.1000000015
17038  51.326  -69.966  17.727 0.1000000015
17041  43.249  -70.051  18.205 0.5000000000
17049  51.153  -70.167  16.791 0.2000000030
17056  41.060  -70.151  17.362 0.5000000000
17072  50.672  -70.194  15.645 0.1000000015
17098  39.596  -70.368  15.319 0.5000000000
17112  39.842  -71.636  13.195 0.4000000060
17121  43.331  -69.983  11.072 0.3000000119
17137  44.065  -69.796  10.652 0.3000000119
17146  45.903  -70.162  9.035 0.1000000015
17149  44.161  -70.831  9.702 0.3000000119
17180  48.721  -70.431  7.200 0.1000000015
17213  49.710  -70.421  5.260 0.2000000030
17231  49.833  -70.411  4.196 0.2000000030
17309  43.099  -70.733  -1.208 0.1000000015
17953  42.447  -69.043  19.209 0.5000000000
17984  41.534  -69.767  17.991 0.5000000000
18013  39.489  -69.585  15.214 0.5000000000
18018  39.628  -69.657  14.505 0.5000000000
18027  40.024  -69.540  13.766 0.5000000000
18085  45.458  -69.919  9.572 0.1000000015
18105  48.748  -69.565  8.341 0.1000000015
18107  46.717  -70.058  8.681 0.1000000015
18138  50.711  -69.274  6.298 0.2000000030
18139  50.180  -69.793  6.677 0.1000000015
18185  50.497  -68.765  2.609 0.1000000015
18789  41.663  -68.518  25.574 0.1000000015
18819  43.474  -68.517  23.288 0.1000000015
18853  49.916  -68.216  19.440 0.1000000015
18868  50.358  -68.374  18.921 0.1000000015
18870  45.745  -68.096  19.322 0.3000000119
18892  47.295  -68.368  18.690 0.2000000030
18893  41.255  -68.670  18.982 0.5000000000
18894  40.614  -68.521  18.666 0.6000000238
18916  39.492  -68.654  16.671 0.5000000000
18928  39.423  -68.916  15.828 0.4000000060
18945  39.895  -69.029  14.271 0.5000000000
18950  44.405  -67.992  11.972 0.4000000060
18953  41.749  -68.839  12.891 0.5000000000
18955  46.466  -67.901  11.008 0.3000000119
18969  48.240  -68.176  10.081 0.2000000030
18971  45.251  -68.845  10.668 0.3000000119
18986  46.629  -68.948  9.786 0.1000000015
18997  51.320  -68.467  8.483 0.2000000030
19011  51.694  -68.060  7.987 0.2000000030
19028  45.550  -68.803  6.584 0.1000000015
19039  51.287  -68.129  4.807 0.2000000030
19054  49.140  -67.724  3.185 0.1000000015
19055  48.059  -68.459  3.780 0.2000000030
19081  50.255  -68.310  2.166 0.1000000015
19661  39.531  -67.269  26.703 0.1000000015
19705  44.428  -67.275  22.290 0.1000000015
19767  48.869  -67.317  18.839 0.1000000015
19768  39.863  -67.469  18.652 0.6000000238
19792  39.418  -67.456  16.208 0.5000000000
19799  40.909  -66.913  14.530 0.5000000000
19805  41.599  -67.699  13.712 0.5000000000
19810  47.421  -67.040  11.822 0.4000000060
19811  46.467  -66.984  12.085 0.4000000060
19814  43.425  -67.636  12.811 0.4000000060
19815  42.774  -67.847  13.021 0.5000000000
19824  45.167  -67.732  11.740 0.4000000060
19832  51.852  -67.791  10.249 0.2000000030
19849  52.063  -67.651  9.677 0.2000000030
19872  46.283  -67.259  7.237 0.2000000030
19892  51.583  -66.936  5.171 0.2000000030
19894  48.914  -67.000  4.785 0.2000000030
19906  51.284  -66.629  4.624 0.2000000030
19917  50.648  -67.577  3.156 0.1000000015
20453  37.703  -66.602  29.547 0.1000000015
20470  38.437  -66.501  27.511 0.1000000015
20478  39.927  -67.234  26.045 0.1000000015
20497  40.532  -66.421  24.580 0.1000000015
20519  47.228  -65.590  20.731 0.2000000030
20560  41.243  -67.029  19.909 0.5000000000
20562  39.929  -66.811  19.147 0.5000000000
20606  40.127  -67.139  15.025 0.4000000060
20612  48.718  -65.976  13.156 0.4000000060
20614  46.770  -66.055  13.192 0.5000000000
20615  45.907  -66.082  13.328 0.4000000060
20616  44.241  -66.375  13.464 0.4000000060
20617  43.477  -66.529  13.580 0.4000000060
20618  42.712  -66.641  13.777 0.5000000000
20638  52.194  -67.106  11.853 0.2000000030
20651  52.388  -66.899  10.702 0.2000000030
20688  47.357  -65.867  7.080 0.2000000030
20690  45.856  -66.819  7.864 0.1000000015
20699  51.294  -65.896  5.553 0.3000000119
20700  49.804  -65.560  5.736 0.2000000030
20701  48.745  -65.915  6.053 0.2000000030
20711  51.141  -66.021  4.933 0.1000000015
21291  36.679  -65.196  29.961 0.1000000015
21305  37.338  -65.623  28.518 0.1000000015
21351  43.390  -64.833  22.824 0.1000000015
21368  46.757  -65.070  20.754 0.3000000119
21369  46.269  -65.218  21.366 0.3000000119
21377  46.661  -65.029  20.214 0.4000000060
21378  45.909  -64.722  20.248 0.4000000060
21380  43.712  -65.096  20.314 0.5000000000
21383  40.590  -65.081  20.129 0.5000000000
21417  39.323  -65.378  18.767 0.5000000000
21448  53.007  -65.101  13.756 0.3000000119
21451  49.088  -64.953  14.035 0.3000000119
21453  46.896  -64.974  13.994 0.4000000060
21454  46.005  -64.980  14.053 0.4000000060
21456  43.729  -65.528  14.093 0.4000000060
21458  40.791  -65.083  15.160 0.4000000060
21464  51.540  -65.754  13.541 0.3000000119
21473  53.244  -65.393  13.231 0.3000000119
21485  53.234  -65.462  12.762 0.3000000119
21532  50.093  -65.154  7.818 0.3000000119
21533  47.261  -64.631  7.973 0.2000000030
21535  45.685  -65.401  8.645 0.1000000015
21544  51.558  -66.028  7.129 0.3000000119
21546  49.897  -64.887  7.041 0.3000000119
21554  51.108  -65.578  6.194 0.3000000119
22151  36.737  -64.033  27.840 0.1000000015
22202  44.922  -64.191  21.992 0.4000000060
22203  44.231  -64.449  22.436 0.2000000030
22209  45.348  -64.170  21.366 0.4000000060
22214  45.663  -64.393  20.809 0.4000000060
22233  39.465  -64.729  19.313 0.5000000000
22304  50.827  -63.966  14.424 0.3000000119
22307  40.165  -64.847  15.658 0.4000000060
22317  52.488  -64.625  14.173 0.2000000030
22318  51.630  -64.561  14.286 0.3000000119
22319  49.665  -64.568  14.233 0.4000000060
22320  48.287  -64.663  14.163 0.4000000060
22323  45.595  -64.469  14.310 0.4000000060
22331  53.457  -64.747  13.119 0.3000000119
22340  49.976  -64.774  11.491 0.2000000030
22369  48.093  -64.384  9.222 0.3000000119
22370  47.141  -63.913  9.299 0.2000000030
22372  45.473  -64.072  9.343 0.1000000015
22400  49.109  -64.721  7.538 0.3000000119
23065  44.080  -63.155  21.699 0.3000000119
23076  39.307  -63.264  19.543 0.5000000000
23104  39.093  -63.678  17.280 0.6000000238
23133  48.735  -63.169  14.564 0.3000000119
23135  47.005  -62.583  14.584 0.4000000060
23136  42.588  -63.267  14.804 0.3000000119
23137  41.167  -63.713  15.210 0.4000000060
23139  39.897  -63.307  15.997 0.5000000000
23162  53.503  -64.097  13.370 0.3000000119
23168  49.454  -63.489  12.233 0.1000000015
23181  48.973  -64.166  11.828 0.2000000030
23184  45.624  -62.675  11.001 0.1000000015
23198  45.317  -63.054  10.248 0.1000000015
24043  38.891  -61.952  17.823 0.5000000000
24058  39.711  -62.727  16.289 0.5000000000
24077  45.481  -61.926  14.718 0.4000000060
24078  44.030  -62.103  14.754 0.4000000060
24082  40.245  -62.766  15.778 0.5000000000
24092  53.349  -63.614  13.668 0.2000000030
24096  44.524  -62.677  14.624 0.4000000060
24097  43.879  -62.949  14.655 0.4000000060
24107  46.950  -62.108  12.440 0.1000000015
24108  46.021  -62.250  12.049 0.1000000015
24120  51.508  -63.280  12.166 0.2000000030
24122  44.366  -62.199  11.245 0.1000000015
24808  36.596  -61.547  27.911 0.1000000015
24887  42.627  -61.802  22.163 0.3000000119
24926  39.172  -61.693  17.282 0.5000000000
24949  50.186  -62.195  14.393 0.2000000030
24950  49.468  -61.693  14.484 0.2000000030
24951  48.094  -61.387  14.716 0.4000000060
24953  46.724  -60.966  14.952 0.4000000060
24954  44.987  -61.319  14.887 0.4000000060
24957  42.270  -61.820  15.063 0.4000000060
24973  49.883  -61.061  14.270 0.2000000030
24986  44.220  -61.101  12.098 0.1000000015
24998  54.036  -62.220  11.724 0.2000000030
25636  37.013  -60.334  29.434 0.1000000015
25757  39.232  -60.456  20.540 0.4000000060
25783  39.852  -60.565  16.578 0.5000000000
25800  43.403  -60.537  15.235 0.3000000119
25802  41.256  -60.704  15.570 0.4000000060
25816  49.262  -60.455  14.317 0.2000000030
25821  53.825  -61.567  12.593 0.2000000030
25832  47.481  -60.504  12.413 0.1000000015
25884  52.355  -60.504  9.035 0.1000000015
26637  38.645  -58.905  18.872 0.2000000030
26664  46.595  -59.567  15.304 0.3000000119
26682  48.398  -59.525  14.421 0.2000000030
26686  50.819  -59.708  12.943 0.2000000030
26697  46.024  -59.683  12.506 0.1000000015
26709  52.997  -59.821  11.112 0.1000000015
26710  49.279  -60.349  11.319 0.1000000015
26731  51.117  -60.318  9.608 0.1000000015
27541  42.594  -58.071  16.176 0.3000000119
27543  39.854  -58.964  16.941 0.4000000060
27547  45.114  -57.867  15.998 0.2000000030
27563  48.191  -58.862  14.253 0.1000000015
27635  48.664  -58.540  9.299 0.1000000015
28423  40.487  -57.394  17.105 0.5000000000
28431  44.447  -56.620  16.281 0.2000000030
28446  47.307  -57.860  14.139 0.2000000030
28492  46.761  -57.762  9.777 0.1000000015
29374  43.141  -55.652  16.786 0.1000000015
29387  44.874  -56.545  15.996 0.1000000015
29388  44.325  -56.000  16.146 0.1000000015
29400  45.260  -56.417  14.841 0.2000000030
30346  42.661  -55.286  17.145 0.1000000015
30365  44.560  -55.922  14.861 0.2000000030
31184  38.111  -54.753  27.206 0.1000000015
31257  37.368  -54.573  23.297 0.1000000015
31378  43.450  -54.341  11.594 0.1000000015
32225  38.020  -53.681  26.260 0.1000000015
32401  42.849  -53.921  12.037 0.1000000015
33289  38.263  -52.222  24.523 0.1000000015
33311  38.045  -52.198  23.672 0.1000000015
33404  40.784  -52.186  16.930 0.1000000015
120645  39.581  -65.965  16.145 0.4000000060
120730  38.478  -54.926  20.385 0.1000000015
120960  40.861  -65.742  14.904 0.5000000000
121449  42.054  -64.907  20.497 0.5000000000
121686  52.205  -67.357  9.021 0.2000000030
121870  43.003  -65.456  14.274 0.5000000000
121969  44.005  -64.249  14.441 0.4000000060
122355  47.041  -63.376  11.371 0.2000000030
122467  38.660  -71.324  25.152 0.1000000015
122806  51.836  -64.160  14.356 0.2000000030
123122  41.116  -61.076  23.529 0.2000000030
123474  47.698  -60.721  14.791 0.4000000060
123988  40.609  -73.715  12.771 0.4000000060
124091  42.821  -77.324  7.202 0.2000000030
124386  42.010  -69.444  18.611 0.5000000000
124395  39.903  -71.369  22.388 0.1000000015
124686  52.459  -66.325  12.906 0.3000000119
124818  47.941  -63.789  11.706 0.2000000030
124885  39.183  -67.663  28.256 0.1000000015
124963  44.790  -79.463  1.569 0.1000000015
125379  46.111  -58.819  15.574 0.2000000030
125741  52.231  -66.849  9.058 0.2000000030
126035  40.615  -70.497  16.645 0.5000000000
127115  41.938  -61.122  15.250 0.4000000060
127258  39.976  -71.304  23.048 0.1000000015
127646  51.129  -67.814  3.746 0.2000000030
128045  54.011  -60.492  10.432 0.1000000015
128473  40.467  -67.786  26.188 0.1000000015
128660  48.210  -67.395  11.238 0.2000000030
128734  39.203  -65.932  18.168 0.6000000238
128857  54.160  -61.859  12.217 0.2000000030
129175  43.124  -68.184  12.594 0.4000000060
129356  48.792  -64.723  10.192 0.3000000119
129776  51.165  -66.868  12.319 0.3000000119
130033  40.985  -71.411  23.855 0.1000000015
130328  51.347  -67.716  10.891 0.2000000030
130546  43.871  -70.666  -1.178 0.1000000015
130731  39.775  -64.745  24.402 0.1000000015
130746  37.942  -75.901  26.944 0.1000000015
130777  50.966  -65.705  8.571 0.3000000119
130825  39.270  -57.153  18.296 0.2000000030
131143  43.856  -75.346  20.104 0.1000000015
131554  52.226  -62.185  13.869 0.2000000030
131624  49.406  -64.868  6.900 0.3000000119
132197  40.410  -72.839  11.677 0.4000000060
133085  44.884  -59.791  15.494 0.4000000060
133741  44.376  -55.804  13.315 0.2000000030
133804  38.542  -73.717  18.114 0.1000000015
133911  36.350  -62.863  29.084 0.1000000015
134148  47.735  -61.949  12.505 0.2000000030
135298  42.859  -64.933  14.468 0.4000000060
135902  51.074  -68.832  6.812 0.2000000030
136857  42.154  -69.044  12.541 0.5000000000
137143  45.366  -78.769  6.640 0.2000000030
138056  51.892  -61.458  13.682 0.2000000030
138438  39.709  -71.392  13.775 0.4000000060
138446  38.671  -58.182  22.954 0.1000000015
138495  39.596  -70.903  14.145 0.4000000060
138625  38.387  -74.925  30.765 0.1000000015
138682  44.022  -73.382  6.917 0.1000000015
139073  37.699  -77.919  22.961 0.1000000015
139131  40.051  -66.219  19.511 0.5000000000
139978  44.775  -70.848  9.273 0.1000000015
140197  48.133  -62.620  12.433 0.1000000015
140278  44.877  -68.445  19.463 0.4000000060
140552  42.405  -70.940  10.927 0.2000000030
140561  47.620  -63.142  12.167 0.2000000030
140713  45.789  -61.360  12.442 0.1000000015
140885  41.131  -67.409  14.146 0.5000000000
140927  44.831  -78.653  4.808 0.1000000015
141019  48.855  -64.409  14.299 0.3000000119
141095  38.206  -77.070  31.891 0.1000000015
141836  46.957  -58.231  10.336 0.1000000015
141997  38.166  -71.309  23.294 0.1000000015
142744  50.420  -65.499  10.167 0.2000000030
142797  46.127  -74.922  1.380 0.1000000015
142914  51.109  -68.437  4.291 0.2000000030
143053  39.109  -65.743  25.448 0.1000000015
143192  44.513  -76.272  10.921 0.3000000119
143228  40.728  -63.666  23.840 0.2000000030
143355  44.611  -75.098  18.407 0.1000000015
143728  43.273  -76.566  5.435 0.1000000015
143828  35.490  -76.818  14.925 0.1000000015
143861  50.815  -64.201  12.050 0.2000000030
144600  45.075  -73.428  17.857 0.1000000015
144726  50.484  -67.585  11.154 0.2000000030
144903  48.903  -59.662  10.877 0.1000000015
144929  39.302  -67.188  16.936 0.5000000000
