#!ascii label  , from subject sub-v1s17x0051138_ses-1 vox2ras=TkReg
314
130910  27.667  -10.082  -2.039 0.0000000000
65215  26.897  -21.162  -0.367 0.0000000000
78252  25.643  -6.299  -4.624 0.0000000000
83626  23.492  -0.248  -10.759 0.0000000000
63208  24.731  -22.473  0.372 0.0000000000
140845  27.588  -2.357  -3.103 0.0000000000
83587  26.505  -0.713  -5.129 0.0000000000
70755  26.424  -14.075  -4.682 0.0000000000
68964  27.269  -16.332  -2.306 0.0000000000
72657  28.204  -12.406  -1.328 0.0000000000
78212  31.096  -6.405  -1.353 0.0000000000
75576  31.664  -9.044  -0.808 0.0000000000
136691  27.097  -7.651  -3.607 0.0000000000
79983  29.730  -4.173  -1.879 0.0000000000
82680  24.523  -1.418  -8.880 0.0000000000
85340  25.836  1.648  -7.239 0.0000000000
67124  28.437  -18.565  -0.411 0.0000000000
81759  25.769  -2.771  -5.372 0.0000000000
82654  25.550  -1.897  -6.624 0.0000000000
132369  27.057  -12.244  -3.854 0.0000000000
133661  27.400  -13.008  -2.553 0.0000000000
73640  28.004  -11.663  -1.580 0.0000000000
63214  25.853  -22.157  -0.216 0.0000000000
79118  26.793  -6.603  -3.784 0.0000000000
134830  27.808  -6.099  -2.492 0.0000000000
79109  27.308  -5.492  -2.943 0.0000000000
83575  28.727  -0.666  -4.203 0.0000000000
81741  29.311  -1.987  -3.009 0.0000000000
83606  22.586  -0.550  -7.849 0.0000000000
82672  22.602  -2.205  -7.838 0.0000000000
83624  24.200  -0.648  -10.155 0.0000000000
88117  26.095  4.717  -10.366 0.0000000000
87218  26.202  3.937  -9.166 0.0000000000
144639  25.371  1.886  -8.624 0.0000000000
86255  26.246  3.085  -8.015 0.0000000000
86229  27.011  2.358  -6.613 0.0000000000
126662  28.549  -16.096  -1.483 0.0000000000
128286  27.791  -17.984  -1.902 0.0000000000
62269  23.898  -23.234  1.107 0.0000000000
79996  26.698  -4.187  -3.688 0.0000000000
81744  26.440  -3.242  -4.058 0.0000000000
82641  27.245  -1.127  -3.791 0.0000000000
84426  27.688  0.286  -4.404 0.0000000000
68966  25.445  -16.524  -2.564 0.0000000000
69839  26.432  -14.870  -3.275 0.0000000000
70732  27.641  -14.727  -1.928 0.0000000000
71695  28.702  -14.075  -0.636 0.0000000000
77371  28.441  -7.814  -1.245 0.0000000000
76482  29.218  -9.102  -0.461 0.0000000000
76497  30.477  -8.015  -0.585 0.0000000000
73658  26.188  -11.503  -4.671 0.0000000000
75606  25.677  -9.991  -4.790 0.0000000000
75597  27.236  -9.228  -3.485 0.0000000000
77385  28.283  -7.084  -1.734 0.0000000000
129769  30.131  -4.985  -1.608 0.0000000000
79981  31.490  -4.491  -2.462 0.0000000000
81726  28.968  -2.910  -2.606 0.0000000000
80876  30.557  -3.113  -2.817 0.0000000000
82671  24.553  -1.890  -8.231 0.0000000000
85369  24.194  0.801  -11.762 0.0000000000
84482  24.652  0.115  -10.159 0.0000000000
83613  25.285  -0.792  -8.644 0.0000000000
83605  25.491  -1.135  -7.792 0.0000000000
84453  26.259  0.451  -6.176 0.0000000000
85312  27.519  1.377  -5.375 0.0000000000
65234  26.435  -20.286  -1.348 0.0000000000
68084  26.068  -17.346  -2.305 0.0000000000
74607  29.654  -10.437  -0.197 0.0000000000
73601  30.029  -11.927  0.349 0.0000000000
81760  25.390  -2.641  -6.160 0.0000000000
81765  25.029  -2.557  -7.132 0.0000000000
73652  27.297  -11.459  -3.182 0.0000000000
73647  27.572  -11.556  -2.306 0.0000000000
74627  27.802  -10.888  -1.777 0.0000000000
61275  23.330  -24.670  2.177 0.0000000000
61286  23.762  -24.044  1.551 0.0000000000
64271  26.527  -21.898  -0.030 0.0000000000
78251  26.172  -6.840  -4.314 0.0000000000
142305  26.826  -5.979  -3.524 0.0000000000
136922  26.326  -6.079  -4.034 0.0000000000
83574  29.441  -0.236  -4.775 0.0000000000
82640  29.652  -0.982  -4.329 0.0000000000
122548  23.125  -0.430  -9.961 0.0000000000
83615  22.900  -0.482  -8.830 0.0000000000
83614  23.555  -0.898  -9.339 0.0000000000
83625  23.791  -0.575  -10.457 0.0000000000
87204  26.696  3.676  -8.455 0.0000000000
87203  27.608  3.811  -8.375 0.0000000000
69822  29.068  -15.848  -0.895 0.0000000000
68953  28.902  -16.632  -1.167 0.0000000000
64283  24.361  -20.794  -0.566 0.0000000000
80887  26.002  -4.118  -4.383 0.0000000000
80888  25.338  -4.165  -5.033 0.0000000000
82653  26.024  -1.863  -5.488 0.0000000000
82642  26.606  -1.479  -4.427 0.0000000000
140811  26.957  -0.720  -4.322 0.0000000000
83576  27.511  -0.427  -4.072 0.0000000000
84427  27.085  -0.031  -4.615 0.0000000000
85361  22.570  1.157  -9.732 0.0000000000
69841  25.311  -15.092  -3.721 0.0000000000
70747  26.160  -14.426  -4.298 0.0000000000
134567  27.854  -13.110  -1.712 0.0000000000
71706  27.448  -13.798  -2.178 0.0000000000
71705  28.113  -13.987  -1.442 0.0000000000
134930  28.410  -13.178  -0.974 0.0000000000
62268  24.588  -23.260  0.821 0.0000000000
136065  24.395  -23.785  1.190 0.0000000000
77370  29.119  -7.110  -1.115 0.0000000000
76498  29.309  -8.100  -0.610 0.0000000000
77369  31.058  -7.209  -1.023 0.0000000000
133824  25.992  -12.488  -4.972 0.0000000000
77407  26.560  -8.013  -4.013 0.0000000000
76530  26.574  -8.775  -4.089 0.0000000000
75605  26.521  -9.627  -4.288 0.0000000000
76519  27.176  -8.287  -3.526 0.0000000000
76512  28.015  -7.857  -2.182 0.0000000000
77386  27.613  -7.643  -3.013 0.0000000000
79099  28.212  -5.261  -2.293 0.0000000000
79098  28.596  -5.820  -1.886 0.0000000000
129410  29.148  -5.036  -1.782 0.0000000000
79982  30.775  -4.451  -1.938 0.0000000000
137844  30.399  -3.758  -2.257 0.0000000000
81743  27.142  -3.140  -3.347 0.0000000000
80867  27.425  -3.903  -2.921 0.0000000000
81727  27.924  -3.015  -2.806 0.0000000000
81740  30.285  -2.274  -3.221 0.0000000000
80875  31.375  -3.427  -3.349 0.0000000000
81787  23.317  -2.185  -8.133 0.0000000000
81779  22.140  -2.885  -7.468 0.0000000000
81786  23.961  -1.904  -8.162 0.0000000000
81777  23.350  -2.747  -7.962 0.0000000000
88100  25.630  4.147  -9.882 0.0000000000
88118  24.986  4.403  -10.630 0.0000000000
86267  24.533  1.775  -11.122 0.0000000000
86266  24.993  2.024  -9.676 0.0000000000
85350  25.460  1.227  -8.103 0.0000000000
84462  25.511  0.267  -7.923 0.0000000000
129894  25.602  -0.379  -7.628 0.0000000000
84454  25.796  0.393  -7.003 0.0000000000
83598  25.861  -0.491  -6.794 0.0000000000
85330  26.145  1.311  -6.581 0.0000000000
86242  27.528  2.878  -7.160 0.0000000000
85328  27.270  1.834  -6.011 0.0000000000
86228  27.905  2.325  -6.458 0.0000000000
85327  28.510  1.801  -6.067 0.0000000000
130176  24.889  -19.829  -1.345 0.0000000000
68965  26.282  -16.465  -2.522 0.0000000000
68085  25.206  -17.195  -2.245 0.0000000000
68083  26.902  -17.081  -2.335 0.0000000000
67129  28.186  -18.311  -1.269 0.0000000000
67130  27.414  -18.824  -1.744 0.0000000000
65233  27.256  -19.743  -1.291 0.0000000000
76481  30.114  -8.821  -0.377 0.0000000000
75560  29.236  -9.855  -0.436 0.0000000000
75559  29.954  -9.664  -0.239 0.0000000000
80897  25.166  -3.511  -5.696 0.0000000000
83588  25.991  -1.093  -6.156 0.0000000000
72677  26.716  -13.116  -4.482 0.0000000000
71719  26.689  -13.648  -4.218 0.0000000000
72669  27.096  -12.980  -3.588 0.0000000000
72658  27.670  -12.328  -2.006 0.0000000000
63207  25.504  -22.584  0.338 0.0000000000
63198  25.699  -23.005  0.895 0.0000000000
63206  26.101  -22.447  0.440 0.0000000000
63197  26.258  -22.593  1.351 0.0000000000
79085  31.515  -6.006  -1.676 0.0000000000
78228  31.891  -6.731  -1.674 0.0000000000
77408  26.010  -7.650  -4.482 0.0000000000
130459  27.242  -7.077  -3.429 0.0000000000
78231  27.660  -6.875  -2.775 0.0000000000
129871  27.255  -6.380  -3.157 0.0000000000
79984  28.705  -4.405  -2.143 0.0000000000
82625  27.777  -1.495  -3.241 0.0000000000
81742  28.340  -2.159  -2.888 0.0000000000
82623  29.035  -1.316  -3.670 0.0000000000
82622  30.012  -1.550  -3.656 0.0000000000
82681  23.851  -1.400  -8.661 0.0000000000
82691  24.512  -1.010  -9.422 0.0000000000
87219  25.471  3.467  -9.593 0.0000000000
139360  25.377  2.875  -9.337 0.0000000000
86244  25.840  2.263  -7.723 0.0000000000
85339  26.302  2.098  -6.878 0.0000000000
86243  26.623  2.752  -7.283 0.0000000000
87185  28.055  3.396  -7.772 0.0000000000
69828  27.916  -15.715  -1.923 0.0000000000
68076  27.667  -17.252  -2.136 0.0000000000
144520  28.559  -16.675  -1.553 0.0000000000
68075  28.451  -17.325  -1.516 0.0000000000
63199  24.103  -22.630  0.712 0.0000000000
64272  25.174  -22.132  -0.089 0.0000000000
64282  25.196  -21.571  -0.510 0.0000000000
64281  26.136  -21.498  -0.717 0.0000000000
79119  25.906  -5.492  -4.321 0.0000000000
79110  26.602  -5.260  -3.689 0.0000000000
80005  26.128  -4.789  -4.110 0.0000000000
134760  26.260  -2.477  -4.624 0.0000000000
82626  26.926  -2.146  -3.678 0.0000000000
135009  27.799  -0.797  -3.605 0.0000000000
83560  28.011  -0.278  -3.888 0.0000000000
84425  28.455  0.297  -4.556 0.0000000000
84463  22.505  0.426  -8.020 0.0000000000
84473  22.637  0.333  -9.225 0.0000000000
84496  23.485  0.268  -11.270 0.0000000000
68972  25.640  -15.770  -3.058 0.0000000000
69834  26.375  -15.658  -2.779 0.0000000000
70739  26.957  -14.423  -2.717 0.0000000000
69833  27.084  -15.341  -2.435 0.0000000000
70726  28.448  -15.059  -1.230 0.0000000000
70725  29.181  -14.959  -0.497 0.0000000000
76499  28.406  -8.692  -0.947 0.0000000000
75577  28.021  -9.404  -1.513 0.0000000000
76496  31.438  -8.179  -0.910 0.0000000000
77384  32.498  -7.294  -2.040 0.0000000000
77368  32.038  -7.655  -1.480 0.0000000000
76495  32.269  -8.565  -1.448 0.0000000000
72678  26.292  -13.264  -5.096 0.0000000000
73657  26.895  -11.255  -4.092 0.0000000000
142591  27.244  -10.731  -3.337 0.0000000000
74653  26.384  -10.542  -4.509 0.0000000000
74647  27.030  -10.212  -3.866 0.0000000000
75587  27.659  -9.284  -2.469 0.0000000000
139007  27.940  -8.632  -1.909 0.0000000000
127154  30.075  -6.479  -1.166 0.0000000000
78230  28.141  -6.576  -2.121 0.0000000000
79086  29.582  -5.700  -1.512 0.0000000000
79097  30.712  -5.669  -1.471 0.0000000000
79096  31.568  -5.238  -1.997 0.0000000000
79108  32.076  -4.924  -2.928 0.0000000000
79995  27.136  -4.709  -3.168 0.0000000000
80866  28.285  -3.736  -2.467 0.0000000000
122821  29.117  -3.689  -2.273 0.0000000000
80877  29.817  -2.670  -2.731 0.0000000000
80865  29.785  -3.351  -2.382 0.0000000000
80864  31.094  -3.852  -2.581 0.0000000000
81775  24.625  -2.367  -7.760 0.0000000000
84503  24.020  0.589  -11.893 0.0000000000
86277  24.153  1.664  -11.854 0.0000000000
84494  23.881  0.214  -11.683 0.0000000000
84483  24.249  0.119  -11.253 0.0000000000
138876  24.272  -0.334  -10.538 0.0000000000
83623  24.665  -0.678  -9.612 0.0000000000
85359  25.008  1.052  -9.358 0.0000000000
84472  25.163  0.126  -9.020 0.0000000000
82690  24.846  -1.225  -9.123 0.0000000000
82679  25.043  -1.525  -8.579 0.0000000000
138955  25.164  -1.883  -7.708 0.0000000000
133969  25.639  -1.321  -7.036 0.0000000000
83597  26.273  -0.292  -5.897 0.0000000000
85329  26.702  1.806  -6.320 0.0000000000
85313  26.783  1.206  -5.716 0.0000000000
84442  26.681  0.293  -5.346 0.0000000000
84441  27.289  0.750  -4.969 0.0000000000
84440  28.518  0.988  -5.049 0.0000000000
65235  25.444  -20.345  -1.302 0.0000000000
65224  26.593  -20.944  -0.954 0.0000000000
67140  26.165  -18.167  -2.126 0.0000000000
67139  26.999  -17.954  -2.199 0.0000000000
67131  26.594  -18.667  -1.999 0.0000000000
67132  25.654  -18.801  -1.827 0.0000000000
66179  26.533  -19.372  -1.705 0.0000000000
74626  28.161  -10.244  -1.260 0.0000000000
128129  28.314  -11.051  -1.112 0.0000000000
73639  28.472  -11.760  -0.958 0.0000000000
74606  30.535  -10.358  0.026 0.0000000000
132696  29.272  -11.147  -0.282 0.0000000000
72645  29.090  -12.295  -0.206 0.0000000000
71694  29.022  -13.121  -0.196 0.0000000000
68957  28.153  -16.592  -1.933 0.0000000000
69840  25.878  -15.044  -3.655 0.0000000000
70746  26.556  -14.201  -3.757 0.0000000000
70756  26.145  -14.149  -5.101 0.0000000000
71712  26.969  -13.645  -3.127 0.0000000000
71724  26.423  -13.779  -5.020 0.0000000000
72624  29.593  -12.476  0.200 0.0000000000
72646  28.662  -12.415  -0.668 0.0000000000
73619  29.457  -11.771  0.008 0.0000000000
73620  28.911  -11.769  -0.440 0.0000000000
74608  28.805  -10.503  -0.606 0.0000000000
74637  27.466  -10.778  -2.572 0.0000000000
75561  28.566  -9.609  -0.764 0.0000000000
76480  30.930  -8.696  -0.524 0.0000000000
76513  27.676  -8.471  -2.830 0.0000000000
76531  25.960  -8.472  -4.629 0.0000000000
78229  28.914  -6.367  -1.524 0.0000000000
78250  26.683  -7.289  -3.964 0.0000000000
79985  27.781  -4.598  -2.581 0.0000000000
79994  31.745  -4.180  -3.187 0.0000000000
80896  25.862  -3.393  -4.872 0.0000000000
80904  24.741  -3.279  -6.686 0.0000000000
81776  24.028  -2.474  -7.880 0.0000000000
82624  28.226  -0.949  -3.494 0.0000000000
82682  23.121  -1.318  -8.287 0.0000000000
82692  24.131  -1.001  -9.538 0.0000000000
83634  24.013  -0.263  -11.124 0.0000000000
83635  23.905  -0.142  -11.370 0.0000000000
84484  22.896  0.270  -10.381 0.0000000000
84495  23.964  0.215  -11.793 0.0000000000
85299  27.872  0.987  -4.798 0.0000000000
85311  28.174  1.438  -5.365 0.0000000000
86212  27.852  1.788  -5.809 0.0000000000
86256  25.620  2.617  -8.625 0.0000000000
87186  27.122  3.374  -7.757 0.0000000000
88099  26.647  4.440  -9.710 0.0000000000
121054  28.506  -1.554  -3.177 0.0000000000
122840  30.012  -7.298  -0.732 0.0000000000
128779  27.395  -10.037  -2.959 0.0000000000
130799  27.371  -12.260  -2.904 0.0000000000
132360  25.695  1.028  -7.294 0.0000000000
133729  26.510  -12.343  -4.558 0.0000000000
134005  26.006  -20.887  -1.153 0.0000000000
134403  28.733  -11.248  -0.654 0.0000000000
139144  27.909  -7.218  -2.399 0.0000000000
142494  28.187  -8.249  -1.563 0.0000000000
144479  30.818  -5.052  -1.661 0.0000000000
