#!ascii label  , from subject sub-v1s17x0050243_ses-1 vox2ras=TkReg
982
57509  -38.404  -33.234  57.944 0.0000000000
51684  -20.504  -38.393  66.341 0.0000000000
55383  -28.433  -34.888  60.835 0.0000000000
78693  -47.400  -12.066  44.915 0.0000000000
80723  -53.372  -10.635  39.440 0.0000000000
55174  -14.807  -34.680  72.935 0.0000000000
75627  -43.071  -15.134  47.265 0.0000000000
60519  -41.130  -29.861  56.737 0.0000000000
56486  -33.325  -34.400  59.510 0.0000000000
55241  -17.784  -35.509  68.868 0.0000000000
51607  -17.103  -38.751  72.066 0.0000000000
155226  -33.366  -30.723  56.036 0.0000000000
61572  -37.539  -29.455  54.915 0.0000000000
51743  -24.433  -38.766  62.921 0.0000000000
60445  -29.942  -30.633  59.976 0.0000000000
67589  -40.707  -23.752  47.549 0.0000000000
68657  -44.679  -21.855  45.794 0.0000000000
136300  -46.819  -17.177  45.473 0.0000000000
50386  -9.647  -39.670  76.126 0.0000000000
48207  -6.399  -41.908  79.522 0.0000000000
63540  -35.926  -26.659  54.757 0.0000000000
66436  -34.560  -24.267  52.619 0.0000000000
67560  -36.861  -23.960  50.115 0.0000000000
50423  -13.422  -39.195  73.011 0.0000000000
50479  -20.454  -39.500  68.300 0.0000000000
49412  -22.739  -39.980  66.900 0.0000000000
56499  -35.356  -34.121  58.766 0.0000000000
56374  -20.011  -34.368  66.479 0.0000000000
54090  -18.971  -36.736  67.598 0.0000000000
51653  -18.607  -38.272  69.353 0.0000000000
60461  -34.845  -30.701  59.059 0.0000000000
60493  -31.642  -30.751  57.286 0.0000000000
69635  -40.232  -21.956  47.662 0.0000000000
67604  -42.797  -23.350  46.681 0.0000000000
70607  -42.014  -20.314  46.328 0.0000000000
153853  -44.248  -16.175  45.580 0.0000000000
75655  -45.950  -15.154  44.466 0.0000000000
74689  -48.857  -16.450  45.043 0.0000000000
76706  -47.789  -14.195  42.617 0.0000000000
77693  -49.379  -13.606  41.717 0.0000000000
63489  -37.049  -27.557  56.986 0.0000000000
63525  -37.371  -27.728  54.811 0.0000000000
64491  -33.897  -26.955  57.405 0.0000000000
145458  -32.967  -23.316  54.244 0.0000000000
140108  -34.009  -21.665  52.894 0.0000000000
144751  -36.062  -23.877  51.528 0.0000000000
70561  -35.624  -20.726  50.909 0.0000000000
70576  -37.884  -21.011  49.419 0.0000000000
52971  -26.766  -37.334  61.722 0.0000000000
52789  -11.923  -37.144  74.053 0.0000000000
54005  -13.693  -37.012  72.453 0.0000000000
45078  -6.264  -44.465  80.133 0.0000000000
45072  -4.666  -45.503  81.805 0.0000000000
73653  -42.503  -17.390  48.186 0.0000000000
63510  -41.220  -27.534  56.334 0.0000000000
152849  -31.062  -34.615  60.405 0.0000000000
55193  -15.508  -34.951  71.008 0.0000000000
52817  -15.165  -37.477  71.167 0.0000000000
52841  -17.123  -37.429  70.025 0.0000000000
79720  -54.271  -11.726  38.029 0.0000000000
58503  -35.857  -33.036  55.844 0.0000000000
156941  -37.702  -31.870  54.909 0.0000000000
142576  -35.760  -30.420  55.412 0.0000000000
54130  -21.040  -36.474  64.421 0.0000000000
50563  -22.918  -38.976  64.554 0.0000000000
54141  -22.909  -36.656  62.633 0.0000000000
55365  -24.695  -36.042  61.213 0.0000000000
56463  -26.492  -34.123  60.374 0.0000000000
59381  -27.683  -31.600  61.747 0.0000000000
57488  -28.322  -33.122  59.302 0.0000000000
58477  -30.756  -32.602  57.720 0.0000000000
57531  -32.812  -32.836  56.551 0.0000000000
65516  -41.126  -25.303  49.193 0.0000000000
145424  -43.185  -18.416  45.794 0.0000000000
71588  -45.773  -19.625  45.514 0.0000000000
76733  -50.778  -13.297  40.799 0.0000000000
49278  -8.494  -40.978  77.348 0.0000000000
46140  -8.111  -43.726  79.079 0.0000000000
60559  -38.830  -29.895  54.545 0.0000000000
62557  -39.686  -28.009  54.499 0.0000000000
64543  -38.110  -26.041  54.566 0.0000000000
65450  -32.837  -25.786  55.567 0.0000000000
65459  -34.455  -25.817  54.117 0.0000000000
65452  -37.095  -24.342  55.270 0.0000000000
67519  -37.192  -23.465  53.883 0.0000000000
157460  -38.513  -24.070  52.479 0.0000000000
65495  -39.991  -25.209  51.073 0.0000000000
153866  -38.627  -24.359  48.891 0.0000000000
69619  -39.715  -21.244  49.109 0.0000000000
49415  -25.513  -40.547  66.158 0.0000000000
52778  -10.753  -37.650  75.744 0.0000000000
50406  -11.295  -39.632  74.461 0.0000000000
51605  -14.916  -38.677  72.409 0.0000000000
44026  -2.636  -45.777  82.408 0.0000000000
51672  -20.247  -38.656  67.065 0.0000000000
50496  -21.399  -39.671  67.334 0.0000000000
50514  -21.563  -39.339  66.472 0.0000000000
57507  -36.610  -33.750  58.200 0.0000000000
54107  -20.025  -36.256  65.653 0.0000000000
55285  -19.421  -35.225  66.667 0.0000000000
51683  -19.942  -37.917  66.618 0.0000000000
51671  -19.659  -38.169  67.385 0.0000000000
70599  -40.973  -20.583  47.795 0.0000000000
70606  -41.269  -20.510  46.921 0.0000000000
143389  -41.409  -19.804  47.372 0.0000000000
78692  -46.105  -12.511  45.367 0.0000000000
139723  -44.909  -14.049  45.090 0.0000000000
77665  -46.089  -13.469  44.186 0.0000000000
76695  -47.111  -14.439  43.195 0.0000000000
78701  -47.426  -12.982  43.387 0.0000000000
134291  -48.003  -13.188  42.781 0.0000000000
63488  -35.726  -27.446  56.850 0.0000000000
70528  -34.259  -20.560  54.067 0.0000000000
69596  -34.956  -20.809  51.622 0.0000000000
71511  -35.613  -19.437  52.083 0.0000000000
159384  -36.845  -19.143  51.066 0.0000000000
54169  -27.807  -36.332  61.674 0.0000000000
145038  -27.770  -37.230  62.573 0.0000000000
141701  -28.936  -36.487  62.929 0.0000000000
55172  -13.490  -35.533  73.807 0.0000000000
53995  -13.773  -35.998  72.870 0.0000000000
78716  -52.575  -12.684  39.285 0.0000000000
45073  -5.102  -45.136  81.287 0.0000000000
149023  -41.860  -30.675  58.693 0.0000000000
140948  -41.664  -28.776  57.090 0.0000000000
56484  -31.406  -34.307  59.689 0.0000000000
55387  -33.426  -34.915  60.828 0.0000000000
56340  -18.251  -34.084  68.466 0.0000000000
57363  -17.418  -33.411  69.914 0.0000000000
57355  -16.514  -33.395  71.215 0.0000000000
55216  -16.522  -35.021  69.933 0.0000000000
54025  -16.189  -36.072  70.103 0.0000000000
54049  -17.462  -36.239  69.223 0.0000000000
50458  -20.069  -39.828  69.796 0.0000000000
50467  -18.965  -38.966  69.794 0.0000000000
58514  -34.637  -32.162  55.034 0.0000000000
58527  -35.452  -31.986  54.610 0.0000000000
60535  -34.890  -30.644  55.350 0.0000000000
55317  -21.941  -35.326  64.250 0.0000000000
52931  -21.881  -37.229  63.566 0.0000000000
157378  -22.895  -35.558  63.598 0.0000000000
55350  -24.575  -35.195  62.251 0.0000000000
56435  -25.026  -34.426  62.011 0.0000000000
55366  -25.390  -35.649  60.687 0.0000000000
57464  -25.911  -33.345  61.328 0.0000000000
59402  -30.378  -31.214  61.575 0.0000000000
59420  -28.457  -31.092  60.584 0.0000000000
58465  -27.562  -32.166  59.622 0.0000000000
59448  -28.545  -31.667  58.924 0.0000000000
57500  -29.476  -32.905  58.604 0.0000000000
58486  -29.840  -31.713  58.122 0.0000000000
60513  -32.449  -30.835  56.516 0.0000000000
58499  -31.917  -31.836  56.489 0.0000000000
58512  -32.941  -31.631  55.747 0.0000000000
57533  -34.477  -33.194  56.332 0.0000000000
65525  -40.906  -25.000  48.492 0.0000000000
131895  -42.500  -24.945  49.135 0.0000000000
66514  -42.202  -24.576  47.807 0.0000000000
69644  -43.356  -22.070  46.054 0.0000000000
67593  -44.329  -23.778  47.003 0.0000000000
74641  -42.557  -16.597  47.996 0.0000000000
134382  -42.185  -17.908  46.946 0.0000000000
74661  -43.048  -16.475  46.318 0.0000000000
74672  -45.836  -16.852  45.398 0.0000000000
73683  -45.379  -17.703  45.489 0.0000000000
144192  -46.870  -19.220  45.536 0.0000000000
154568  -47.130  -20.472  45.494 0.0000000000
77694  -50.031  -13.458  41.341 0.0000000000
78709  -50.262  -12.670  41.318 0.0000000000
78713  -51.277  -12.695  40.418 0.0000000000
51539  -9.541  -39.009  76.567 0.0000000000
50360  -8.874  -39.226  77.872 0.0000000000
49287  -8.929  -40.513  76.939 0.0000000000
47164  -9.088  -42.816  78.251 0.0000000000
46128  -8.450  -43.945  79.955 0.0000000000
60557  -37.444  -30.512  54.514 0.0000000000
59504  -38.592  -30.807  54.746 0.0000000000
144650  -38.051  -29.841  54.479 0.0000000000
138483  -36.307  -27.308  55.058 0.0000000000
63541  -37.773  -27.682  54.465 0.0000000000
135624  -36.919  -27.128  54.525 0.0000000000
151714  -38.458  -26.935  54.207 0.0000000000
64542  -36.494  -26.242  54.547 0.0000000000
144605  -32.813  -23.807  56.713 0.0000000000
66413  -33.776  -24.322  53.082 0.0000000000
65477  -33.647  -25.007  53.627 0.0000000000
148963  -34.228  -24.943  53.176 0.0000000000
65461  -35.922  -25.189  54.529 0.0000000000
66392  -36.311  -24.352  54.370 0.0000000000
67492  -36.815  -23.753  54.431 0.0000000000
67518  -36.516  -23.876  53.684 0.0000000000
133646  -36.308  -23.604  50.654 0.0000000000
67551  -36.958  -24.030  51.975 0.0000000000
66467  -37.535  -24.599  50.543 0.0000000000
158060  -38.899  -24.877  51.372 0.0000000000
66468  -38.158  -25.046  50.080 0.0000000000
65502  -38.888  -25.215  49.770 0.0000000000
67569  -37.368  -23.557  49.407 0.0000000000
71536  -38.527  -19.602  50.284 0.0000000000
70577  -38.690  -20.965  49.456 0.0000000000
134313  -40.028  -20.340  50.074 0.0000000000
51742  -23.744  -38.738  63.345 0.0000000000
50539  -24.317  -39.745  64.981 0.0000000000
50565  -24.675  -39.487  64.195 0.0000000000
51568  -11.957  -38.316  73.677 0.0000000000
51567  -11.277  -38.688  74.306 0.0000000000
145530  -12.000  -39.928  74.084 0.0000000000
52818  -15.976  -37.797  70.821 0.0000000000
51622  -14.972  -38.176  71.807 0.0000000000
51606  -16.292  -38.630  72.139 0.0000000000
49357  -20.713  -40.192  69.663 0.0000000000
49359  -22.235  -40.648  69.375 0.0000000000
49375  -23.338  -40.597  68.491 0.0000000000
48349  -24.639  -41.057  68.462 0.0000000000
56498  -34.691  -34.262  59.079 0.0000000000
56470  -33.926  -34.635  60.195 0.0000000000
151286  -19.408  -33.555  67.725 0.0000000000
55264  -18.895  -35.297  67.420 0.0000000000
54071  -18.608  -36.102  67.932 0.0000000000
52863  -17.975  -36.989  69.029 0.0000000000
51661  -18.911  -37.974  68.591 0.0000000000
50478  -19.833  -39.134  68.610 0.0000000000
60495  -33.854  -30.413  56.726 0.0000000000
60497  -35.452  -30.360  57.143 0.0000000000
59423  -31.511  -30.840  60.728 0.0000000000
60474  -30.493  -30.718  58.334 0.0000000000
135332  -32.862  -30.424  58.381 0.0000000000
68635  -40.651  -22.756  47.271 0.0000000000
147866  -41.252  -23.322  47.117 0.0000000000
147603  -40.878  -21.950  47.026 0.0000000000
69643  -42.485  -21.808  46.224 0.0000000000
69652  -43.117  -21.273  45.905 0.0000000000
75643  -43.553  -15.686  45.991 0.0000000000
76671  -43.894  -14.726  45.862 0.0000000000
75645  -45.169  -15.297  45.087 0.0000000000
74673  -46.636  -16.374  45.212 0.0000000000
74674  -47.477  -16.637  45.333 0.0000000000
74687  -47.163  -16.018  44.882 0.0000000000
75670  -47.943  -15.531  43.352 0.0000000000
75684  -48.282  -15.069  42.675 0.0000000000
77683  -48.385  -13.706  42.300 0.0000000000
77684  -48.878  -13.124  42.196 0.0000000000
49289  -10.337  -40.913  75.825 0.0000000000
48258  -10.024  -41.532  76.484 0.0000000000
48246  -11.105  -41.749  76.865 0.0000000000
158342  -37.760  -27.835  56.544 0.0000000000
62543  -37.653  -28.503  55.126 0.0000000000
63508  -37.251  -27.796  55.659 0.0000000000
63507  -35.450  -27.297  55.821 0.0000000000
63506  -34.633  -27.087  55.700 0.0000000000
68554  -33.098  -22.475  55.465 0.0000000000
69561  -33.384  -21.771  55.064 0.0000000000
68582  -33.632  -22.421  53.223 0.0000000000
67517  -33.932  -23.486  52.605 0.0000000000
67538  -35.346  -23.931  52.177 0.0000000000
67549  -34.741  -22.754  51.662 0.0000000000
69602  -35.238  -21.605  51.018 0.0000000000
69609  -35.872  -21.540  50.456 0.0000000000
68615  -36.794  -22.229  49.643 0.0000000000
153012  -36.791  -19.985  50.426 0.0000000000
51766  -25.614  -38.374  62.273 0.0000000000
50590  -26.170  -39.200  63.761 0.0000000000
51768  -27.201  -38.115  63.048 0.0000000000
52796  -12.496  -37.457  73.318 0.0000000000
51603  -13.608  -38.458  72.598 0.0000000000
46127  -6.322  -43.600  79.669 0.0000000000
48206  -5.927  -41.841  80.455 0.0000000000
46126  -5.564  -43.686  80.392 0.0000000000
46122  -5.020  -44.168  81.205 0.0000000000
46115  -3.649  -44.079  82.455 0.0000000000
64508  -40.536  -26.444  56.067 0.0000000000
55384  -29.343  -34.660  60.749 0.0000000000
156750  -29.381  -35.630  62.094 0.0000000000
56312  -15.794  -33.998  71.700 0.0000000000
150936  -15.235  -34.775  71.677 0.0000000000
55191  -14.569  -35.800  71.866 0.0000000000
55201  -15.542  -35.817  70.625 0.0000000000
52839  -15.656  -37.123  70.645 0.0000000000
52819  -16.774  -37.934  70.612 0.0000000000
51652  -17.904  -37.714  69.622 0.0000000000
51640  -17.535  -38.130  70.393 0.0000000000
51625  -17.725  -38.878  71.718 0.0000000000
79718  -53.750  -11.078  38.673 0.0000000000
57523  -37.128  -33.436  57.393 0.0000000000
58506  -38.393  -32.485  56.426 0.0000000000
58516  -36.277  -32.411  54.947 0.0000000000
142580  -36.108  -31.068  54.477 0.0000000000
153423  -36.908  -30.117  54.824 0.0000000000
60516  -36.140  -30.242  56.307 0.0000000000
61540  -37.223  -29.887  56.518 0.0000000000
61556  -37.695  -29.220  55.763 0.0000000000
63490  -38.196  -27.819  57.297 0.0000000000
52906  -20.385  -37.186  65.401 0.0000000000
51700  -21.315  -38.395  65.259 0.0000000000
51718  -21.825  -37.974  64.030 0.0000000000
132932  -22.291  -37.850  63.485 0.0000000000
51764  -23.799  -38.233  62.522 0.0000000000
55334  -24.068  -35.462  62.826 0.0000000000
55349  -24.165  -36.135  61.994 0.0000000000
52969  -24.793  -37.461  61.411 0.0000000000
142202  -25.173  -36.673  60.906 0.0000000000
54176  -26.488  -36.193  60.683 0.0000000000
55382  -27.549  -35.252  60.689 0.0000000000
58431  -26.690  -32.396  62.266 0.0000000000
58456  -26.695  -32.622  60.542 0.0000000000
57477  -26.989  -33.364  60.050 0.0000000000
56465  -28.577  -34.260  60.206 0.0000000000
56466  -29.499  -34.070  59.897 0.0000000000
57490  -30.873  -33.816  59.000 0.0000000000
56496  -31.789  -33.966  58.915 0.0000000000
59461  -31.050  -31.307  57.317 0.0000000000
57517  -31.590  -32.906  57.446 0.0000000000
57504  -33.034  -33.702  57.997 0.0000000000
57505  -34.703  -33.901  58.154 0.0000000000
57522  -36.177  -33.587  57.394 0.0000000000
155416  -20.369  -35.401  65.435 0.0000000000
67591  -42.528  -24.011  47.205 0.0000000000
72615  -41.905  -18.501  47.422 0.0000000000
72636  -42.587  -18.820  46.089 0.0000000000
143618  -43.852  -19.932  45.621 0.0000000000
73682  -43.960  -17.428  45.624 0.0000000000
71587  -44.905  -19.596  45.531 0.0000000000
69654  -45.121  -21.250  45.639 0.0000000000
69655  -46.617  -21.638  45.783 0.0000000000
77703  -51.580  -13.450  40.235 0.0000000000
78714  -51.874  -12.510  39.896 0.0000000000
80718  -52.460  -10.673  40.627 0.0000000000
50350  -8.330  -39.705  78.333 0.0000000000
49270  -7.540  -40.999  78.504 0.0000000000
48243  -8.673  -41.714  77.433 0.0000000000
47174  -8.318  -42.176  77.866 0.0000000000
46152  -7.169  -43.044  78.770 0.0000000000
45087  -6.873  -44.112  79.511 0.0000000000
59474  -38.784  -31.914  55.904 0.0000000000
60517  -39.949  -30.847  55.993 0.0000000000
60538  -40.142  -30.044  55.533 0.0000000000
61586  -38.577  -29.070  54.419 0.0000000000
61587  -39.483  -28.954  54.537 0.0000000000
149985  -40.268  -29.250  55.198 0.0000000000
63526  -40.282  -27.737  54.960 0.0000000000
147088  -39.847  -26.470  55.250 0.0000000000
64526  -38.968  -25.649  55.415 0.0000000000
64506  -33.298  -26.442  56.783 0.0000000000
64524  -33.981  -26.694  55.421 0.0000000000
67491  -32.658  -24.014  54.851 0.0000000000
147658  -32.972  -25.648  54.800 0.0000000000
64540  -35.025  -26.309  54.593 0.0000000000
64541  -35.641  -26.000  54.502 0.0000000000
65463  -37.307  -25.084  55.267 0.0000000000
67539  -36.140  -24.043  52.620 0.0000000000
67541  -37.691  -23.494  53.294 0.0000000000
65504  -40.369  -25.353  50.362 0.0000000000
66482  -39.683  -24.989  48.854 0.0000000000
66498  -39.298  -24.303  48.531 0.0000000000
68617  -37.995  -23.048  48.851 0.0000000000
68622  -38.749  -22.706  48.554 0.0000000000
68623  -39.319  -22.498  48.296 0.0000000000
69626  -39.715  -21.777  48.416 0.0000000000
70580  -40.995  -20.583  49.495 0.0000000000
49413  -23.132  -39.778  66.082 0.0000000000
155604  -24.495  -40.595  67.233 0.0000000000
49455  -25.857  -39.949  64.920 0.0000000000
51552  -9.916  -38.937  75.948 0.0000000000
52779  -11.151  -37.325  75.318 0.0000000000
51554  -10.779  -38.200  75.008 0.0000000000
50405  -10.695  -39.664  75.019 0.0000000000
48266  -11.268  -40.945  75.420 0.0000000000
144002  -14.366  -37.433  71.854 0.0000000000
51604  -14.295  -38.298  72.226 0.0000000000
50433  -14.182  -38.942  72.655 0.0000000000
42935  -4.353  -46.476  82.927 0.0000000000
44027  -3.304  -45.640  82.463 0.0000000000
45059  -2.678  -44.130  82.729 0.0000000000
57510  -39.088  -33.285  58.607 0.0000000000
50513  -20.863  -39.085  66.759 0.0000000000
51685  -21.108  -38.747  66.012 0.0000000000
57508  -37.577  -33.620  58.295 0.0000000000
154161  -20.264  -37.757  66.019 0.0000000000
52897  -19.876  -37.130  66.136 0.0000000000
71553  -41.444  -20.038  48.287 0.0000000000
133066  -46.785  -12.132  45.575 0.0000000000
78691  -45.711  -13.030  44.907 0.0000000000
78697  -46.523  -12.625  44.587 0.0000000000
77672  -46.777  -13.165  43.725 0.0000000000
78698  -47.298  -12.498  43.981 0.0000000000
137707  -35.243  -19.651  52.782 0.0000000000
55368  -28.179  -35.576  61.332 0.0000000000
54170  -28.747  -35.910  62.161 0.0000000000
55173  -14.184  -35.073  73.369 0.0000000000
55182  -14.352  -35.485  72.519 0.0000000000
80722  -52.685  -11.044  39.834 0.0000000000
79717  -52.980  -11.657  39.048 0.0000000000
61543  -41.594  -29.419  57.253 0.0000000000
61558  -41.284  -29.089  56.541 0.0000000000
56485  -32.376  -34.437  59.734 0.0000000000
55386  -32.507  -34.901  60.710 0.0000000000
56469  -33.104  -34.644  60.198 0.0000000000
56339  -17.743  -34.683  68.913 0.0000000000
56330  -17.799  -33.772  69.169 0.0000000000
56329  -17.197  -34.347  69.545 0.0000000000
55217  -17.240  -35.293  69.315 0.0000000000
54048  -16.833  -35.880  69.634 0.0000000000
59487  -34.287  -31.413  55.164 0.0000000000
60534  -34.151  -30.884  55.464 0.0000000000
55332  -22.308  -35.793  63.650 0.0000000000
57437  -25.521  -33.724  62.758 0.0000000000
57450  -25.509  -33.807  61.658 0.0000000000
57451  -26.000  -33.057  62.290 0.0000000000
59422  -30.589  -30.817  60.791 0.0000000000
59421  -29.564  -30.897  60.867 0.0000000000
60444  -29.030  -30.800  59.863 0.0000000000
59438  -28.347  -31.264  59.563 0.0000000000
59439  -28.859  -31.103  59.152 0.0000000000
59449  -29.287  -31.349  58.580 0.0000000000
60473  -29.838  -30.840  58.644 0.0000000000
59473  -32.867  -31.091  55.942 0.0000000000
59486  -33.502  -31.207  55.586 0.0000000000
58513  -33.701  -31.909  55.387 0.0000000000
66512  -40.600  -24.450  48.047 0.0000000000
66513  -41.335  -24.575  47.915 0.0000000000
68656  -43.902  -21.633  45.837 0.0000000000
143258  -44.132  -22.435  46.108 0.0000000000
74647  -42.697  -15.922  47.517 0.0000000000
74660  -42.567  -16.451  46.931 0.0000000000
75635  -42.939  -15.718  46.722 0.0000000000
73684  -46.180  -17.678  45.502 0.0000000000
72640  -46.881  -18.282  45.566 0.0000000000
159350  -47.422  -19.010  45.559 0.0000000000
79707  -50.516  -11.874  41.620 0.0000000000
50371  -9.119  -39.646  76.890 0.0000000000
49288  -9.516  -40.571  76.310 0.0000000000
61571  -37.421  -29.965  54.615 0.0000000000
63524  -35.298  -26.933  55.117 0.0000000000
134206  -37.615  -26.872  54.281 0.0000000000
66414  -35.006  -24.851  53.125 0.0000000000
66391  -35.511  -24.948  53.916 0.0000000000
66415  -35.768  -24.397  53.465 0.0000000000
66437  -35.336  -24.348  52.773 0.0000000000
155674  -36.470  -23.360  50.155 0.0000000000
66454  -36.849  -24.169  51.024 0.0000000000
66479  -37.630  -24.439  49.730 0.0000000000
50588  -24.326  -39.102  63.615 0.0000000000
50589  -24.945  -39.182  63.484 0.0000000000
51585  -12.818  -38.476  73.021 0.0000000000
50422  -12.511  -39.402  73.482 0.0000000000
50407  -12.703  -40.144  74.024 0.0000000000
50408  -13.441  -39.924  73.723 0.0000000000
51624  -16.611  -38.409  71.356 0.0000000000
51623  -15.730  -38.239  71.513 0.0000000000
49259  -6.679  -40.912  79.718 0.0000000000
59452  -41.257  -31.350  58.502 0.0000000000
49373  -21.024  -40.052  68.789 0.0000000000
49358  -21.461  -40.473  69.523 0.0000000000
146439  -21.750  -40.352  68.868 0.0000000000
49394  -22.210  -40.079  67.577 0.0000000000
49374  -22.473  -40.404  68.495 0.0000000000
132199  -23.091  -40.312  67.731 0.0000000000
48348  -23.982  -40.954  68.988 0.0000000000
143922  -24.024  -40.672  67.949 0.0000000000
134115  -34.701  -34.478  59.873 0.0000000000
145123  -20.727  -33.903  66.597 0.0000000000
54091  -19.156  -36.153  67.054 0.0000000000
155593  -18.899  -36.095  67.491 0.0000000000
55242  -18.270  -35.144  68.222 0.0000000000
52876  -18.566  -37.068  68.333 0.0000000000
52877  -19.159  -37.622  67.832 0.0000000000
50494  -20.006  -38.916  67.821 0.0000000000
51662  -19.452  -38.452  68.182 0.0000000000
50469  -20.294  -39.693  69.089 0.0000000000
60478  -34.438  -30.472  58.325 0.0000000000
60496  -34.540  -30.377  57.495 0.0000000000
60447  -31.778  -30.610  59.901 0.0000000000
59441  -34.441  -30.995  59.712 0.0000000000
133822  -33.854  -30.571  58.975 0.0000000000
60477  -33.588  -30.376  57.733 0.0000000000
146492  -41.778  -21.115  46.452 0.0000000000
146268  -42.446  -20.965  46.108 0.0000000000
76664  -43.802  -14.188  46.498 0.0000000000
77660  -44.409  -13.919  45.789 0.0000000000
76681  -45.325  -14.545  44.752 0.0000000000
75646  -45.847  -15.912  45.131 0.0000000000
74686  -46.454  -15.781  44.821 0.0000000000
75656  -46.745  -15.479  44.183 0.0000000000
75669  -47.191  -15.198  43.495 0.0000000000
75683  -47.602  -14.932  42.957 0.0000000000
76707  -48.602  -14.382  42.238 0.0000000000
131713  -48.031  -12.496  43.491 0.0000000000
78702  -48.721  -12.437  42.901 0.0000000000
63470  -34.909  -27.361  57.726 0.0000000000
63487  -34.711  -27.314  56.624 0.0000000000
70537  -34.283  -20.865  53.148 0.0000000000
69589  -33.813  -21.381  53.667 0.0000000000
68593  -34.208  -22.443  52.239 0.0000000000
68609  -35.575  -22.305  50.705 0.0000000000
70562  -36.337  -20.673  50.343 0.0000000000
52952  -26.148  -37.813  61.804 0.0000000000
51767  -26.480  -38.288  62.643 0.0000000000
52953  -27.093  -37.672  62.378 0.0000000000
52954  -28.332  -37.079  63.057 0.0000000000
52933  -27.761  -37.644  63.047 0.0000000000
53994  -13.075  -36.575  73.254 0.0000000000
52797  -13.197  -37.671  72.730 0.0000000000
47140  -5.975  -42.781  79.924 0.0000000000
46121  -4.393  -44.627  81.779 0.0000000000
45065  -3.898  -45.213  82.220 0.0000000000
62521  -41.923  -28.230  57.396 0.0000000000
63491  -41.647  -27.439  57.074 0.0000000000
64509  -41.154  -26.885  56.565 0.0000000000
56467  -30.230  -34.582  60.528 0.0000000000
55385  -30.066  -35.013  61.243 0.0000000000
153309  -30.770  -34.898  60.983 0.0000000000
139794  -16.079  -34.416  70.708 0.0000000000
55192  -15.027  -35.620  71.321 0.0000000000
54026  -16.872  -36.652  69.767 0.0000000000
54024  -15.752  -36.552  70.443 0.0000000000
52840  -16.284  -37.119  70.268 0.0000000000
52864  -18.411  -37.615  68.963 0.0000000000
50456  -18.681  -39.107  70.625 0.0000000000
134499  -18.256  -38.495  70.125 0.0000000000
51641  -17.979  -38.694  70.910 0.0000000000
57535  -36.522  -33.316  56.604 0.0000000000
57536  -37.227  -33.156  56.565 0.0000000000
58504  -36.825  -32.935  55.818 0.0000000000
155576  -35.193  -31.139  54.676 0.0000000000
59502  -35.546  -31.334  54.540 0.0000000000
60555  -35.593  -30.822  54.752 0.0000000000
60556  -36.634  -30.594  54.625 0.0000000000
60536  -36.287  -30.403  54.924 0.0000000000
157268  -35.968  -30.435  57.760 0.0000000000
60498  -36.507  -30.302  57.286 0.0000000000
61541  -38.194  -29.254  56.952 0.0000000000
62519  -38.431  -28.501  57.229 0.0000000000
62530  -38.015  -28.366  56.299 0.0000000000
52917  -20.768  -36.991  64.739 0.0000000000
51699  -20.945  -37.691  64.959 0.0000000000
52918  -21.286  -37.282  64.259 0.0000000000
54140  -22.300  -36.514  63.259 0.0000000000
52932  -22.508  -37.319  62.985 0.0000000000
51741  -22.989  -38.152  63.156 0.0000000000
52949  -23.243  -37.471  62.437 0.0000000000
54166  -24.390  -36.868  61.434 0.0000000000
56462  -25.965  -34.836  60.510 0.0000000000
55381  -26.175  -35.583  60.505 0.0000000000
134556  -26.784  -34.879  60.372 0.0000000000
153077  -26.843  -35.605  60.563 0.0000000000
59400  -28.346  -31.331  61.582 0.0000000000
59382  -29.145  -31.451  62.262 0.0000000000
152246  -28.218  -31.612  62.423 0.0000000000
58432  -27.405  -31.906  62.370 0.0000000000
58448  -26.326  -32.728  61.394 0.0000000000
58449  -26.947  -31.977  61.350 0.0000000000
152237  -27.128  -32.588  59.924 0.0000000000
57487  -27.633  -32.862  59.606 0.0000000000
56481  -27.799  -33.705  59.822 0.0000000000
56482  -28.652  -33.710  59.660 0.0000000000
57489  -29.088  -33.389  59.179 0.0000000000
142218  -29.956  -32.372  58.102 0.0000000000
150407  -29.973  -33.600  59.140 0.0000000000
57501  -30.346  -33.143  58.405 0.0000000000
57502  -31.221  -33.383  58.215 0.0000000000
60475  -31.321  -30.520  58.127 0.0000000000
59460  -30.429  -31.264  57.834 0.0000000000
58489  -32.023  -32.502  56.744 0.0000000000
57518  -32.452  -33.199  57.300 0.0000000000
140906  -33.828  -33.724  57.862 0.0000000000
57519  -33.326  -33.394  57.195 0.0000000000
57534  -35.185  -33.298  56.423 0.0000000000
153323  -34.801  -33.430  56.802 0.0000000000
153437  -35.805  -33.403  56.707 0.0000000000
55316  -21.259  -35.626  64.518 0.0000000000
55301  -20.948  -35.041  65.067 0.0000000000
54120  -20.588  -36.134  64.952 0.0000000000
65505  -41.251  -25.234  50.149 0.0000000000
66484  -43.209  -24.716  49.215 0.0000000000
67603  -41.951  -23.363  46.882 0.0000000000
72607  -42.370  -18.485  48.394 0.0000000000
135113  -42.130  -17.831  47.706 0.0000000000
72624  -42.551  -18.145  46.320 0.0000000000
71585  -43.081  -19.317  45.757 0.0000000000
74670  -43.749  -16.646  45.774 0.0000000000
74671  -44.707  -16.963  45.521 0.0000000000
144194  -45.552  -19.048  45.524 0.0000000000
72638  -44.915  -18.527  45.510 0.0000000000
70620  -45.628  -20.472  45.534 0.0000000000
133455  -45.911  -21.366  45.656 0.0000000000
70621  -46.539  -20.882  45.535 0.0000000000
69656  -47.412  -21.232  45.642 0.0000000000
74675  -48.312  -16.804  45.485 0.0000000000
132010  -49.796  -14.099  41.530 0.0000000000
76734  -51.300  -14.159  40.746 0.0000000000
79712  -51.468  -11.892  40.561 0.0000000000
79713  -52.079  -11.470  40.221 0.0000000000
50359  -8.588  -40.118  77.508 0.0000000000
49271  -8.080  -40.591  78.007 0.0000000000
47173  -8.015  -41.554  77.933 0.0000000000
48244  -9.403  -41.943  77.185 0.0000000000
48257  -9.118  -41.234  76.868 0.0000000000
46154  -8.578  -43.227  78.643 0.0000000000
47163  -8.393  -42.744  78.171 0.0000000000
46153  -7.843  -43.211  78.570 0.0000000000
47162  -7.702  -42.436  78.305 0.0000000000
46139  -7.381  -43.663  79.072 0.0000000000
45080  -7.785  -44.474  80.377 0.0000000000
58518  -38.060  -32.230  55.552 0.0000000000
59491  -39.145  -31.247  55.432 0.0000000000
60537  -39.413  -30.456  55.095 0.0000000000
61573  -39.650  -29.732  54.885 0.0000000000
62554  -37.871  -28.491  54.744 0.0000000000
62556  -38.904  -28.247  54.258 0.0000000000
149870  -40.314  -28.429  54.999 0.0000000000
64544  -39.099  -26.610  54.556 0.0000000000
63544  -39.812  -27.220  54.685 0.0000000000
66367  -32.633  -25.020  56.338 0.0000000000
65441  -32.929  -25.639  57.143 0.0000000000
149420  -32.882  -25.915  56.361 0.0000000000
64523  -33.293  -26.450  55.881 0.0000000000
145494  -32.854  -23.106  54.986 0.0000000000
67461  -32.806  -23.296  55.807 0.0000000000
65478  -34.098  -25.424  53.663 0.0000000000
65458  -33.650  -25.711  54.248 0.0000000000
64539  -34.168  -26.304  54.695 0.0000000000
65460  -35.233  -25.628  54.137 0.0000000000
65451  -36.611  -24.539  54.824 0.0000000000
65462  -36.639  -25.137  54.894 0.0000000000
65453  -37.992  -25.103  55.598 0.0000000000
67550  -35.267  -23.352  51.553 0.0000000000
66438  -37.852  -23.941  52.461 0.0000000000
65494  -39.172  -25.143  50.979 0.0000000000
66456  -39.465  -24.781  51.738 0.0000000000
66457  -40.482  -24.791  51.814 0.0000000000
65496  -40.901  -25.004  51.035 0.0000000000
65503  -39.551  -25.371  50.285 0.0000000000
66481  -39.054  -24.911  49.106 0.0000000000
65514  -39.706  -25.302  49.494 0.0000000000
69617  -37.329  -21.571  49.459 0.0000000000
68616  -37.382  -22.532  49.290 0.0000000000
143773  -39.131  -21.384  49.172 0.0000000000
69618  -38.275  -21.869  49.047 0.0000000000
68618  -39.162  -21.909  48.752 0.0000000000
69620  -40.202  -21.051  49.071 0.0000000000
51701  -22.018  -38.627  64.750 0.0000000000
50536  -21.788  -39.036  65.665 0.0000000000
50537  -22.587  -39.272  65.402 0.0000000000
148572  -24.844  -40.161  65.611 0.0000000000
49437  -24.001  -40.034  65.853 0.0000000000
49414  -24.624  -40.400  66.464 0.0000000000
49396  -25.190  -40.766  67.009 0.0000000000
51721  -26.780  -39.200  64.148 0.0000000000
50567  -26.333  -39.600  64.458 0.0000000000
49456  -26.567  -39.961  65.155 0.0000000000
55351  -29.691  -35.979  62.586 0.0000000000
146152  -9.934  -38.251  76.678 0.0000000000
51553  -10.333  -38.242  75.822 0.0000000000
52780  -11.669  -36.835  74.960 0.0000000000
52788  -11.377  -37.723  74.464 0.0000000000
51566  -10.817  -39.025  74.739 0.0000000000
49305  -11.079  -40.250  74.936 0.0000000000
54013  -14.695  -36.543  71.447 0.0000000000
141782  -2.750  -44.899  82.530 0.0000000000
45060  -3.138  -44.585  82.605 0.0000000000
50495  -20.633  -39.309  67.533 0.0000000000
50480  -20.996  -39.785  68.005 0.0000000000
50497  -22.028  -39.759  66.895 0.0000000000
56500  -36.111  -34.074  58.892 0.0000000000
55286  -19.922  -35.281  65.985 0.0000000000
54106  -19.565  -36.232  66.365 0.0000000000
52896  -19.426  -37.184  66.967 0.0000000000
59442  -35.215  -31.169  59.833 0.0000000000
69621  -40.433  -21.186  48.438 0.0000000000
69636  -40.756  -21.253  47.394 0.0000000000
71573  -41.721  -19.637  46.760 0.0000000000
77661  -45.108  -13.436  45.357 0.0000000000
77664  -45.450  -13.808  44.654 0.0000000000
76682  -45.941  -14.301  44.150 0.0000000000
75668  -46.540  -14.757  43.755 0.0000000000
76694  -46.542  -13.960  43.597 0.0000000000
77673  -47.228  -13.646  43.161 0.0000000000
63471  -35.995  -27.432  57.949 0.0000000000
64475  -34.262  -26.816  58.465 0.0000000000
69595  -34.404  -21.329  52.277 0.0000000000
70538  -34.733  -20.396  52.527 0.0000000000
155404  -35.123  -19.983  52.051 0.0000000000
70549  -35.545  -20.025  51.476 0.0000000000
70550  -36.163  -19.964  50.908 0.0000000000
71512  -36.223  -18.884  51.975 0.0000000000
54168  -26.892  -36.761  61.237 0.0000000000
54153  -27.433  -37.023  61.987 0.0000000000
54154  -28.186  -36.673  62.410 0.0000000000
44037  -6.438  -45.329  81.059 0.0000000000
44042  -6.107  -45.096  80.624 0.0000000000
44036  -5.775  -45.430  81.111 0.0000000000
44035  -5.291  -45.758  81.771 0.0000000000
62531  -41.390  -28.242  56.529 0.0000000000
56468  -31.790  -34.654  60.327 0.0000000000
55371  -33.025  -35.285  61.412 0.0000000000
57356  -17.233  -32.966  70.752 0.0000000000
56320  -16.732  -33.888  70.277 0.0000000000
55202  -15.928  -35.259  70.435 0.0000000000
50468  -19.635  -39.353  69.428 0.0000000000
50457  -19.472  -39.610  70.306 0.0000000000
58502  -34.922  -32.850  55.681 0.0000000000
58515  -35.415  -32.504  55.135 0.0000000000
60554  -34.811  -31.013  54.913 0.0000000000
54131  -21.613  -36.288  63.886 0.0000000000
151435  -22.794  -35.988  63.062 0.0000000000
55335  -24.609  -34.960  63.371 0.0000000000
56413  -25.097  -34.371  63.317 0.0000000000
141019  -24.926  -35.206  61.319 0.0000000000
56448  -25.349  -34.641  61.003 0.0000000000
57463  -25.871  -34.019  60.813 0.0000000000
157645  -29.657  -31.264  61.692 0.0000000000
59401  -29.025  -31.140  61.426 0.0000000000
59419  -27.630  -31.490  60.900 0.0000000000
59437  -27.713  -31.536  59.948 0.0000000000
147807  -28.004  -31.782  59.349 0.0000000000
58466  -28.245  -32.341  59.117 0.0000000000
58467  -28.772  -32.776  58.841 0.0000000000
58476  -29.043  -32.155  58.456 0.0000000000
60494  -32.555  -30.442  57.374 0.0000000000
59472  -32.370  -31.420  56.222 0.0000000000
58500  -32.457  -32.119  56.145 0.0000000000
57532  -33.663  -33.075  56.410 0.0000000000
139445  -33.208  -32.412  55.879 0.0000000000
58501  -34.071  -32.627  55.721 0.0000000000
65517  -41.931  -25.086  49.546 0.0000000000
65526  -41.828  -25.018  48.595 0.0000000000
66500  -42.731  -24.754  48.454 0.0000000000
68648  -43.011  -22.625  46.327 0.0000000000
67605  -43.713  -23.184  46.499 0.0000000000
73660  -42.302  -17.093  47.393 0.0000000000
73670  -42.634  -17.273  46.547 0.0000000000
152773  -42.960  -17.756  46.027 0.0000000000
139043  -45.037  -16.129  45.361 0.0000000000
72639  -45.873  -18.392  45.517 0.0000000000
144193  -46.246  -19.086  45.531 0.0000000000
71589  -46.501  -19.938  45.490 0.0000000000
141362  -47.319  -19.758  45.486 0.0000000000
78708  -49.621  -12.892  41.733 0.0000000000
78710  -50.844  -12.291  40.907 0.0000000000
79708  -51.174  -11.475  41.306 0.0000000000
59503  -37.711  -31.161  54.537 0.0000000000
59490  -38.363  -31.581  55.083 0.0000000000
60558  -38.111  -30.443  54.506 0.0000000000
63542  -38.349  -27.605  54.255 0.0000000000
63543  -39.080  -27.435  54.269 0.0000000000
67516  -33.401  -23.428  53.427 0.0000000000
66412  -33.159  -24.212  53.846 0.0000000000
65479  -34.724  -25.348  53.613 0.0000000000
66393  -36.863  -23.941  54.986 0.0000000000
68602  -35.690  -23.149  50.913 0.0000000000
144825  -37.670  -24.422  51.476 0.0000000000
66455  -38.558  -24.508  51.856 0.0000000000
136821  -38.366  -24.937  50.950 0.0000000000
157860  -38.799  -25.212  50.390 0.0000000000
66480  -38.342  -24.734  49.418 0.0000000000
67570  -38.015  -24.024  49.058 0.0000000000
70563  -38.123  -20.317  49.758 0.0000000000
70578  -39.575  -20.851  49.569 0.0000000000
51720  -23.181  -38.726  63.832 0.0000000000
50564  -23.804  -39.208  64.237 0.0000000000
50540  -25.120  -39.899  64.849 0.0000000000
50421  -11.793  -39.230  73.949 0.0000000000
49306  -11.677  -40.408  74.672 0.0000000000
141564  -15.543  -38.552  72.134 0.0000000000
60483  -41.345  -30.660  57.913 0.0000000000
60500  -40.856  -30.632  57.073 0.0000000000
140032  -21.195  -40.660  70.402 0.0000000000
49346  -21.927  -40.804  70.046 0.0000000000
49393  -21.621  -40.096  68.168 0.0000000000
49360  -23.073  -40.769  69.215 0.0000000000
56487  -34.084  -34.401  59.463 0.0000000000
56355  -19.376  -34.305  67.116 0.0000000000
56354  -18.750  -34.230  67.772 0.0000000000
54070  -18.124  -36.186  68.588 0.0000000000
51654  -19.250  -38.706  68.979 0.0000000000
60514  -34.266  -30.511  55.975 0.0000000000
60479  -35.360  -30.504  58.206 0.0000000000
60446  -30.857  -30.571  59.944 0.0000000000
60458  -30.262  -30.564  59.173 0.0000000000
60459  -31.102  -30.417  59.040 0.0000000000
60460  -32.110  -30.458  58.936 0.0000000000
146177  -33.052  -30.593  59.286 0.0000000000
60476  -32.036  -30.412  57.946 0.0000000000
136346  -33.084  -30.480  56.778 0.0000000000
68636  -41.379  -22.664  46.828 0.0000000000
68647  -42.183  -22.637  46.525 0.0000000000
154371  -41.168  -21.300  46.832 0.0000000000
69642  -41.608  -21.905  46.597 0.0000000000
76670  -43.363  -14.921  46.549 0.0000000000
75644  -44.364  -15.429  45.505 0.0000000000
76672  -44.632  -14.632  45.321 0.0000000000
148693  -47.689  -17.409  45.604 0.0000000000
74688  -47.972  -16.278  44.940 0.0000000000
75657  -47.536  -15.806  44.129 0.0000000000
74695  -48.419  -16.055  44.141 0.0000000000
76716  -48.857  -13.805  41.981 0.0000000000
78705  -49.435  -12.337  42.344 0.0000000000
49297  -10.021  -40.254  75.796 0.0000000000
156584  -36.321  -27.487  55.994 0.0000000000
68572  -33.105  -22.526  54.631 0.0000000000
69578  -33.776  -21.136  54.591 0.0000000000
69577  -33.390  -21.937  54.160 0.0000000000
68581  -33.218  -22.703  53.906 0.0000000000
67537  -34.666  -23.429  52.086 0.0000000000
68600  -34.680  -21.894  51.583 0.0000000000
68601  -35.146  -22.532  51.182 0.0000000000
145046  -36.180  -22.622  50.208 0.0000000000
67568  -36.752  -23.078  49.726 0.0000000000
69610  -36.556  -21.483  49.874 0.0000000000
69611  -37.184  -20.612  49.816 0.0000000000
71535  -37.549  -19.706  50.295 0.0000000000
71524  -38.990  -18.932  50.807 0.0000000000
51744  -25.185  -38.805  62.816 0.0000000000
131975  -25.979  -38.818  63.022 0.0000000000
51745  -26.844  -38.701  63.503 0.0000000000
53983  -12.251  -36.319  74.682 0.0000000000
137653  -12.816  -35.887  74.254 0.0000000000
53993  -12.472  -36.624  73.868 0.0000000000
47151  -6.547  -42.898  79.200 0.0000000000
47139  -5.431  -42.604  80.783 0.0000000000
45077  -5.593  -44.712  80.709 0.0000000000
154240  -5.079  -43.261  81.234 0.0000000000
47128  -4.367  -43.305  82.139 0.0000000000
142199  -43.123  -17.751  48.806 0.0000000000
133007  -43.067  -16.870  48.563 0.0000000000
74642  -43.085  -16.054  48.324 0.0000000000
140992  -43.131  -15.393  47.969 0.0000000000
64492  -40.912  -26.191  56.836 0.0000000000
132961  -29.159  -35.246  61.544 0.0000000000
140067  -29.972  -35.480  61.916 0.0000000000
56303  -15.976  -33.528  72.779 0.0000000000
56302  -15.310  -34.326  72.414 0.0000000000
55183  -14.806  -35.061  72.090 0.0000000000
54014  -15.243  -36.530  70.855 0.0000000000
155321  -17.183  -38.643  71.547 0.0000000000
154848  -17.446  -37.023  69.499 0.0000000000
139400  -17.281  -38.483  71.067 0.0000000000
159060  -37.770  -33.349  57.666 0.0000000000
58490  -37.905  -33.016  57.057 0.0000000000
58505  -37.637  -32.755  56.079 0.0000000000
58517  -37.277  -32.402  55.240 0.0000000000
59488  -36.182  -31.626  54.482 0.0000000000
59489  -36.998  -31.792  54.606 0.0000000000
136961  -36.810  -31.104  54.447 0.0000000000
60515  -35.149  -30.366  56.118 0.0000000000
60499  -37.472  -30.048  57.609 0.0000000000
61555  -36.762  -30.017  55.397 0.0000000000
153210  -37.640  -27.541  57.618 0.0000000000
63473  -37.889  -27.526  58.194 0.0000000000
133107  -20.708  -38.071  65.636 0.0000000000
151337  -21.422  -38.047  64.606 0.0000000000
51719  -22.505  -38.414  63.938 0.0000000000
55318  -23.503  -35.427  64.172 0.0000000000
55333  -23.467  -35.567  63.279 0.0000000000
55348  -23.435  -36.089  62.545 0.0000000000
54152  -23.651  -36.820  62.071 0.0000000000
52950  -24.033  -37.551  61.869 0.0000000000
51765  -24.675  -38.252  62.062 0.0000000000
51784  -25.312  -37.916  61.647 0.0000000000
52951  -25.546  -37.345  61.219 0.0000000000
52970  -26.264  -37.257  61.314 0.0000000000
54175  -25.794  -36.208  60.633 0.0000000000
55367  -27.303  -35.994  60.957 0.0000000000
58413  -26.615  -32.675  63.100 0.0000000000
57476  -26.316  -33.363  60.657 0.0000000000
145678  -27.123  -31.966  60.284 0.0000000000
56464  -27.111  -34.116  60.147 0.0000000000
134652  -27.690  -34.511  60.306 0.0000000000
56483  -30.524  -34.184  59.785 0.0000000000
56497  -32.733  -34.070  58.816 0.0000000000
59450  -29.948  -31.187  58.266 0.0000000000
58487  -30.512  -31.846  57.620 0.0000000000
58488  -31.266  -32.006  57.008 0.0000000000
57503  -32.126  -33.570  58.100 0.0000000000
137834  -33.769  -34.094  58.698 0.0000000000
57520  -34.290  -33.510  57.156 0.0000000000
57521  -35.244  -33.598  57.267 0.0000000000
57506  -35.705  -33.870  58.126 0.0000000000
56375  -20.679  -34.546  65.823 0.0000000000
66483  -42.792  -24.846  49.988 0.0000000000
67590  -41.665  -23.994  47.352 0.0000000000
66515  -43.076  -24.435  47.722 0.0000000000
67592  -43.419  -23.950  47.051 0.0000000000
71566  -41.700  -19.202  47.862 0.0000000000
71565  -41.680  -19.144  47.156 0.0000000000
72623  -42.078  -18.789  46.671 0.0000000000
71574  -42.328  -19.509  46.184 0.0000000000
70617  -42.884  -20.304  45.818 0.0000000000
70618  -43.781  -20.830  45.710 0.0000000000
73671  -43.254  -17.219  45.957 0.0000000000
155801  -43.460  -17.797  45.749 0.0000000000
157694  -44.616  -17.767  45.517 0.0000000000
72637  -44.014  -18.157  45.570 0.0000000000
71586  -43.980  -18.987  45.578 0.0000000000
70619  -44.614  -20.556  45.602 0.0000000000
158864  -46.066  -21.928  45.887 0.0000000000
77706  -52.313  -13.566  39.699 0.0000000000
79716  -52.394  -11.850  39.615 0.0000000000
49261  -7.810  -40.140  78.808 0.0000000000
49260  -7.220  -40.532  79.239 0.0000000000
48218  -6.959  -41.401  78.951 0.0000000000
47175  -8.900  -42.371  77.700 0.0000000000
48232  -7.401  -41.766  78.425 0.0000000000
47161  -6.977  -42.282  78.770 0.0000000000
46138  -6.838  -43.492  79.198 0.0000000000
45088  -7.592  -44.155  79.621 0.0000000000
45079  -7.060  -44.675  80.066 0.0000000000
44043  -6.632  -44.991  80.518 0.0000000000
58491  -38.752  -32.672  57.283 0.0000000000
59475  -39.498  -31.582  56.320 0.0000000000
60518  -40.567  -30.297  56.311 0.0000000000
61585  -37.981  -29.222  54.575 0.0000000000
62555  -38.258  -28.385  54.420 0.0000000000
61557  -40.740  -29.541  56.003 0.0000000000
61574  -40.855  -28.727  55.784 0.0000000000
63527  -40.838  -27.862  55.650 0.0000000000
64527  -40.453  -27.149  55.350 0.0000000000
63509  -40.914  -27.176  55.943 0.0000000000
64474  -33.632  -26.303  58.129 0.0000000000
143259  -33.291  -25.461  58.092 0.0000000000
65431  -33.310  -26.198  57.557 0.0000000000
64507  -33.889  -26.996  56.291 0.0000000000
64525  -34.630  -26.692  55.091 0.0000000000
143893  -32.627  -24.219  55.786 0.0000000000
66377  -32.640  -24.978  55.248 0.0000000000
66390  -33.013  -24.985  54.355 0.0000000000
64538  -33.394  -26.213  55.021 0.0000000000
137300  -37.197  -25.959  54.528 0.0000000000
65443  -39.147  -25.048  56.594 0.0000000000
67462  -37.427  -23.669  55.402 0.0000000000
67540  -37.064  -23.684  52.974 0.0000000000
65497  -41.793  -24.883  51.022 0.0000000000
159334  -40.021  -25.457  49.945 0.0000000000
150794  -40.474  -25.397  49.668 0.0000000000
65515  -40.344  -25.233  48.989 0.0000000000
66499  -40.127  -24.714  48.456 0.0000000000
67579  -39.937  -23.941  48.023 0.0000000000
66497  -38.625  -23.641  48.619 0.0000000000
67578  -39.278  -23.337  48.256 0.0000000000
68624  -39.854  -22.869  47.807 0.0000000000
70590  -41.157  -20.652  48.915 0.0000000000
50515  -22.298  -39.543  66.234 0.0000000000
50538  -23.458  -39.518  65.185 0.0000000000
49395  -23.727  -40.259  66.894 0.0000000000
50566  -25.521  -39.535  64.133 0.0000000000
49438  -25.494  -40.200  65.413 0.0000000000
49440  -26.745  -40.316  65.742 0.0000000000
49416  -26.431  -40.713  66.294 0.0000000000
48391  -25.945  -40.938  66.853 0.0000000000
147132  -10.372  -38.941  75.282 0.0000000000
50387  -10.156  -39.650  75.542 0.0000000000
49298  -10.548  -40.346  75.343 0.0000000000
54006  -14.196  -36.380  72.112 0.0000000000
52806  -13.816  -37.818  72.332 0.0000000000
51586  -15.764  -38.913  72.941 0.0000000000
50434  -14.815  -39.088  72.975 0.0000000000
50424  -14.210  -39.462  73.297 0.0000000000
79719  -53.577  -11.974  38.490 0.0000000000
44028  -4.383  -46.031  82.388 0.0000000000
153872  -3.521  -46.566  82.746 0.0000000000
46107  -3.130  -43.650  82.915 0.0000000000
44025  -1.969  -45.619  82.254 0.0000000000
145367  -1.834  -44.890  82.032 0.0000000000
45064  -2.327  -44.709  82.432 0.0000000000
46114  -2.410  -43.851  82.554 0.0000000000
49439  -26.104  -40.356  65.577 0.0000000000
54167  -25.981  -36.798  60.844 0.0000000000
58507  -39.114  -32.167  56.734 0.0000000000
58526  -34.958  -31.486  54.708 0.0000000000
59471  -31.733  -31.312  56.730 0.0000000000
60457  -29.477  -30.767  59.188 0.0000000000
60492  -30.929  -30.855  57.702 0.0000000000
68658  -45.448  -21.908  45.810 0.0000000000
69653  -44.413  -21.239  45.698 0.0000000000
71522  -36.052  -19.463  51.472 0.0000000000
75622  -43.488  -14.765  47.888 0.0000000000
142933  -34.621  -30.364  56.691 0.0000000000
151805  -18.769  -33.586  68.193 0.0000000000
154478  -42.470  -16.496  47.452 0.0000000000
155264  -25.551  -39.115  63.437 0.0000000000
156334  -43.555  -22.578  46.248 0.0000000000
158434  -40.414  -30.781  56.568 0.0000000000
