#!ascii label  , from subject sub-v1s17x0050259_ses-1 vox2ras=TkReg
828
41494  -22.740  -29.134  64.610 0.0000000000
58151  -46.051  -12.725  55.348 0.0000000000
66393  -48.162  -4.557  49.975 0.0000000000
62558  -57.947  -9.000  43.232 0.0000000000
55480  -42.768  -15.780  56.038 0.0000000000
66436  -53.023  -4.743  45.741 0.0000000000
66482  -55.541  -3.921  39.771 0.0000000000
71167  -57.305  1.502  39.409 0.0000000000
57277  -49.413  -13.136  55.365 0.0000000000
62429  -51.462  -8.252  53.275 0.0000000000
62440  -47.786  -8.183  52.442 0.0000000000
47193  -25.000  -23.704  68.169 0.0000000000
49242  -27.099  -20.684  65.244 0.0000000000
49257  -31.494  -21.451  65.046 0.0000000000
48287  -36.257  -23.652  63.304 0.0000000000
47265  -41.223  -24.111  61.558 0.0000000000
50423  -43.344  -21.340  58.835 0.0000000000
145900  -45.964  -16.612  57.136 0.0000000000
63567  -52.655  -7.139  48.539 0.0000000000
73058  -58.338  3.038  38.168 0.0000000000
126349  -47.847  -12.084  56.500 0.0000000000
61275  -49.099  -10.137  55.037 0.0000000000
133093  -47.161  -10.811  53.728 0.0000000000
48265  -24.294  -22.713  64.940 0.0000000000
144119  -25.220  -22.085  66.535 0.0000000000
47300  -41.684  -22.769  59.637 0.0000000000
129156  -42.276  -23.081  60.777 0.0000000000
50422  -42.071  -20.596  59.158 0.0000000000
56387  -44.297  -14.136  55.642 0.0000000000
141082  -44.269  -15.718  58.758 0.0000000000
57263  -46.257  -13.514  57.906 0.0000000000
56388  -47.874  -14.604  56.027 0.0000000000
65429  -50.589  -5.068  52.912 0.0000000000
64524  -51.469  -6.327  51.083 0.0000000000
66379  -52.501  -3.867  50.643 0.0000000000
64583  -55.201  -6.163  44.446 0.0000000000
63589  -56.644  -7.129  46.673 0.0000000000
61406  -58.361  -9.421  44.892 0.0000000000
59302  -59.474  -11.153  42.730 0.0000000000
67396  -58.399  -3.253  40.795 0.0000000000
145790  -58.128  -6.063  39.751 0.0000000000
52553  -41.574  -18.471  56.749 0.0000000000
62553  -53.155  -8.108  42.259 0.0000000000
69288  -55.963  -1.520  40.153 0.0000000000
69284  -58.479  -0.666  41.022 0.0000000000
71190  -57.850  0.311  36.935 0.0000000000
56406  -51.242  -14.321  52.610 0.0000000000
138473  -51.051  -10.711  54.119 0.0000000000
63494  -49.716  -7.600  54.077 0.0000000000
135945  -24.625  -27.079  66.851 0.0000000000
48281  -27.788  -21.997  63.439 0.0000000000
50350  -29.351  -20.629  65.176 0.0000000000
48284  -30.467  -22.215  64.632 0.0000000000
47234  -32.654  -23.525  64.477 0.0000000000
45087  -34.945  -25.096  63.639 0.0000000000
44056  -36.885  -25.981  62.613 0.0000000000
46149  -38.768  -24.738  62.343 0.0000000000
147072  -42.474  -25.554  60.410 0.0000000000
53501  -42.744  -18.201  59.002 0.0000000000
52540  -44.416  -18.423  58.043 0.0000000000
51526  -45.828  -19.803  55.631 0.0000000000
53580  -46.540  -17.382  54.570 0.0000000000
55506  -49.102  -15.947  53.320 0.0000000000
66408  -54.423  -4.573  48.476 0.0000000000
62627  -57.504  -8.188  39.864 0.0000000000
61452  -59.487  -9.488  42.013 0.0000000000
42287  -22.793  -28.779  66.243 0.0000000000
58147  -46.703  -12.128  56.019 0.0000000000
60233  -47.915  -11.115  55.400 0.0000000000
59128  -46.893  -11.536  54.259 0.0000000000
49331  -41.326  -22.275  57.258 0.0000000000
49320  -41.808  -21.781  59.241 0.0000000000
50457  -41.585  -20.408  58.122 0.0000000000
57274  -45.003  -13.554  55.708 0.0000000000
56373  -44.798  -13.804  57.446 0.0000000000
58129  -46.016  -12.899  57.347 0.0000000000
58130  -46.641  -12.866  57.553 0.0000000000
66377  -50.848  -3.995  52.037 0.0000000000
67313  -50.330  -3.735  50.047 0.0000000000
63616  -56.775  -7.588  44.321 0.0000000000
144645  -57.239  -7.385  44.910 0.0000000000
62544  -58.268  -8.795  44.130 0.0000000000
60391  -58.963  -10.645  43.739 0.0000000000
61420  -58.877  -9.430  43.521 0.0000000000
67413  -59.852  -3.711  39.758 0.0000000000
66471  -59.935  -5.012  40.268 0.0000000000
65588  -60.027  -5.264  38.545 0.0000000000
70229  -55.588  -0.495  37.771 0.0000000000
70208  -56.978  0.216  40.413 0.0000000000
69283  -57.674  -0.772  41.451 0.0000000000
71150  -58.249  0.679  41.000 0.0000000000
70220  -58.609  0.001  39.788 0.0000000000
72108  -58.315  1.788  40.012 0.0000000000
149267  -58.758  2.389  37.686 0.0000000000
56397  -50.586  -14.054  53.740 0.0000000000
57286  -51.301  -12.950  53.333 0.0000000000
58153  -50.489  -12.198  54.602 0.0000000000
62417  -48.497  -8.848  54.071 0.0000000000
62408  -49.056  -9.386  54.574 0.0000000000
63492  -48.771  -8.101  53.937 0.0000000000
64481  -48.614  -6.738  53.332 0.0000000000
63518  -47.783  -7.277  52.219 0.0000000000
151066  -25.448  -25.905  66.684 0.0000000000
46103  -25.392  -24.161  67.731 0.0000000000
49241  -25.640  -21.376  65.768 0.0000000000
50366  -30.681  -20.819  64.584 0.0000000000
50351  -30.373  -20.877  65.286 0.0000000000
48270  -29.998  -21.352  65.278 0.0000000000
48271  -30.938  -21.732  65.229 0.0000000000
47232  -30.884  -23.043  64.039 0.0000000000
47220  -32.300  -22.737  64.860 0.0000000000
46126  -36.097  -24.196  63.700 0.0000000000
129271  -36.314  -25.525  63.086 0.0000000000
45089  -37.195  -24.709  63.185 0.0000000000
46167  -40.374  -24.381  61.361 0.0000000000
46166  -39.139  -24.589  61.379 0.0000000000
46150  -39.743  -24.835  62.110 0.0000000000
45113  -39.134  -25.440  62.399 0.0000000000
45115  -40.889  -25.058  61.948 0.0000000000
44085  -40.684  -26.452  60.994 0.0000000000
45116  -41.601  -25.019  61.585 0.0000000000
48315  -42.881  -22.304  59.849 0.0000000000
47291  -43.464  -23.620  59.924 0.0000000000
48327  -43.718  -22.950  59.325 0.0000000000
49321  -43.940  -21.775  58.275 0.0000000000
53516  -42.069  -17.975  58.363 0.0000000000
54526  -42.498  -16.460  57.504 0.0000000000
55462  -45.707  -15.737  58.244 0.0000000000
53520  -44.777  -16.975  58.503 0.0000000000
53533  -45.161  -17.145  57.990 0.0000000000
51515  -44.641  -18.992  57.295 0.0000000000
53567  -45.585  -17.877  56.104 0.0000000000
53568  -46.033  -17.555  55.386 0.0000000000
56389  -48.542  -14.253  55.517 0.0000000000
55484  -48.121  -14.994  55.013 0.0000000000
56396  -49.837  -14.382  54.153 0.0000000000
150764  -50.597  -15.315  52.901 0.0000000000
46102  -24.216  -23.808  67.943 0.0000000000
46093  -24.534  -24.664  68.897 0.0000000000
134755  -24.758  -26.204  68.645 0.0000000000
60289  -51.898  -10.112  52.465 0.0000000000
128884  -51.804  -9.445  52.028 0.0000000000
64533  -51.687  -6.332  50.123 0.0000000000
66426  -51.513  -4.860  46.566 0.0000000000
67339  -52.769  -3.790  48.057 0.0000000000
66420  -53.974  -4.059  47.202 0.0000000000
61383  -56.864  -9.125  46.406 0.0000000000
62502  -55.566  -7.899  47.541 0.0000000000
64626  -59.553  -6.537  40.433 0.0000000000
64632  -57.702  -6.757  39.419 0.0000000000
63666  -59.272  -7.524  40.456 0.0000000000
62604  -58.102  -8.602  40.563 0.0000000000
62606  -60.459  -8.886  40.632 0.0000000000
60412  -60.460  -10.412  40.961 0.0000000000
71189  -56.593  1.383  37.686 0.0000000000
72127  -57.950  2.669  38.861 0.0000000000
73068  -57.391  2.920  36.853 0.0000000000
142586  -57.951  3.753  36.780 0.0000000000
57271  -48.865  -12.732  56.004 0.0000000000
59114  -49.345  -11.611  55.567 0.0000000000
59100  -48.302  -11.647  55.855 0.0000000000
60256  -48.054  -10.346  54.878 0.0000000000
60272  -47.555  -10.006  53.347 0.0000000000
138597  -24.327  -23.300  67.245 0.0000000000
48250  -25.127  -22.913  67.528 0.0000000000
50346  -26.317  -20.598  65.164 0.0000000000
47277  -41.128  -23.712  60.931 0.0000000000
47266  -41.677  -23.983  61.522 0.0000000000
48313  -42.064  -22.658  60.470 0.0000000000
49298  -42.132  -21.884  59.880 0.0000000000
50407  -42.619  -21.095  59.221 0.0000000000
55471  -43.193  -15.191  56.559 0.0000000000
55461  -43.317  -15.240  57.547 0.0000000000
134887  -44.223  -14.325  57.514 0.0000000000
144416  -45.059  -14.774  58.463 0.0000000000
55463  -46.247  -15.145  58.054 0.0000000000
55482  -46.823  -15.701  56.067 0.0000000000
56381  -47.101  -14.508  57.405 0.0000000000
57269  -47.730  -13.307  57.163 0.0000000000
46111  -23.552  -24.106  65.687 0.0000000000
64485  -51.073  -6.520  53.255 0.0000000000
63519  -51.559  -7.070  52.441 0.0000000000
135511  -51.473  -5.546  52.271 0.0000000000
65457  -52.262  -4.899  50.960 0.0000000000
65469  -52.942  -5.218  50.089 0.0000000000
65518  -54.584  -5.100  45.176 0.0000000000
66439  -55.487  -5.071  45.994 0.0000000000
65537  -56.147  -6.025  45.313 0.0000000000
138202  -57.523  -7.899  45.666 0.0000000000
66467  -57.144  -3.571  40.660 0.0000000000
65574  -57.007  -5.033  39.409 0.0000000000
65564  -58.486  -4.621  40.403 0.0000000000
65566  -59.717  -5.709  40.396 0.0000000000
58159  -46.102  -13.114  54.130 0.0000000000
57282  -44.892  -13.991  54.779 0.0000000000
66404  -49.509  -4.344  48.866 0.0000000000
65533  -52.496  -5.609  44.564 0.0000000000
65547  -53.549  -6.046  44.010 0.0000000000
63614  -54.169  -6.961  43.336 0.0000000000
63638  -55.193  -8.079  42.880 0.0000000000
68341  -55.508  -2.504  40.172 0.0000000000
144208  -56.574  -2.151  41.204 0.0000000000
143958  -58.410  -1.962  41.035 0.0000000000
68343  -59.636  -2.894  39.743 0.0000000000
71181  -58.592  1.738  38.904 0.0000000000
71180  -58.181  0.235  37.958 0.0000000000
136298  -51.430  -13.080  52.225 0.0000000000
135964  -51.682  -11.741  52.889 0.0000000000
61298  -51.467  -9.166  53.510 0.0000000000
60237  -49.644  -10.189  54.914 0.0000000000
61289  -50.647  -9.038  54.231 0.0000000000
62420  -50.826  -8.152  53.861 0.0000000000
64483  -49.774  -6.258  53.771 0.0000000000
65427  -48.752  -5.245  52.568 0.0000000000
59140  -46.771  -11.520  53.205 0.0000000000
138636  -46.937  -10.291  51.778 0.0000000000
130963  -47.020  -7.943  50.737 0.0000000000
42288  -23.256  -28.347  65.856 0.0000000000
43096  -24.703  -27.383  65.083 0.0000000000
137069  -27.667  -22.438  62.571 0.0000000000
139403  -26.415  -20.513  63.688 0.0000000000
50361  -26.830  -20.314  64.594 0.0000000000
49243  -27.885  -20.553  65.187 0.0000000000
48282  -28.677  -21.870  63.877 0.0000000000
45097  -32.947  -24.918  62.576 0.0000000000
45098  -33.665  -25.299  62.589 0.0000000000
47263  -36.919  -23.587  62.088 0.0000000000
47275  -37.518  -23.963  61.425 0.0000000000
47251  -37.504  -24.288  62.880 0.0000000000
44058  -38.449  -25.163  62.691 0.0000000000
131105  -38.342  -25.861  62.326 0.0000000000
46168  -42.535  -24.189  61.053 0.0000000000
51509  -41.823  -19.317  58.504 0.0000000000
52516  -42.397  -18.945  58.925 0.0000000000
51504  -43.093  -19.646  58.853 0.0000000000
54501  -43.735  -16.985  58.917 0.0000000000
53503  -43.645  -17.794  58.882 0.0000000000
51510  -43.655  -19.933  58.177 0.0000000000
51514  -44.189  -19.935  57.494 0.0000000000
50459  -45.152  -20.832  56.511 0.0000000000
52586  -48.129  -18.720  53.397 0.0000000000
55493  -46.882  -15.890  55.115 0.0000000000
54564  -47.611  -16.627  53.724 0.0000000000
53595  -48.815  -18.056  52.904 0.0000000000
54594  -49.821  -17.043  52.248 0.0000000000
43081  -23.791  -27.635  67.355 0.0000000000
67314  -51.712  -3.545  49.656 0.0000000000
66397  -53.444  -4.142  49.633 0.0000000000
64546  -53.790  -6.421  48.937 0.0000000000
65482  -55.429  -5.391  47.655 0.0000000000
147807  -54.898  -6.568  48.438 0.0000000000
62488  -54.209  -7.727  48.084 0.0000000000
62579  -54.465  -8.832  41.646 0.0000000000
62581  -56.339  -8.987  41.920 0.0000000000
65587  -56.435  -5.739  38.721 0.0000000000
63686  -56.211  -7.582  38.613 0.0000000000
62602  -56.153  -8.744  39.949 0.0000000000
61468  -57.566  -8.947  40.950 0.0000000000
61433  -58.755  -9.353  42.692 0.0000000000
60409  -60.157  -10.766  41.853 0.0000000000
144276  -22.399  -29.667  65.015 0.0000000000
58152  -46.557  -12.249  54.791 0.0000000000
49332  -41.619  -21.529  58.177 0.0000000000
50456  -41.330  -21.199  57.190 0.0000000000
57275  -45.526  -13.048  55.842 0.0000000000
58146  -45.989  -12.639  56.470 0.0000000000
58137  -46.649  -12.460  56.980 0.0000000000
66386  -48.457  -4.403  50.772 0.0000000000
66387  -49.278  -3.974  50.979 0.0000000000
125415  -48.939  -4.157  50.205 0.0000000000
62543  -57.255  -8.397  43.751 0.0000000000
63617  -57.633  -8.084  44.589 0.0000000000
143471  -60.120  -4.076  39.159 0.0000000000
71179  -56.572  0.929  38.401 0.0000000000
132424  -57.462  1.158  40.227 0.0000000000
71149  -57.811  0.824  40.931 0.0000000000
146311  -57.887  1.446  40.545 0.0000000000
71157  -58.081  1.391  40.562 0.0000000000
71156  -57.959  1.889  40.146 0.0000000000
57284  -49.985  -13.562  54.540 0.0000000000
57285  -50.714  -13.089  54.021 0.0000000000
57278  -49.995  -12.734  54.907 0.0000000000
62428  -48.156  -8.506  53.411 0.0000000000
63507  -48.290  -7.503  53.161 0.0000000000
46099  -25.079  -24.114  68.359 0.0000000000
50338  -26.397  -20.818  65.451 0.0000000000
48260  -26.193  -21.250  65.576 0.0000000000
50352  -31.006  -20.992  65.129 0.0000000000
49245  -30.997  -21.239  65.262 0.0000000000
49256  -30.607  -21.199  65.329 0.0000000000
48261  -31.162  -21.506  65.236 0.0000000000
48272  -31.765  -22.033  65.126 0.0000000000
47236  -35.716  -23.621  63.736 0.0000000000
47237  -36.690  -24.068  63.296 0.0000000000
46151  -40.628  -24.641  61.969 0.0000000000
45114  -40.002  -25.159  62.247 0.0000000000
46152  -41.294  -24.451  61.772 0.0000000000
49310  -43.165  -21.854  59.302 0.0000000000
48326  -43.287  -22.423  59.546 0.0000000000
49311  -43.593  -22.014  58.977 0.0000000000
130755  -44.059  -22.640  58.513 0.0000000000
50424  -43.566  -21.087  58.517 0.0000000000
54525  -42.057  -17.026  57.010 0.0000000000
54527  -45.655  -16.531  57.789 0.0000000000
53549  -45.524  -17.350  57.158 0.0000000000
53550  -45.951  -16.998  56.331 0.0000000000
56390  -49.248  -13.889  54.995 0.0000000000
46097  -24.464  -24.290  68.650 0.0000000000
46098  -24.814  -24.220  68.519 0.0000000000
45051  -24.834  -24.839  68.873 0.0000000000
61311  -51.843  -9.096  52.752 0.0000000000
127286  -51.766  -8.571  52.220 0.0000000000
63557  -52.158  -6.551  49.309 0.0000000000
63556  -51.226  -6.935  49.502 0.0000000000
63566  -51.637  -7.218  48.664 0.0000000000
62486  -52.260  -7.757  47.957 0.0000000000
66427  -52.591  -4.500  46.498 0.0000000000
66419  -53.176  -4.034  47.263 0.0000000000
66428  -53.641  -4.337  46.474 0.0000000000
65572  -54.943  -4.429  39.111 0.0000000000
63667  -60.077  -7.164  40.478 0.0000000000
62605  -59.437  -8.500  40.765 0.0000000000
137908  -48.437  -12.441  56.368 0.0000000000
58139  -48.306  -12.035  56.253 0.0000000000
60255  -47.485  -10.940  54.674 0.0000000000
60273  -47.661  -10.362  54.221 0.0000000000
135884  -47.893  -9.725  54.106 0.0000000000
47204  -24.039  -23.240  66.384 0.0000000000
50345  -25.786  -20.776  64.925 0.0000000000
47299  -41.076  -23.584  58.483 0.0000000000
47289  -41.105  -23.615  59.798 0.0000000000
47290  -41.637  -23.216  60.549 0.0000000000
135212  -41.839  -20.838  59.025 0.0000000000
49309  -41.988  -21.257  59.628 0.0000000000
50406  -42.168  -21.191  59.474 0.0000000000
51497  -42.359  -20.488  59.032 0.0000000000
56379  -43.676  -14.669  56.111 0.0000000000
56372  -43.714  -14.692  57.074 0.0000000000
56380  -44.162  -14.149  56.715 0.0000000000
57262  -45.540  -13.428  57.633 0.0000000000
56374  -45.463  -14.099  58.214 0.0000000000
55454  -45.636  -14.918  58.355 0.0000000000
56369  -46.201  -14.370  58.127 0.0000000000
138088  -46.650  -14.658  57.852 0.0000000000
56375  -46.784  -14.007  57.855 0.0000000000
58138  -47.331  -12.586  57.183 0.0000000000
133963  -47.981  -12.534  56.777 0.0000000000
57270  -48.345  -13.024  56.559 0.0000000000
47211  -23.919  -23.309  65.369 0.0000000000
65409  -50.853  -5.733  53.200 0.0000000000
65410  -51.265  -5.871  52.860 0.0000000000
65430  -51.158  -5.262  52.673 0.0000000000
67291  -51.964  -3.877  51.206 0.0000000000
65444  -51.781  -4.863  51.694 0.0000000000
65445  -52.153  -4.320  51.118 0.0000000000
65458  -52.891  -4.372  50.330 0.0000000000
65535  -54.853  -5.591  44.793 0.0000000000
65536  -55.541  -5.714  45.083 0.0000000000
64584  -55.867  -6.235  44.779 0.0000000000
63602  -57.621  -7.790  45.193 0.0000000000
62524  -57.890  -8.669  45.437 0.0000000000
61384  -57.534  -9.166  45.891 0.0000000000
60378  -58.024  -10.709  44.664 0.0000000000
146644  -57.686  -3.161  41.022 0.0000000000
66468  -58.050  -3.827  40.719 0.0000000000
64628  -60.469  -6.615  39.945 0.0000000000
57290  -45.490  -13.888  54.010 0.0000000000
65546  -52.810  -6.042  43.973 0.0000000000
148888  -53.182  -7.515  42.689 0.0000000000
63636  -53.694  -7.568  42.723 0.0000000000
63637  -54.474  -7.781  42.802 0.0000000000
137834  -55.727  -1.217  39.113 0.0000000000
68350  -55.224  -2.033  39.116 0.0000000000
69281  -56.097  -2.093  40.851 0.0000000000
67393  -56.047  -2.718  40.779 0.0000000000
146135  -58.167  -0.462  41.407 0.0000000000
135337  -58.114  -1.328  41.362 0.0000000000
68342  -58.686  -1.611  40.670 0.0000000000
69291  -59.311  -2.085  39.791 0.0000000000
68351  -59.836  -2.521  38.959 0.0000000000
69290  -58.848  -1.087  40.028 0.0000000000
73051  -58.345  2.452  38.785 0.0000000000
72133  -58.406  1.425  36.912 0.0000000000
71191  -58.509  1.485  37.874 0.0000000000
56413  -51.194  -14.346  52.165 0.0000000000
57303  -51.259  -13.756  51.934 0.0000000000
57297  -51.378  -13.787  52.360 0.0000000000
59130  -51.451  -11.478  53.511 0.0000000000
58161  -51.551  -12.345  53.122 0.0000000000
59141  -51.734  -11.043  52.963 0.0000000000
60258  -51.264  -9.926  53.860 0.0000000000
134329  -49.031  -11.044  55.523 0.0000000000
128846  -49.518  -10.884  55.278 0.0000000000
60236  -49.045  -10.445  55.192 0.0000000000
62419  -49.373  -8.480  54.242 0.0000000000
62409  -49.598  -9.037  54.467 0.0000000000
134752  -50.042  -8.240  54.229 0.0000000000
63495  -50.348  -7.467  53.937 0.0000000000
64472  -50.044  -6.825  53.949 0.0000000000
64471  -49.504  -6.970  53.968 0.0000000000
65426  -48.115  -5.899  52.293 0.0000000000
64496  -48.630  -6.045  53.073 0.0000000000
42281  -23.891  -27.767  66.329 0.0000000000
42289  -23.966  -27.861  65.438 0.0000000000
43088  -24.508  -27.411  65.873 0.0000000000
45066  -25.552  -25.628  66.169 0.0000000000
48254  -25.131  -22.566  67.166 0.0000000000
125279  -25.334  -22.414  66.699 0.0000000000
48291  -26.822  -22.314  62.982 0.0000000000
144840  -26.914  -20.371  63.654 0.0000000000
49244  -28.636  -20.644  65.152 0.0000000000
49254  -28.423  -20.874  65.117 0.0000000000
48283  -29.544  -21.946  64.311 0.0000000000
48293  -29.155  -22.358  63.353 0.0000000000
47231  -29.942  -22.732  63.445 0.0000000000
149468  -29.871  -23.128  62.603 0.0000000000
47233  -31.791  -23.251  64.355 0.0000000000
47249  -31.345  -23.554  63.485 0.0000000000
46137  -32.046  -23.924  63.619 0.0000000000
134730  -32.210  -24.457  62.626 0.0000000000
46123  -32.916  -24.357  63.711 0.0000000000
131473  -34.543  -24.454  64.110 0.0000000000
130665  -34.164  -23.930  64.360 0.0000000000
46138  -33.456  -24.864  63.300 0.0000000000
45086  -34.117  -25.030  63.461 0.0000000000
45099  -34.460  -25.594  62.766 0.0000000000
44055  -35.934  -26.181  62.330 0.0000000000
44068  -36.559  -26.584  61.785 0.0000000000
44069  -37.481  -26.313  62.130 0.0000000000
47288  -38.162  -24.367  60.780 0.0000000000
47276  -38.224  -24.384  61.973 0.0000000000
47264  -37.526  -23.811  62.313 0.0000000000
47252  -38.052  -24.509  62.555 0.0000000000
46139  -38.139  -24.742  62.659 0.0000000000
44071  -39.717  -25.932  61.988 0.0000000000
44070  -38.904  -26.263  61.885 0.0000000000
44086  -41.414  -26.352  60.493 0.0000000000
44098  -41.467  -26.617  59.534 0.0000000000
47279  -42.119  -23.690  61.234 0.0000000000
147609  -42.747  -23.437  60.665 0.0000000000
51513  -41.562  -19.619  57.858 0.0000000000
52539  -41.719  -18.731  57.847 0.0000000000
52527  -42.355  -18.246  58.792 0.0000000000
52526  -42.051  -18.726  58.651 0.0000000000
51503  -42.615  -19.675  58.927 0.0000000000
52517  -42.907  -18.854  59.039 0.0000000000
55451  -43.658  -15.506  58.428 0.0000000000
142998  -43.235  -16.156  58.576 0.0000000000
54513  -43.749  -16.226  58.838 0.0000000000
52529  -44.648  -17.638  58.279 0.0000000000
53519  -44.269  -17.304  58.750 0.0000000000
52528  -44.074  -18.097  58.540 0.0000000000
136319  -43.811  -18.897  58.311 0.0000000000
145591  -44.116  -19.159  57.883 0.0000000000
51521  -45.194  -19.397  56.364 0.0000000000
50475  -44.760  -20.042  56.751 0.0000000000
50476  -45.471  -20.347  56.105 0.0000000000
138057  -46.401  -18.323  54.720 0.0000000000
52574  -47.166  -18.271  53.974 0.0000000000
55473  -47.305  -14.970  56.577 0.0000000000
55483  -47.387  -15.308  55.518 0.0000000000
55495  -48.526  -15.397  54.045 0.0000000000
55494  -47.557  -15.765  54.417 0.0000000000
55505  -48.204  -16.065  53.633 0.0000000000
54577  -48.665  -16.878  53.152 0.0000000000
134009  -49.356  -17.323  52.668 0.0000000000
54578  -49.656  -16.582  52.800 0.0000000000
55509  -50.871  -14.941  52.769 0.0000000000
55508  -50.594  -15.598  52.492 0.0000000000
55520  -50.953  -14.943  52.312 0.0000000000
43082  -24.429  -26.889  68.086 0.0000000000
148136  -51.524  -6.895  51.738 0.0000000000
135640  -51.598  -7.724  51.964 0.0000000000
62465  -51.074  -7.408  50.933 0.0000000000
66405  -50.365  -4.199  48.504 0.0000000000
66407  -53.849  -3.977  48.878 0.0000000000
67327  -53.242  -3.739  48.738 0.0000000000
66398  -53.938  -4.429  49.159 0.0000000000
65470  -53.590  -4.751  49.615 0.0000000000
65471  -54.239  -5.074  49.027 0.0000000000
65503  -55.904  -5.363  46.310 0.0000000000
137902  -55.620  -5.115  46.945 0.0000000000
64558  -56.297  -6.417  47.041 0.0000000000
63570  -55.318  -6.975  48.080 0.0000000000
62501  -54.746  -8.270  47.642 0.0000000000
62500  -53.888  -8.405  47.580 0.0000000000
62580  -55.359  -8.868  41.711 0.0000000000
61449  -55.914  -9.007  41.112 0.0000000000
65575  -57.945  -5.280  39.842 0.0000000000
64631  -57.379  -5.940  39.192 0.0000000000
63673  -58.117  -7.536  39.863 0.0000000000
63687  -56.847  -6.699  38.755 0.0000000000
63672  -57.143  -7.552  39.227 0.0000000000
62626  -56.424  -8.318  39.339 0.0000000000
62603  -57.004  -8.641  40.193 0.0000000000
61469  -58.874  -9.053  41.252 0.0000000000
61451  -58.203  -9.208  41.753 0.0000000000
61434  -59.490  -9.873  42.730 0.0000000000
61453  -60.120  -10.075  41.740 0.0000000000
59098  -47.330  -12.093  56.542 0.0000000000
59099  -47.915  -11.672  56.009 0.0000000000
143782  -47.457  -11.758  55.932 0.0000000000
59113  -47.144  -11.568  55.281 0.0000000000
48344  -41.532  -22.604  58.319 0.0000000000
147360  -44.667  -13.720  56.450 0.0000000000
57268  -45.312  -13.218  56.761 0.0000000000
66363  -49.300  -4.553  52.260 0.0000000000
66365  -51.029  -4.583  52.394 0.0000000000
66376  -49.889  -4.007  51.783 0.0000000000
147822  -50.577  -3.841  51.615 0.0000000000
67299  -50.979  -3.583  50.669 0.0000000000
64605  -55.754  -6.937  44.160 0.0000000000
64585  -56.570  -6.735  44.908 0.0000000000
62532  -58.172  -8.652  44.810 0.0000000000
60379  -58.513  -10.551  44.308 0.0000000000
62533  -58.600  -9.431  44.224 0.0000000000
61421  -59.188  -10.149  43.459 0.0000000000
60392  -59.453  -10.802  43.038 0.0000000000
67397  -59.218  -3.464  40.353 0.0000000000
66469  -58.823  -4.065  40.579 0.0000000000
66485  -60.093  -4.503  39.821 0.0000000000
66502  -60.320  -5.023  39.192 0.0000000000
70217  -55.894  -0.546  38.650 0.0000000000
70207  -56.254  -0.591  39.641 0.0000000000
69282  -56.747  -1.316  41.181 0.0000000000
70201  -57.348  -0.212  41.165 0.0000000000
70202  -58.000  0.105  41.360 0.0000000000
70203  -58.288  0.014  41.198 0.0000000000
70209  -58.517  0.101  40.708 0.0000000000
71158  -58.470  1.033  40.414 0.0000000000
71168  -58.540  1.359  39.694 0.0000000000
74043  -58.759  3.318  37.504 0.0000000000
73059  -58.653  2.826  37.997 0.0000000000
132083  -58.901  3.004  37.733 0.0000000000
72134  -58.976  2.588  36.919 0.0000000000
71197  -57.652  0.505  36.006 0.0000000000
56405  -51.008  -14.456  53.133 0.0000000000
150371  -51.406  -13.805  52.664 0.0000000000
58154  -51.137  -12.272  53.833 0.0000000000
59129  -50.808  -11.503  54.359 0.0000000000
61274  -48.888  -9.942  54.829 0.0000000000
61287  -48.901  -9.427  54.571 0.0000000000
62418  -49.028  -8.721  54.325 0.0000000000
63493  -49.265  -7.820  54.101 0.0000000000
63508  -48.927  -7.195  53.829 0.0000000000
64495  -48.145  -6.647  52.716 0.0000000000
138152  -47.779  -6.527  52.044 0.0000000000
44021  -25.004  -26.313  67.778 0.0000000000
44028  -25.196  -26.406  66.742 0.0000000000
44022  -25.345  -25.714  67.571 0.0000000000
139545  -25.547  -25.124  67.116 0.0000000000
150313  -25.634  -25.067  66.436 0.0000000000
49265  -27.223  -21.570  64.134 0.0000000000
49255  -29.237  -20.885  65.301 0.0000000000
141540  -29.943  -20.934  65.408 0.0000000000
47219  -31.416  -22.482  64.857 0.0000000000
46125  -35.314  -24.352  64.044 0.0000000000
141443  -35.816  -24.968  63.617 0.0000000000
45088  -36.613  -24.800  63.412 0.0000000000
45101  -37.150  -25.248  63.101 0.0000000000
140263  -39.694  -24.571  60.125 0.0000000000
46182  -38.758  -24.640  59.962 0.0000000000
45103  -39.072  -25.000  62.508 0.0000000000
44072  -40.466  -25.783  61.786 0.0000000000
45129  -41.216  -25.787  61.402 0.0000000000
45130  -41.945  -25.735  60.923 0.0000000000
138582  -42.675  -22.868  60.357 0.0000000000
138854  -43.114  -22.906  60.039 0.0000000000
143638  -44.350  -22.404  57.770 0.0000000000
53548  -41.763  -17.654  56.417 0.0000000000
53531  -41.857  -17.810  57.426 0.0000000000
53532  -42.227  -17.176  57.974 0.0000000000
53517  -42.593  -17.477  58.722 0.0000000000
55453  -44.980  -15.542  58.591 0.0000000000
54514  -44.433  -16.429  58.764 0.0000000000
54515  -45.182  -16.396  58.410 0.0000000000
52541  -44.944  -17.961  57.623 0.0000000000
52554  -45.192  -18.377  56.744 0.0000000000
52562  -45.586  -18.850  55.814 0.0000000000
137695  -45.906  -18.377  55.355 0.0000000000
56395  -48.944  -14.644  54.544 0.0000000000
55496  -49.516  -15.163  53.714 0.0000000000
55507  -50.125  -15.742  53.033 0.0000000000
56404  -50.464  -14.904  53.339 0.0000000000
46106  -23.484  -24.573  67.297 0.0000000000
46101  -23.683  -24.702  68.470 0.0000000000
46092  -24.043  -24.880  69.182 0.0000000000
45058  -25.050  -25.575  68.540 0.0000000000
63546  -51.137  -6.871  50.297 0.0000000000
66418  -51.268  -4.498  47.383 0.0000000000
67338  -51.809  -3.897  48.029 0.0000000000
131908  -52.173  -4.222  47.273 0.0000000000
67340  -53.648  -3.872  48.074 0.0000000000
67341  -54.298  -4.164  47.983 0.0000000000
62513  -56.811  -8.106  46.590 0.0000000000
62503  -56.298  -7.778  47.106 0.0000000000
64633  -58.655  -6.708  40.102 0.0000000000
62628  -58.435  -8.099  40.324 0.0000000000
62582  -60.053  -9.293  41.254 0.0000000000
125919  -57.298  1.907  38.676 0.0000000000
72116  -57.859  2.230  39.476 0.0000000000
72126  -57.307  2.226  38.049 0.0000000000
73057  -57.756  2.912  37.934 0.0000000000
73063  -58.264  3.429  37.544 0.0000000000
131770  -58.719  3.901  37.110 0.0000000000
58148  -49.422  -12.375  55.588 0.0000000000
58140  -48.823  -12.083  55.998 0.0000000000
59101  -48.716  -11.564  55.759 0.0000000000
60235  -48.807  -10.465  55.087 0.0000000000
60213  -48.436  -11.122  55.411 0.0000000000
60234  -48.547  -10.461  55.048 0.0000000000
61286  -48.602  -9.833  54.707 0.0000000000
138722  -47.952  -9.250  53.658 0.0000000000
61310  -47.643  -9.169  52.642 0.0000000000
47197  -24.794  -23.121  67.711 0.0000000000
47198  -25.051  -23.204  67.806 0.0000000000
48248  -24.665  -22.770  66.967 0.0000000000
48253  -24.955  -22.214  66.753 0.0000000000
48258  -25.407  -21.508  65.878 0.0000000000
46183  -40.479  -24.202  60.012 0.0000000000
47278  -41.808  -23.474  61.134 0.0000000000
130070  -41.985  -22.000  59.966 0.0000000000
48314  -42.412  -22.494  60.152 0.0000000000
49299  -42.502  -21.779  59.697 0.0000000000
49300  -42.924  -21.676  59.420 0.0000000000
50408  -43.044  -21.075  58.993 0.0000000000
55470  -42.816  -15.794  57.029 0.0000000000
56367  -43.938  -14.776  57.966 0.0000000000
56368  -44.630  -14.405  58.137 0.0000000000
55452  -44.423  -15.062  58.524 0.0000000000
54528  -46.156  -15.937  57.572 0.0000000000
54539  -46.339  -16.187  56.636 0.0000000000
55472  -46.718  -15.324  57.235 0.0000000000
57264  -47.020  -13.317  57.639 0.0000000000
56382  -47.652  -14.204  56.961 0.0000000000
56383  -48.210  -13.834  56.447 0.0000000000
57276  -48.784  -13.481  55.868 0.0000000000
46107  -23.785  -23.915  66.832 0.0000000000
63509  -51.435  -7.287  52.962 0.0000000000
62441  -51.712  -8.014  52.658 0.0000000000
64497  -51.390  -6.405  52.670 0.0000000000
64513  -51.566  -6.227  52.063 0.0000000000
145721  -51.435  -4.878  52.185 0.0000000000
65456  -51.781  -5.476  51.544 0.0000000000
64525  -52.118  -5.628  50.685 0.0000000000
141350  -52.418  -5.941  49.997 0.0000000000
64534  -53.060  -6.052  49.496 0.0000000000
141283  -53.927  -5.126  44.904 0.0000000000
66437  -54.072  -4.731  45.641 0.0000000000
65520  -55.799  -5.480  45.702 0.0000000000
65521  -56.327  -5.959  45.818 0.0000000000
63601  -57.043  -7.032  45.342 0.0000000000
63596  -57.226  -7.277  45.663 0.0000000000
63590  -57.199  -7.574  46.121 0.0000000000
62514  -57.405  -8.413  46.072 0.0000000000
67394  -56.171  -3.374  40.495 0.0000000000
66483  -56.538  -4.127  39.945 0.0000000000
66484  -57.570  -4.376  40.156 0.0000000000
65565  -59.256  -4.879  40.488 0.0000000000
65576  -58.900  -5.665  40.341 0.0000000000
63668  -60.400  -7.381  40.162 0.0000000000
56386  -43.718  -14.746  55.178 0.0000000000
56394  -44.298  -14.454  54.731 0.0000000000
57283  -45.543  -13.413  54.935 0.0000000000
66403  -48.020  -4.836  49.146 0.0000000000
125649  -48.813  -4.448  49.396 0.0000000000
66416  -49.542  -4.726  48.032 0.0000000000
66425  -49.546  -5.269  47.238 0.0000000000
135694  -51.206  -5.398  45.755 0.0000000000
66435  -52.078  -4.988  45.788 0.0000000000
134127  -52.509  -5.153  45.220 0.0000000000
65534  -53.387  -5.565  44.474 0.0000000000
140761  -54.129  -5.550  44.544 0.0000000000
65548  -54.337  -6.179  44.066 0.0000000000
145206  -53.633  -6.502  43.598 0.0000000000
64604  -54.882  -6.675  43.851 0.0000000000
63615  -55.063  -7.379  43.378 0.0000000000
62542  -56.034  -8.025  43.410 0.0000000000
62557  -56.763  -8.749  42.818 0.0000000000
68340  -54.822  -2.997  39.496 0.0000000000
67412  -55.358  -3.341  40.008 0.0000000000
67395  -56.911  -2.745  41.179 0.0000000000
68328  -57.298  -1.775  41.470 0.0000000000
68329  -57.951  -2.398  41.240 0.0000000000
68330  -58.855  -2.531  40.579 0.0000000000
67427  -60.056  -3.247  39.063 0.0000000000
72117  -58.142  2.202  39.544 0.0000000000
72118  -58.448  2.031  39.496 0.0000000000
72128  -58.625  2.520  38.239 0.0000000000
57292  -51.474  -13.187  52.711 0.0000000000
58167  -51.568  -12.353  52.543 0.0000000000
59154  -51.681  -11.472  52.451 0.0000000000
59155  -51.800  -10.724  52.636 0.0000000000
60274  -51.793  -10.103  53.083 0.0000000000
59115  -50.098  -11.498  55.057 0.0000000000
138175  -50.283  -10.784  54.793 0.0000000000
61276  -49.192  -9.762  54.778 0.0000000000
61288  -49.856  -9.565  54.616 0.0000000000
60257  -50.472  -9.993  54.494 0.0000000000
151175  -51.178  -8.638  53.754 0.0000000000
63496  -51.008  -7.406  53.493 0.0000000000
64484  -50.418  -6.258  53.623 0.0000000000
65408  -50.143  -5.627  53.397 0.0000000000
64482  -49.143  -6.410  53.692 0.0000000000
65407  -49.352  -5.702  53.349 0.0000000000
65428  -49.723  -5.003  52.941 0.0000000000
58160  -46.526  -12.340  53.681 0.0000000000
60288  -46.962  -10.689  52.640 0.0000000000
61309  -47.283  -9.946  52.365 0.0000000000
138605  -47.444  -8.699  51.824 0.0000000000
62453  -47.392  -7.854  51.496 0.0000000000
66392  -47.375  -5.028  49.667 0.0000000000
41485  -23.293  -28.445  65.010 0.0000000000
42296  -24.024  -27.893  64.590 0.0000000000
47199  -25.173  -23.416  67.857 0.0000000000
133911  -25.387  -23.525  67.339 0.0000000000
50360  -26.064  -20.585  64.316 0.0000000000
50347  -26.986  -20.484  65.227 0.0000000000
148173  -27.402  -20.445  65.230 0.0000000000
49266  -28.127  -21.363  64.446 0.0000000000
48269  -29.022  -21.257  64.881 0.0000000000
48292  -28.447  -22.376  62.900 0.0000000000
47221  -33.143  -23.050  64.756 0.0000000000
45100  -35.383  -25.690  62.977 0.0000000000
48296  -36.308  -23.364  62.756 0.0000000000
47250  -36.934  -23.821  62.932 0.0000000000
46128  -37.383  -24.464  63.030 0.0000000000
45102  -37.821  -25.175  63.123 0.0000000000
44057  -37.747  -25.534  62.719 0.0000000000
134004  -38.053  -26.573  61.621 0.0000000000
46153  -41.883  -24.286  61.531 0.0000000000
45117  -42.264  -24.978  61.088 0.0000000000
46169  -43.176  -24.253  60.335 0.0000000000
45131  -42.852  -24.958  60.428 0.0000000000
50474  -41.360  -20.231  57.088 0.0000000000
149932  -41.691  -19.774  58.381 0.0000000000
50440  -41.899  -19.935  58.842 0.0000000000
150610  -42.079  -19.310  58.830 0.0000000000
51502  -42.190  -19.793  58.922 0.0000000000
51498  -42.788  -20.397  58.942 0.0000000000
139455  -43.282  -20.413  58.618 0.0000000000
55450  -42.953  -15.873  58.000 0.0000000000
54512  -42.749  -16.620  58.343 0.0000000000
53502  -43.164  -17.563  58.971 0.0000000000
147310  -43.163  -18.202  59.026 0.0000000000
52518  -43.426  -18.680  58.771 0.0000000000
51505  -43.391  -19.465  58.568 0.0000000000
50441  -43.976  -20.877  57.878 0.0000000000
49333  -44.431  -21.675  57.421 0.0000000000
50458  -44.532  -20.829  57.083 0.0000000000
54551  -46.390  -16.546  55.468 0.0000000000
54563  -46.890  -16.516  54.453 0.0000000000
53581  -47.085  -17.247  53.907 0.0000000000
53608  -49.932  -17.116  51.814 0.0000000000
54579  -50.179  -16.282  52.493 0.0000000000
54595  -50.327  -16.369  52.107 0.0000000000
42280  -23.203  -28.280  66.709 0.0000000000
66395  -50.083  -3.959  49.250 0.0000000000
132370  -51.144  -3.551  50.086 0.0000000000
67300  -51.799  -3.603  50.591 0.0000000000
67326  -52.415  -3.590  48.978 0.0000000000
128868  -52.523  -3.603  49.982 0.0000000000
66396  -53.032  -3.857  50.117 0.0000000000
64535  -53.739  -5.579  49.331 0.0000000000
64545  -53.062  -6.648  48.972 0.0000000000
66429  -54.562  -4.461  46.527 0.0000000000
66422  -55.151  -4.803  47.347 0.0000000000
66409  -55.019  -5.014  48.014 0.0000000000
64548  -55.188  -6.106  48.244 0.0000000000
65481  -54.834  -5.330  48.391 0.0000000000
64547  -54.494  -6.034  48.735 0.0000000000
63568  -53.634  -7.134  48.518 0.0000000000
62554  -54.030  -8.261  42.226 0.0000000000
62555  -54.852  -8.420  42.286 0.0000000000
62556  -55.714  -8.597  42.509 0.0000000000
65573  -55.928  -4.727  39.183 0.0000000000
64643  -55.853  -6.615  38.294 0.0000000000
61467  -56.477  -8.906  40.628 0.0000000000
61450  -56.962  -9.063  41.393 0.0000000000
61432  -57.476  -9.137  42.262 0.0000000000
60403  -59.805  -10.928  42.424 0.0000000000
59307  -59.832  -11.198  42.068 0.0000000000
44015  -24.550  -25.773  69.248 0.0000000000
46127  -36.819  -24.387  63.322 0.0000000000
47192  -24.811  -23.697  68.193 0.0000000000
48249  -25.078  -22.626  67.285 0.0000000000
48262  -31.430  -21.610  65.148 0.0000000000
53518  -43.206  -16.810  58.807 0.0000000000
53621  -49.817  -17.180  51.417 0.0000000000
55533  -50.905  -14.895  51.908 0.0000000000
56376  -47.292  -13.849  57.513 0.0000000000
56422  -51.046  -14.341  51.841 0.0000000000
57291  -51.258  -13.758  53.171 0.0000000000
60214  -48.759  -11.046  55.434 0.0000000000
60367  -58.297  -10.165  44.889 0.0000000000
61407  -58.696  -10.084  44.289 0.0000000000
61435  -59.756  -10.517  42.511 0.0000000000
63569  -54.509  -6.973  48.474 0.0000000000
63581  -54.894  -7.606  48.039 0.0000000000
64473  -50.585  -6.861  53.680 0.0000000000
64564  -56.956  -6.916  46.083 0.0000000000
64569  -56.797  -6.625  45.774 0.0000000000
64627  -60.179  -6.504  40.297 0.0000000000
65492  -56.043  -5.677  46.997 0.0000000000
65504  -56.492  -6.213  46.343 0.0000000000
65517  -53.250  -5.118  45.049 0.0000000000
65519  -55.246  -5.231  45.479 0.0000000000
66364  -50.268  -4.453  52.462 0.0000000000
66378  -51.543  -4.285  51.765 0.0000000000
66394  -49.526  -4.031  49.662 0.0000000000
66421  -54.710  -4.425  47.241 0.0000000000
66430  -55.250  -4.818  46.577 0.0000000000
66438  -54.973  -4.818  45.888 0.0000000000
66470  -59.559  -4.266  40.306 0.0000000000
67289  -50.259  -3.736  51.019 0.0000000000
67290  -51.220  -3.773  51.368 0.0000000000
67312  -49.636  -3.883  50.380 0.0000000000
67315  -53.178  -3.763  49.474 0.0000000000
67324  -50.814  -3.758  49.358 0.0000000000
69289  -56.624  -0.684  40.584 0.0000000000
132494  -51.516  -10.657  53.459 0.0000000000
133488  -60.011  -3.720  38.558 0.0000000000
139967  -54.717  -4.547  47.798 0.0000000000
140874  -56.611  -6.457  45.488 0.0000000000
145235  -52.678  -7.498  42.664 0.0000000000
147473  -50.920  -14.056  51.593 0.0000000000
149032  -43.068  -20.365  58.822 0.0000000000
150964  -49.919  -12.078  55.230 0.0000000000
