#!ascii label  , from subject sub-v1s17x0050259_ses-1 vox2ras=TkReg
880
18264  -39.639  -57.939  -8.895 0.5000000000
17447  -38.197  -58.449  -8.261 0.8000000119
134819  -36.388  -56.839  -7.786 0.8000000119
17429  -37.347  -57.518  -7.677 0.8000000119
19168  -38.682  -56.939  -7.926 0.8000000119
17464  -40.800  -57.867  -9.768 0.5000000000
18245  -38.862  -57.799  -8.368 0.5000000000
19169  -39.384  -56.474  -8.264 0.6000000238
20083  -36.062  -55.246  -7.653 0.6999999881
20084  -36.808  -55.627  -7.146 0.6999999881
19153  -38.194  -56.404  -7.417 0.8000000119
20087  -38.907  -55.942  -7.701 0.6999999881
18282  -41.484  -57.542  -10.293 0.6000000238
18265  -40.248  -57.287  -9.225 0.5000000000
19182  -40.660  -56.439  -9.315 0.6000000238
21011  -35.479  -54.239  -9.945 0.6999999881
19170  -40.008  -56.496  -8.774 0.6000000238
20097  -40.446  -55.772  -8.931 0.6000000238
21001  -35.546  -54.290  -8.836 0.6999999881
132652  -35.663  -54.966  -8.336 0.6999999881
149716  -37.455  -55.673  -7.026 0.6999999881
20096  -39.756  -55.805  -8.348 0.6000000238
131386  -40.235  -55.053  -8.570 0.6000000238
20086  -38.055  -55.748  -7.137 0.8000000119
133378  -39.469  -55.076  -7.919 0.6999999881
146295  -41.613  -56.774  -10.216 0.4000000060
20108  -40.994  -55.793  -9.409 0.6000000238
21893  -35.407  -53.360  -9.487 0.6999999881
135003  -41.185  -54.273  -9.512 0.6000000238
21869  -35.616  -52.925  -7.884 0.6999999881
20987  -35.766  -54.420  -7.855 0.6999999881
20988  -36.555  -54.509  -7.109 0.6999999881
20085  -37.588  -54.991  -6.877 0.6999999881
20990  -38.328  -54.174  -6.989 0.6000000238
21873  -39.636  -53.482  -8.121 0.6999999881
23602  -40.048  -51.609  -9.202 0.5000000000
20989  -37.413  -53.935  -6.708 0.6000000238
21871  -38.148  -53.275  -6.836 0.6000000238
21872  -38.896  -53.430  -7.413 0.6000000238
134261  -39.568  -52.086  -8.411 0.6000000238
142815  -39.104  -52.080  -7.799 0.6000000238
23592  -39.295  -51.334  -8.309 0.5000000000
19192  -42.049  -56.050  -10.501 0.4000000060
19183  -41.330  -56.257  -9.796 0.5000000000
22752  -34.934  -52.199  -9.729 0.6999999881
20109  -41.542  -55.476  -9.861 0.6000000238
21895  -41.605  -53.759  -10.178 0.6000000238
22731  -36.159  -52.860  -7.276 0.6999999881
21894  -40.966  -53.581  -9.462 0.6000000238
132930  -36.731  -52.662  -6.785 0.6999999881
22754  -40.657  -52.191  -9.694 0.5000000000
23603  -40.691  -51.385  -10.100 0.6000000238
21859  -37.356  -53.033  -6.662 0.6999999881
22732  -37.983  -52.428  -6.763 0.6000000238
24476  -40.290  -50.898  -9.792 0.5000000000
23582  -38.495  -51.642  -7.274 0.5000000000
21900  -32.767  -53.292  -10.663 0.6000000238
23609  -33.307  -51.864  -9.651 0.6000000238
135626  -42.690  -55.489  -11.357 0.5000000000
139948  -42.839  -54.488  -11.422 0.5000000000
23610  -34.371  -52.009  -9.747 0.6999999881
22763  -34.751  -52.669  -10.330 0.6999999881
20118  -42.136  -55.080  -10.588 0.5000000000
21020  -42.090  -54.328  -10.618 0.5000000000
142852  -42.294  -52.614  -11.287 0.4000000060
22753  -35.255  -52.468  -9.393 0.6999999881
146895  -41.782  -53.021  -10.714 0.5000000000
22742  -35.429  -52.240  -8.476 0.6999999881
22730  -35.790  -52.089  -7.550 0.6999999881
132498  -41.665  -51.813  -11.052 0.5000000000
22720  -36.854  -51.953  -6.634 0.6999999881
23581  -37.596  -51.703  -6.709 0.6000000238
23611  -41.216  -51.212  -10.749 0.5000000000
142126  -41.268  -50.650  -10.992 0.5000000000
25293  -38.236  -50.038  -7.536 0.5000000000
25303  -38.816  -49.835  -8.414 0.5000000000
25304  -39.472  -50.050  -9.254 0.5000000000
24483  -40.364  -49.829  -10.344 0.5000000000
25311  -39.766  -49.619  -9.870 0.5000000000
26163  -40.655  -48.830  -10.750 0.3000000119
23622  -44.938  -51.746  -11.431 0.3000000119
21899  -31.692  -53.472  -10.943 0.6000000238
22761  -32.002  -52.728  -10.330 0.6000000238
21913  -43.139  -53.532  -11.620 0.4000000060
22773  -43.282  -52.720  -11.703 0.4000000060
23600  -34.676  -51.433  -9.187 0.6000000238
22772  -42.239  -51.779  -11.485 0.5000000000
23601  -35.141  -51.705  -9.070 0.6999999881
23591  -35.366  -51.473  -8.149 0.6999999881
23612  -41.684  -51.134  -11.276 0.5000000000
24444  -36.974  -50.334  -6.749 0.5000000000
24492  -41.688  -50.417  -11.457 0.5000000000
144863  -37.815  -50.750  -6.967 0.5000000000
25328  -41.583  -49.721  -11.486 0.4000000060
24491  -41.007  -50.018  -10.941 0.3000000119
26164  -41.341  -49.000  -11.263 0.4000000060
25317  -39.915  -49.203  -10.219 0.5000000000
22760  -31.374  -52.050  -10.528 0.6000000238
23608  -32.173  -51.752  -9.913 0.6000000238
23598  -32.745  -50.938  -9.460 0.6000000238
24473  -33.233  -50.178  -9.178 0.6000000238
141344  -34.197  -50.369  -8.800 0.6000000238
131029  -43.412  -50.731  -11.908 0.3000000119
23620  -42.370  -51.040  -11.673 0.4000000060
24474  -34.979  -50.838  -8.591 0.6000000238
24496  -43.537  -49.788  -12.190 0.3000000119
24467  -35.219  -50.188  -7.972 0.6000000238
23579  -35.768  -51.202  -7.441 0.6999999881
25331  -43.087  -49.059  -12.345 0.3000000119
24493  -42.444  -50.282  -11.834 0.3000000119
24453  -35.758  -50.422  -7.431 0.6000000238
27005  -43.696  -47.538  -12.552 0.3000000119
25329  -42.363  -49.677  -11.913 0.3000000119
137627  -36.432  -49.241  -7.214 0.5000000000
147047  -36.898  -49.674  -6.945 0.5000000000
25292  -37.564  -49.833  -7.127 0.5000000000
27003  -42.406  -47.310  -11.852 0.3000000119
26167  -42.849  -48.323  -12.207 0.3000000119
25302  -38.124  -49.184  -7.780 0.5000000000
26138  -38.657  -49.066  -8.693 0.5000000000
145631  -41.380  -47.617  -11.327 0.3000000119
26137  -38.219  -48.416  -8.467 0.5000000000
26989  -40.126  -48.067  -10.748 0.4000000060
27001  -40.991  -48.228  -10.989 0.3000000119
23607  -31.379  -51.102  -10.501 0.5000000000
24482  -31.957  -50.584  -10.005 0.6000000238
24472  -32.478  -49.980  -9.647 0.5000000000
25300  -34.364  -49.427  -8.550 0.6000000238
27891  -44.425  -46.843  -12.642 0.3000000119
25301  -34.995  -49.468  -8.080 0.6000000238
28751  -44.258  -45.132  -12.504 0.3000000119
27890  -43.481  -46.539  -12.423 0.3000000119
25290  -35.676  -49.548  -7.515 0.6000000238
26131  -37.527  -48.400  -7.741 0.5000000000
26144  -38.309  -47.826  -9.007 0.5000000000
26152  -39.443  -48.735  -10.085 0.4000000060
26999  -38.900  -47.230  -11.047 0.4000000060
24481  -31.411  -50.117  -10.688 0.5000000000
25316  -31.989  -49.597  -10.332 0.5000000000
25307  -32.689  -48.721  -9.943 0.5000000000
25308  -32.886  -49.308  -9.471 0.5000000000
26142  -33.270  -48.489  -9.441 0.5000000000
29592  -44.522  -44.372  -11.360 0.3000000119
28742  -44.674  -45.288  -12.301 0.3000000119
26135  -34.768  -48.708  -8.259 0.6000000238
26136  -35.387  -48.196  -7.917 0.6000000238
26958  -36.176  -47.909  -7.643 0.5000000000
26967  -37.606  -47.586  -8.313 0.5000000000
137996  -40.473  -47.360  -11.137 0.4000000060
128916  -39.117  -46.861  -11.412 0.4000000060
26149  -32.268  -48.624  -10.603 0.5000000000
26150  -32.856  -48.089  -10.181 0.5000000000
26971  -33.451  -47.656  -9.767 0.5000000000
29584  -43.952  -44.251  -10.383 0.4000000060
30369  -44.139  -43.557  -11.043 0.4000000060
127856  -33.843  -47.910  -9.139 0.5000000000
26964  -34.648  -47.750  -8.576 0.5000000000
29598  -44.511  -43.965  -11.985 0.4000000060
30386  -44.107  -43.802  -12.362 0.3000000119
26972  -34.154  -47.201  -9.312 0.4000000060
29608  -43.858  -44.180  -12.537 0.3000000119
26965  -35.620  -47.297  -8.145 0.5000000000
27847  -36.146  -46.447  -8.419 0.4000000060
27848  -37.169  -46.631  -8.562 0.4000000060
26997  -32.182  -47.853  -10.986 0.5000000000
26983  -32.633  -47.826  -10.675 0.5000000000
26984  -33.137  -47.400  -10.464 0.5000000000
144090  -43.685  -43.603  -10.149 0.4000000060
26985  -33.788  -46.949  -10.075 0.4000000060
31144  -43.672  -43.020  -11.147 0.4000000060
31154  -43.511  -43.028  -11.852 0.4000000060
144567  -34.449  -46.498  -9.618 0.4000000060
26973  -35.070  -46.581  -8.840 0.4000000060
30385  -43.363  -43.556  -12.550 0.4000000060
27856  -35.819  -45.872  -8.932 0.4000000060
27857  -36.692  -45.886  -8.935 0.4000000060
27858  -37.526  -46.275  -9.330 0.4000000060
26986  -38.170  -46.905  -9.958 0.4000000060
134033  -37.825  -46.075  -10.173 0.4000000060
27882  -38.667  -46.525  -11.404 0.4000000060
130292  -39.851  -45.350  -12.586 0.4000000060
28747  -39.221  -45.639  -12.677 0.4000000060
127272  -32.126  -47.215  -11.122 0.5000000000
26998  -32.756  -47.143  -10.912 0.4000000060
31135  -42.772  -42.574  -9.440 0.4000000060
30376  -43.543  -43.028  -10.281 0.4000000060
27879  -33.227  -46.311  -11.167 0.5000000000
27870  -33.524  -46.703  -10.747 0.4000000060
27872  -35.151  -45.740  -9.655 0.4000000060
31153  -42.821  -42.755  -11.719 0.4000000060
28716  -36.207  -45.363  -9.489 0.4000000060
28748  -40.747  -45.141  -12.076 0.3000000119
27881  -38.076  -45.951  -11.025 0.4000000060
27878  -32.448  -46.511  -11.159 0.4000000060
28734  -32.814  -45.686  -11.386 0.5000000000
28735  -33.600  -45.542  -11.538 0.4000000060
31143  -43.024  -42.651  -10.636 0.4000000060
27880  -34.004  -45.988  -11.116 0.4000000060
27871  -34.264  -46.222  -10.362 0.4000000060
28736  -34.439  -45.221  -11.582 0.4000000060
28727  -34.816  -45.474  -10.707 0.4000000060
28728  -35.736  -44.991  -10.264 0.4000000060
29591  -36.381  -44.616  -10.968 0.4000000060
28717  -37.128  -45.522  -9.661 0.4000000060
28739  -37.664  -45.232  -11.392 0.4000000060
28754  -39.480  -45.096  -13.229 0.4000000060
28746  -38.629  -45.582  -12.618 0.4000000060
28753  -38.861  -45.262  -13.223 0.4000000060
29595  -33.180  -44.841  -11.771 0.4000000060
28743  -33.894  -45.030  -11.972 0.4000000060
28744  -34.397  -44.769  -12.132 0.4000000060
130472  -35.396  -44.848  -11.243 0.4000000060
29596  -36.032  -44.406  -11.874 0.4000000060
28755  -40.290  -44.748  -12.957 0.4000000060
29604  -36.501  -44.343  -12.584 0.4000000060
29597  -37.058  -44.564  -11.807 0.4000000060
29605  -37.345  -44.574  -12.877 0.4000000060
28745  -37.913  -45.148  -12.341 0.4000000060
28752  -38.209  -45.059  -13.067 0.4000000060
29600  -33.080  -43.862  -12.066 0.4000000060
30381  -33.807  -43.611  -12.522 0.4000000060
149212  -34.207  -43.980  -12.558 0.4000000060
29602  -34.703  -44.241  -12.525 0.4000000060
28737  -35.072  -44.638  -12.051 0.4000000060
30383  -35.215  -43.755  -12.965 0.4000000060
29603  -35.685  -44.192  -12.659 0.4000000060
29610  -35.910  -43.875  -13.122 0.4000000060
29611  -36.510  -44.170  -13.051 0.4000000060
30391  -39.648  -43.891  -14.119 0.3000000119
29612  -37.963  -44.463  -13.362 0.4000000060
29613  -39.178  -44.673  -13.595 0.4000000060
137327  -32.640  -43.171  -12.021 0.4000000060
129408  -33.223  -42.995  -12.416 0.4000000060
31158  -33.280  -42.028  -12.658 0.4000000060
31159  -34.043  -42.763  -12.838 0.4000000060
30382  -34.473  -43.572  -12.771 0.4000000060
127665  -35.697  -43.261  -13.271 0.4000000060
30388  -36.624  -43.582  -13.354 0.4000000060
30396  -40.887  -43.237  -14.777 0.4000000060
29617  -40.453  -43.728  -14.271 0.3000000119
135611  -37.234  -44.157  -13.275 0.4000000060
125481  -38.706  -44.209  -13.698 0.5000000000
30394  -39.812  -43.221  -14.567 0.4000000060
30389  -37.877  -43.625  -13.563 0.5000000000
31955  -32.971  -41.131  -12.682 0.4000000060
31960  -33.709  -41.240  -12.968 0.4000000060
31167  -34.028  -41.910  -12.996 0.4000000060
32894  -34.169  -40.565  -13.163 0.4000000060
31961  -34.462  -41.350  -13.238 0.4000000060
31171  -37.252  -42.704  -13.570 0.4000000060
30390  -39.014  -43.408  -14.007 0.5000000000
32887  -32.635  -40.389  -12.634 0.4000000060
32888  -33.408  -40.466  -12.887 0.4000000060
33819  -33.906  -39.812  -12.999 0.4000000060
31965  -37.802  -41.769  -13.716 0.4000000060
31972  -39.043  -41.720  -14.425 0.5000000000
126504  -32.764  -38.924  -12.427 0.4000000060
33811  -33.093  -39.685  -12.732 0.4000000060
33812  -33.765  -39.071  -12.533 0.4000000060
31971  -38.215  -40.836  -14.063 0.5000000000
35476  -32.775  -37.969  -11.336 0.4000000060
34626  -32.414  -38.306  -12.007 0.4000000060
35477  -33.666  -38.240  -11.002 0.4000000060
34628  -34.183  -38.596  -11.764 0.5000000000
146854  -32.099  -37.789  -11.665 0.4000000060
26987  -38.711  -47.486  -10.480 0.5000000000
27000  -39.544  -47.400  -11.059 0.4000000060
17462  -39.794  -58.668  -9.246 0.5000000000
17428  -36.690  -57.556  -7.890 0.8000000119
18243  -36.056  -57.340  -8.394 0.8000000119
19181  -35.582  -55.971  -9.403 0.6999999881
148320  -41.413  -59.125  -10.647 0.5000000000
20117  -35.564  -55.087  -10.311 0.6999999881
17491  -41.891  -58.856  -11.087 0.5000000000
21019  -35.482  -54.349  -11.193 0.6999999881
19193  -42.577  -56.264  -11.324 0.4000000060
17477  -42.064  -57.997  -10.919 0.4000000060
130176  -35.270  -53.536  -10.678 0.6999999881
22762  -33.656  -53.025  -10.676 0.6999999881
19200  -43.165  -55.994  -11.981 0.4000000060
20125  -43.464  -55.206  -11.985 0.4000000060
22774  -44.380  -52.652  -11.618 0.4000000060
22770  -30.788  -52.363  -11.100 0.6000000238
141514  -30.165  -51.901  -11.591 0.5000000000
24490  -30.865  -50.625  -11.099 0.5000000000
25315  -31.576  -49.247  -10.904 0.5000000000
26162  -31.636  -48.489  -11.093 0.4000000060
27877  -31.523  -46.665  -11.075 0.4000000060
29590  -31.508  -44.934  -10.983 0.4000000060
29594  -32.331  -44.972  -11.387 0.4000000060
136182  -31.875  -44.232  -11.330 0.4000000060
30379  -32.287  -43.643  -11.682 0.4000000060
31157  -32.581  -42.474  -12.207 0.4000000060
145595  -32.351  -40.995  -12.462 0.4000000060
32886  -31.868  -40.497  -12.405 0.4000000060
33810  -32.123  -39.574  -12.549 0.4000000060
36348  -32.152  -37.293  -10.966 0.4000000060
17446  -37.272  -58.247  -8.014 0.8000000119
19152  -37.428  -56.282  -7.214 0.8000000119
18266  -41.013  -57.032  -9.749 0.5000000000
19166  -35.824  -56.512  -8.376 0.6999999881
21012  -40.981  -55.047  -9.258 0.6000000238
21884  -40.337  -53.529  -8.800 0.6999999881
20991  -39.180  -54.260  -7.601 0.6999999881
22755  -41.210  -52.800  -10.125 0.6000000238
22743  -40.062  -52.639  -8.781 0.6000000238
22765  -41.172  -51.939  -10.462 0.5000000000
23599  -33.781  -51.146  -9.244 0.6000000238
21914  -44.056  -53.442  -11.819 0.5000000000
21902  -42.316  -53.602  -10.998 0.5000000000
23621  -43.434  -51.769  -11.728 0.3000000119
25310  -39.190  -49.357  -9.311 0.5000000000
25309  -33.601  -49.376  -8.951 0.6000000238
26959  -36.970  -47.835  -7.659 0.5000000000
147470  -38.862  -48.559  -9.488 0.5000000000
27873  -38.401  -46.741  -10.739 0.4000000060
27889  -39.975  -45.925  -11.863 0.4000000060
28740  -38.358  -45.791  -11.834 0.4000000060
28738  -37.096  -44.826  -10.909 0.4000000060
143046  -32.554  -44.311  -11.648 0.4000000060
131130  -26.866  -65.082  -15.643 0.4000000060
12449  -29.006  -65.435  -16.343 0.4000000060
12450  -29.891  -65.410  -16.460 0.4000000060
140530  -31.424  -65.282  -16.466 0.4000000060
13875  -29.615  -63.342  -16.163 0.4000000060
13181  -30.994  -64.326  -16.480 0.4000000060
13182  -31.818  -64.537  -16.482 0.4000000060
13878  -32.278  -63.499  -16.462 0.4000000060
13177  -34.524  -64.298  -15.712 0.5000000000
13876  -30.456  -63.117  -16.310 0.4000000060
13877  -31.354  -63.392  -16.440 0.4000000060
13879  -33.041  -62.797  -16.417 0.5000000000
13184  -33.982  -63.317  -16.311 0.5000000000
14573  -35.861  -62.329  -15.346 0.6000000238
14570  -30.116  -62.413  -15.351 0.4000000060
14575  -30.583  -62.346  -15.896 0.4000000060
14583  -32.867  -61.724  -16.238 0.4000000060
13863  -35.612  -63.411  -15.033 0.5000000000
130733  -42.541  -57.534  -11.543 0.3000000119
150702  -43.273  -57.004  -12.393 0.4000000060
21915  -44.570  -53.936  -11.622 0.3000000119
15231  -40.998  -61.064  -10.991 0.5000000000
16746  -42.325  -59.331  -11.843 0.4000000060
13862  -32.278  -62.330  -14.429 0.4000000060
142779  -33.668  -62.079  -16.388 0.5000000000
13880  -34.378  -62.228  -16.290 0.5000000000
13861  -31.363  -62.481  -14.681 0.4000000060
14571  -30.892  -62.206  -15.404 0.4000000060
13864  -36.076  -62.941  -14.584 0.6000000238
13835  -36.971  -63.456  -12.348 0.6000000238
13821  -37.364  -63.264  -11.530 0.6999999881
15988  -40.968  -60.311  -10.600 0.5000000000
13836  -37.702  -63.871  -12.176 0.6999999881
14545  -38.849  -63.078  -10.979 0.6999999881
15987  -40.349  -60.911  -10.363 0.6999999881
13822  -38.150  -63.426  -11.326 0.6999999881
14530  -39.162  -62.461  -10.566 0.6999999881
14584  -34.191  -61.363  -16.235 0.5000000000
14580  -35.845  -61.527  -15.879 0.6000000238
14565  -36.430  -61.782  -14.656 0.6000000238
126373  -36.530  -61.896  -12.687 0.6000000238
15263  -32.548  -61.480  -15.317 0.4000000060
132601  -33.777  -60.892  -16.001 0.5000000000
15266  -36.463  -60.730  -15.515 0.6000000238
144450  -36.588  -62.696  -12.735 0.6000000238
14544  -36.780  -62.771  -11.750 0.6000000238
14527  -36.962  -62.514  -10.898 0.6000000238
129488  -44.751  -53.311  -11.474 0.3000000119
13851  -36.506  -63.108  -13.491 0.6000000238
14528  -37.550  -62.860  -10.903 0.6999999881
15973  -40.249  -60.180  -9.975 0.6000000238
16731  -40.880  -59.415  -10.253 0.5000000000
15258  -34.492  -60.340  -14.956 0.6000000238
16021  -35.092  -60.022  -15.721 0.6000000238
16022  -36.078  -59.563  -15.775 0.6999999881
16025  -36.195  -60.185  -15.897 0.6000000238
15253  -36.766  -60.816  -13.911 0.6000000238
130808  -36.529  -61.946  -11.557 0.6000000238
15257  -33.864  -61.009  -14.801 0.5000000000
15267  -34.800  -60.561  -16.100 0.6000000238
15226  -36.721  -61.827  -10.564 0.6000000238
15208  -37.771  -61.286  -9.568 0.6999999881
15971  -38.332  -60.539  -9.266 0.6999999881
15209  -38.874  -61.106  -9.647 0.6999999881
16717  -40.031  -59.409  -9.599 0.6000000238
15972  -39.706  -60.806  -9.881 0.6999999881
16015  -35.325  -59.685  -15.098 0.6000000238
16766  -36.960  -58.985  -15.423 0.6999999881
16756  -37.250  -59.168  -13.754 0.6999999881
16016  -37.111  -59.799  -15.023 0.6999999881
15986  -36.338  -60.345  -10.977 0.6000000238
16716  -39.199  -59.341  -9.105 0.5000000000
15970  -37.087  -60.759  -9.422 0.6999999881
140834  -37.618  -60.565  -9.215 0.6999999881
136779  -39.302  -60.184  -9.480 0.6000000238
17490  -36.707  -58.473  -12.085 0.6999999881
17461  -35.976  -58.498  -9.372 0.6999999881
17503  -37.375  -58.268  -13.664 0.6999999881
16730  -36.279  -59.397  -10.860 0.6000000238
16714  -36.173  -59.370  -9.614 0.5000000000
16745  -36.740  -59.352  -12.290 0.6999999881
15952  -37.200  -60.131  -9.009 0.6999999881
16702  -38.287  -59.278  -8.647 0.5000000000
143537  -36.518  -61.137  -10.444 0.6000000238
15953  -37.877  -60.022  -8.912 0.6999999881
16715  -38.604  -59.879  -9.071 0.6000000238
17460  -35.764  -57.914  -9.949 0.6999999881
18242  -35.659  -56.922  -9.156 0.6999999881
150623  -37.590  -58.906  -8.365 0.6000000238
134397  -36.406  -58.973  -8.865 0.6999999881
16732  -41.617  -59.705  -11.076 0.5000000000
16700  -36.741  -59.577  -8.878 0.6000000238
144962  -29.323  -64.335  -16.292 0.4000000060
13183  -33.218  -64.098  -16.374 0.4000000060
144611  -31.608  -62.626  -16.332 0.4000000060
14578  -33.011  -61.273  -15.853 0.4000000060
14572  -31.720  -61.918  -15.373 0.4000000060
14531  -40.114  -62.199  -10.879 0.6999999881
15229  -39.615  -61.593  -10.218 0.6999999881
15244  -36.610  -61.012  -12.641 0.6000000238
15265  -34.232  -60.615  -15.632 0.6999999881
16024  -35.620  -60.040  -15.968 0.6000000238
16000  -36.689  -60.189  -12.480 0.6000000238
129113  -36.218  -60.071  -10.035 0.6000000238
17475  -36.086  -58.429  -10.633 0.6000000238
17511  -37.296  -58.375  -15.054 0.5000000000
149790  -33.892  -61.727  -13.977 0.4000000060
17509  -37.433  -57.945  -14.654 0.6000000238
14558  -33.704  -62.312  -13.255 0.4000000060
13834  -33.089  -63.205  -12.649 0.5000000000
14564  -34.286  -61.407  -13.627 0.5000000000
15252  -34.762  -60.610  -13.542 0.5000000000
17508  -37.222  -58.072  -14.885 0.5000000000
136959  -37.185  -57.250  -14.361 0.5000000000
16010  -36.321  -58.999  -15.263 0.5000000000
133732  -37.225  -57.625  -13.180 0.6000000238
18281  -36.629  -57.567  -12.060 0.5000000000
137604  -37.206  -56.713  -13.467 0.5000000000
18294  -36.487  -56.673  -12.096 0.6999999881
19199  -36.819  -55.918  -13.179 0.6000000238
19198  -36.169  -55.883  -11.946 0.6000000238
131591  -32.883  -63.648  -11.818 0.5000000000
15243  -34.392  -61.265  -12.506 0.5000000000
134706  -34.642  -60.542  -12.717 0.5000000000
18309  -36.756  -56.796  -14.276 0.5000000000
16755  -36.217  -58.493  -14.439 0.5000000000
137042  -35.827  -56.630  -10.929 0.6000000238
19214  -37.099  -56.090  -14.187 0.6000000238
20124  -36.363  -55.205  -12.854 0.5000000000
20123  -35.786  -55.142  -11.620 0.6000000238
14542  -33.676  -62.387  -11.558 0.5000000000
15999  -34.611  -59.980  -12.319 0.5000000000
16744  -34.104  -59.363  -11.946 0.5000000000
16754  -35.144  -59.050  -12.862 0.5000000000
18302  -35.668  -57.165  -13.605 0.5000000000
19191  -35.677  -55.879  -10.677 0.6000000238
19213  -36.453  -55.431  -14.019 0.5000000000
140265  -35.766  -54.625  -12.409 0.6000000238
13819  -32.989  -63.613  -11.018 0.5000000000
15998  -34.196  -60.803  -11.740 0.5000000000
141153  -33.848  -60.062  -11.583 0.5000000000
17488  -33.397  -58.757  -11.911 0.5000000000
17499  -32.663  -58.090  -12.215 0.6000000238
136468  -32.127  -57.457  -12.486 0.4000000060
17500  -33.844  -57.978  -12.426 0.5000000000
18301  -34.445  -57.107  -12.955 0.5000000000
147490  -34.779  -57.826  -12.851 0.4000000060
134145  -31.567  -56.212  -12.842 0.4000000060
131264  -32.903  -55.850  -12.950 0.5000000000
19211  -34.380  -55.497  -13.329 0.5000000000
20138  -35.562  -54.999  -13.687 0.6000000238
21035  -35.734  -54.660  -13.460 0.6000000238
21912  -35.234  -53.930  -11.865 0.6000000238
21901  -34.961  -53.257  -10.998 0.6000000238
18300  -33.164  -57.299  -12.630 0.5000000000
20132  -32.062  -55.521  -12.719 0.5000000000
133626  -33.666  -54.548  -12.636 0.5000000000
20133  -33.571  -55.084  -12.945 0.5000000000
21031  -31.180  -55.127  -12.467 0.4000000060
21024  -31.723  -54.388  -11.733 0.5000000000
21026  -34.354  -54.053  -12.412 0.6000000238
21033  -34.469  -54.542  -13.038 0.6000000238
21911  -34.725  -53.587  -11.764 0.6000000238
21909  -32.595  -53.844  -11.270 0.5000000000
22769  -30.160  -52.867  -11.768 0.3000000119
21023  -30.394  -54.483  -12.253 0.4000000060
21910  -33.744  -53.557  -11.434 0.5000000000
22771  -34.417  -53.111  -10.945 0.6000000238
26996  -31.429  -47.684  -11.162 0.3000000119
26161  -30.910  -48.464  -11.277 0.3000000119
25326  -30.908  -49.764  -11.236 0.4000000060
24489  -30.428  -50.357  -11.430 0.4000000060
27869  -31.060  -45.714  -10.799 0.3000000119
30378  -31.502  -43.435  -11.369 0.3000000119
31149  -31.230  -42.549  -11.503 0.3000000119
31156  -31.889  -42.077  -11.930 0.3000000119
31953  -31.814  -41.287  -12.174 0.3000000119
31952  -31.159  -40.819  -12.086 0.3000000119
134058  -31.160  -39.872  -12.286 0.3000000119
137127  -31.931  -38.693  -12.368 0.3000000119
150229  -30.935  -53.062  -11.159 0.5000000000
18280  -35.970  -57.442  -10.912 0.5000000000
142667  -34.416  -61.394  -12.983 0.5000000000
19212  -35.505  -55.606  -13.732 0.5000000000
21919  -35.072  -53.960  -12.483 0.6000000238
16001  -42.160  -60.269  -12.022 0.3000000119
14546  -39.710  -62.928  -11.223 0.6000000238
15245  -40.904  -61.820  -11.372 0.6000000238
132799  -44.587  -57.326  -12.256 0.3000000119
18305  -44.022  -57.363  -13.060 0.3000000119
17505  -43.819  -58.031  -13.347 0.3000000119
18304  -43.646  -57.251  -12.811 0.3000000119
16763  -43.933  -58.785  -13.754 0.3000000119
16757  -42.870  -58.972  -12.696 0.3000000119
17492  -42.568  -58.343  -11.868 0.3000000119
14547  -40.593  -62.613  -11.717 0.6000000238
15246  -41.672  -61.222  -11.932 0.5000000000
18284  -44.741  -57.243  -11.281 0.3000000119
19210  -44.196  -56.792  -12.587 0.3000000119
19209  -43.959  -56.574  -12.653 0.3000000119
19201  -43.811  -55.861  -12.327 0.3000000119
16762  -43.116  -59.603  -13.292 0.3000000119
16002  -42.644  -59.707  -12.584 0.3000000119
16012  -42.314  -60.922  -12.717 0.4000000060
14563  -33.244  -61.773  -14.396 0.4000000060
18267  -44.979  -57.212  -10.250 0.3000000119
19194  -44.648  -56.408  -11.049 0.3000000119
20127  -44.524  -55.603  -11.602 0.3000000119
147510  -44.189  -55.835  -12.228 0.3000000119
11669  -33.227  -66.549  -15.322 0.5000000000
11653  -34.137  -66.792  -15.158 0.5000000000
11671  -29.638  -66.385  -16.357 0.4000000060
11673  -31.351  -66.226  -16.332 0.4000000060
11674  -32.047  -66.324  -16.072 0.4000000060
11651  -32.835  -66.799  -15.066 0.5000000000
12422  -36.339  -66.004  -14.873 0.5000000000
12434  -35.631  -66.413  -15.057 0.5000000000
12446  -33.575  -65.861  -15.615 0.5000000000
12447  -34.308  -65.681  -15.414 0.5000000000
12453  -32.732  -65.914  -15.916 0.4000000060
13158  -38.621  -65.238  -14.020 0.6000000238
13157  -37.687  -65.103  -14.037 0.6000000238
13156  -36.833  -65.007  -14.268 0.5000000000
126513  -32.598  -64.865  -16.344 0.3000000119
13176  -33.825  -64.745  -15.925 0.4000000060
12448  -34.953  -65.327  -15.158 0.5000000000
13838  -39.672  -64.050  -12.556 0.6000000238
13142  -38.109  -64.561  -13.004 0.6000000238
13141  -37.158  -64.274  -13.187 0.6000000238
13167  -35.512  -64.890  -14.846 0.4000000060
14560  -41.062  -63.032  -12.748 0.6000000238
135777  -43.674  -59.510  -13.831 0.3000000119
125904  -42.151  -61.672  -13.058 0.4000000060
13823  -39.188  -63.561  -11.624 0.6000000238
135359  -36.425  -64.020  -13.912 0.4000000060
125466  -44.073  -59.520  -14.051 0.3000000119
17510  -44.118  -58.165  -13.432 0.3000000119
16013  -42.723  -60.326  -13.036 0.3000000119
14548  -41.411  -62.173  -12.370 0.5000000000
13824  -40.183  -63.383  -12.076 0.6000000238
13143  -39.139  -64.667  -13.192 0.6000000238
15254  -42.755  -61.104  -13.564 0.3000000119
13144  -40.175  -64.522  -13.720 0.5000000000
13145  -41.068  -64.169  -14.434 0.5000000000
13839  -40.604  -63.774  -13.181 0.5000000000
13852  -41.785  -63.822  -14.865 0.4000000060
13840  -41.420  -63.418  -13.931 0.5000000000
12426  -40.289  -65.720  -15.302 0.5000000000
12425  -39.239  -65.867  -15.081 0.5000000000
13161  -41.494  -64.610  -15.192 0.4000000060
13865  -42.299  -63.495  -14.861 0.4000000060
14566  -42.500  -62.795  -14.506 0.4000000060
12423  -37.277  -66.037  -14.921 0.5000000000
12424  -38.180  -65.920  -14.886 0.5000000000
137464  -41.887  -62.581  -13.654 0.4000000060
8545  -29.084  -71.655  -14.763 0.3000000119
8561  -29.676  -72.315  -15.626 0.3000000119
8531  -30.671  -71.559  -13.938 0.3000000119
9160  -30.718  -70.884  -12.949 0.3000000119
9138  -31.681  -70.329  -11.508 0.4000000060
139739  -29.849  -70.726  -13.261 0.3000000119
9728  -31.881  -69.517  -10.728 0.4000000060
9740  -31.353  -69.347  -11.325 0.4000000060
9739  -30.844  -69.791  -11.873 0.3000000119
9159  -29.200  -69.962  -12.966 0.3000000119
136073  -32.548  -68.277  -9.860 0.4000000060
10883  -32.985  -67.612  -9.905 0.4000000060
150990  -31.476  -67.979  -11.519 0.4000000060
10303  -30.935  -68.483  -11.716 0.4000000060
9748  -29.352  -69.017  -12.719 0.4000000060
133870  -30.111  -68.770  -12.223 0.4000000060
11562  -36.052  -66.655  -9.493 0.3000000119
11560  -34.262  -66.703  -9.637 0.4000000060
11579  -34.124  -66.540  -10.706 0.4000000060
146061  -32.946  -67.335  -10.683 0.4000000060
11597  -33.160  -66.817  -12.358 0.4000000060
10914  -31.303  -67.546  -12.191 0.4000000060
10316  -30.528  -67.755  -12.614 0.4000000060
11603  -39.356  -66.889  -11.753 0.3000000119
149883  -36.588  -66.199  -11.172 0.4000000060
11600  -36.257  -66.692  -12.332 0.4000000060
133705  -34.679  -66.399  -11.265 0.4000000060
11599  -34.680  -66.705  -12.348 0.4000000060
11617  -34.735  -67.232  -13.538 0.4000000060
11616  -33.977  -66.929  -13.225 0.4000000060
10915  -32.141  -67.006  -12.714 0.4000000060
10932  -31.207  -67.195  -13.185 0.4000000060
11621  -39.022  -66.819  -12.600 0.4000000060
11634  -35.358  -67.539  -14.368 0.4000000060
11633  -34.522  -67.314  -14.349 0.4000000060
129735  -31.311  -67.022  -14.318 0.4000000060
10933  -32.506  -66.889  -13.853 0.4000000060
10931  -30.344  -67.318  -13.840 0.4000000060
11636  -37.340  -67.843  -14.322 0.4000000060
11618  -35.960  -67.536  -13.645 0.4000000060
130632  -34.833  -67.336  -14.911 0.4000000060
10951  -32.228  -66.894  -14.645 0.4000000060
11652  -33.630  -67.004  -14.910 0.4000000060
10935  -37.789  -68.025  -14.847 0.4000000060
11655  -36.756  -67.615  -15.062 0.4000000060
125447  -36.283  -67.084  -15.204 0.4000000060
12439  -40.637  -66.175  -15.396 0.4000000060
11657  -38.369  -67.327  -15.426 0.4000000060
12437  -38.787  -66.638  -15.381 0.4000000060
150632  -42.303  -64.193  -15.002 0.3000000119
14568  -43.185  -62.618  -14.437 0.3000000119
12438  -39.760  -66.464  -15.398 0.4000000060
14567  -42.977  -62.288  -14.500 0.3000000119
12435  -37.000  -67.062  -15.326 0.4000000060
10288  -32.098  -68.530  -10.540 0.4000000060
142341  -32.468  -67.793  -10.572 0.4000000060
10899  -32.523  -67.272  -11.462 0.4000000060
10898  -31.831  -67.492  -11.737 0.4000000060
11582  -37.302  -66.330  -10.578 0.4000000060
11581  -36.334  -66.214  -10.295 0.4000000060
11584  -38.727  -66.905  -11.042 0.3000000119
11598  -33.966  -66.584  -11.863 0.4000000060
11622  -40.147  -67.020  -12.702 0.3000000119
11602  -38.442  -66.574  -11.611 0.4000000060
11601  -37.392  -66.397  -11.686 0.4000000060
129096  -35.370  -67.060  -12.978 0.4000000060
11638  -39.345  -67.372  -13.925 0.4000000060
11635  -36.421  -67.824  -14.626 0.4000000060
11631  -33.092  -66.909  -14.461 0.4000000060
11654  -35.748  -67.398  -14.971 0.4000000060
10954  -38.967  -67.497  -15.226 0.4000000060
10265  -33.473  -68.603  -8.092 0.3000000119
8495  -32.274  -70.953  -9.931 0.3000000119
8514  -32.544  -71.719  -11.748 0.3000000119
9131  -32.198  -69.976  -10.004 0.3000000119
10264  -32.756  -68.966  -8.480 0.3000000119
9139  -32.220  -70.774  -11.019 0.3000000119
9729  -32.263  -69.066  -9.943 0.3000000119
10856  -33.897  -67.757  -8.432 0.3000000119
10276  -33.015  -68.086  -8.917 0.3000000119
11561  -35.063  -66.735  -9.075 0.3000000119
11639  -40.201  -67.162  -14.398 0.3000000119
11659  -40.472  -66.773  -15.174 0.3000000119
12440  -41.272  -65.689  -15.350 0.3000000119
10858  -35.849  -67.481  -8.963 0.3000000119
10937  -39.127  -67.588  -14.935 0.3000000119
8546  -30.173  -71.962  -14.863 0.3000000119
9146  -30.034  -69.985  -12.484 0.3000000119
9147  -30.767  -70.393  -12.398 0.3000000119
9148  -31.501  -70.907  -12.424 0.4000000060
9715  -32.360  -69.462  -9.118 0.3000000119
10304  -31.954  -67.918  -11.102 0.4000000060
10857  -34.867  -67.592  -8.526 0.3000000119
10869  -33.605  -67.306  -9.257 0.3000000119
10870  -34.311  -67.115  -8.868 0.3000000119
10884  -33.505  -67.024  -10.221 0.4000000060
10900  -33.348  -66.897  -11.231 0.4000000060
10934  -37.340  -68.003  -14.972 0.4000000060
10936  -38.402  -67.847  -14.824 0.3000000119
10938  -39.647  -67.239  -15.229 0.3000000119
10952  -37.922  -68.037  -15.114 0.4000000060
10953  -38.471  -67.816  -15.144 0.4000000060
10964  -38.176  -67.772  -15.243 0.4000000060
10965  -38.620  -67.543  -15.306 0.4000000060
11563  -37.082  -66.775  -9.906 0.3000000119
11580  -35.137  -66.263  -10.152 0.4000000060
11615  -33.124  -66.859  -13.534 0.4000000060
11619  -36.801  -67.313  -13.318 0.4000000060
11620  -37.920  -66.890  -12.841 0.4000000060
11632  -33.813  -67.102  -14.317 0.4000000060
11637  -38.324  -67.557  -13.910 0.4000000060
11650  -32.152  -66.752  -15.334 0.5000000000
11656  -37.641  -67.681  -15.256 0.4000000060
11658  -39.193  -67.139  -15.465 0.4000000060
11668  -32.419  -66.553  -15.569 0.5000000000
11672  -30.461  -66.345  -16.398 0.4000000060
12433  -34.912  -66.718  -15.123 0.5000000000
12436  -37.847  -66.852  -15.391 0.4000000060
12445  -28.120  -65.499  -16.097 0.4000000060
12451  -30.733  -65.370  -16.495 0.4000000060
12452  -32.035  -65.627  -16.344 0.4000000060
12454  -33.212  -65.136  -16.063 0.3000000119
13159  -39.708  -65.199  -14.397 0.5000000000
13160  -40.703  -64.919  -15.007 0.5000000000
13168  -35.993  -64.391  -14.475 0.4000000060
13169  -41.108  -65.385  -15.387 0.4000000060
13170  -41.657  -65.058  -15.278 0.3000000119
13171  -42.069  -64.239  -15.139 0.3000000119
13178  -35.122  -63.845  -15.389 0.5000000000
13180  -30.155  -64.287  -16.433 0.4000000060
13820  -33.335  -63.129  -11.649 0.5000000000
13837  -38.610  -64.098  -12.191 0.6000000238
13850  -32.987  -62.669  -13.596 0.4000000060
13853  -42.425  -63.738  -14.851 0.3000000119
13860  -30.538  -62.656  -14.744 0.4000000060
13866  -42.738  -63.076  -14.685 0.3000000119
13873  -34.798  -62.944  -16.006 0.5000000000
13874  -35.443  -62.554  -15.700 0.6000000238
14529  -38.234  -62.723  -10.592 0.6999999881
14543  -34.095  -61.973  -12.545 0.5000000000
14559  -36.548  -61.846  -13.735 0.6000000238
14574  -36.219  -61.629  -15.403 0.6000000238
14576  -31.376  -62.014  -15.987 0.4000000060
14577  -32.223  -61.639  -15.859 0.4000000060
14579  -35.084  -61.602  -16.167 0.6000000238
14581  -31.029  -62.547  -16.237 0.4000000060
14582  -32.172  -62.220  -16.273 0.4000000060
15207  -36.985  -61.403  -9.863 0.6999999881
15227  -37.511  -62.148  -10.239 0.6999999881
15228  -38.501  -61.960  -10.020 0.6999999881
15230  -40.422  -61.525  -10.722 0.6999999881
15242  -33.989  -61.636  -11.645 0.5000000000
15259  -36.788  -60.718  -14.901 0.6000000238
15264  -33.365  -61.051  -15.459 0.4000000060
15268  -35.708  -60.671  -16.054 0.6000000238
15269  -36.177  -60.860  -15.867 0.6000000238
15951  -36.649  -60.140  -9.399 0.6999999881
15969  -36.547  -60.720  -9.888 0.6000000238
15989  -41.504  -60.520  -11.296 0.5000000000
16009  -35.351  -59.574  -13.707 0.5000000000
16011  -37.034  -59.941  -13.914 0.6000000238
16023  -36.639  -59.894  -15.563 0.6000000238
16701  -37.414  -59.514  -8.637 0.6000000238
16758  -43.473  -58.790  -13.410 0.3000000119
16760  -36.979  -58.338  -15.174 0.5000000000
16761  -37.424  -58.993  -14.919 0.6999999881
17445  -36.351  -58.237  -8.494 0.6999999881
17448  -39.030  -58.595  -8.712 0.5000000000
17463  -40.516  -58.661  -9.752 0.5000000000
17476  -41.284  -58.504  -10.358 0.6000000238
17489  -34.457  -58.583  -12.488 0.4000000060
17501  -35.498  -58.084  -13.375 0.5000000000
17502  -36.719  -57.630  -14.566 0.5000000000
17504  -43.243  -58.109  -12.836 0.3000000119
18224  -37.792  -57.004  -7.497 0.8000000119
18244  -38.053  -57.708  -7.839 0.8000000119
18246  -39.490  -57.160  -8.575 0.6000000238
18262  -35.684  -57.227  -9.981 0.6999999881
18263  -35.794  -57.735  -9.153 0.6999999881
18283  -42.207  -57.010  -10.891 0.4000000060
18295  -42.873  -56.819  -11.873 0.4000000060
18303  -37.289  -56.550  -14.138 0.5000000000
18306  -44.334  -57.641  -12.956 0.3000000119
18308  -36.058  -56.203  -13.913 0.5000000000
19151  -37.022  -56.981  -7.440 0.8000000119
19167  -36.203  -56.080  -7.688 0.6999999881
19184  -44.734  -56.438  -10.011 0.3000000119
19202  -44.511  -56.414  -11.981 0.3000000119
19205  -33.651  -56.431  -13.004 0.5000000000
19206  -34.847  -56.249  -13.398 0.5000000000
19207  -37.192  -55.897  -14.034 0.6000000238
19208  -43.509  -56.551  -12.432 0.4000000060
20095  -35.713  -55.671  -8.372 0.6999999881
20107  -35.555  -55.054  -9.174 0.6999999881
20134  -36.224  -54.826  -13.335 0.6000000238
20135  -36.809  -55.327  -13.829 0.5000000000
20137  -34.673  -54.866  -13.341 0.6000000238
20139  -36.461  -55.139  -13.759 0.5000000000
20140  -37.015  -55.455  -14.049 0.5000000000
21002  -39.927  -54.290  -8.297 0.6999999881
21003  -40.620  -54.297  -8.951 0.6000000238
21013  -41.620  -54.665  -9.938 0.6000000238
21025  -33.148  -54.218  -12.034 0.5000000000
21027  -43.878  -54.369  -11.947 0.4000000060
21032  -32.573  -54.867  -12.472 0.5000000000
21034  -35.112  -54.294  -13.042 0.6000000238
21036  -35.160  -54.619  -13.387 0.6000000238
21858  -36.644  -53.466  -6.916 0.6999999881
21870  -35.983  -53.664  -7.490 0.6999999881
21883  -35.576  -53.617  -8.330 0.6999999881
21908  -30.758  -53.716  -11.620 0.5000000000
21920  -35.551  -54.372  -12.864 0.6000000238
22721  -37.300  -52.357  -6.617 0.6999999881
22733  -38.663  -52.604  -7.292 0.6000000238
22734  -39.339  -52.725  -7.946 0.6000000238
22764  -35.116  -52.818  -10.210 0.6999999881
22766  -41.605  -52.404  -10.774 0.5000000000
23571  -36.971  -51.164  -6.636 0.6999999881
23580  -36.321  -51.573  -6.962 0.6999999881
23618  -30.273  -51.042  -11.516 0.4000000060
23619  -30.791  -51.510  -11.040 0.5000000000
24454  -36.328  -50.774  -6.953 0.6999999881
24455  -38.694  -50.670  -7.771 0.5000000000
24466  -34.757  -50.067  -8.425 0.6000000238
24468  -39.223  -50.522  -8.591 0.5000000000
24475  -40.089  -50.259  -9.860 0.5000000000
24484  -40.715  -50.584  -10.449 0.5000000000
25291  -36.335  -49.995  -7.068 0.5000000000
25318  -40.513  -49.349  -10.565 0.3000000119
25327  -41.027  -49.443  -10.985 0.3000000119
26129  -35.910  -48.693  -7.479 0.6000000238
26130  -36.715  -48.494  -7.401 0.5000000000
26143  -34.029  -48.586  -8.793 0.5000000000
26145  -39.457  -49.085  -9.855 0.5000000000
26151  -39.087  -48.198  -10.228 0.5000000000
26153  -39.857  -48.615  -10.430 0.4000000060
26165  -42.132  -49.080  -11.834 0.4000000060
26168  -43.888  -48.367  -12.618 0.3000000119
26966  -36.625  -47.192  -7.984 0.4000000060
26974  -37.946  -47.109  -9.123 0.4000000060
26975  -38.520  -47.703  -9.781 0.5000000000
26988  -39.330  -47.864  -10.671 0.4000000060
27002  -41.829  -48.301  -11.571 0.4000000060
27883  -39.715  -46.751  -11.461 0.4000000060
27884  -40.499  -46.547  -11.441 0.4000000060
27888  -39.059  -46.229  -11.974 0.4000000060
28729  -36.698  -44.988  -10.212 0.4000000060
28730  -37.432  -45.362  -10.514 0.4000000060
28733  -31.973  -45.766  -11.134 0.4000000060
29599  -44.709  -44.740  -12.102 0.3000000119
29601  -33.883  -44.381  -12.287 0.4000000060
29609  -44.418  -44.496  -12.340 0.3000000119
29614  -39.924  -44.426  -13.708 0.4000000060
30380  -44.061  -43.404  -11.868 0.4000000060
30392  -41.121  -43.437  -14.218 0.4000000060
31150  -32.035  -42.881  -11.751 0.3000000119
31163  -43.690  -43.398  -12.266 0.4000000060
31172  -38.426  -42.647  -13.862 0.5000000000
31954  -32.477  -41.666  -12.360 0.4000000060
34627  -33.249  -38.511  -11.879 0.4000000060
125070  -39.726  -50.771  -9.218 0.5000000000
125453  -32.465  -71.713  -10.801 0.3000000119
127966  -36.892  -58.956  -8.460 0.6000000238
130621  -37.444  -57.322  -14.131 0.6000000238
130672  -43.016  -57.486  -12.276 0.3000000119
130786  -31.150  -49.025  -11.220 0.4000000060
131312  -31.421  -39.096  -12.403 0.3000000119
132154  -36.448  -61.126  -11.382 0.6000000238
132255  -41.938  -63.197  -14.471 0.4000000060
132293  -34.024  -52.508  -10.286 0.6999999881
132464  -35.573  -66.353  -11.430 0.4000000060
132518  -35.464  -52.915  -8.712 0.6999999881
133137  -38.065  -66.468  -10.864 0.4000000060
133187  -38.577  -44.802  -13.425 0.4000000060
135334  -36.745  -56.386  -7.384 0.8000000119
135474  -31.615  -68.611  -11.131 0.4000000060
135481  -37.252  -49.101  -7.282 0.5000000000
135925  -33.630  -62.681  -12.317 0.5000000000
136564  -37.464  -58.462  -14.597 0.5000000000
136844  -32.540  -68.730  -9.234 0.3000000119
137180  -38.615  -55.051  -7.276 0.8000000119
137461  -32.969  -52.628  -10.088 0.6000000238
137508  -39.959  -66.793  -15.392 0.4000000060
137843  -34.258  -67.216  -14.801 0.4000000060
138485  -40.211  -58.087  -9.380 0.5000000000
140431  -35.375  -50.823  -7.887 0.6999999881
140727  -35.324  -48.907  -7.790 0.6000000238
142368  -33.534  -61.169  -11.106 0.5000000000
143035  -40.661  -52.932  -9.369 0.5000000000
144367  -44.223  -46.018  -12.592 0.3000000119
144552  -43.293  -42.826  -11.314 0.4000000060
145104  -42.557  -42.827  -12.424 0.4000000060
146001  -31.857  -66.973  -13.726 0.4000000060
146051  -29.529  -62.662  -15.334 0.4000000060
146097  -43.393  -44.628  -12.488 0.3000000119
146127  -36.361  -52.238  -7.021 0.6999999881
146172  -32.385  -56.708  -12.793 0.4000000060
146345  -32.423  -49.231  -9.989 0.5000000000
147198  -35.629  -56.543  -9.998 0.6000000238
148045  -31.333  -52.752  -10.742 0.6000000238
149274  -41.928  -50.038  -11.696 0.5000000000
149988  -42.697  -52.236  -11.584 0.4000000060
150211  -35.227  -56.696  -13.434 0.5000000000
150898  -33.471  -61.362  -16.183 0.4000000060
151036  -37.151  -62.889  -11.203 0.6000000238
