#!ascii label  , from subject sub-v1s17x0050259_ses-1 vox2ras=TkReg
766
60034  19.701  -16.901  -10.924 0.1428571492
147527  18.455  -17.583  -10.930 0.1428571492
60058  19.307  -16.202  -12.156 0.1428571492
59020  20.093  -17.175  -10.259 0.1428571492
60046  19.877  -16.450  -11.428 0.2857142985
59033  18.883  -16.897  -11.539 0.1428571492
60033  20.448  -16.626  -10.665 0.1428571492
61027  20.085  -15.109  -13.214 0.5714285970
60997  21.107  -15.563  -11.620 0.1428571492
61900  22.394  -14.741  -11.614 0.2857142985
61912  23.270  -13.897  -12.019 0.1428571492
129581  22.958  -14.408  -11.638 0.2857142985
64806  24.784  -11.519  -13.589 0.2857142985
63861  24.130  -12.045  -13.594 0.1428571492
63850  23.531  -12.705  -13.299 0.2857142985
66858  25.824  -9.771  -14.891 0.2857142985
65802  25.802  -10.631  -13.648 0.2857142985
67845  26.510  -8.503  -15.895 0.2857142985
66873  25.780  -9.012  -16.128 0.2857142985
150909  26.965  -6.645  -16.751 0.2857142985
72404  26.936  -3.690  -17.495 0.8571428657
70559  26.518  -5.195  -17.567 0.4285714328
68740  27.002  -7.341  -16.380 0.2857142985
74394  27.406  -1.607  -17.741 0.7142857313
73412  27.604  -2.344  -17.405 0.7142857313
137842  27.144  -2.906  -17.553 0.7142857313
71475  26.547  -4.404  -17.688 0.7142857313
75393  28.477  -0.133  -17.593 0.8571428657
75394  27.936  -0.872  -17.644 0.5714285970
75406  27.139  -0.875  -18.282 0.8571428657
73423  26.926  -2.304  -17.859 0.7142857313
73413  26.525  -3.042  -17.979 0.7142857313
77374  29.806  2.038  -17.562 0.4285714328
76415  28.179  0.556  -17.949 0.7142857313
75405  27.745  -0.149  -18.073 0.8571428657
80227  30.918  3.945  -18.275 0.2857142985
132690  29.955  3.734  -17.979 0.5714285970
77391  28.303  1.889  -18.252 0.8571428657
78260  29.642  2.819  -17.744 0.7142857313
137139  27.928  1.186  -18.347 0.8571428657
80241  31.556  4.985  -18.950 0.1428571492
80226  31.640  4.213  -18.721 0.1428571492
147474  31.033  4.621  -18.523 0.4285714328
79213  28.965  3.464  -18.101 0.5714285970
78261  28.641  2.647  -18.147 0.8571428657
82222  31.763  6.741  -20.733 0.1428571492
81245  31.993  5.285  -19.885 0.1428571492
129583  31.413  5.675  -19.179 0.1428571492
80242  30.652  5.353  -18.595 0.4285714328
79214  28.086  3.203  -18.648 0.8571428657
83157  31.755  7.815  -21.794 0.1428571492
82236  31.965  6.927  -21.821 0.1428571492
83140  31.428  7.507  -20.423 0.1428571492
81230  30.803  6.328  -19.032 0.1428571492
152570  30.106  6.604  -18.890 0.4285714328
80243  29.512  5.050  -18.424 0.5714285970
80244  28.577  4.607  -18.610 0.7142857313
79229  27.349  3.390  -19.312 0.8571428657
138797  31.561  7.913  -20.953 0.1428571492
84951  31.066  9.118  -20.820 0.1428571492
83127  30.909  7.681  -19.803 0.1428571492
82203  30.385  7.130  -19.265 0.5714285970
81232  28.635  5.431  -18.731 0.8571428657
79228  27.888  4.048  -18.915 0.8571428657
84975  31.434  9.452  -22.384 0.1428571492
84964  30.847  9.834  -21.287 0.2857142985
84035  30.524  8.290  -19.823 0.1428571492
84036  29.979  8.767  -19.786 0.8571428657
82204  29.496  6.792  -19.028 0.8571428657
81231  29.690  6.035  -18.600 0.7142857313
134066  28.663  6.259  -19.006 0.8571428657
85901  31.018  10.870  -22.592 0.1428571492
141117  30.989  11.272  -23.035 0.1428571492
84953  29.369  9.861  -20.319 0.8571428657
84946  29.341  9.144  -19.884 0.8571428657
82205  28.634  7.087  -19.264 0.8571428657
82223  27.839  6.540  -19.405 0.8571428657
86891  30.731  10.683  -21.798 0.4285714328
84038  28.619  8.736  -19.753 0.8571428657
143487  28.608  7.930  -19.488 0.8571428657
84044  27.854  8.227  -19.907 0.8571428657
86899  30.707  11.516  -22.361 0.1428571492
87873  30.517  12.884  -23.197 0.2857142985
87855  30.236  11.637  -21.670 0.5714285970
86892  29.618  11.554  -21.102 0.8571428657
85882  29.598  10.661  -20.738 0.8571428657
84954  28.643  9.503  -20.095 0.8571428657
85883  28.623  10.395  -20.426 0.8571428657
84045  27.259  8.564  -20.370 0.8571428657
88907  30.368  13.618  -23.367 0.2857142985
87866  29.682  13.089  -21.897 0.7142857313
87865  30.309  12.485  -22.239 0.5714285970
87856  29.663  12.374  -21.495 0.8571428657
152427  28.188  11.044  -20.631 0.8571428657
86894  27.490  11.189  -20.858 0.8571428657
84955  27.381  9.219  -20.392 0.8571428657
88888  28.869  13.016  -21.539 0.8571428657
86893  28.193  11.720  -20.837 0.8571428657
150293  27.401  12.510  -21.489 0.7142857313
87858  27.419  11.914  -21.160 0.7142857313
88897  29.265  13.757  -22.115 0.8571428657
88898  28.298  13.876  -22.035 0.8571428657
87857  28.136  12.438  -21.218 0.8571428657
88899  27.410  13.544  -22.030 0.8571428657
89769  28.054  14.738  -22.455 0.8571428657
87867  26.916  12.885  -21.953 0.7142857313
91437  29.495  16.268  -23.891 0.7142857313
90601  28.513  15.222  -22.726 0.8571428657
90611  28.729  15.893  -23.179 0.8571428657
136755  27.872  16.355  -23.341 0.8571428657
92235  27.628  17.686  -24.330 0.7142857313
88889  27.854  13.104  -21.616 0.8571428657
90612  27.738  15.509  -22.847 0.8571428657
92261  29.676  17.721  -27.763 0.1428571492
91438  28.707  16.776  -23.734 0.8571428657
92221  28.650  17.581  -24.368 0.7142857313
93044  28.867  18.194  -24.936 0.7142857313
91439  27.872  17.106  -23.793 0.8571428657
93916  29.124  19.300  -29.151 0.1428571492
93052  29.240  18.469  -25.591 0.5714285970
93876  28.859  19.044  -25.836 0.5714285970
93888  27.651  19.724  -26.234 0.5714285970
93898  29.206  19.399  -27.118 0.1428571492
142253  28.647  20.214  -30.438 0.1428571492
94716  27.062  20.248  -26.727 0.5714285970
143590  28.228  21.491  -30.191 0.1428571492
95627  28.287  21.393  -31.009 0.1428571492
94734  28.409  20.636  -28.216 0.1428571492
96534  28.164  22.127  -31.648 0.1428571492
94723  28.261  20.489  -27.487 0.5714285970
95628  27.929  22.169  -30.639 0.1428571492
96524  27.170  22.712  -30.269 0.1428571492
96535  27.668  22.994  -32.109 0.1428571492
97405  26.760  23.230  -30.995 0.1428571492
58020  18.898  -18.002  -10.253 0.1428571492
60045  20.757  -16.116  -11.160 0.2857142985
60032  21.356  -16.325  -10.367 0.1428571492
60996  22.061  -15.337  -11.168 0.2857142985
63860  25.018  -11.971  -12.894 0.2857142985
63849  24.307  -12.560  -12.767 0.2857142985
62837  23.674  -13.239  -12.540 0.1428571492
68751  26.339  -7.247  -17.077 0.2857142985
68742  25.805  -7.912  -17.139 0.2857142985
71474  27.099  -4.513  -17.241 0.4285714328
70560  26.067  -6.058  -17.690 0.5714285970
76407  28.911  0.635  -17.492 0.2857142985
72413  26.140  -3.931  -18.218 0.7142857313
78243  30.577  2.372  -17.668 0.1428571492
143985  27.384  1.084  -18.882 0.8571428657
149353  28.530  3.926  -18.482 0.7142857313
84070  31.611  8.654  -22.126 0.1428571492
83128  30.307  7.785  -19.492 0.8571428657
83129  29.539  7.620  -19.310 0.8571428657
81247  27.853  5.694  -19.230 0.8571428657
83141  27.813  7.389  -19.649 0.8571428657
88896  30.050  13.517  -22.573 0.8571428657
90610  29.571  15.452  -23.456 0.8571428657
91453  29.369  17.058  -24.356 0.8571428657
92234  29.421  17.715  -24.960 0.7142857313
93075  29.492  18.714  -26.779 0.2857142985
93899  28.791  20.013  -27.752 0.1428571492
94750  28.503  20.831  -29.858 0.1428571492
95650  28.417  21.784  -33.342 0.1428571492
58009  18.547  -18.606  -9.847 0.1428571492
61012  20.574  -15.325  -12.437 0.4285714328
61913  22.376  -14.295  -12.280 0.2857142985
61914  21.563  -14.904  -12.103 0.4285714328
61915  20.917  -14.784  -12.950 0.2857142985
64805  25.461  -11.287  -13.259 0.2857142985
65809  26.188  -10.033  -14.120 0.2857142985
65811  24.741  -10.775  -14.815 0.2857142985
70572  25.700  -5.451  -18.235 0.7142857313
142181  32.084  6.275  -21.433 0.1428571492
136930  31.812  8.029  -22.797 0.1428571492
85900  31.243  10.227  -22.514 0.1428571492
85911  31.245  10.570  -23.326 0.1428571492
84945  29.976  9.420  -20.176 0.8571428657
80253  27.850  4.861  -19.092 0.8571428657
79238  27.200  4.244  -19.516 1.0000000000
86913  30.744  12.276  -23.953 0.1428571492
89780  30.403  14.108  -23.876 0.2857142985
86895  26.785  11.301  -21.390 0.8571428657
88908  30.077  14.211  -23.130 0.5714285970
90623  30.097  15.525  -24.330 0.5714285970
91452  29.932  16.508  -24.796 0.5714285970
93065  29.547  18.442  -26.232 0.4285714328
91466  30.037  17.157  -26.255 0.2857142985
92252  29.751  17.969  -26.790 0.2857142985
93082  29.522  18.570  -27.618 0.1428571492
93907  29.217  19.342  -28.142 0.1428571492
93908  28.821  20.040  -28.624 0.1428571492
95608  27.419  21.539  -28.457 0.2857142985
93917  28.777  20.081  -29.553 0.1428571492
95618  27.684  22.068  -29.708 0.1428571492
96515  27.022  22.149  -29.025 0.1428571492
152253  27.112  22.440  -29.624 0.1428571492
154063  28.444  20.892  -30.568 0.1428571492
97411  27.027  23.334  -31.748 0.1428571492
97412  26.328  23.484  -31.689 0.1428571492
97420  27.024  23.527  -32.673 0.1428571492
89791  30.380  14.641  -24.446 0.4285714328
151008  30.419  15.058  -25.015 0.4285714328
90630  30.295  15.726  -25.282 0.4285714328
132554  30.196  16.441  -25.730 0.4285714328
91458  29.898  17.171  -25.375 0.5714285970
92241  29.734  17.869  -25.833 0.5714285970
59021  19.274  -17.393  -10.658 0.1428571492
58021  18.100  -18.178  -10.501 0.1428571492
60998  20.180  -15.835  -11.889 0.4285714328
60059  18.606  -16.318  -12.186 0.2857142985
60981  21.466  -15.831  -10.943 0.1428571492
62838  22.785  -13.667  -12.743 0.1428571492
64813  25.065  -10.966  -13.978 0.2857142985
73424  26.207  -2.333  -18.501 0.7142857313
77375  28.581  1.293  -17.827 0.8571428657
76416  27.571  0.501  -18.469 0.8571428657
79227  29.276  4.242  -18.250 0.5714285970
82202  31.256  6.971  -19.761 0.2857142985
131511  31.615  6.172  -19.862 0.1428571492
84043  30.568  8.945  -20.226 0.5714285970
84037  29.350  8.413  -19.570 0.8571428657
151530  29.963  9.984  -20.581 0.8571428657
138937  28.934  12.130  -21.044 0.8571428657
148928  28.895  11.305  -20.712 0.8571428657
86884  27.667  10.465  -20.575 0.8571428657
89767  29.583  14.780  -22.994 0.8571428657
89768  28.936  14.595  -22.461 0.8571428657
141246  29.434  18.507  -28.660 0.1428571492
137047  28.646  20.011  -27.064 0.5714285970
93877  28.155  19.211  -25.744 0.5714285970
93925  28.678  19.653  -31.108 0.1428571492
94735  27.841  21.045  -27.942 0.4285714328
95617  28.171  21.388  -29.396 0.1428571492
95643  28.399  21.455  -32.478 0.1428571492
95636  28.377  21.194  -31.731 0.1428571492
94743  28.503  20.750  -29.025 0.1428571492
133968  27.713  21.713  -29.029 0.1428571492
129453  27.485  22.829  -31.196 0.1428571492
63848  25.664  -12.326  -12.286 0.1428571492
89781  30.065  14.813  -23.675 0.5714285970
141984  21.627  -14.462  -12.776 0.4285714328
135017  25.156  -10.214  -15.284 0.5714285970
64832  23.834  -11.124  -16.225 0.5714285970
64844  22.721  -11.147  -17.311 0.5714285970
64846  21.752  -11.128  -17.187 0.2857142985
66875  24.520  -9.822  -16.968 0.5714285970
65844  22.962  -10.369  -17.779 0.5714285970
130086  21.794  -12.236  -16.594 0.4285714328
65843  23.791  -10.189  -17.496 0.5714285970
64847  21.402  -10.597  -17.115 0.2857142985
65845  21.971  -10.423  -17.534 0.4285714328
68752  25.167  -7.958  -17.780 0.4285714328
67863  24.514  -8.680  -17.995 0.5714285970
66906  23.167  -8.972  -18.492 0.5714285970
67881  22.446  -8.740  -18.401 0.4285714328
68767  25.155  -7.281  -18.150 0.5714285970
68768  24.500  -7.133  -18.903 0.5714285970
67880  23.778  -8.433  -18.673 0.4285714328
69639  24.405  -6.388  -19.338 0.7142857313
130844  23.827  -6.909  -19.500 0.4285714328
70590  24.937  -5.635  -19.009 0.4285714328
65855  22.463  -9.947  -17.877 0.4285714328
65846  21.588  -9.800  -17.503 0.2857142985
65832  20.946  -10.043  -16.943 0.2857142985
67892  22.797  -8.062  -18.917 0.4285714328
70573  25.225  -6.404  -18.429 0.7142857313
152533  24.719  -5.103  -19.500 0.7142857313
140387  23.826  -4.843  -20.894 0.4285714328
72442  24.674  -3.397  -21.050 0.7142857313
72443  24.135  -4.166  -21.284 0.5714285970
72467  23.441  -3.528  -21.717 0.2857142985
71486  25.396  -4.711  -18.790 0.5714285970
72414  25.437  -3.769  -19.023 0.5714285970
71498  24.838  -4.414  -19.685 0.7142857313
73436  25.548  -1.797  -20.317 0.7142857313
135569  24.742  -1.916  -21.546 0.7142857313
136664  25.269  -1.382  -21.132 0.7142857313
74436  24.728  -1.231  -21.805 0.7142857313
74437  24.187  -1.785  -21.868 0.4285714328
75455  24.140  -0.367  -22.383 0.4285714328
74404  26.794  -1.688  -18.208 0.5714285970
73425  25.554  -2.905  -19.220 0.5714285970
74405  26.374  -1.399  -18.813 0.5714285970
147598  25.736  -1.063  -20.368 0.5714285970
75427  25.688  -0.526  -20.815 0.7142857313
76439  25.640  0.231  -21.275 0.7142857313
78305  25.491  1.913  -21.391 0.7142857313
140717  24.547  0.050  -22.379 0.7142857313
141891  24.789  0.679  -22.442 0.5714285970
146706  25.039  1.885  -22.078 0.5714285970
77392  27.690  1.779  -18.765 0.7142857313
142635  26.981  0.964  -19.404 0.5714285970
76427  26.510  0.400  -19.772 0.5714285970
77406  26.632  1.296  -19.895 0.7142857313
76438  26.133  0.836  -20.540 0.7142857313
144833  26.391  2.719  -20.167 0.8571428657
75469  23.897  0.069  -22.631 0.4285714328
79240  25.987  3.645  -20.568 0.7142857313
131817  25.171  2.604  -21.710 0.7142857313
79253  25.363  3.496  -21.291 0.7142857313
140081  24.693  2.297  -22.608 0.5714285970
79270  24.789  3.278  -22.150 0.7142857313
77405  27.181  1.614  -19.350 0.5714285970
76451  25.687  1.121  -21.297 0.7142857313
79239  26.605  3.513  -19.934 0.8571428657
80255  26.437  4.513  -20.208 0.8571428657
80266  25.612  4.355  -20.910 0.7142857313
80283  24.956  4.291  -21.756 0.5714285970
82243  25.058  6.181  -22.188 0.2857142985
83159  25.621  7.579  -21.671 0.7142857313
80254  27.168  5.125  -19.649 0.7142857313
80265  25.846  5.193  -20.665 0.8571428657
142495  25.361  4.965  -21.287 0.8571428657
84046  26.549  8.319  -20.769 0.8571428657
81260  25.885  6.065  -20.432 0.8571428657
82237  25.588  6.741  -21.175 0.5714285970
83158  26.134  7.584  -20.907 0.8571428657
84057  25.952  8.244  -21.350 0.8571428657
84058  25.545  8.234  -22.085 0.7142857313
81249  26.601  6.239  -20.077 0.8571428657
154283  27.038  7.669  -20.324 0.8571428657
137994  26.234  8.828  -21.117 0.8571428657
84956  26.757  9.057  -20.679 0.8571428657
84965  26.274  9.636  -21.221 0.8571428657
88900  26.622  13.517  -22.459 0.7142857313
87874  25.977  12.951  -22.793 0.7142857313
89783  26.625  14.367  -22.749 0.5714285970
87875  25.424  12.859  -23.518 0.7142857313
88909  25.823  13.749  -23.119 0.7142857313
140329  26.779  15.160  -23.003 0.7142857313
91440  26.979  15.933  -23.341 0.8571428657
90624  26.289  16.259  -24.054 0.7142857313
150861  25.463  14.187  -23.676 0.7142857313
136339  25.429  16.206  -24.777 0.7142857313
91455  25.325  16.736  -25.234 0.7142857313
90631  24.908  15.420  -25.118 0.5714285970
91454  26.921  17.089  -24.100 0.7142857313
92237  26.007  17.058  -24.653 0.7142857313
90632  24.591  15.223  -26.114 0.5714285970
92243  25.493  17.387  -25.394 0.4285714328
92244  24.891  16.821  -25.948 0.5714285970
147533  24.540  15.993  -26.744 0.5714285970
92236  26.759  17.604  -24.520 0.5714285970
93056  25.691  18.116  -25.666 0.5714285970
92253  24.985  17.589  -26.185 0.5714285970
90636  24.253  15.035  -27.032 0.4285714328
89805  23.660  14.199  -27.230 0.5714285970
90643  24.042  15.688  -27.526 0.5714285970
93067  25.099  18.382  -26.421 0.5714285970
89807  21.779  14.464  -27.294 0.4285714328
87902  21.875  13.180  -26.164 0.4285714328
89812  22.836  14.882  -27.662 0.5714285970
90637  23.715  15.057  -27.531 0.5714285970
90638  21.230  15.371  -27.076 0.4285714328
140519  27.543  -3.955  -17.029 0.2857142985
76426  27.025  0.417  -19.015 0.5714285970
91476  22.833  16.164  -28.154 0.2857142985
89813  21.966  15.438  -27.600 0.4285714328
89799  20.465  14.705  -25.710 0.2857142985
63880  22.799  -12.133  -16.129 0.5714285970
128250  22.398  -12.661  -15.611 0.5714285970
143884  25.405  -8.913  -16.735 0.2857142985
66874  25.165  -9.434  -16.477 0.4285714328
63891  22.367  -11.841  -16.888 0.5714285970
67852  25.877  -8.451  -16.612 0.2857142985
67853  25.284  -8.511  -17.253 0.5714285970
145318  21.445  -11.821  -16.723 0.2857142985
154427  22.354  -9.400  -18.038 0.4285714328
67891  23.229  -8.049  -18.998 0.4285714328
68780  23.402  -7.286  -19.392 0.5714285970
66909  21.499  -8.954  -17.741 0.2857142985
67882  21.933  -8.522  -18.249 0.2857142985
70599  23.790  -5.540  -20.367 0.5714285970
73411  28.273  -2.444  -16.960 0.2857142985
72444  22.489  -4.000  -21.188 0.2857142985
73467  24.433  -2.660  -21.560 0.7142857313
81248  27.148  5.986  -19.666 0.8571428657
137361  25.403  5.740  -21.213 0.7142857313
87859  26.776  12.083  -21.706 0.7142857313
151492  26.420  12.912  -22.400 0.7142857313
87868  26.222  12.304  -22.435 0.7142857313
90625  25.496  15.488  -24.345 0.7142857313
89804  24.327  14.296  -26.454 0.5714285970
89806  22.748  13.967  -27.400 0.2857142985
92242  26.243  17.856  -24.986 0.5714285970
93054  27.674  18.692  -25.257 0.5714285970
93055  26.653  18.503  -25.367 0.5714285970
92254  24.499  16.933  -26.909 0.5714285970
91467  24.188  16.339  -27.522 0.2857142985
140591  23.047  -7.301  -19.418 0.4285714328
66866  25.506  -9.615  -15.713 0.2857142985
75416  26.594  -0.434  -19.128 0.7142857313
147232  25.945  -3.179  -18.540 0.5714285970
78279  27.438  2.475  -19.179 0.7142857313
78280  26.891  2.848  -19.652 0.7142857313
141326  26.778  2.130  -19.789 0.7142857313
82225  26.310  6.866  -20.384 0.7142857313
151020  27.180  16.595  -23.653 0.8571428657
85902  26.173  10.565  -21.733 0.7142857313
73435  25.766  -2.024  -19.390 0.5714285970
65830  24.188  -10.506  -16.662 0.5714285970
65831  23.462  -10.894  -17.123 0.5714285970
154507  22.049  -10.866  -17.455 0.5714285970
146261  22.349  -10.664  -17.576 0.4285714328
66887  24.850  -9.146  -17.205 0.5714285970
66889  23.407  -9.670  -18.088 0.5714285970
66905  23.776  -9.094  -18.309 0.5714285970
66907  22.691  -9.244  -18.285 0.4285714328
63881  21.749  -12.827  -15.972 0.5714285970
66908  21.932  -9.173  -17.913 0.4285714328
67879  24.494  -7.886  -18.491 0.5714285970
67890  23.833  -7.672  -19.124 0.5714285970
67893  22.358  -8.018  -18.708 0.4285714328
69661  23.445  -5.932  -20.239 0.4285714328
71499  24.305  -5.036  -20.246 0.7142857313
71521  24.453  -4.298  -20.654 0.5714285970
71534  23.617  -4.306  -21.414 0.4285714328
71522  23.449  -4.894  -20.985 0.4285714328
70600  23.431  -5.402  -20.608 0.4285714328
72425  24.981  -3.570  -19.956 0.7142857313
131972  25.253  -2.679  -20.176 0.7142857313
71535  23.136  -4.044  -21.561 0.2857142985
73448  25.040  -2.349  -21.047 0.7142857313
74413  25.980  -1.173  -19.624 0.7142857313
75437  25.201  -0.584  -21.591 0.7142857313
76452  25.294  0.666  -21.860 0.7142857313
77432  25.187  1.267  -21.989 0.7142857313
77418  26.130  1.834  -20.541 0.5714285970
78290  25.786  2.775  -20.823 0.7142857313
77456  24.391  1.712  -23.083 0.2857142985
81270  24.978  5.226  -21.924 0.5714285970
80296  24.268  4.650  -23.173 0.2857142985
89784  26.044  14.615  -23.347 0.7142857313
90613  26.162  15.392  -23.653 0.7142857313
91475  23.581  16.251  -28.005 0.5714285970
68769  21.801  -7.794  -18.507 0.1428571492
69653  22.645  -6.806  -19.568 0.4285714328
61014  18.813  -15.764  -12.714 0.4285714328
66856  27.342  -9.198  -14.378 0.1428571492
66865  26.198  -9.196  -15.387 0.1428571492
67834  26.935  -8.845  -15.088 0.1428571492
69627  26.804  -5.955  -17.142 0.1428571492
70558  27.294  -5.264  -16.976 0.1428571492
67844  27.273  -8.216  -15.464 0.1428571492
67833  27.671  -8.561  -14.794 0.1428571492
70550  28.025  -5.313  -16.538 0.1428571492
135176  27.745  -6.795  -16.155 0.1428571492
68732  27.543  -7.584  -15.794 0.1428571492
71465  27.774  -4.586  -16.795 0.1428571492
74375  28.855  -1.823  -16.787 0.2857142985
75392  29.279  -0.033  -17.179 0.1428571492
97429  25.326  24.029  -33.776 0.1428571492
84976  25.561  9.696  -22.249 0.4285714328
128268  24.234  23.850  -33.853 0.1428571492
96525  26.390  23.070  -30.381 0.1428571492
86901  25.645  11.589  -22.949 0.4285714328
87869  25.645  12.313  -23.098 0.5714285970
95620  24.092  21.082  -29.853 0.2857142985
93900  24.827  19.526  -27.356 0.2857142985
94726  25.325  20.316  -27.585 0.2857142985
85940  23.612  10.447  -24.822 0.1428571492
87880  24.922  12.751  -24.372 0.5714285970
89792  25.478  14.792  -23.958 0.5714285970
138449  23.454  18.045  -28.639 0.2857142985
93066  26.047  18.844  -25.971 0.4285714328
87887  24.175  12.222  -25.401 0.4285714328
88921  24.445  13.606  -25.688 0.5714285970
150332  23.896  17.719  -28.044 0.2857142985
87888  23.705  12.166  -25.568 0.4285714328
87900  23.399  12.872  -26.205 0.2857142985
92263  22.910  16.703  -28.573 0.1428571492
92262  23.869  16.974  -27.956 0.1428571492
134839  22.379  12.377  -25.575 0.1428571492
88929  23.138  13.370  -26.964 0.4285714328
91478  21.591  16.068  -27.400 0.1428571492
140311  22.307  16.554  -28.247 0.1428571492
92272  22.504  17.217  -28.918 0.1428571492
87901  22.698  12.903  -26.384 0.2857142985
145417  20.559  15.324  -24.171 0.1428571492
92256  21.847  16.619  -27.782 0.1428571492
92264  22.030  17.042  -28.403 0.1428571492
91468  21.215  16.069  -26.709 0.1428571492
91460  21.133  16.140  -25.711 0.1428571492
153351  21.595  16.540  -27.114 0.1428571492
92246  21.631  16.700  -26.275 0.1428571492
61028  19.285  -15.230  -13.213 0.4285714328
61943  19.144  -14.124  -13.854 0.2857142985
66857  26.573  -9.454  -14.617 0.1428571492
72391  28.264  -3.846  -16.695 0.1428571492
85903  25.625  10.713  -22.622 0.2857142985
93053  28.560  18.664  -25.330 0.4285714328
94725  26.492  20.660  -27.315 0.2857142985
93909  23.433  18.654  -28.952 0.2857142985
94736  24.791  20.527  -28.339 0.2857142985
93084  22.613  17.577  -29.185 0.2857142985
62836  24.624  -13.069  -12.127 0.1428571492
62821  24.182  -13.674  -11.735 0.1428571492
64804  26.234  -11.025  -12.976 0.1428571492
65801  26.609  -10.419  -13.438 0.1428571492
74392  28.842  -0.907  -17.124 0.1428571492
72403  27.727  -3.174  -17.095 0.1428571492
87889  23.074  12.191  -25.644 0.1428571492
86926  24.045  11.421  -25.090 0.2857142985
89798  24.647  14.567  -25.513 0.5714285970
93889  26.542  19.562  -26.312 0.4285714328
94737  23.658  19.538  -29.188 0.2857142985
95611  24.363  20.788  -29.090 0.2857142985
95601  25.926  21.080  -27.888 0.2857142985
95610  25.397  21.412  -28.541 0.2857142985
96527  24.299  22.327  -30.816 0.1428571492
96528  23.397  21.463  -31.598 0.1428571492
97406  25.872  23.376  -30.991 0.1428571492
93085  22.044  17.538  -28.956 0.2857142985
93083  22.776  17.932  -29.392 0.2857142985
97407  24.826  23.123  -31.194 0.1428571492
96516  26.425  22.641  -29.647 0.1428571492
96526  25.412  22.866  -30.256 0.1428571492
76406  29.769  0.737  -17.117 0.2857142985
95600  27.037  21.234  -27.808 0.4285714328
94744  23.454  19.940  -29.920 0.2857142985
96507  25.983  22.188  -28.900 0.2857142985
96517  25.486  22.402  -29.513 0.1428571492
61013  19.670  -15.616  -12.670 0.4285714328
74393  28.153  -1.664  -17.280 0.4285714328
93878  27.153  19.137  -25.766 0.4285714328
95609  26.535  21.672  -28.384 0.2857142985
86906  25.107  11.846  -23.916 0.4285714328
143203  25.033  14.169  -24.274 0.5714285970
93890  25.365  19.220  -26.606 0.2857142985
90645  22.619  15.649  -27.863 0.4285714328
90633  20.769  15.430  -26.275 0.2857142985
86900  26.205  11.428  -22.145 0.5714285970
88920  24.749  14.124  -24.965 0.5714285970
88928  23.860  13.461  -26.522 0.5714285970
93068  24.450  17.746  -27.111 0.2857142985
93891  24.421  18.568  -27.400 0.2857142985
69620  27.521  -6.004  -16.621 0.1428571492
67843  27.982  -7.946  -15.193 0.1428571492
71464  28.500  -4.639  -16.477 0.1428571492
85926  24.751  10.982  -24.175 0.2857142985
94727  24.338  19.622  -28.208 0.2857142985
94717  25.893  20.022  -26.870 0.2857142985
87881  24.557  12.047  -24.838 0.4285714328
93076  23.200  17.323  -28.708 0.1428571492
86927  23.425  11.311  -25.089 0.2857142985
88916  24.511  12.782  -25.227 0.5714285970
87899  24.028  12.811  -25.868 0.5714285970
140370  18.938  -14.740  -13.441 0.2857142985
132131  28.944  -4.085  -16.418 0.1428571492
128266  25.110  10.045  -23.205 0.2857142985
95619  24.971  21.756  -29.216 0.2857142985
96518  24.635  22.083  -29.943 0.2857142985
96536  23.861  22.473  -31.803 0.1428571492
76480  24.382  1.021  -22.934 0.4285714328
80284  24.486  3.957  -22.665 0.2857142985
93911  21.944  18.500  -29.943 0.1428571492
94738  22.890  18.903  -30.188 0.1428571492
93920  21.694  19.160  -31.041 0.1428571492
92245  22.053  17.441  -25.843 0.1428571492
142274  21.757  18.597  -28.983 0.1428571492
93918  22.263  18.719  -30.466 0.1428571492
94745  22.663  19.210  -30.710 0.1428571492
93077  21.744  17.720  -27.931 0.1428571492
93069  22.095  18.038  -26.553 0.1428571492
137710  22.225  18.023  -29.312 0.1428571492
93893  22.106  18.651  -27.175 0.1428571492
94747  21.540  19.437  -30.661 0.1428571492
93903  21.769  18.146  -28.558 0.1428571492
93892  22.847  19.406  -26.565 0.1428571492
94739  21.791  19.344  -29.187 0.1428571492
79271  24.402  3.048  -22.993 0.2857142985
94729  22.285  19.828  -28.155 0.1428571492
94760  21.456  20.002  -31.871 0.1428571492
69628  26.417  -6.555  -17.275 0.2857142985
93910  22.602  18.395  -29.803 0.1428571492
95621  23.263  20.245  -30.673 0.1428571492
93926  22.059  19.095  -31.065 0.1428571492
94751  22.425  19.673  -31.461 0.1428571492
93902  22.278  19.322  -27.622 0.1428571492
93058  22.575  18.029  -25.420 0.1428571492
150068  25.665  -7.442  -17.565 0.4285714328
62870  21.881  -13.209  -15.213 0.4285714328
63862  22.824  -12.974  -13.815 0.2857142985
63870  23.158  -12.193  -15.080 0.2857142985
135902  23.331  -12.430  -14.122 0.1428571492
64815  23.740  -11.655  -14.936 0.2857142985
62850  21.664  -13.823  -13.868 0.2857142985
65821  24.476  -10.642  -15.723 0.2857142985
62859  21.364  -13.651  -14.687 0.4285714328
64814  24.325  -11.431  -14.351 0.1428571492
63869  23.730  -11.931  -14.392 0.1428571492
62848  23.035  -13.200  -13.161 0.1428571492
64822  24.096  -11.206  -15.280 0.2857142985
63871  22.611  -12.807  -14.682 0.2857142985
62858  22.133  -13.370  -14.308 0.2857142985
61940  20.911  -14.125  -14.174 0.2857142985
61941  20.259  -14.258  -14.193 0.2857142985
62860  20.559  -13.720  -14.751 0.2857142985
62871  21.193  -13.270  -15.446 0.2857142985
69652  23.349  -6.574  -19.782 0.2857142985
69662  23.052  -6.069  -20.244 0.2857142985
70601  23.115  -5.277  -20.767 0.2857142985
73468  23.724  -2.647  -21.799 0.1428571492
73489  23.153  -2.034  -21.771 0.1428571492
74458  23.400  -1.204  -21.991 0.2857142985
76481  23.907  0.670  -22.955 0.1428571492
144968  24.072  3.782  -23.387 0.1428571492
81271  24.616  5.400  -22.783 0.1428571492
82255  24.936  6.911  -22.871 0.1428571492
82244  24.593  6.172  -23.265 0.1428571492
83169  25.276  7.591  -22.513 0.1428571492
83178  24.842  7.572  -23.345 0.1428571492
85913  24.681  10.246  -23.986 0.1428571492
85012  23.667  9.505  -24.687 0.1428571492
85927  24.214  10.490  -24.623 0.1428571492
88930  22.250  13.510  -26.962 0.1428571492
88931  21.334  13.833  -26.600 0.1428571492
87890  21.606  12.814  -25.312 0.1428571492
88923  20.569  13.942  -25.436 0.1428571492
89808  20.894  14.636  -26.621 0.1428571492
61927  21.271  -14.339  -13.462 0.1428571492
84966  25.769  8.917  -21.699 0.2857142985
84082  24.713  8.221  -23.717 0.1428571492
86914  24.513  11.365  -24.581 0.1428571492
68781  22.669  -7.535  -19.153 0.2857142985
153358  23.065  -6.659  -19.752 0.2857142985
70602  22.657  -5.574  -20.475 0.2857142985
74459  22.936  -1.305  -21.850 0.1428571492
76482  23.451  0.534  -22.903 0.1428571492
77458  23.529  1.252  -23.243 0.1428571492
78325  24.105  2.044  -23.342 0.1428571492
79292  22.952  3.462  -23.936 0.1428571492
80306  23.776  4.648  -23.795 0.1428571492
80307  23.325  4.781  -24.216 0.1428571492
81299  23.646  5.569  -24.191 0.1428571492
84987  25.058  9.060  -23.210 0.1428571492
88922  21.038  13.467  -25.871 0.1428571492
69654  22.293  -6.033  -19.917 0.2857142985
61928  20.498  -14.588  -13.678 0.2857142985
75456  23.648  -0.504  -22.362 0.1428571492
68782  22.180  -7.343  -19.015 0.1428571492
84071  25.179  8.247  -22.897 0.1428571492
131422  25.181  10.909  -23.510 0.1428571492
61942  19.801  -14.034  -14.367 0.2857142985
70591  21.989  -5.302  -20.177 0.1428571492
82256  24.471  6.898  -23.751 0.1428571492
141087  22.975  4.503  -24.271 0.1428571492
61916  17.860  -14.669  -12.471 0.1428571492
61930  18.381  -14.699  -13.012 0.1428571492
132004  17.741  -13.934  -12.196 0.1428571492
141121  18.635  -14.213  -13.385 0.1428571492
62872  20.569  -13.136  -15.432 0.1428571492
133187  29.386  1.391  -17.453 0.1428571492
76405  30.711  0.672  -17.020 0.1428571492
89796  30.466  14.280  -25.301 0.1428571492
60060  18.098  -15.956  -12.307 0.1428571492
62862  18.695  -13.424  -13.643 0.1428571492
143688  19.962  -13.405  -14.847 0.1428571492
63882  21.149  -12.627  -16.129 0.1428571492
62861  19.341  -13.491  -14.329 0.1428571492
64834  21.147  -11.303  -16.743 0.1428571492
136972  30.484  13.971  -24.576 0.1428571492
90629  30.390  15.028  -25.786 0.1428571492
134592  20.728  -10.775  -16.590 0.1428571492
87879  30.568  13.233  -24.228 0.1428571492
77373  30.454  1.511  -17.329 0.1428571492
63893  20.815  -12.006  -16.323 0.1428571492
61929  19.691  -14.625  -13.748 0.1428571492
61015  18.215  -15.299  -12.655 0.1428571492
61931  18.169  -13.938  -12.891 0.1428571492
63883  20.545  -12.556  -15.805 0.1428571492
59008  20.497  -17.506  -9.521 0.1428571492
59022  17.825  -17.721  -10.942 0.1428571492
60980  22.030  -15.844  -10.452 0.1428571492
61029  18.697  -15.196  -13.072 0.1428571492
63884  20.136  -12.002  -15.721 0.1428571492
63892  21.895  -11.666  -17.054 0.2857142985
64823  23.477  -11.671  -15.727 0.2857142985
64833  23.145  -11.575  -16.669 0.5714285970
64845  22.156  -11.230  -17.332 0.5714285970
65810  25.460  -10.383  -14.435 0.2857142985
65820  24.836  -10.038  -16.129 0.5714285970
65854  22.966  -9.700  -18.164 0.4285714328
66888  24.160  -9.486  -17.766 0.5714285970
68741  26.439  -7.897  -16.538 0.2857142985
69629  25.815  -6.830  -17.688 0.2857142985
69651  23.793  -6.201  -19.934 0.4285714328
71485  26.071  -4.734  -18.080 0.7142857313
71523  23.126  -4.641  -21.223 0.4285714328
72466  24.060  -3.549  -21.632 0.5714285970
73488  23.659  -1.766  -21.875 0.4285714328
74456  24.279  -1.004  -22.094 0.7142857313
74457  23.873  -1.103  -22.118 0.2857142985
75426  26.060  -0.430  -19.990 0.5714285970
75454  24.645  -0.519  -22.107 0.7142857313
75457  23.082  -0.586  -22.276 0.1428571492
76466  24.264  0.369  -22.658 0.5714285970
77390  29.012  2.040  -17.743 0.4285714328
77444  24.759  1.440  -22.609 0.4285714328
77457  24.051  1.438  -23.236 0.2857142985
78262  28.005  2.402  -18.590 0.8571428657
78314  24.303  2.334  -23.183 0.1428571492
79226  30.242  4.512  -18.286 0.4285714328
79282  22.362  3.188  -23.509 0.1428571492
79290  23.622  3.031  -23.649 0.1428571492
79291  23.313  3.716  -23.945 0.1428571492
80264  26.529  5.507  -20.112 0.8571428657
81286  24.151  5.446  -23.612 0.1428571492
82224  27.132  6.785  -19.924 0.8571428657
84042  31.133  8.300  -20.408 0.1428571492
84056  31.461  8.522  -21.233 0.1428571492
84952  30.478  9.622  -20.660 0.4285714328
84963  31.299  9.275  -21.584 0.2857142985
84999  24.204  9.400  -24.395 0.1428571492
85884  27.881  9.745  -20.305 0.8571428657
85892  27.086  9.787  -20.607 0.8571428657
85893  26.853  10.517  -20.980 0.8571428657
86905  30.769  11.989  -23.082 0.1428571492
88910  25.185  13.539  -23.911 0.5714285970
88915  24.782  13.492  -24.739 0.5714285970
88919  30.513  13.576  -25.024 0.1428571492
88932  20.721  14.066  -26.127 0.1428571492
89770  27.395  14.167  -22.343 0.7142857313
89782  27.315  14.824  -22.617 0.5714285970
89797  24.973  14.780  -24.655 0.5714285970
90600  29.095  15.238  -22.889 0.8571428657
90644  23.324  15.605  -27.862 0.5714285970
91459  24.885  16.092  -25.615 0.5714285970
91477  22.173  16.118  -27.874 0.1428571492
93045  28.147  18.240  -24.750 0.7142857313
93046  27.181  18.173  -24.782 0.5714285970
93057  22.814  18.754  -25.980 0.1428571492
93886  29.245  18.996  -26.290 0.2857142985
93887  28.647  19.581  -26.411 0.5714285970
93901  24.104  18.907  -28.101 0.2857142985
93919  21.842  18.900  -30.607 0.1428571492
93927  21.761  19.461  -31.453 0.1428571492
94715  28.036  20.235  -26.782 0.5714285970
94724  27.504  20.691  -27.325 0.5714285970
94746  21.618  19.269  -30.020 0.1428571492
94753  21.502  19.672  -31.257 0.1428571492
94757  28.478  20.522  -31.300 0.1428571492
95607  28.081  21.246  -28.646 0.1428571492
133092  27.923  9.015  -20.069 0.8571428657
134134  25.317  7.008  -22.093 0.7142857313
134244  24.071  6.238  -24.060 0.1428571492
141166  22.105  -9.779  -17.767 0.4285714328
141643  25.418  8.835  -22.410 0.1428571492
142472  29.968  8.192  -19.518 0.8571428657
142681  30.328  10.321  -21.025 0.4285714328
142908  25.019  0.081  -22.002 0.7142857313
144276  23.638  3.764  -23.788 0.1428571492
144587  26.030  0.106  -20.468 0.7142857313
145368  22.848  -8.609  -18.636 0.4285714328
145998  24.301  -5.702  -19.811 0.5714285970
146633  31.732  7.379  -21.129 0.1428571492
146684  27.214  -0.101  -18.584 0.7142857313
147986  30.138  10.992  -21.255 0.8571428657
149238  29.578  18.118  -28.181 0.1428571492
150267  31.137  9.913  -21.892 0.2857142985
150412  29.626  14.207  -22.604 0.8571428657
150834  22.208  -12.414  -16.322 0.4285714328
151776  26.196  3.173  -20.368 0.8571428657
153753  20.549  15.470  -24.751 0.1428571492
154419  29.690  17.146  -24.834 0.5714285970
155048  24.621  4.713  -22.441 0.5714285970
