#!ascii label  , from subject sub-v1s17x0051136_ses-1 vox2ras=TkReg
343
84823  -22.847  -19.904  -14.381 0.0000000000
81061  -19.797  -24.534  -11.660 0.0000000000
82033  -26.420  -23.267  -14.007 0.0000000000
130480  -24.251  -28.000  -14.499 0.0000000000
150741  -22.429  -8.480  -12.782 0.0000000000
91948  -25.499  -11.709  -11.836 0.0000000000
134213  -21.064  -16.950  -13.730 0.0000000000
74030  -23.245  -31.825  -13.220 0.0000000000
80213  -21.894  -25.928  -13.151 0.0000000000
77592  -20.881  -28.581  -12.226 0.0000000000
93767  -24.446  -10.288  -12.547 0.0000000000
91954  -22.852  -12.359  -13.076 0.0000000000
131184  -19.578  -20.976  -11.672 0.0000000000
85702  -18.723  -19.235  -10.890 0.0000000000
86737  -21.512  -18.447  -14.088 0.0000000000
88508  -24.503  -16.061  -13.075 0.0000000000
87669  -25.412  -17.364  -12.619 0.0000000000
85730  -26.433  -19.555  -12.547 0.0000000000
81984  -18.224  -23.455  -10.476 0.0000000000
82955  -21.159  -22.017  -13.333 0.0000000000
83898  -24.443  -21.773  -14.468 0.0000000000
82045  -22.723  -23.738  -14.277 0.0000000000
80232  -25.095  -25.754  -15.145 0.0000000000
78458  -26.629  -27.355  -14.476 0.0000000000
90198  -20.454  -14.851  -12.355 0.0000000000
91088  -23.317  -13.782  -13.654 0.0000000000
91077  -26.231  -13.653  -11.541 0.0000000000
75894  -21.521  -29.935  -12.337 0.0000000000
75918  -23.818  -29.707  -14.131 0.0000000000
78427  -20.504  -27.938  -12.103 0.0000000000
77584  -19.416  -28.688  -11.326 0.0000000000
147949  -22.292  -12.180  -12.659 0.0000000000
132460  -20.961  -13.662  -12.377 0.0000000000
84801  -21.493  -20.273  -13.647 0.0000000000
148863  -21.065  -19.603  -13.295 0.0000000000
85771  -22.499  -19.091  -14.383 0.0000000000
86738  -23.439  -17.799  -14.212 0.0000000000
86753  -23.710  -18.811  -14.180 0.0000000000
86717  -25.627  -18.269  -12.734 0.0000000000
85753  -25.249  -19.648  -13.532 0.0000000000
81997  -19.093  -23.820  -11.059 0.0000000000
150549  -19.670  -22.521  -11.771 0.0000000000
150901  -20.502  -23.258  -12.475 0.0000000000
82957  -22.255  -22.908  -14.027 0.0000000000
81073  -21.179  -24.298  -12.871 0.0000000000
79316  -23.281  -26.946  -14.018 0.0000000000
80224  -23.444  -26.131  -14.365 0.0000000000
78463  -24.582  -26.971  -14.781 0.0000000000
79338  -25.428  -26.309  -14.912 0.0000000000
77622  -25.280  -27.692  -14.768 0.0000000000
95389  -21.876  -9.434  -11.846 0.0000000000
94572  -19.883  -10.413  -13.072 0.0000000000
95408  -21.177  -8.345  -13.683 0.0000000000
96198  -20.635  -7.243  -14.667 0.0000000000
135305  -22.911  -8.122  -12.753 0.0000000000
146272  -24.706  -11.148  -12.183 0.0000000000
87652  -20.098  -17.776  -12.187 0.0000000000
142697  -20.333  -17.082  -12.203 0.0000000000
89340  -20.720  -15.588  -12.844 0.0000000000
90213  -21.637  -14.758  -13.360 0.0000000000
89351  -22.097  -15.421  -13.751 0.0000000000
149431  -25.049  -15.796  -12.470 0.0000000000
90201  -24.955  -14.551  -12.437 0.0000000000
90187  -26.789  -14.426  -11.456 0.0000000000
83900  -25.868  -22.253  -14.039 0.0000000000
83859  -26.713  -21.302  -12.780 0.0000000000
74004  -22.034  -31.718  -12.336 0.0000000000
74947  -22.447  -30.775  -12.719 0.0000000000
75905  -22.770  -30.012  -13.095 0.0000000000
74958  -23.659  -31.194  -13.721 0.0000000000
80188  -19.226  -25.466  -11.209 0.0000000000
80199  -21.109  -25.236  -12.711 0.0000000000
79301  -20.178  -26.604  -11.944 0.0000000000
78439  -22.047  -27.506  -13.045 0.0000000000
78429  -22.463  -28.192  -13.229 0.0000000000
94567  -22.274  -9.737  -11.782 0.0000000000
94574  -23.152  -9.437  -12.198 0.0000000000
140174  -23.231  -11.086  -12.387 0.0000000000
92885  -23.410  -11.820  -12.758 0.0000000000
92886  -24.015  -11.924  -12.636 0.0000000000
84754  -17.508  -20.581  -10.077 0.0000000000
85703  -18.448  -19.978  -10.719 0.0000000000
86698  -19.881  -18.578  -12.087 0.0000000000
87680  -21.551  -17.646  -14.322 0.0000000000
88520  -22.220  -16.239  -14.197 0.0000000000
88533  -22.954  -17.102  -14.409 0.0000000000
87668  -24.734  -16.975  -13.110 0.0000000000
88510  -25.940  -16.816  -12.088 0.0000000000
87653  -26.768  -17.064  -11.661 0.0000000000
74017  -24.827  -32.969  -13.025 0.0000000000
74032  -24.590  -32.290  -13.523 0.0000000000
83821  -18.403  -21.821  -10.704 0.0000000000
83858  -20.339  -21.116  -12.392 0.0000000000
133419  -22.096  -20.797  -14.108 0.0000000000
84825  -24.068  -20.709  -14.363 0.0000000000
82967  -22.559  -22.191  -14.261 0.0000000000
82969  -24.078  -22.432  -14.680 0.0000000000
82048  -25.087  -23.615  -15.023 0.0000000000
135880  -22.844  -25.269  -14.003 0.0000000000
81108  -24.601  -24.870  -15.282 0.0000000000
81102  -25.518  -24.269  -15.131 0.0000000000
80226  -26.060  -25.413  -14.860 0.0000000000
79317  -27.675  -26.358  -13.583 0.0000000000
134785  -24.437  -8.860  -12.663 0.0000000000
90199  -21.048  -14.218  -12.865 0.0000000000
91964  -22.929  -13.060  -13.572 0.0000000000
91956  -24.085  -12.699  -12.884 0.0000000000
90216  -23.657  -14.499  -13.578 0.0000000000
91075  -24.548  -13.862  -12.768 0.0000000000
91958  -25.585  -12.747  -11.722 0.0000000000
84803  -25.439  -20.529  -13.697 0.0000000000
84783  -26.760  -20.368  -12.483 0.0000000000
76765  -20.362  -29.845  -11.539 0.0000000000
76774  -21.167  -29.220  -12.265 0.0000000000
77604  -22.772  -28.712  -13.328 0.0000000000
77619  -23.976  -28.518  -14.343 0.0000000000
74973  -24.673  -30.700  -14.386 0.0000000000
75920  -24.999  -29.957  -14.778 0.0000000000
77621  -24.986  -28.321  -14.762 0.0000000000
91062  -20.439  -13.899  -12.054 0.0000000000
84822  -22.132  -19.809  -14.187 0.0000000000
85772  -23.231  -19.330  -14.353 0.0000000000
85752  -24.485  -19.252  -13.861 0.0000000000
85773  -23.955  -19.726  -14.219 0.0000000000
81060  -18.787  -24.783  -10.845 0.0000000000
81998  -19.957  -23.543  -11.899 0.0000000000
81072  -20.494  -23.949  -12.397 0.0000000000
78454  -23.639  -27.624  -14.215 0.0000000000
79328  -23.991  -26.875  -14.641 0.0000000000
78455  -24.192  -27.557  -14.553 0.0000000000
78464  -24.899  -26.940  -14.861 0.0000000000
77627  -24.889  -27.587  -14.769 0.0000000000
95395  -21.725  -8.794  -12.559 0.0000000000
134628  -20.514  -9.195  -13.063 0.0000000000
95409  -22.254  -8.230  -13.870 0.0000000000
93758  -25.755  -10.892  -12.097 0.0000000000
87667  -20.521  -17.427  -12.927 0.0000000000
88507  -20.578  -16.474  -12.708 0.0000000000
88518  -20.982  -16.121  -13.424 0.0000000000
89350  -21.307  -15.495  -13.432 0.0000000000
88519  -21.566  -16.195  -13.902 0.0000000000
89343  -26.349  -15.307  -11.675 0.0000000000
145266  -26.105  -22.753  -14.136 0.0000000000
82958  -26.380  -22.488  -13.634 0.0000000000
74016  -23.446  -32.815  -13.032 0.0000000000
74015  -22.676  -32.410  -12.653 0.0000000000
131949  -22.723  -31.471  -12.829 0.0000000000
74957  -23.110  -30.728  -13.292 0.0000000000
132176  -19.390  -26.271  -11.393 0.0000000000
138133  -20.989  -27.208  -12.457 0.0000000000
78428  -21.510  -28.058  -12.641 0.0000000000
93765  -22.813  -10.318  -11.984 0.0000000000
92884  -22.412  -11.279  -12.176 0.0000000000
149602  -22.823  -11.747  -12.671 0.0000000000
91955  -23.475  -12.511  -13.124 0.0000000000
84755  -18.571  -20.909  -10.852 0.0000000000
84768  -19.246  -20.123  -11.409 0.0000000000
85750  -20.969  -18.795  -13.431 0.0000000000
85728  -20.428  -19.315  -12.635 0.0000000000
86736  -20.940  -17.927  -13.658 0.0000000000
88532  -22.358  -16.946  -14.555 0.0000000000
87692  -22.548  -17.660  -14.571 0.0000000000
87683  -24.871  -17.860  -13.185 0.0000000000
87682  -24.201  -17.412  -13.668 0.0000000000
88509  -25.187  -16.503  -12.523 0.0000000000
87670  -26.228  -17.691  -12.174 0.0000000000
86718  -26.533  -18.694  -12.170 0.0000000000
131974  -27.178  -19.507  -11.832 0.0000000000
73003  -24.285  -33.617  -12.670 0.0000000000
73004  -25.137  -33.517  -12.238 0.0000000000
82907  -17.651  -22.996  -10.209 0.0000000000
83820  -17.569  -21.990  -10.261 0.0000000000
82908  -18.289  -22.629  -10.563 0.0000000000
82015  -20.136  -22.697  -12.194 0.0000000000
145344  -19.812  -21.908  -11.930 0.0000000000
82939  -20.538  -21.953  -12.667 0.0000000000
83880  -20.925  -21.264  -13.098 0.0000000000
144479  -22.140  -21.554  -14.101 0.0000000000
82956  -21.833  -22.114  -13.861 0.0000000000
82968  -23.124  -23.037  -14.513 0.0000000000
82047  -24.426  -23.404  -14.902 0.0000000000
82046  -23.821  -23.480  -14.817 0.0000000000
81086  -21.972  -24.886  -13.379 0.0000000000
149481  -22.372  -25.528  -13.530 0.0000000000
80231  -24.685  -25.670  -15.119 0.0000000000
132620  -23.506  -25.374  -14.609 0.0000000000
81109  -24.976  -25.122  -15.367 0.0000000000
82053  -24.946  -24.326  -15.297 0.0000000000
81110  -25.558  -25.155  -15.178 0.0000000000
81103  -26.082  -24.635  -14.863 0.0000000000
132711  -25.978  -26.683  -14.760 0.0000000000
79330  -26.874  -26.674  -14.346 0.0000000000
79331  -27.799  -27.107  -13.746 0.0000000000
94575  -24.075  -9.496  -12.679 0.0000000000
95397  -23.591  -8.609  -12.621 0.0000000000
85676  -17.833  -19.917  -10.200 0.0000000000
89318  -20.354  -15.844  -11.840 0.0000000000
145676  -20.467  -14.174  -12.227 0.0000000000
90214  -22.406  -14.560  -13.647 0.0000000000
91087  -22.698  -13.826  -13.694 0.0000000000
91965  -23.647  -13.187  -13.356 0.0000000000
146186  -24.181  -13.331  -13.028 0.0000000000
88522  -23.752  -16.059  -13.694 0.0000000000
89353  -23.286  -15.304  -13.782 0.0000000000
89354  -24.055  -15.250  -13.438 0.0000000000
90202  -25.806  -14.521  -11.850 0.0000000000
91076  -25.264  -13.765  -12.081 0.0000000000
91957  -24.687  -13.107  -12.431 0.0000000000
91949  -26.748  -12.799  -11.260 0.0000000000
84826  -24.914  -21.094  -14.174 0.0000000000
138213  -21.650  -30.830  -12.249 0.0000000000
75885  -20.792  -30.712  -11.644 0.0000000000
75906  -23.329  -29.805  -13.631 0.0000000000
76785  -22.981  -29.274  -13.383 0.0000000000
76786  -23.655  -29.120  -13.977 0.0000000000
77605  -23.472  -28.650  -13.856 0.0000000000
74960  -25.105  -31.591  -13.943 0.0000000000
76801  -25.292  -29.153  -14.762 0.0000000000
139526  -20.124  -27.353  -11.876 0.0000000000
78418  -19.554  -27.931  -11.511 0.0000000000
77591  -20.078  -28.452  -11.752 0.0000000000
91953  -21.619  -12.897  -12.580 0.0000000000
91074  -22.242  -12.835  -13.170 0.0000000000
84800  -20.815  -20.372  -12.924 0.0000000000
84781  -20.079  -20.211  -12.109 0.0000000000
85751  -21.557  -19.284  -13.823 0.0000000000
86751  -22.074  -18.223  -14.598 0.0000000000
86752  -22.896  -18.473  -14.453 0.0000000000
86739  -24.287  -18.320  -13.760 0.0000000000
86740  -25.056  -18.758  -13.358 0.0000000000
85729  -25.793  -19.166  -12.919 0.0000000000
81049  -18.148  -24.289  -10.435 0.0000000000
135924  -18.903  -23.077  -10.920 0.0000000000
133360  -19.512  -23.019  -11.551 0.0000000000
82940  -20.827  -22.689  -12.853 0.0000000000
129020  -21.506  -22.800  -13.435 0.0000000000
82016  -21.078  -23.436  -12.919 0.0000000000
82032  -21.896  -23.748  -13.545 0.0000000000
79315  -22.458  -26.841  -13.399 0.0000000000
80214  -22.756  -26.121  -13.704 0.0000000000
79335  -24.553  -26.403  -14.867 0.0000000000
79336  -24.895  -26.346  -14.951 0.0000000000
80233  -25.314  -25.727  -15.085 0.0000000000
79337  -25.123  -26.292  -14.952 0.0000000000
78465  -25.147  -26.947  -14.883 0.0000000000
78457  -25.613  -27.115  -14.791 0.0000000000
94566  -21.594  -10.408  -11.550 0.0000000000
96183  -20.564  -7.955  -14.232 0.0000000000
96184  -22.999  -7.482  -13.521 0.0000000000
93768  -25.250  -10.256  -12.310 0.0000000000
87632  -19.837  -17.733  -11.286 0.0000000000
138699  -20.118  -17.327  -11.686 0.0000000000
88495  -20.338  -16.478  -11.932 0.0000000000
90212  -20.958  -14.956  -13.018 0.0000000000
90215  -23.049  -14.460  -13.801 0.0000000000
89341  -24.684  -15.231  -12.792 0.0000000000
89342  -25.400  -15.235  -12.184 0.0000000000
83899  -25.207  -22.075  -14.334 0.0000000000
83882  -25.635  -21.413  -13.860 0.0000000000
83883  -26.257  -21.723  -13.452 0.0000000000
144370  -22.187  -30.192  -12.652 0.0000000000
75895  -22.384  -29.666  -12.858 0.0000000000
145501  -23.561  -30.344  -13.816 0.0000000000
143154  -20.540  -24.696  -12.349 0.0000000000
138664  -20.184  -25.555  -11.977 0.0000000000
79302  -20.978  -26.197  -12.546 0.0000000000
149450  -21.679  -26.750  -12.905 0.0000000000
78440  -22.935  -27.634  -13.638 0.0000000000
136027  -23.261  -28.196  -13.772 0.0000000000
93757  -22.042  -10.605  -11.735 0.0000000000
95396  -22.589  -8.831  -12.112 0.0000000000
93766  -23.696  -10.270  -12.428 0.0000000000
140223  -23.942  -11.103  -12.422 0.0000000000
149328  -19.026  -19.444  -11.276 0.0000000000
85704  -19.659  -19.381  -11.822 0.0000000000
86697  -19.316  -18.797  -11.439 0.0000000000
88531  -21.755  -16.901  -14.419 0.0000000000
88521  -22.968  -16.299  -14.155 0.0000000000
141087  -24.177  -16.665  -13.549 0.0000000000
140716  -25.676  -15.987  -11.999 0.0000000000
88496  -26.509  -16.232  -11.651 0.0000000000
88497  -27.353  -16.474  -11.327 0.0000000000
82034  -27.028  -23.782  -13.261 0.0000000000
73014  -24.093  -33.020  -13.209 0.0000000000
74031  -23.894  -32.179  -13.502 0.0000000000
134164  -17.696  -21.305  -10.292 0.0000000000
83837  -19.124  -21.621  -11.312 0.0000000000
82923  -19.135  -22.395  -11.252 0.0000000000
148499  -21.193  -20.801  -13.361 0.0000000000
144086  -22.598  -20.506  -14.320 0.0000000000
84824  -23.474  -20.070  -14.355 0.0000000000
132020  -23.234  -20.677  -14.430 0.0000000000
83896  -22.781  -21.359  -14.370 0.0000000000
83897  -23.659  -21.527  -14.504 0.0000000000
127860  -23.329  -22.231  -14.522 0.0000000000
82970  -24.801  -22.772  -14.693 0.0000000000
82971  -25.624  -23.119  -14.597 0.0000000000
81087  -22.536  -24.404  -13.945 0.0000000000
81100  -23.169  -24.589  -14.500 0.0000000000
134328  -23.500  -23.968  -14.746 0.0000000000
82052  -24.227  -24.152  -15.085 0.0000000000
82049  -26.065  -23.870  -14.693 0.0000000000
81088  -26.580  -24.185  -14.150 0.0000000000
81104  -26.713  -25.016  -14.273 0.0000000000
79329  -26.004  -26.104  -14.806 0.0000000000
80227  -26.809  -25.845  -14.316 0.0000000000
94576  -24.853  -9.518  -12.576 0.0000000000
91073  -21.644  -13.451  -13.018 0.0000000000
91086  -21.950  -13.993  -13.430 0.0000000000
151721  -22.320  -13.395  -13.470 0.0000000000
139370  -24.675  -12.221  -12.195 0.0000000000
89352  -22.679  -15.656  -13.945 0.0000000000
140945  -22.737  -15.064  -13.771 0.0000000000
90200  -24.328  -14.528  -13.147 0.0000000000
91089  -23.978  -13.842  -13.376 0.0000000000
138457  -26.415  -11.987  -11.517 0.0000000000
84802  -24.686  -20.164  -14.003 0.0000000000
84782  -25.975  -20.020  -13.114 0.0000000000
84804  -26.148  -20.876  -13.282 0.0000000000
140969  -20.176  -29.039  -11.680 0.0000000000
77593  -21.894  -28.682  -12.766 0.0000000000
76775  -22.190  -29.220  -12.826 0.0000000000
74959  -24.297  -31.441  -13.930 0.0000000000
74972  -24.002  -30.528  -14.183 0.0000000000
74974  -25.537  -30.848  -14.357 0.0000000000
75919  -24.332  -29.782  -14.512 0.0000000000
76800  -24.670  -29.029  -14.672 0.0000000000
77620  -24.509  -28.256  -14.596 0.0000000000
76799  -24.141  -29.023  -14.426 0.0000000000
78441  -23.835  -28.120  -14.264 0.0000000000
78456  -24.591  -27.547  -14.668 0.0000000000
80225  -24.077  -25.952  -14.830 0.0000000000
80234  -25.583  -25.734  -14.984 0.0000000000
81101  -23.958  -24.961  -15.027 0.0000000000
82054  -25.312  -24.867  -15.322 0.0000000000
83881  -21.541  -21.268  -13.681 0.0000000000
85770  -21.957  -18.931  -14.283 0.0000000000
86716  -20.406  -18.296  -12.873 0.0000000000
87651  -19.682  -18.046  -11.543 0.0000000000
87681  -23.574  -16.882  -13.981 0.0000000000
87691  -22.003  -17.469  -14.698 0.0000000000
135988  -23.769  -22.903  -14.710 0.0000000000
146870  -25.280  -25.335  -15.254 0.0000000000
