#!ascii label  , from subject sub-v1s17x0051136_ses-1 vox2ras=TkReg
291
137475  26.869  -14.963  -10.812 0.0000000000
136202  27.156  -24.399  -12.499 0.0000000000
91883  24.250  -10.656  -11.480 0.0000000000
99750  26.459  -1.628  -7.545 0.0000000000
77887  25.306  -25.877  -12.417 0.0000000000
93693  26.081  -9.099  -10.754 0.0000000000
95453  26.920  -6.938  -9.166 0.0000000000
86235  24.201  -17.015  -14.267 0.0000000000
83433  25.582  -19.729  -11.894 0.0000000000
148084  27.275  -17.704  -10.063 0.0000000000
90007  28.955  -12.745  -8.259 0.0000000000
87115  30.219  -15.724  -9.099 0.0000000000
90044  24.842  -12.497  -11.635 0.0000000000
91861  27.234  -10.405  -9.085 0.0000000000
141040  25.107  -4.690  -7.576 0.0000000000
97109  28.553  -4.681  -9.376 0.0000000000
81533  28.262  -22.293  -11.677 0.0000000000
93660  25.124  -8.714  -8.989 0.0000000000
95439  25.508  -6.856  -8.161 0.0000000000
133742  25.410  -15.805  -12.383 0.0000000000
85286  25.678  -17.415  -11.926 0.0000000000
86207  26.848  -16.405  -10.881 0.0000000000
77886  26.145  -25.500  -12.331 0.0000000000
90961  24.040  -11.643  -12.079 0.0000000000
90025  25.550  -11.615  -10.360 0.0000000000
90936  25.424  -10.462  -11.204 0.0000000000
94594  27.487  -8.065  -10.791 0.0000000000
92817  27.436  -9.299  -10.682 0.0000000000
127184  23.599  -1.527  -7.618 0.0000000000
140063  23.606  -3.905  -7.606 0.0000000000
97912  25.983  -3.237  -7.317 0.0000000000
140592  25.817  -1.919  -12.736 0.0000000000
98896  26.227  -2.653  -12.559 0.0000000000
97943  29.069  -3.488  -10.386 0.0000000000
97969  26.722  -3.355  -12.431 0.0000000000
97137  28.183  -4.308  -11.640 0.0000000000
83426  27.189  -19.907  -10.687 0.0000000000
81525  26.548  -21.180  -11.641 0.0000000000
75851  24.275  -26.959  -12.290 0.0000000000
91875  24.768  -9.914  -11.392 0.0000000000
93681  24.713  -9.020  -9.892 0.0000000000
94576  26.658  -7.744  -9.667 0.0000000000
95469  27.638  -6.904  -10.331 0.0000000000
84377  24.442  -18.941  -13.808 0.0000000000
149638  24.754  -17.944  -13.122 0.0000000000
84359  26.195  -18.516  -11.150 0.0000000000
84349  28.327  -18.755  -9.805 0.0000000000
88111  27.287  -14.103  -9.970 0.0000000000
134569  27.891  -15.064  -9.500 0.0000000000
88096  30.299  -14.143  -8.645 0.0000000000
88142  24.909  -14.756  -13.455 0.0000000000
89091  24.143  -13.348  -13.432 0.0000000000
88132  25.742  -13.927  -11.599 0.0000000000
90009  27.257  -12.776  -9.300 0.0000000000
90920  28.196  -11.405  -8.178 0.0000000000
92783  28.897  -9.866  -8.435 0.0000000000
92804  26.872  -9.501  -10.210 0.0000000000
92802  28.783  -9.296  -9.247 0.0000000000
96263  24.636  -5.439  -7.577 0.0000000000
99748  28.113  -1.814  -7.949 0.0000000000
97910  27.981  -3.290  -7.682 0.0000000000
96261  27.241  -4.884  -7.640 0.0000000000
96274  26.623  -5.687  -7.969 0.0000000000
142745  27.784  -5.771  -9.016 0.0000000000
96324  28.266  -5.773  -11.898 0.0000000000
80646  25.788  -22.442  -12.617 0.0000000000
134262  24.848  -20.054  -13.046 0.0000000000
86197  28.771  -16.507  -9.230 0.0000000000
84336  29.844  -17.975  -9.663 0.0000000000
95441  23.552  -7.472  -8.355 0.0000000000
95440  24.587  -7.175  -7.839 0.0000000000
87137  25.779  -15.034  -11.885 0.0000000000
137468  25.923  -15.951  -11.850 0.0000000000
127487  26.508  -15.613  -11.289 0.0000000000
74862  23.655  -28.150  -11.374 0.0000000000
75841  24.457  -27.857  -11.240 0.0000000000
78845  26.386  -24.689  -12.535 0.0000000000
90950  24.543  -11.020  -11.881 0.0000000000
90949  25.016  -11.148  -11.475 0.0000000000
90937  25.026  -10.351  -11.807 0.0000000000
141389  28.397  -7.324  -12.122 0.0000000000
94606  27.933  -8.582  -11.702 0.0000000000
127108  24.567  -1.645  -7.578 0.0000000000
98840  24.350  -2.352  -7.537 0.0000000000
130835  24.990  -3.151  -7.504 0.0000000000
98838  26.488  -2.603  -7.376 0.0000000000
97147  25.688  -4.022  -13.250 0.0000000000
82445  28.092  -20.140  -10.511 0.0000000000
82456  27.633  -20.735  -10.870 0.0000000000
78854  24.771  -24.064  -12.680 0.0000000000
92807  24.130  -9.662  -10.214 0.0000000000
93682  23.879  -9.229  -9.255 0.0000000000
95454  26.018  -7.185  -9.015 0.0000000000
94577  25.811  -8.055  -9.522 0.0000000000
94575  27.265  -7.469  -9.875 0.0000000000
99752  23.954  -0.704  -7.720 0.0000000000
85302  24.423  -18.090  -13.867 0.0000000000
140660  24.594  -17.221  -13.388 0.0000000000
146351  26.594  -17.096  -10.944 0.0000000000
85285  26.197  -17.593  -11.292 0.0000000000
85276  26.726  -17.912  -10.586 0.0000000000
84350  27.419  -18.446  -10.093 0.0000000000
84338  27.911  -17.911  -9.666 0.0000000000
76907  25.065  -26.610  -12.221 0.0000000000
76900  25.546  -26.828  -11.675 0.0000000000
89045  27.649  -13.705  -9.275 0.0000000000
88098  28.346  -14.473  -8.994 0.0000000000
89043  29.646  -13.415  -8.425 0.0000000000
88151  24.384  -14.820  -14.526 0.0000000000
90045  24.359  -12.339  -12.072 0.0000000000
89079  24.797  -13.007  -12.115 0.0000000000
89089  25.241  -13.576  -12.127 0.0000000000
89078  25.286  -13.081  -11.566 0.0000000000
89069  26.422  -13.301  -10.535 0.0000000000
90033  25.886  -12.626  -10.527 0.0000000000
90922  26.552  -10.976  -9.328 0.0000000000
90010  26.894  -11.873  -9.233 0.0000000000
90921  27.369  -11.231  -8.729 0.0000000000
91859  28.837  -10.700  -8.061 0.0000000000
91860  28.031  -10.490  -8.402 0.0000000000
92805  25.754  -9.404  -11.056 0.0000000000
91882  26.351  -9.556  -10.830 0.0000000000
92816  28.383  -9.296  -10.620 0.0000000000
143392  29.635  -8.766  -9.780 0.0000000000
97079  24.153  -4.652  -7.544 0.0000000000
96265  22.686  -5.015  -7.903 0.0000000000
96264  23.707  -5.308  -7.643 0.0000000000
98879  27.447  -1.848  -11.743 0.0000000000
99795  27.005  -0.999  -11.930 0.0000000000
99769  29.170  -1.995  -9.860 0.0000000000
98860  29.079  -2.513  -9.250 0.0000000000
134829  28.958  -4.140  -9.781 0.0000000000
97097  28.701  -4.218  -8.778 0.0000000000
141482  28.066  -4.691  -8.048 0.0000000000
133236  27.614  -5.442  -8.269 0.0000000000
96285  28.073  -5.178  -9.602 0.0000000000
150009  26.530  -4.676  -13.093 0.0000000000
96313  27.944  -4.949  -12.128 0.0000000000
96326  27.148  -4.898  -12.793 0.0000000000
96325  27.812  -5.666  -12.628 0.0000000000
80654  24.611  -22.173  -13.007 0.0000000000
83439  25.025  -19.366  -12.586 0.0000000000
83440  24.605  -19.501  -13.448 0.0000000000
82465  25.362  -20.246  -12.441 0.0000000000
81524  27.252  -21.234  -11.253 0.0000000000
81534  27.271  -22.049  -11.705 0.0000000000
135428  26.496  -22.341  -12.280 0.0000000000
145985  28.590  -15.203  -9.105 0.0000000000
87117  28.249  -15.778  -9.308 0.0000000000
87116  29.181  -15.777  -9.075 0.0000000000
93661  24.443  -8.901  -8.834 0.0000000000
94563  23.810  -8.512  -8.719 0.0000000000
94561  25.254  -7.842  -8.486 0.0000000000
86234  24.520  -16.334  -13.696 0.0000000000
86226  24.911  -16.494  -12.798 0.0000000000
86218  25.573  -16.611  -12.166 0.0000000000
86217  26.274  -16.655  -11.532 0.0000000000
141276  27.018  -17.111  -10.372 0.0000000000
76906  25.824  -26.210  -12.088 0.0000000000
77881  26.554  -25.831  -11.831 0.0000000000
77874  27.297  -25.607  -11.222 0.0000000000
90023  30.139  -12.408  -8.208 0.0000000000
89057  30.814  -13.204  -8.637 0.0000000000
90046  23.831  -12.141  -12.698 0.0000000000
90034  25.135  -12.306  -10.995 0.0000000000
90035  24.570  -11.833  -11.591 0.0000000000
90935  25.903  -10.802  -10.090 0.0000000000
93692  27.332  -9.068  -11.047 0.0000000000
92818  26.751  -9.163  -10.656 0.0000000000
92833  27.931  -9.210  -11.392 0.0000000000
137128  24.567  -3.911  -7.553 0.0000000000
143161  25.520  -3.948  -7.439 0.0000000000
98895  27.022  -2.622  -12.110 0.0000000000
97935  29.201  -2.682  -10.133 0.0000000000
149869  28.384  -3.201  -11.403 0.0000000000
97954  28.646  -3.723  -11.144 0.0000000000
97136  28.588  -4.549  -10.960 0.0000000000
97145  27.432  -4.060  -12.235 0.0000000000
97146  26.458  -4.143  -12.808 0.0000000000
83427  26.273  -19.590  -11.227 0.0000000000
82464  26.004  -20.410  -11.713 0.0000000000
82457  26.782  -20.536  -11.158 0.0000000000
75846  24.022  -27.680  -11.986 0.0000000000
76908  24.515  -26.173  -12.434 0.0000000000
139406  24.729  -25.491  -12.514 0.0000000000
78846  25.359  -24.943  -12.555 0.0000000000
138944  26.557  -23.851  -12.586 0.0000000000
91884  23.194  -10.648  -11.223 0.0000000000
92819  23.648  -10.132  -10.776 0.0000000000
92806  25.116  -9.369  -10.903 0.0000000000
93680  25.510  -8.789  -10.359 0.0000000000
93679  26.304  -8.554  -10.218 0.0000000000
93678  27.094  -8.447  -10.272 0.0000000000
95489  28.253  -6.428  -12.448 0.0000000000
99751  25.243  -1.198  -7.634 0.0000000000
84376  24.684  -18.710  -13.276 0.0000000000
84371  25.142  -18.265  -12.374 0.0000000000
85295  25.068  -17.326  -12.579 0.0000000000
84360  25.724  -18.131  -11.661 0.0000000000
83434  25.576  -18.941  -11.752 0.0000000000
83414  26.862  -18.964  -10.590 0.0000000000
83413  27.734  -19.330  -10.235 0.0000000000
83412  28.674  -19.590  -10.174 0.0000000000
88119  26.842  -14.134  -10.589 0.0000000000
88118  27.343  -14.849  -10.189 0.0000000000
88110  27.635  -14.441  -9.588 0.0000000000
88109  29.517  -14.941  -8.819 0.0000000000
136908  30.804  -14.923  -9.022 0.0000000000
127430  31.195  -14.015  -9.179 0.0000000000
88108  31.300  -14.787  -9.814 0.0000000000
87157  24.529  -15.508  -14.100 0.0000000000
87145  25.329  -15.060  -12.670 0.0000000000
89103  24.454  -14.067  -13.852 0.0000000000
88141  25.300  -14.297  -12.527 0.0000000000
88131  26.325  -14.582  -11.182 0.0000000000
88120  26.260  -13.823  -10.989 0.0000000000
89058  27.014  -13.421  -9.999 0.0000000000
90008  27.979  -12.920  -8.646 0.0000000000
90024  26.476  -12.492  -9.942 0.0000000000
138039  27.602  -12.118  -8.631 0.0000000000
139535  28.356  -12.207  -8.242 0.0000000000
140443  29.272  -11.593  -7.981 0.0000000000
91858  29.692  -10.419  -8.221 0.0000000000
91874  25.430  -9.826  -11.498 0.0000000000
91873  26.029  -10.015  -11.068 0.0000000000
91872  26.533  -10.135  -10.018 0.0000000000
92803  27.695  -9.538  -9.815 0.0000000000
92784  27.935  -9.801  -8.937 0.0000000000
95428  24.174  -6.149  -7.658 0.0000000000
99759  27.855  -1.049  -8.075 0.0000000000
134308  28.451  -1.306  -8.519 0.0000000000
99749  27.430  -1.539  -7.743 0.0000000000
98837  27.444  -2.408  -7.568 0.0000000000
97911  27.012  -3.433  -7.279 0.0000000000
97078  26.350  -3.937  -7.292 0.0000000000
97936  29.114  -3.398  -9.464 0.0000000000
97098  27.625  -4.118  -7.577 0.0000000000
134626  26.193  -4.730  -7.523 0.0000000000
96262  25.582  -5.498  -7.720 0.0000000000
95427  25.062  -6.261  -7.684 0.0000000000
96275  25.807  -6.140  -8.008 0.0000000000
95437  27.199  -6.166  -8.685 0.0000000000
95452  27.425  -6.534  -9.443 0.0000000000
96297  28.137  -5.210  -10.473 0.0000000000
96286  27.777  -5.919  -9.923 0.0000000000
95468  28.000  -6.066  -10.997 0.0000000000
150993  28.226  -6.556  -11.761 0.0000000000
79761  25.793  -23.174  -12.641 0.0000000000
82477  24.503  -20.950  -13.490 0.0000000000
82469  25.799  -21.012  -12.273 0.0000000000
81539  25.617  -21.647  -12.639 0.0000000000
79755  26.629  -23.081  -12.484 0.0000000000
87127  27.581  -15.696  -9.859 0.0000000000
86198  27.862  -16.465  -9.506 0.0000000000
85266  27.526  -17.150  -9.745 0.0000000000
86196  29.746  -16.487  -9.224 0.0000000000
85264  29.327  -17.254  -9.348 0.0000000000
84337  28.869  -18.038  -9.531 0.0000000000
81540  24.939  -21.322  -13.061 0.0000000000
82470  25.045  -20.800  -12.982 0.0000000000
85265  28.338  -17.236  -9.408 0.0000000000
85309  24.101  -17.803  -14.337 0.0000000000
86206  27.301  -16.410  -10.149 0.0000000000
87114  31.041  -15.648  -9.592 0.0000000000
87128  27.128  -15.650  -10.605 0.0000000000
87156  24.883  -15.653  -13.109 0.0000000000
88097  29.225  -14.151  -8.619 0.0000000000
89044  28.555  -13.611  -8.634 0.0000000000
89070  25.802  -13.198  -11.014 0.0000000000
89090  24.802  -13.616  -12.840 0.0000000000
90057  24.232  -12.866  -12.728 0.0000000000
90951  23.629  -11.024  -11.955 0.0000000000
92785  27.201  -9.845  -9.538 0.0000000000
94562  24.518  -8.247  -8.356 0.0000000000
95438  26.334  -6.465  -8.519 0.0000000000
95479  27.887  -7.272  -11.338 0.0000000000
96273  28.233  -5.070  -8.764 0.0000000000
96312  28.306  -5.126  -11.368 0.0000000000
97077  26.924  -4.253  -7.314 0.0000000000
97122  28.509  -4.649  -10.131 0.0000000000
97924  28.737  -3.177  -8.426 0.0000000000
97955  28.015  -3.545  -11.712 0.0000000000
97968  27.402  -3.263  -12.021 0.0000000000
98865  28.776  -2.798  -10.993 0.0000000000
129576  28.857  -4.126  -10.523 0.0000000000
137662  25.211  -22.547  -12.818 0.0000000000
138642  26.593  -1.875  -12.253 0.0000000000
144673  28.317  -3.943  -8.005 0.0000000000
144769  23.366  -4.587  -7.658 0.0000000000
149581  26.246  -11.532  -9.723 0.0000000000
150410  24.943  -14.178  -13.172 0.0000000000
