#!ascii label  , from subject sub-v1s17x0050262_ses-1 vox2ras=TkReg
2190
65569  45.443  -7.300  59.992 0.0000000000
141532  35.499  -23.048  83.052 0.0000000000
144313  25.629  -23.480  81.643 0.0000000000
124095  18.756  -27.900  83.719 0.0000000000
52755  29.193  -20.672  89.834 0.0000000000
41612  35.384  -32.644  81.069 0.0000000000
58740  39.334  -14.564  61.104 0.0000000000
72896  52.572  0.663  60.029 0.0000000000
55759  42.595  -17.568  73.545 0.0000000000
51935  30.820  -21.568  75.161 0.0000000000
40871  35.107  -33.097  73.201 0.0000000000
124885  23.775  -23.553  87.672 0.0000000000
46888  22.408  -26.041  82.515 0.0000000000
50844  19.433  -22.369  87.447 0.0000000000
51852  28.143  -21.935  86.117 0.0000000000
56694  47.408  -17.325  71.429 0.0000000000
144332  33.867  -15.102  87.675 0.0000000000
141582  35.674  -15.017  84.527 0.0000000000
56610  35.461  -15.451  79.273 0.0000000000
130915  32.602  -23.107  79.379 0.0000000000
46024  30.465  -27.653  75.232 0.0000000000
44387  33.892  -29.790  77.802 0.0000000000
42559  31.682  -31.681  78.481 0.0000000000
39063  32.743  -35.554  76.238 0.0000000000
69251  48.820  -3.307  59.445 0.0000000000
68449  47.824  -4.166  52.300 0.0000000000
46001  27.311  -27.601  77.473 0.0000000000
46973  22.608  -26.360  75.111 0.0000000000
50850  33.646  -22.796  86.556 0.0000000000
43444  37.064  -30.499  81.699 0.0000000000
45916  31.249  -27.114  84.761 0.0000000000
45956  29.725  -27.201  81.574 0.0000000000
60768  43.389  -12.011  59.743 0.0000000000
47877  19.026  -25.631  89.469 0.0000000000
146518  19.831  -30.559  86.951 0.0000000000
68338  51.980  -4.600  65.344 0.0000000000
62597  49.347  -10.252  64.436 0.0000000000
58693  45.911  -14.320  65.346 0.0000000000
127145  41.827  -16.531  67.469 0.0000000000
55832  36.592  -17.406  69.580 0.0000000000
56605  41.357  -16.554  79.286 0.0000000000
53838  36.601  -18.957  74.848 0.0000000000
53905  30.812  -19.796  69.934 0.0000000000
48079  28.304  -25.458  71.137 0.0000000000
39995  37.356  -35.701  75.908 0.0000000000
51808  21.534  -21.284  89.821 0.0000000000
50842  21.360  -22.427  87.450 0.0000000000
51810  19.687  -20.672  89.607 0.0000000000
50795  24.156  -21.824  90.184 0.0000000000
54671  35.362  -18.782  85.529 0.0000000000
54710  35.404  -18.471  83.907 0.0000000000
145725  33.744  -18.656  81.830 0.0000000000
50895  33.963  -22.794  81.320 0.0000000000
46933  33.051  -26.379  78.668 0.0000000000
46919  34.398  -26.842  80.085 0.0000000000
42561  29.419  -31.985  78.167 0.0000000000
39943  30.513  -34.652  79.671 0.0000000000
67470  46.667  -5.515  59.558 0.0000000000
68415  45.086  -3.984  56.668 0.0000000000
141134  43.459  -5.400  57.065 0.0000000000
49012  26.748  -24.561  78.415 0.0000000000
46970  25.340  -26.515  75.358 0.0000000000
49015  24.049  -24.609  78.139 0.0000000000
45943  20.212  -27.284  82.172 0.0000000000
45158  20.404  -28.310  79.744 0.0000000000
45149  19.015  -29.257  81.106 0.0000000000
42508  17.961  -30.938  82.395 0.0000000000
54642  31.480  -18.346  88.356 0.0000000000
143767  31.726  -21.725  88.253 0.0000000000
47891  32.366  -25.741  85.986 0.0000000000
49903  30.947  -23.338  87.518 0.0000000000
50880  27.153  -22.621  83.151 0.0000000000
49962  29.474  -23.785  82.817 0.0000000000
48984  28.051  -24.061  80.370 0.0000000000
136942  28.395  -26.926  79.681 0.0000000000
59749  41.566  -13.444  60.380 0.0000000000
59768  40.886  -12.868  57.750 0.0000000000
58775  39.219  -14.518  58.105 0.0000000000
42473  21.296  -31.870  89.674 0.0000000000
60704  47.539  -12.658  64.696 0.0000000000
59657  48.622  -13.435  67.734 0.0000000000
55773  45.088  -18.232  72.303 0.0000000000
55828  44.375  -17.145  69.447 0.0000000000
56695  42.266  -16.957  71.004 0.0000000000
56750  39.365  -16.416  68.227 0.0000000000
56698  39.502  -16.754  71.523 0.0000000000
54796  33.111  -18.152  77.302 0.0000000000
55729  36.620  -17.864  76.804 0.0000000000
54851  33.516  -18.630  74.972 0.0000000000
53872  33.527  -19.247  72.612 0.0000000000
52900  30.641  -20.863  72.734 0.0000000000
51965  28.586  -21.920  70.334 0.0000000000
132606  29.344  -23.035  73.374 0.0000000000
44446  30.427  -29.494  72.408 0.0000000000
41595  36.349  -32.516  82.132 0.0000000000
40811  37.611  -34.324  78.843 0.0000000000
39018  37.324  -36.250  79.698 0.0000000000
39096  33.670  -35.682  73.048 0.0000000000
70988  55.353  -2.045  56.757 0.0000000000
71929  52.498  -0.894  56.716 0.0000000000
48939  25.010  -24.510  84.770 0.0000000000
47952  23.829  -25.285  82.350 0.0000000000
47904  23.334  -24.881  84.878 0.0000000000
48931  20.990  -24.057  84.860 0.0000000000
128643  19.298  -25.462  84.851 0.0000000000
52745  26.727  -20.484  90.761 0.0000000000
139434  28.944  -21.858  88.075 0.0000000000
50806  25.889  -22.005  89.603 0.0000000000
49905  25.158  -23.447  87.467 0.0000000000
58662  49.532  -14.916  70.434 0.0000000000
54824  44.955  -19.036  76.236 0.0000000000
57507  35.150  -15.104  81.761 0.0000000000
54753  33.193  -18.404  79.817 0.0000000000
51914  31.513  -21.832  77.799 0.0000000000
50035  30.243  -23.997  75.246 0.0000000000
49037  31.522  -24.708  77.043 0.0000000000
45182  31.780  -28.501  76.483 0.0000000000
42607  33.073  -31.922  75.073 0.0000000000
42537  33.206  -31.701  79.438 0.0000000000
39021  34.117  -35.590  79.674 0.0000000000
39023  32.033  -35.155  79.518 0.0000000000
70956  50.195  -1.042  60.535 0.0000000000
71002  49.314  -1.291  55.853 0.0000000000
70116  47.393  -2.192  56.418 0.0000000000
46936  22.367  -26.303  78.772 0.0000000000
147111  33.492  -18.127  86.701 0.0000000000
49926  35.406  -22.658  84.582 0.0000000000
46894  35.615  -26.345  81.999 0.0000000000
130032  34.220  -26.018  84.319 0.0000000000
44306  33.669  -29.875  84.409 0.0000000000
43439  32.832  -30.446  83.755 0.0000000000
49940  30.445  -23.557  84.883 0.0000000000
46887  30.264  -27.023  83.410 0.0000000000
132967  31.717  -29.330  81.263 0.0000000000
44369  30.915  -29.039  79.763 0.0000000000
44377  29.630  -29.782  77.817 0.0000000000
63667  44.316  -9.545  59.993 0.0000000000
65582  41.914  -7.950  57.568 0.0000000000
62673  41.587  -11.059  57.520 0.0000000000
48907  18.928  -23.754  87.809 0.0000000000
46846  19.076  -26.421  86.167 0.0000000000
135924  19.656  -27.932  88.499 0.0000000000
138504  18.683  -28.938  85.526 0.0000000000
129433  50.570  -0.517  63.698 0.0000000000
69225  50.386  -4.086  62.849 0.0000000000
66494  48.751  -6.381  61.511 0.0000000000
64577  47.704  -8.717  62.099 0.0000000000
61670  46.326  -11.147  61.874 0.0000000000
59727  44.733  -13.490  62.460 0.0000000000
58712  43.182  -14.665  63.490 0.0000000000
57692  46.694  -15.852  68.663 0.0000000000
57703  43.756  -15.988  66.206 0.0000000000
56804  40.685  -15.796  64.789 0.0000000000
123413  38.134  -16.041  65.170 0.0000000000
145259  36.077  -16.655  66.674 0.0000000000
53779  42.113  -19.030  77.473 0.0000000000
57544  39.055  -15.726  79.479 0.0000000000
54793  39.176  -18.521  77.599 0.0000000000
131893  38.920  -18.739  74.804 0.0000000000
135849  36.480  -18.406  71.989 0.0000000000
54903  34.006  -18.808  70.101 0.0000000000
123211  29.361  -26.697  73.569 0.0000000000
44365  35.556  -29.872  79.449 0.0000000000
40822  34.913  -33.253  76.952 0.0000000000
40842  36.731  -34.029  74.174 0.0000000000
38136  35.622  -37.018  75.593 0.0000000000
39094  36.072  -36.318  73.139 0.0000000000
51809  20.620  -21.011  89.690 0.0000000000
52749  19.189  -19.710  89.894 0.0000000000
52817  35.563  -20.899  84.315 0.0000000000
53683  35.792  -19.068  84.876 0.0000000000
51873  34.907  -21.486  83.152 0.0000000000
52828  34.385  -20.776  82.801 0.0000000000
50894  34.745  -23.177  81.935 0.0000000000
47959  34.244  -25.067  80.360 0.0000000000
47958  34.866  -25.514  80.981 0.0000000000
66515  45.676  -6.566  59.709 0.0000000000
67481  45.287  -5.584  58.658 0.0000000000
66526  44.623  -6.329  58.845 0.0000000000
49989  26.058  -23.347  80.064 0.0000000000
131126  25.622  -24.033  78.033 0.0000000000
49000  25.232  -23.750  79.804 0.0000000000
45934  19.224  -27.396  83.177 0.0000000000
45959  20.000  -27.875  81.687 0.0000000000
45120  19.240  -28.345  82.153 0.0000000000
44354  18.616  -29.720  81.543 0.0000000000
44325  18.419  -29.511  83.193 0.0000000000
125280  28.572  -19.049  90.523 0.0000000000
53626  29.340  -19.226  90.093 0.0000000000
53636  30.780  -19.593  88.975 0.0000000000
51822  30.383  -21.417  89.075 0.0000000000
50818  31.257  -22.319  88.371 0.0000000000
51823  30.060  -21.909  89.005 0.0000000000
49963  26.321  -23.035  82.789 0.0000000000
50896  27.954  -22.850  81.785 0.0000000000
49975  27.235  -22.956  81.114 0.0000000000
50000  27.363  -23.858  79.719 0.0000000000
58752  40.038  -14.014  60.555 0.0000000000
58764  39.855  -13.847  59.588 0.0000000000
58753  39.215  -14.311  60.045 0.0000000000
60661  50.592  -12.147  69.043 0.0000000000
60670  49.000  -12.792  67.362 0.0000000000
59637  49.719  -13.253  68.973 0.0000000000
55758  43.547  -17.906  73.499 0.0000000000
55796  43.079  -17.332  71.209 0.0000000000
56674  42.399  -17.103  71.988 0.0000000000
56697  40.502  -16.584  71.333 0.0000000000
56658  41.233  -17.039  72.984 0.0000000000
53805  31.858  -19.705  76.569 0.0000000000
54834  32.820  -18.546  76.147 0.0000000000
52889  31.558  -20.025  74.941 0.0000000000
53843  32.203  -19.560  74.202 0.0000000000
51941  30.619  -21.372  74.272 0.0000000000
51946  29.889  -21.908  73.115 0.0000000000
50952  30.359  -22.236  74.594 0.0000000000
41611  36.161  -33.148  81.626 0.0000000000
148483  37.211  -35.211  80.630 0.0000000000
39919  35.916  -34.725  80.682 0.0000000000
71907  53.429  0.008  58.521 0.0000000000
72915  52.489  0.136  58.346 0.0000000000
48915  24.596  -24.186  86.243 0.0000000000
47903  24.098  -24.957  84.481 0.0000000000
48917  23.516  -24.190  86.358 0.0000000000
50843  20.278  -22.242  87.272 0.0000000000
49921  21.265  -23.195  86.045 0.0000000000
49933  20.301  -23.650  85.414 0.0000000000
48932  20.044  -24.197  84.900 0.0000000000
142060  19.703  -23.928  85.538 0.0000000000
52734  26.016  -20.279  90.999 0.0000000000
129431  26.705  -21.094  90.363 0.0000000000
51790  25.492  -21.257  90.552 0.0000000000
50825  23.600  -22.714  88.880 0.0000000000
49883  24.842  -22.667  88.918 0.0000000000
49906  24.720  -23.525  87.590 0.0000000000
148520  25.001  -24.086  86.307 0.0000000000
134565  35.618  -14.977  85.053 0.0000000000
128400  35.939  -13.134  84.784 0.0000000000
139724  36.021  -13.324  83.673 0.0000000000
59469  36.123  -13.157  82.515 0.0000000000
57496  35.369  -15.270  83.000 0.0000000000
52843  32.728  -20.260  80.517 0.0000000000
54741  33.335  -18.717  80.873 0.0000000000
52849  32.405  -20.275  79.791 0.0000000000
52856  31.956  -20.315  78.512 0.0000000000
50924  31.790  -22.478  78.296 0.0000000000
50027  31.513  -23.828  77.076 0.0000000000
49010  32.258  -24.070  78.205 0.0000000000
142095  33.070  -27.986  78.097 0.0000000000
45998  32.253  -27.108  77.548 0.0000000000
44389  32.827  -29.138  77.187 0.0000000000
42593  32.756  -30.615  76.040 0.0000000000
42592  33.461  -31.058  76.483 0.0000000000
42558  32.426  -31.722  78.869 0.0000000000
40797  32.475  -34.135  79.856 0.0000000000
139295  31.602  -34.005  79.858 0.0000000000
70091  49.303  -2.450  59.531 0.0000000000
70973  48.933  -1.673  57.953 0.0000000000
70102  47.924  -2.723  58.033 0.0000000000
69296  45.060  -3.620  54.681 0.0000000000
140692  27.638  -29.187  77.172 0.0000000000
45184  26.602  -28.369  76.588 0.0000000000
46898  22.959  -25.909  82.334 0.0000000000
47963  22.936  -25.782  80.160 0.0000000000
46911  22.511  -26.275  80.784 0.0000000000
44370  19.247  -29.300  78.667 0.0000000000
45173  20.186  -28.291  77.768 0.0000000000
52778  32.313  -20.523  87.581 0.0000000000
54656  32.689  -18.034  87.246 0.0000000000
129234  33.708  -21.048  86.537 0.0000000000
51841  34.477  -20.919  86.064 0.0000000000
50849  34.482  -22.339  85.813 0.0000000000
127218  34.973  -24.625  84.218 0.0000000000
48924  33.778  -24.159  85.950 0.0000000000
46845  31.813  -26.069  85.629 0.0000000000
45913  32.982  -27.871  85.070 0.0000000000
45083  32.426  -28.563  85.107 0.0000000000
43418  32.978  -30.342  84.242 0.0000000000
44308  31.777  -29.359  84.414 0.0000000000
50838  28.195  -21.800  87.700 0.0000000000
50852  29.676  -22.357  86.580 0.0000000000
51843  29.017  -22.041  85.884 0.0000000000
47940  29.395  -25.309  82.134 0.0000000000
47928  29.870  -25.455  83.055 0.0000000000
45942  29.985  -27.055  82.514 0.0000000000
44341  31.115  -28.929  82.669 0.0000000000
148550  30.666  -28.519  81.275 0.0000000000
44359  31.660  -29.395  80.237 0.0000000000
45146  30.471  -28.492  80.517 0.0000000000
45994  27.648  -27.292  78.287 0.0000000000
45157  28.980  -28.292  78.610 0.0000000000
45171  28.391  -28.478  77.865 0.0000000000
61686  43.854  -11.201  59.882 0.0000000000
62671  42.677  -10.196  58.778 0.0000000000
61700  42.266  -11.762  58.601 0.0000000000
59785  41.030  -13.019  55.786 0.0000000000
48896  19.033  -25.095  88.640 0.0000000000
47885  19.218  -25.265  87.462 0.0000000000
139018  19.254  -25.971  88.350 0.0000000000
43372  20.481  -30.203  88.326 0.0000000000
44270  20.017  -29.374  88.061 0.0000000000
45078  19.243  -28.168  86.830 0.0000000000
130597  19.349  -29.879  86.531 0.0000000000
43408  18.733  -30.629  85.418 0.0000000000
42493  18.976  -31.387  85.622 0.0000000000
72865  51.596  1.016  63.789 0.0000000000
70050  50.714  -2.578  64.486 0.0000000000
69217  50.755  -4.038  63.588 0.0000000000
67447  49.750  -5.080  61.634 0.0000000000
67436  50.710  -5.498  63.004 0.0000000000
64551  50.049  -8.725  64.234 0.0000000000
130120  49.362  -8.147  63.231 0.0000000000
63628  48.354  -9.576  62.998 0.0000000000
63640  47.286  -9.981  62.300 0.0000000000
128244  47.937  -10.922  63.307 0.0000000000
59700  46.424  -13.696  64.817 0.0000000000
140966  46.060  -13.250  63.350 0.0000000000
58700  45.312  -14.027  64.027 0.0000000000
58724  43.585  -14.139  62.851 0.0000000000
58701  44.142  -14.986  64.702 0.0000000000
56693  48.252  -16.617  71.165 0.0000000000
57685  47.940  -15.661  69.641 0.0000000000
56727  46.617  -16.400  69.384 0.0000000000
56730  43.180  -16.899  68.936 0.0000000000
56745  44.266  -16.639  68.086 0.0000000000
56760  42.769  -16.586  67.402 0.0000000000
57709  42.072  -15.861  65.118 0.0000000000
56775  41.207  -16.188  66.048 0.0000000000
56805  39.857  -15.873  64.918 0.0000000000
56776  40.378  -16.208  66.305 0.0000000000
56735  38.123  -16.677  69.175 0.0000000000
56764  37.671  -16.489  67.746 0.0000000000
56765  36.300  -16.733  67.426 0.0000000000
55839  35.410  -17.431  68.454 0.0000000000
54770  41.818  -18.520  78.289 0.0000000000
58545  36.615  -14.384  79.745 0.0000000000
58543  38.702  -14.853  79.875 0.0000000000
57563  37.374  -15.852  78.706 0.0000000000
54831  36.415  -18.549  75.833 0.0000000000
54795  37.473  -18.170  77.058 0.0000000000
127365  37.767  -18.999  76.140 0.0000000000
53818  39.203  -19.135  76.392 0.0000000000
54848  38.106  -18.983  74.739 0.0000000000
128056  37.491  -18.538  73.365 0.0000000000
54863  36.795  -18.809  73.645 0.0000000000
53886  31.923  -19.703  71.152 0.0000000000
53902  33.465  -19.114  70.745 0.0000000000
53913  32.319  -19.183  69.657 0.0000000000
54912  32.039  -19.038  68.824 0.0000000000
139393  30.588  -19.672  69.045 0.0000000000
52922  29.347  -20.607  69.176 0.0000000000
50082  28.293  -23.207  71.332 0.0000000000
134558  28.151  -23.079  69.807 0.0000000000
48029  30.249  -25.706  75.440 0.0000000000
46986  29.446  -25.922  74.189 0.0000000000
132895  29.682  -26.747  74.258 0.0000000000
45235  30.060  -28.981  71.832 0.0000000000
45954  36.025  -27.982  82.019 0.0000000000
133367  36.121  -29.132  80.776 0.0000000000
43456  36.700  -30.947  80.097 0.0000000000
39970  37.535  -35.502  77.566 0.0000000000
40812  36.577  -33.565  78.295 0.0000000000
39984  36.581  -34.954  76.358 0.0000000000
40828  34.873  -33.759  76.007 0.0000000000
39996  36.751  -34.959  75.590 0.0000000000
38125  34.153  -36.329  77.316 0.0000000000
38124  35.505  -36.871  77.533 0.0000000000
39061  34.368  -36.440  76.163 0.0000000000
39095  34.767  -36.244  72.914 0.0000000000
40026  37.232  -34.745  72.782 0.0000000000
69293  48.580  -2.686  54.144 0.0000000000
70138  49.413  -2.360  54.556 0.0000000000
65589  41.549  -7.738  55.551 0.0000000000
146331  22.859  -22.546  88.812 0.0000000000
50841  22.390  -22.998  87.524 0.0000000000
145453  21.432  -22.077  88.346 0.0000000000
50827  20.629  -21.872  88.076 0.0000000000
51837  19.804  -21.781  88.034 0.0000000000
51807  22.500  -21.502  90.039 0.0000000000
56527  34.809  -16.706  86.159 0.0000000000
58455  34.734  -15.034  86.601 0.0000000000
56526  35.219  -16.445  85.712 0.0000000000
55642  35.832  -17.533  84.956 0.0000000000
56559  35.653  -16.349  84.445 0.0000000000
56573  34.851  -16.740  82.909 0.0000000000
54720  34.732  -18.547  83.202 0.0000000000
138964  33.505  -21.298  81.586 0.0000000000
50904  33.241  -22.691  80.503 0.0000000000
49999  32.827  -23.683  79.341 0.0000000000
48995  33.616  -24.676  79.780 0.0000000000
46920  33.698  -26.381  79.397 0.0000000000
45154  34.087  -28.158  79.058 0.0000000000
138623  30.159  -32.349  78.494 0.0000000000
40798  30.866  -33.955  79.864 0.0000000000
40799  30.107  -33.917  79.803 0.0000000000
68396  47.780  -4.487  59.425 0.0000000000
69262  46.881  -3.733  58.120 0.0000000000
68408  45.713  -4.736  58.233 0.0000000000
68412  44.560  -4.550  57.072 0.0000000000
46935  26.939  -26.022  77.920 0.0000000000
129158  26.319  -27.057  76.423 0.0000000000
48000  25.652  -24.956  76.861 0.0000000000
49039  24.923  -24.710  76.659 0.0000000000
48001  23.355  -25.199  76.976 0.0000000000
46900  21.603  -26.583  81.947 0.0000000000
45972  21.300  -27.422  80.551 0.0000000000
127262  20.717  -27.688  81.120 0.0000000000
134298  19.800  -28.741  79.987 0.0000000000
42518  17.981  -30.957  81.574 0.0000000000
125601  31.323  -20.089  88.494 0.0000000000
141126  32.600  -22.136  87.541 0.0000000000
141350  32.967  -24.433  86.638 0.0000000000
49901  32.064  -23.521  87.488 0.0000000000
48913  31.702  -24.620  86.412 0.0000000000
47893  31.555  -25.150  85.847 0.0000000000
50871  27.826  -22.265  84.552 0.0000000000
50870  28.730  -22.292  84.260 0.0000000000
50878  28.604  -22.605  83.272 0.0000000000
49973  28.601  -23.489  81.711 0.0000000000
47951  28.945  -25.508  81.246 0.0000000000
45971  28.904  -27.119  80.118 0.0000000000
47973  28.118  -25.625  79.930 0.0000000000
47974  27.674  -25.486  79.206 0.0000000000
59748  42.773  -12.969  60.250 0.0000000000
60777  42.313  -12.304  59.010 0.0000000000
59758  41.322  -13.168  59.581 0.0000000000
58781  39.788  -14.053  57.597 0.0000000000
134911  21.091  -31.125  90.017 0.0000000000
43382  20.946  -31.030  88.564 0.0000000000
42484  20.098  -31.327  87.024 0.0000000000
41580  21.236  -32.542  88.373 0.0000000000
61617  49.667  -11.128  65.832 0.0000000000
144731  48.589  -11.607  64.696 0.0000000000
61609  49.242  -11.879  66.327 0.0000000000
60683  48.035  -12.987  66.204 0.0000000000
59677  46.930  -14.021  66.263 0.0000000000
55793  45.691  -18.012  71.676 0.0000000000
56711  45.682  -17.343  70.217 0.0000000000
55813  44.413  -17.581  70.690 0.0000000000
148815  43.523  -17.220  70.006 0.0000000000
134674  41.764  -16.650  68.834 0.0000000000
123511  40.160  -16.406  67.920 0.0000000000
56733  40.589  -16.475  69.468 0.0000000000
124449  39.064  -16.616  70.121 0.0000000000
56716  38.364  -16.895  70.409 0.0000000000
55709  34.165  -17.038  78.045 0.0000000000
56633  35.713  -16.578  77.748 0.0000000000
55731  34.753  -17.503  76.688 0.0000000000
54811  34.381  -17.935  76.051 0.0000000000
139407  35.179  -18.507  74.859 0.0000000000
53857  34.654  -18.770  73.441 0.0000000000
53858  33.286  -19.218  73.293 0.0000000000
53874  31.898  -19.975  72.552 0.0000000000
132504  30.484  -20.676  71.777 0.0000000000
52915  29.257  -21.360  70.906 0.0000000000
135818  29.452  -21.615  71.734 0.0000000000
50961  28.783  -22.800  72.075 0.0000000000
49092  28.493  -24.552  72.348 0.0000000000
44423  31.025  -29.254  74.889 0.0000000000
45216  30.041  -28.475  73.624 0.0000000000
43528  31.158  -30.116  73.617 0.0000000000
43535  31.592  -30.800  71.717 0.0000000000
43534  32.362  -31.139  71.034 0.0000000000
42512  37.254  -32.050  81.855 0.0000000000
42533  37.524  -32.276  80.612 0.0000000000
40795  37.817  -33.809  80.295 0.0000000000
39955  38.100  -35.316  78.910 0.0000000000
39051  37.587  -36.327  77.388 0.0000000000
123665  33.020  -35.348  74.548 0.0000000000
39083  32.933  -35.106  73.866 0.0000000000
71915  54.786  -0.505  57.973 0.0000000000
127372  53.242  -1.553  56.471 0.0000000000
70124  51.993  -2.439  55.080 0.0000000000
48963  24.955  -24.368  83.103 0.0000000000
48975  24.336  -24.619  81.713 0.0000000000
48954  24.440  -24.941  83.554 0.0000000000
130866  23.610  -25.479  83.297 0.0000000000
122899  22.951  -25.626  83.626 0.0000000000
49920  22.757  -23.875  86.327 0.0000000000
48941  22.630  -24.740  84.836 0.0000000000
47931  22.215  -25.697  83.377 0.0000000000
47932  21.104  -25.714  83.226 0.0000000000
47933  19.976  -25.859  83.508 0.0000000000
46867  19.206  -26.219  84.262 0.0000000000
145884  27.803  -20.418  90.458 0.0000000000
140585  29.275  -21.527  89.134 0.0000000000
51805  27.829  -21.216  89.700 0.0000000000
51825  27.496  -21.501  89.271 0.0000000000
50839  27.324  -21.899  87.832 0.0000000000
50807  25.142  -22.207  89.595 0.0000000000
50823  25.940  -22.418  88.710 0.0000000000
50854  26.313  -22.800  86.626 0.0000000000
49929  25.954  -23.446  85.863 0.0000000000
49943  25.560  -23.955  84.426 0.0000000000
57758  38.134  -15.294  61.632 0.0000000000
57785  38.084  -15.287  59.745 0.0000000000
57775  37.478  -15.802  59.912 0.0000000000
58660  50.373  -13.767  70.611 0.0000000000
55791  47.532  -17.853  72.336 0.0000000000
55756  46.495  -18.601  73.521 0.0000000000
54860  44.991  -18.588  74.078 0.0000000000
54844  43.944  -18.403  74.480 0.0000000000
58516  36.284  -13.344  81.433 0.0000000000
57525  35.228  -15.197  80.061 0.0000000000
56584  34.497  -16.535  81.795 0.0000000000
56597  34.425  -16.278  80.663 0.0000000000
130197  34.414  -16.383  79.723 0.0000000000
54775  33.171  -18.148  78.824 0.0000000000
53785  31.903  -19.823  77.388 0.0000000000
133909  31.273  -21.135  76.537 0.0000000000
50943  30.652  -22.493  75.385 0.0000000000
50028  31.083  -23.421  76.445 0.0000000000
49038  30.919  -24.830  76.315 0.0000000000
46954  30.984  -26.282  76.258 0.0000000000
47997  32.189  -25.752  77.813 0.0000000000
45999  31.697  -27.010  76.962 0.0000000000
46023  30.940  -28.022  75.782 0.0000000000
44422  31.660  -29.740  75.369 0.0000000000
41676  32.629  -31.536  74.515 0.0000000000
41675  33.225  -32.386  74.182 0.0000000000
42536  34.036  -31.686  80.158 0.0000000000
39920  34.769  -35.136  80.179 0.0000000000
39940  33.535  -35.020  79.922 0.0000000000
39022  33.006  -35.315  79.530 0.0000000000
128375  32.267  -35.622  78.285 0.0000000000
39942  31.223  -35.030  79.620 0.0000000000
39054  31.460  -35.415  77.842 0.0000000000
71893  50.865  -0.217  60.041 0.0000000000
71909  50.934  -0.249  58.261 0.0000000000
70971  50.210  -0.775  58.774 0.0000000000
70994  48.626  -1.438  56.319 0.0000000000
147797  47.217  -2.532  54.777 0.0000000000
69271  46.168  -3.004  56.602 0.0000000000
69295  45.873  -3.130  54.732 0.0000000000
48987  23.909  -24.754  79.822 0.0000000000
47986  23.443  -25.183  78.500 0.0000000000
46957  22.230  -26.127  76.840 0.0000000000
126702  21.333  -27.337  78.733 0.0000000000
45995  21.183  -27.228  77.790 0.0000000000
56514  33.577  -16.445  87.302 0.0000000000
54672  34.795  -18.629  85.978 0.0000000000
51850  35.451  -20.949  85.146 0.0000000000
131543  35.563  -23.018  83.559 0.0000000000
48970  35.514  -24.870  82.299 0.0000000000
122998  35.452  -25.047  83.180 0.0000000000
46874  35.227  -26.739  83.133 0.0000000000
45932  35.229  -27.685  83.253 0.0000000000
46865  33.461  -26.222  85.076 0.0000000000
45924  33.816  -28.054  84.499 0.0000000000
44339  35.778  -29.711  83.293 0.0000000000
42500  35.510  -31.214  83.018 0.0000000000
42507  35.306  -31.479  82.691 0.0000000000
42523  34.664  -31.339  81.885 0.0000000000
50820  29.762  -22.061  88.522 0.0000000000
145920  31.149  -24.273  86.271 0.0000000000
47913  30.995  -25.442  84.960 0.0000000000
49941  29.981  -23.037  84.317 0.0000000000
48951  30.521  -25.030  84.316 0.0000000000
45925  30.949  -27.419  84.464 0.0000000000
45105  31.238  -29.044  83.685 0.0000000000
44340  32.237  -29.921  82.977 0.0000000000
43451  34.169  -31.004  81.030 0.0000000000
131248  32.842  -30.252  80.166 0.0000000000
43459  32.650  -30.839  79.295 0.0000000000
43472  31.524  -30.857  78.383 0.0000000000
45982  29.288  -27.691  79.810 0.0000000000
44376  30.341  -29.630  78.260 0.0000000000
43473  30.171  -30.580  77.845 0.0000000000
42581  29.847  -31.417  77.855 0.0000000000
64595  44.841  -8.780  60.203 0.0000000000
65578  43.347  -7.384  58.669 0.0000000000
64604  43.361  -8.658  59.188 0.0000000000
60787  41.223  -12.284  57.378 0.0000000000
60801  41.430  -12.288  55.447 0.0000000000
56899  38.874  -16.003  57.737 0.0000000000
132729  17.816  -20.039  89.435 0.0000000000
51811  18.770  -20.872  89.390 0.0000000000
50845  18.799  -22.478  88.124 0.0000000000
49896  18.447  -23.221  88.615 0.0000000000
49910  18.933  -22.967  87.699 0.0000000000
48906  19.185  -24.253  87.072 0.0000000000
47905  19.141  -25.505  85.705 0.0000000000
46859  18.756  -26.895  84.759 0.0000000000
46808  19.381  -26.463  89.206 0.0000000000
45903  19.302  -27.173  86.997 0.0000000000
45079  18.813  -28.206  85.850 0.0000000000
45096  18.538  -28.484  84.309 0.0000000000
44309  18.377  -29.425  84.199 0.0000000000
122916  52.630  1.123  61.263 0.0000000000
72890  51.098  0.316  61.641 0.0000000000
70945  50.104  -1.144  61.434 0.0000000000
137901  49.786  -2.081  61.803 0.0000000000
71848  51.339  -0.827  65.498 0.0000000000
133262  50.262  -2.240  63.687 0.0000000000
69233  49.657  -3.539  61.377 0.0000000000
67458  48.658  -5.192  60.640 0.0000000000
66504  48.329  -5.935  60.920 0.0000000000
145985  47.405  -6.709  60.856 0.0000000000
134467  49.741  -6.993  62.799 0.0000000000
65549  48.320  -7.265  61.756 0.0000000000
64594  46.054  -8.127  60.787 0.0000000000
63651  45.892  -9.697  61.133 0.0000000000
62638  45.509  -10.519  61.047 0.0000000000
61672  45.070  -11.806  61.111 0.0000000000
61641  46.949  -12.194  63.120 0.0000000000
60735  45.856  -12.554  62.302 0.0000000000
60751  44.009  -12.774  60.935 0.0000000000
59740  42.702  -13.592  61.374 0.0000000000
58737  42.189  -14.042  61.893 0.0000000000
58726  40.828  -14.714  62.425 0.0000000000
129262  48.630  -14.366  68.858 0.0000000000
58685  47.514  -14.513  67.750 0.0000000000
57701  45.995  -15.286  67.138 0.0000000000
129363  45.293  -16.735  68.865 0.0000000000
56757  44.973  -16.331  67.739 0.0000000000
57705  44.882  -15.411  66.094 0.0000000000
57716  43.491  -15.335  64.804 0.0000000000
57718  41.868  -15.497  64.323 0.0000000000
57741  40.133  -15.159  62.908 0.0000000000
57731  39.492  -15.516  63.400 0.0000000000
56820  37.861  -15.920  63.789 0.0000000000
140013  39.004  -16.269  67.140 0.0000000000
56791  37.257  -16.242  65.420 0.0000000000
143031  43.426  -18.997  76.559 0.0000000000
54846  42.054  -18.241  75.126 0.0000000000
56607  40.096  -16.627  79.263 0.0000000000
55708  37.556  -17.173  77.903 0.0000000000
55707  39.310  -17.622  78.365 0.0000000000
54772  40.363  -18.265  78.314 0.0000000000
53781  40.646  -18.879  77.622 0.0000000000
54828  40.884  -18.864  76.264 0.0000000000
55746  40.561  -17.801  74.346 0.0000000000
55763  39.079  -17.639  73.270 0.0000000000
55779  38.068  -17.763  72.235 0.0000000000
55818  36.734  -17.736  70.473 0.0000000000
54874  35.371  -18.740  72.417 0.0000000000
125060  35.135  -18.610  70.883 0.0000000000
55833  35.440  -17.809  69.348 0.0000000000
54916  34.171  -18.158  68.719 0.0000000000
51976  28.494  -21.837  69.517 0.0000000000
51023  28.656  -22.467  68.360 0.0000000000
125617  29.762  -23.927  74.543 0.0000000000
48058  29.111  -25.217  73.666 0.0000000000
47022  28.738  -26.121  72.426 0.0000000000
45228  29.597  -28.060  72.936 0.0000000000
138827  29.360  -27.692  72.328 0.0000000000
45969  35.118  -27.276  80.719 0.0000000000
45153  34.778  -28.639  79.562 0.0000000000
44374  34.413  -29.671  78.432 0.0000000000
42555  36.464  -31.898  79.089 0.0000000000
42578  35.245  -31.630  77.989 0.0000000000
42579  34.567  -31.158  77.583 0.0000000000
41671  34.039  -32.856  75.831 0.0000000000
40834  34.455  -33.576  75.086 0.0000000000
40854  36.014  -33.501  73.721 0.0000000000
38107  35.738  -36.374  79.513 0.0000000000
38123  36.704  -37.087  77.633 0.0000000000
38135  36.664  -37.135  75.547 0.0000000000
39081  34.359  -36.292  74.311 0.0000000000
38157  36.364  -36.789  73.996 0.0000000000
39080  37.500  -36.071  74.710 0.0000000000
40014  37.455  -34.877  73.593 0.0000000000
40852  37.429  -34.013  73.175 0.0000000000
71931  50.847  -0.581  56.712 0.0000000000
70125  50.900  -2.100  55.076 0.0000000000
69318  51.218  -3.988  52.795 0.0000000000
66530  42.428  -6.703  57.357 0.0000000000
50876  35.391  -22.229  83.438 0.0000000000
51866  35.413  -21.282  83.801 0.0000000000
145136  34.846  -22.128  82.763 0.0000000000
50884  35.125  -22.774  82.639 0.0000000000
49971  35.007  -23.914  81.709 0.0000000000
48971  35.302  -24.554  81.848 0.0000000000
66525  45.296  -6.244  59.208 0.0000000000
66516  44.970  -6.882  59.453 0.0000000000
48985  25.189  -23.770  80.961 0.0000000000
45945  18.972  -28.136  82.931 0.0000000000
45121  18.736  -28.870  82.658 0.0000000000
45107  18.587  -28.709  83.494 0.0000000000
52743  28.874  -19.930  90.274 0.0000000000
53638  29.619  -20.075  89.803 0.0000000000
52754  30.003  -20.780  89.468 0.0000000000
51803  29.606  -21.264  89.371 0.0000000000
128599  26.365  -23.015  81.795 0.0000000000
49976  26.248  -23.186  80.911 0.0000000000
49988  26.909  -23.251  80.237 0.0000000000
58739  40.367  -14.314  61.495 0.0000000000
60662  50.055  -12.564  68.621 0.0000000000
60647  50.436  -12.748  69.543 0.0000000000
55774  42.927  -17.477  72.769 0.0000000000
55775  42.069  -17.184  72.892 0.0000000000
56675  41.596  -16.920  72.360 0.0000000000
52881  31.464  -20.377  75.954 0.0000000000
53824  31.925  -19.517  75.713 0.0000000000
52882  31.128  -20.787  75.192 0.0000000000
52890  31.085  -20.692  74.481 0.0000000000
148490  30.898  -21.088  74.788 0.0000000000
40778  36.542  -33.948  81.215 0.0000000000
128175  35.664  -33.697  80.857 0.0000000000
72905  53.492  0.701  59.853 0.0000000000
72906  52.783  0.420  59.174 0.0000000000
48905  23.916  -23.890  87.026 0.0000000000
48916  24.109  -24.274  86.293 0.0000000000
50856  19.980  -22.723  86.591 0.0000000000
49922  20.475  -23.135  85.969 0.0000000000
136791  19.766  -23.346  85.999 0.0000000000
53622  24.812  -19.623  90.910 0.0000000000
51778  25.536  -20.742  90.839 0.0000000000
51779  24.869  -20.890  90.793 0.0000000000
49894  23.997  -23.249  88.273 0.0000000000
49907  24.268  -23.575  87.640 0.0000000000
48904  24.416  -23.862  86.939 0.0000000000
139853  35.569  -14.069  85.238 0.0000000000
58480  35.753  -14.189  84.561 0.0000000000
58494  35.688  -14.506  83.658 0.0000000000
51905  32.446  -21.022  80.066 0.0000000000
137886  32.262  -21.780  79.577 0.0000000000
52850  32.049  -20.886  79.200 0.0000000000
50914  32.194  -22.534  79.119 0.0000000000
50009  32.299  -23.335  78.709 0.0000000000
44375  33.410  -29.170  77.735 0.0000000000
45169  32.983  -28.529  77.671 0.0000000000
44388  33.300  -29.794  77.218 0.0000000000
43506  33.195  -30.357  76.720 0.0000000000
42580  33.856  -30.566  77.241 0.0000000000
41646  31.950  -32.483  78.910 0.0000000000
144829  32.198  -33.275  79.455 0.0000000000
41627  31.405  -33.201  79.384 0.0000000000
70092  48.862  -2.668  58.957 0.0000000000
69260  48.332  -3.065  58.716 0.0000000000
45172  27.714  -28.539  77.331 0.0000000000
46010  26.763  -27.636  76.796 0.0000000000
46910  22.918  -25.916  81.550 0.0000000000
46899  22.388  -26.259  81.736 0.0000000000
44378  19.288  -29.331  77.737 0.0000000000
51835  33.108  -21.586  87.030 0.0000000000
52777  33.028  -20.623  86.931 0.0000000000
51842  33.949  -21.807  86.386 0.0000000000
49914  34.136  -23.187  85.920 0.0000000000
46856  31.588  -26.672  85.134 0.0000000000
146718  31.769  -27.124  85.180 0.0000000000
45084  31.726  -28.256  84.985 0.0000000000
45093  32.043  -29.110  84.916 0.0000000000
45085  31.289  -27.850  84.703 0.0000000000
51845  27.751  -21.859  86.996 0.0000000000
46896  29.406  -26.399  81.719 0.0000000000
131693  29.851  -26.327  82.738 0.0000000000
45955  30.264  -27.702  82.302 0.0000000000
45134  30.141  -27.920  81.264 0.0000000000
46000  27.874  -27.932  77.882 0.0000000000
148380  43.243  -11.422  59.412 0.0000000000
61692  42.816  -11.903  59.208 0.0000000000
47878  18.497  -24.855  89.667 0.0000000000
130297  19.948  -29.983  87.427 0.0000000000
43395  19.358  -30.834  86.219 0.0000000000
73835  52.182  1.515  65.484 0.0000000000
69202  51.842  -3.802  65.618 0.0000000000
70049  51.308  -3.262  65.092 0.0000000000
69210  51.484  -4.141  64.803 0.0000000000
68356  50.869  -4.752  63.338 0.0000000000
68355  51.327  -5.107  63.820 0.0000000000
63605  49.870  -9.474  64.533 0.0000000000
63627  49.437  -9.326  63.950 0.0000000000
62613  48.857  -9.842  63.608 0.0000000000
147686  48.344  -10.240  63.294 0.0000000000
62614  48.622  -10.626  63.826 0.0000000000
58699  45.824  -14.027  64.586 0.0000000000
130517  45.258  -14.462  64.783 0.0000000000
131533  44.594  -14.543  64.273 0.0000000000
56709  47.447  -16.346  70.087 0.0000000000
136430  47.201  -16.918  70.706 0.0000000000
56747  42.421  -16.701  68.304 0.0000000000
56774  42.076  -16.385  66.554 0.0000000000
123509  41.135  -16.368  66.834 0.0000000000
56736  37.357  -16.997  69.336 0.0000000000
56752  36.904  -16.658  68.047 0.0000000000
56737  36.776  -17.005  68.802 0.0000000000
56754  35.694  -17.069  67.800 0.0000000000
55838  36.039  -17.324  69.009 0.0000000000
55704  41.490  -17.935  78.622 0.0000000000
57546  36.292  -15.037  79.201 0.0000000000
57545  37.221  -15.077  79.169 0.0000000000
57564  36.344  -15.693  78.588 0.0000000000
53821  36.684  -18.840  75.484 0.0000000000
53803  37.125  -18.816  76.036 0.0000000000
53820  37.216  -19.040  75.479 0.0000000000
53836  37.894  -19.128  75.499 0.0000000000
53837  37.327  -19.102  74.854 0.0000000000
54849  37.427  -18.875  74.150 0.0000000000
53855  36.236  -18.851  74.074 0.0000000000
53887  31.120  -19.891  70.677 0.0000000000
53903  32.584  -19.323  70.506 0.0000000000
53904  31.700  -19.519  70.225 0.0000000000
53914  31.440  -19.385  69.384 0.0000000000
52921  29.835  -20.117  68.638 0.0000000000
52914  30.031  -20.176  69.548 0.0000000000
49104  28.090  -24.755  70.793 0.0000000000
50102  28.021  -23.768  70.454 0.0000000000
132733  30.333  -26.930  75.312 0.0000000000
46969  29.962  -26.328  74.965 0.0000000000
46025  30.025  -27.221  74.694 0.0000000000
44351  36.734  -29.725  81.907 0.0000000000
45143  36.447  -29.185  81.458 0.0000000000
43450  37.010  -30.610  80.861 0.0000000000
39983  37.370  -35.711  76.734 0.0000000000
39971  36.616  -34.793  77.105 0.0000000000
134661  37.431  -35.526  75.063 0.0000000000
39062  33.485  -35.983  76.558 0.0000000000
126459  33.524  -35.923  75.712 0.0000000000
69308  48.039  -3.241  53.519 0.0000000000
69321  48.378  -3.689  52.833 0.0000000000
50810  22.075  -22.017  89.155 0.0000000000
51826  21.031  -21.647  89.005 0.0000000000
51827  20.140  -21.375  88.844 0.0000000000
51828  19.363  -21.349  88.876 0.0000000000
52757  21.182  -20.605  90.150 0.0000000000
51794  21.974  -20.714  90.358 0.0000000000
140152  23.070  -22.195  89.530 0.0000000000
55628  35.314  -18.093  85.622 0.0000000000
127143  35.276  -17.254  85.668 0.0000000000
53694  35.592  -19.209  84.290 0.0000000000
54709  35.771  -18.380  84.646 0.0000000000
137378  35.748  -17.026  84.633 0.0000000000
55649  35.627  -17.681  84.302 0.0000000000
56560  35.450  -16.937  83.897 0.0000000000
53695  35.028  -19.242  83.547 0.0000000000
144813  33.856  -22.023  81.685 0.0000000000
52836  33.777  -20.798  82.116 0.0000000000
51894  33.333  -21.969  81.046 0.0000000000
49998  33.411  -23.961  79.888 0.0000000000
49985  33.803  -23.515  80.618 0.0000000000
47970  34.326  -25.923  80.206 0.0000000000
45981  33.895  -27.313  79.331 0.0000000000
41628  30.593  -33.148  79.357 0.0000000000
68397  46.990  -4.817  59.169 0.0000000000
68407  46.539  -4.438  58.511 0.0000000000
67480  46.181  -5.156  58.924 0.0000000000
67482  44.333  -5.702  58.185 0.0000000000
67485  44.889  -5.004  57.858 0.0000000000
67489  43.798  -4.865  56.669 0.0000000000
67490  43.128  -5.348  56.384 0.0000000000
47985  26.694  -25.181  77.922 0.0000000000
47999  26.341  -25.608  77.212 0.0000000000
49024  26.150  -24.595  77.689 0.0000000000
49014  24.730  -24.170  78.276 0.0000000000
49025  25.319  -24.383  77.409 0.0000000000
49026  24.457  -24.486  77.429 0.0000000000
49040  24.102  -24.808  76.713 0.0000000000
49027  23.751  -24.877  77.576 0.0000000000
46889  20.795  -26.710  82.320 0.0000000000
45958  20.766  -27.205  81.766 0.0000000000
125402  19.462  -28.637  81.377 0.0000000000
45148  20.120  -28.359  80.746 0.0000000000
138220  19.453  -28.957  80.576 0.0000000000
44360  19.232  -29.263  79.692 0.0000000000
141491  19.012  -29.427  80.429 0.0000000000
133776  18.700  -29.866  79.968 0.0000000000
44361  18.666  -29.837  80.772 0.0000000000
43440  18.275  -30.296  81.972 0.0000000000
42509  17.742  -31.609  82.002 0.0000000000
54628  30.340  -17.762  89.558 0.0000000000
52768  30.812  -20.681  88.949 0.0000000000
52767  31.671  -20.871  88.244 0.0000000000
51836  32.362  -21.431  87.694 0.0000000000
50817  32.043  -22.289  88.019 0.0000000000
50834  32.358  -22.807  87.595 0.0000000000
49890  31.001  -22.954  88.051 0.0000000000
49902  31.453  -23.467  87.483 0.0000000000
48903  31.406  -23.935  86.914 0.0000000000
48914  31.389  -24.444  86.340 0.0000000000
50872  27.089  -22.620  84.134 0.0000000000
50879  27.957  -22.373  83.611 0.0000000000
49974  28.026  -23.332  81.013 0.0000000000
49987  28.472  -23.953  81.013 0.0000000000
48973  28.908  -24.517  81.464 0.0000000000
48983  28.544  -24.757  80.789 0.0000000000
47960  28.533  -25.618  80.567 0.0000000000
48997  28.236  -24.944  80.253 0.0000000000
49011  27.319  -24.562  79.033 0.0000000000
47984  27.177  -25.327  78.497 0.0000000000
139748  42.380  -13.334  60.646 0.0000000000
59757  42.141  -13.065  59.940 0.0000000000
59760  39.752  -13.860  58.585 0.0000000000
58782  39.472  -14.810  57.313 0.0000000000
58790  40.089  -14.382  56.706 0.0000000000
57812  39.865  -15.185  56.728 0.0000000000
132690  21.224  -31.292  89.326 0.0000000000
42478  21.328  -31.845  88.888 0.0000000000
42483  20.827  -31.624  87.938 0.0000000000
61608  49.765  -11.757  67.088 0.0000000000
60682  48.714  -12.568  66.606 0.0000000000
59675  48.295  -13.190  66.968 0.0000000000
59676  47.593  -13.597  66.601 0.0000000000
59658  47.881  -13.824  67.354 0.0000000000
55812  45.199  -17.675  70.829 0.0000000000
55794  44.755  -17.856  71.454 0.0000000000
55814  43.672  -17.422  70.583 0.0000000000
55815  42.966  -17.156  70.424 0.0000000000
56731  42.393  -16.812  69.227 0.0000000000
56712  42.270  -16.855  70.097 0.0000000000
56732  41.450  -16.601  69.624 0.0000000000
56715  39.726  -16.559  70.662 0.0000000000
56699  38.914  -16.799  70.928 0.0000000000
55721  33.537  -17.678  77.874 0.0000000000
138013  34.222  -17.311  77.322 0.0000000000
55732  33.869  -17.709  76.905 0.0000000000
53823  32.638  -18.859  75.479 0.0000000000
54833  33.500  -18.346  75.691 0.0000000000
54832  34.418  -18.345  75.254 0.0000000000
54850  34.274  -18.567  74.553 0.0000000000
132261  33.940  -18.793  73.831 0.0000000000
53841  33.520  -18.798  74.366 0.0000000000
126320  31.369  -20.348  73.088 0.0000000000
53860  32.044  -19.857  73.349 0.0000000000
52899  31.197  -20.345  72.242 0.0000000000
51948  30.035  -21.203  72.164 0.0000000000
50958  29.698  -22.448  73.440 0.0000000000
50960  29.352  -22.465  72.764 0.0000000000
50067  28.935  -23.134  72.741 0.0000000000
50068  28.537  -23.603  72.190 0.0000000000
50055  28.953  -23.836  73.131 0.0000000000
44435  31.364  -29.916  74.524 0.0000000000
44436  30.890  -29.519  74.159 0.0000000000
42612  31.740  -30.860  73.375 0.0000000000
42625  32.267  -31.418  71.810 0.0000000000
42506  36.715  -32.030  82.355 0.0000000000
41600  37.406  -32.656  81.491 0.0000000000
40769  37.383  -33.269  81.388 0.0000000000
39007  37.192  -35.776  80.305 0.0000000000
39939  38.002  -35.425  79.589 0.0000000000
39017  37.881  -36.065  79.374 0.0000000000
140374  37.825  -36.319  78.204 0.0000000000
38122  37.409  -36.736  77.872 0.0000000000
71928  53.630  -1.101  57.123 0.0000000000
70990  52.420  -1.571  56.063 0.0000000000
70999  52.467  -2.163  55.562 0.0000000000
48953  24.993  -24.510  83.981 0.0000000000
48940  24.506  -24.841  84.259 0.0000000000
140955  23.838  -24.836  84.905 0.0000000000
47929  24.012  -25.227  83.782 0.0000000000
47914  23.513  -25.214  84.230 0.0000000000
47930  23.518  -25.420  83.670 0.0000000000
49908  21.950  -23.214  86.678 0.0000000000
49932  21.157  -23.574  85.481 0.0000000000
48930  21.956  -24.160  85.123 0.0000000000
48942  21.790  -24.666  84.461 0.0000000000
47915  22.688  -25.275  84.163 0.0000000000
47916  21.547  -25.225  83.818 0.0000000000
48944  19.796  -24.902  84.527 0.0000000000
47918  19.660  -25.524  84.185 0.0000000000
53620  26.686  -19.617  90.981 0.0000000000
54607  26.306  -18.913  90.840 0.0000000000
52733  27.355  -20.086  90.780 0.0000000000
140058  27.407  -19.397  90.863 0.0000000000
141476  27.888  -20.873  90.084 0.0000000000
52744  27.301  -20.707  90.411 0.0000000000
51806  26.621  -21.512  89.907 0.0000000000
140796  27.155  -21.402  89.698 0.0000000000
50805  26.624  -21.758  89.355 0.0000000000
50822  26.887  -21.848  88.630 0.0000000000
50794  24.785  -21.853  90.138 0.0000000000
50808  24.540  -22.277  89.583 0.0000000000
49892  25.146  -23.026  88.286 0.0000000000
49891  25.561  -22.945  87.927 0.0000000000
50840  26.325  -22.474  87.757 0.0000000000
49904  25.657  -23.188  87.211 0.0000000000
49917  25.686  -23.467  86.499 0.0000000000
48926  24.944  -24.371  85.578 0.0000000000
49930  25.517  -24.012  85.283 0.0000000000
49952  25.562  -23.755  83.459 0.0000000000
57774  37.847  -15.338  60.668 0.0000000000
55771  47.025  -18.338  72.949 0.0000000000
55755  47.565  -18.504  73.902 0.0000000000
54823  45.943  -18.947  75.882 0.0000000000
54842  46.016  -18.857  74.899 0.0000000000
54843  44.973  -18.895  75.230 0.0000000000
58454  35.050  -14.437  86.205 0.0000000000
59470  35.773  -13.728  82.157 0.0000000000
60522  36.624  -12.698  82.065 0.0000000000
58517  35.592  -14.176  81.477 0.0000000000
58532  36.073  -14.044  80.504 0.0000000000
132418  35.382  -14.721  80.678 0.0000000000
54721  34.254  -18.215  82.436 0.0000000000
55657  34.338  -17.368  82.182 0.0000000000
55676  33.633  -17.795  80.472 0.0000000000
55665  34.071  -17.146  81.099 0.0000000000
55675  34.006  -16.999  80.077 0.0000000000
55693  33.603  -17.598  79.494 0.0000000000
54754  32.812  -18.809  79.248 0.0000000000
136400  31.691  -21.168  78.273 0.0000000000
142103  31.993  -19.900  78.025 0.0000000000
51921  31.456  -21.138  77.401 0.0000000000
52872  31.582  -20.432  76.940 0.0000000000
136463  31.293  -21.855  77.003 0.0000000000
50937  30.929  -22.749  76.048 0.0000000000
50936  31.210  -22.608  76.692 0.0000000000
137059  31.156  -24.171  76.570 0.0000000000
48011  31.217  -25.540  76.619 0.0000000000
48012  30.683  -25.591  75.998 0.0000000000
47983  32.682  -25.551  78.461 0.0000000000
49009  32.642  -24.651  78.620 0.0000000000
46007  31.998  -27.776  77.035 0.0000000000
46008  31.390  -27.654  76.399 0.0000000000
142651  31.324  -28.265  76.109 0.0000000000
44410  31.292  -28.828  75.723 0.0000000000
44409  31.923  -29.350  76.166 0.0000000000
42601  33.166  -31.466  75.786 0.0000000000
42602  32.632  -31.143  75.274 0.0000000000
41625  33.686  -32.639  79.737 0.0000000000
39921  34.079  -34.371  80.081 0.0000000000
123562  33.509  -33.744  79.863 0.0000000000
39941  32.570  -34.829  79.784 0.0000000000
39038  32.568  -35.591  79.063 0.0000000000
147854  31.159  -34.522  79.849 0.0000000000
39957  30.655  -35.284  79.219 0.0000000000
148402  32.090  -35.550  77.578 0.0000000000
70963  50.228  -0.937  59.655 0.0000000000
70104  48.286  -2.056  57.592 0.0000000000
70978  48.727  -1.425  57.121 0.0000000000
70979  48.068  -1.829  56.768 0.0000000000
70127  48.034  -1.925  55.352 0.0000000000
70128  47.359  -2.211  55.508 0.0000000000
69266  45.760  -3.640  57.068 0.0000000000
69265  46.486  -3.339  57.404 0.0000000000
69272  45.515  -3.389  56.271 0.0000000000
69311  45.446  -3.572  54.095 0.0000000000
46956  25.898  -26.439  75.998 0.0000000000
46011  25.793  -27.394  75.742 0.0000000000
48986  24.299  -24.483  80.542 0.0000000000
47961  23.723  -25.193  81.456 0.0000000000
47976  22.872  -25.751  79.185 0.0000000000
47987  22.834  -25.764  78.256 0.0000000000
48002  22.778  -25.687  77.362 0.0000000000
46947  22.280  -26.221  77.826 0.0000000000
123887  20.982  -27.843  79.921 0.0000000000
45984  21.425  -27.414  79.639 0.0000000000
45985  20.880  -27.865  79.164 0.0000000000
45187  20.118  -28.319  76.792 0.0000000000
46004  20.611  -27.742  77.284 0.0000000000
55605  30.876  -17.120  89.270 0.0000000000
55614  31.484  -17.456  88.633 0.0000000000
55621  32.562  -17.355  87.655 0.0000000000
55620  33.309  -17.301  87.091 0.0000000000
139950  33.990  -17.625  86.548 0.0000000000
54654  34.207  -18.164  86.336 0.0000000000
51851  35.002  -21.531  85.531 0.0000000000
52798  35.102  -20.724  85.586 0.0000000000
50860  35.376  -22.001  84.909 0.0000000000
50869  35.531  -22.283  84.174 0.0000000000
49938  35.545  -23.130  84.092 0.0000000000
49948  35.537  -23.741  83.522 0.0000000000
48950  35.390  -24.492  83.592 0.0000000000
46875  34.714  -26.347  83.696 0.0000000000
47926  34.968  -25.355  83.792 0.0000000000
127688  34.580  -27.342  83.785 0.0000000000
132000  33.057  -25.058  86.280 0.0000000000
124003  32.723  -26.310  85.650 0.0000000000
131797  33.163  -28.654  84.924 0.0000000000
45091  33.782  -29.020  84.538 0.0000000000
135868  34.573  -28.364  83.916 0.0000000000
45104  34.490  -29.394  84.071 0.0000000000
44321  35.038  -30.568  83.534 0.0000000000
44322  34.309  -30.258  84.018 0.0000000000
43429  33.634  -30.680  83.855 0.0000000000
43438  33.779  -30.837  83.293 0.0000000000
43437  34.648  -31.213  82.752 0.0000000000
145436  28.951  -21.644  88.776 0.0000000000
50851  30.336  -22.935  86.224 0.0000000000
49928  30.782  -23.804  85.788 0.0000000000
48925  31.218  -24.811  85.708 0.0000000000
48938  30.782  -24.434  85.004 0.0000000000
125166  29.320  -22.685  83.784 0.0000000000
49950  29.738  -23.401  83.537 0.0000000000
46877  30.235  -26.297  83.595 0.0000000000
47927  30.252  -25.507  83.753 0.0000000000
46876  30.575  -26.929  84.138 0.0000000000
45933  30.656  -27.583  83.988 0.0000000000
45106  30.838  -28.247  83.853 0.0000000000
44353  31.679  -29.386  82.276 0.0000000000
44352  32.416  -29.798  81.860 0.0000000000
43452  33.276  -30.297  81.230 0.0000000000
43458  33.476  -30.860  80.101 0.0000000000
44358  32.371  -29.770  80.725 0.0000000000
44367  32.213  -29.972  79.729 0.0000000000
44368  31.551  -29.684  79.333 0.0000000000
43460  31.953  -30.387  78.941 0.0000000000
148317  31.428  -30.101  78.690 0.0000000000
45983  28.688  -27.532  79.296 0.0000000000
45165  29.710  -28.950  78.399 0.0000000000
64603  44.082  -8.671  59.673 0.0000000000
63668  43.622  -9.387  59.500 0.0000000000
62672  42.068  -10.879  58.232 0.0000000000
134588  42.081  -10.007  58.155 0.0000000000
62678  41.643  -10.252  57.485 0.0000000000
60778  41.668  -12.384  58.390 0.0000000000
59777  40.799  -12.933  56.701 0.0000000000
127730  41.541  -13.068  55.071 0.0000000000
60810  41.868  -12.297  54.753 0.0000000000
57786  37.923  -15.812  59.184 0.0000000000
133294  38.312  -15.308  59.047 0.0000000000
146645  38.522  -16.420  58.208 0.0000000000
53641  17.985  -19.378  89.283 0.0000000000
143469  17.326  -20.753  89.412 0.0000000000
50811  17.931  -21.412  89.293 0.0000000000
51829  18.644  -21.469  88.960 0.0000000000
50829  18.202  -22.212  88.909 0.0000000000
131318  19.233  -25.673  86.574 0.0000000000
46858  18.944  -26.180  85.163 0.0000000000
143344  18.822  -26.860  85.473 0.0000000000
45068  19.986  -28.791  88.749 0.0000000000
130394  19.886  -28.194  89.509 0.0000000000
45887  19.594  -27.318  89.236 0.0000000000
45896  19.402  -26.996  88.151 0.0000000000
137335  19.457  -27.763  87.636 0.0000000000
44281  19.029  -28.978  86.307 0.0000000000
45086  18.563  -28.285  85.061 0.0000000000
127040  18.490  -28.961  84.863 0.0000000000
132429  18.050  -31.081  84.106 0.0000000000
42488  19.558  -31.934  86.285 0.0000000000
73876  53.087  1.609  61.733 0.0000000000
126975  51.774  0.848  61.836 0.0000000000
72877  51.780  1.123  62.708 0.0000000000
72866  51.000  0.344  63.248 0.0000000000
71862  50.467  -0.450  62.821 0.0000000000
136990  50.067  -1.296  62.365 0.0000000000
71847  51.808  -0.147  66.080 0.0000000000
123597  51.826  -0.771  66.308 0.0000000000
70057  50.379  -3.198  63.484 0.0000000000
70067  50.045  -3.299  62.637 0.0000000000
70068  49.781  -2.972  61.985 0.0000000000
69226  49.994  -3.795  62.060 0.0000000000
68385  48.911  -4.469  60.378 0.0000000000
68374  49.735  -4.299  61.506 0.0000000000
66493  49.570  -5.925  61.869 0.0000000000
67448  49.095  -5.559  61.237 0.0000000000
129100  47.594  -6.235  60.659 0.0000000000
66495  47.909  -6.716  61.170 0.0000000000
66473  51.038  -6.705  63.818 0.0000000000
65526  50.417  -7.455  63.731 0.0000000000
64576  48.297  -8.820  62.621 0.0000000000
65539  48.242  -8.086  62.178 0.0000000000
65550  47.577  -7.912  61.621 0.0000000000
64585  47.045  -8.744  61.659 0.0000000000
64586  46.322  -8.851  61.217 0.0000000000
62626  46.765  -10.583  62.076 0.0000000000
62637  46.153  -10.489  61.541 0.0000000000
61671  45.700  -11.311  61.452 0.0000000000
61684  45.184  -11.145  60.958 0.0000000000
61627  47.961  -12.054  64.322 0.0000000000
61640  47.644  -11.768  63.611 0.0000000000
60716  47.299  -12.494  63.930 0.0000000000
59726  45.556  -13.249  62.787 0.0000000000
60734  46.282  -12.778  62.910 0.0000000000
60736  45.164  -12.912  62.017 0.0000000000
59738  44.400  -13.186  61.720 0.0000000000
59739  43.563  -13.409  61.527 0.0000000000
59728  43.943  -13.684  62.257 0.0000000000
122876  42.902  -14.353  62.819 0.0000000000
58725  42.436  -14.316  62.479 0.0000000000
130296  41.758  -14.485  62.433 0.0000000000
58713  42.270  -14.723  63.092 0.0000000000
58672  49.784  -14.213  70.138 0.0000000000
58673  49.053  -14.628  69.638 0.0000000000
57691  47.515  -15.408  68.905 0.0000000000
57695  47.131  -15.183  68.172 0.0000000000
58686  46.762  -14.893  67.429 0.0000000000
57696  46.379  -15.542  67.885 0.0000000000
56728  45.086  -17.109  69.472 0.0000000000
129364  45.836  -16.836  69.467 0.0000000000
56729  44.628  -16.891  68.840 0.0000000000
56772  43.872  -16.241  66.781 0.0000000000
56758  44.392  -16.273  67.231 0.0000000000
57698  45.144  -15.769  66.935 0.0000000000
57702  44.391  -15.909  66.515 0.0000000000
57715  44.147  -15.308  65.246 0.0000000000
57707  43.641  -15.688  65.557 0.0000000000
56803  41.377  -15.728  64.725 0.0000000000
139182  40.995  -15.520  64.056 0.0000000000
57740  40.913  -15.179  63.250 0.0000000000
57730  40.332  -15.421  63.570 0.0000000000
57719  40.105  -15.663  64.169 0.0000000000
122866  38.999  -15.914  65.041 0.0000000000
56806  38.387  -15.916  64.387 0.0000000000
56821  37.087  -16.053  63.433 0.0000000000
56807  37.377  -16.123  64.428 0.0000000000
56762  39.541  -16.354  67.450 0.0000000000
123510  38.945  -16.366  67.698 0.0000000000
56780  36.784  -16.473  66.723 0.0000000000
56779  37.674  -16.330  66.839 0.0000000000
56792  36.397  -16.471  65.903 0.0000000000
56808  36.415  -16.400  64.866 0.0000000000
54792  42.743  -18.967  77.563 0.0000000000
53799  42.596  -19.052  76.894 0.0000000000
54826  42.823  -18.722  75.916 0.0000000000
54827  41.825  -18.720  76.095 0.0000000000
59490  39.229  -14.390  80.490 0.0000000000
57524  39.697  -15.283  80.015 0.0000000000
56596  40.322  -15.963  79.700 0.0000000000
56608  39.372  -16.486  79.114 0.0000000000
55720  36.148  -17.213  77.209 0.0000000000
56632  36.641  -16.855  77.694 0.0000000000
55719  37.095  -17.558  77.373 0.0000000000
54794  38.315  -18.355  77.330 0.0000000000
54774  38.851  -18.017  77.857 0.0000000000
55706  40.063  -17.752  78.552 0.0000000000
53762  39.934  -18.509  77.982 0.0000000000
53761  40.553  -18.625  78.041 0.0000000000
53782  39.879  -18.768  77.600 0.0000000000
54829  39.450  -18.950  75.581 0.0000000000
53817  40.028  -19.095  76.405 0.0000000000
140003  40.206  -18.745  75.630 0.0000000000
54847  40.955  -18.311  75.220 0.0000000000
122790  39.831  -18.302  74.744 0.0000000000
55762  39.868  -17.580  73.712 0.0000000000
54861  38.946  -18.189  73.991 0.0000000000
54872  37.574  -18.217  72.667 0.0000000000
54886  37.227  -18.099  71.918 0.0000000000
55800  37.199  -17.783  71.155 0.0000000000
54887  36.557  -18.162  71.305 0.0000000000
140478  33.955  -18.993  73.148 0.0000000000
53871  35.190  -18.783  73.061 0.0000000000
140927  34.456  -18.935  72.586 0.0000000000
54889  34.311  -18.861  70.909 0.0000000000
54902  34.660  -18.584  70.309 0.0000000000
54901  35.282  -18.247  70.124 0.0000000000
54909  34.581  -18.309  69.541 0.0000000000
55834  34.841  -17.892  68.836 0.0000000000
54910  33.712  -18.607  69.316 0.0000000000
54919  31.762  -18.992  67.950 0.0000000000
51964  29.063  -21.087  69.912 0.0000000000
50115  28.244  -23.779  69.499 0.0000000000
50133  28.439  -23.221  68.870 0.0000000000
50132  29.050  -23.303  68.176 0.0000000000
50034  30.626  -23.322  75.652 0.0000000000
50045  30.174  -23.163  74.847 0.0000000000
48046  29.496  -25.002  74.368 0.0000000000
47004  29.041  -25.995  73.285 0.0000000000
48059  28.735  -25.330  72.845 0.0000000000
141725  29.058  -26.641  72.872 0.0000000000
44443  30.501  -29.354  73.402 0.0000000000
132381  29.969  -28.830  72.724 0.0000000000
45243  29.813  -28.441  71.150 0.0000000000
45236  29.638  -28.330  72.079 0.0000000000
46079  29.355  -27.739  71.542 0.0000000000
47949  35.558  -25.651  82.200 0.0000000000
46895  35.371  -25.966  81.566 0.0000000000
46906  35.482  -26.842  81.513 0.0000000000
44357  35.500  -29.221  79.954 0.0000000000
45145  35.421  -28.308  80.524 0.0000000000
44366  34.932  -29.427  79.124 0.0000000000
43470  35.148  -30.259  78.718 0.0000000000
41624  37.631  -32.874  80.170 0.0000000000
42534  37.091  -31.890  79.929 0.0000000000
41644  37.143  -32.672  79.420 0.0000000000
40821  35.915  -33.894  77.477 0.0000000000
41656  35.603  -32.711  77.890 0.0000000000
41657  34.757  -32.093  77.304 0.0000000000
41663  34.285  -32.448  76.586 0.0000000000
130251  34.451  -33.084  76.348 0.0000000000
39997  35.724  -34.368  75.152 0.0000000000
40843  35.184  -33.868  74.364 0.0000000000
39020  35.207  -35.898  79.919 0.0000000000
39036  34.800  -36.205  79.294 0.0000000000
38130  35.221  -36.823  76.616 0.0000000000
38129  36.423  -37.188  76.509 0.0000000000
39082  33.633  -35.673  74.046 0.0000000000
39071  33.586  -35.821  74.850 0.0000000000
123736  34.273  -36.169  73.576 0.0000000000
38158  35.192  -36.589  73.682 0.0000000000
38156  37.071  -36.614  74.475 0.0000000000
39093  37.260  -35.960  73.901 0.0000000000
40005  37.482  -35.213  74.273 0.0000000000
39104  37.031  -35.534  73.176 0.0000000000
40036  36.933  -34.479  72.077 0.0000000000
40869  37.296  -33.256  72.752 0.0000000000
71920  50.127  -0.664  56.993 0.0000000000
70992  50.239  -0.931  56.155 0.0000000000
70137  50.407  -2.636  54.354 0.0000000000
144437  50.325  -3.113  53.752 0.0000000000
69291  51.139  -3.170  53.865 0.0000000000
65579  42.567  -7.825  58.262 0.0000000000
66528  42.840  -6.976  58.065 0.0000000000
142754  42.264  -7.333  57.664 0.0000000000
52758  20.437  -20.179  90.155 0.0000000000
52748  19.617  -20.052  90.076 0.0000000000
52759  18.983  -20.245  89.771 0.0000000000
147627  35.698  -19.782  84.949 0.0000000000
54687  35.641  -18.533  85.232 0.0000000000
128252  35.633  -20.015  84.491 0.0000000000
52818  35.507  -20.600  84.027 0.0000000000
138021  35.334  -19.983  83.866 0.0000000000
138020  34.620  -19.995  83.171 0.0000000000
52827  35.072  -20.710  83.527 0.0000000000
50885  34.460  -22.443  82.118 0.0000000000
49972  34.403  -23.497  81.315 0.0000000000
48982  34.067  -24.293  80.456 0.0000000000
49984  34.437  -23.970  81.031 0.0000000000
48981  34.758  -24.649  81.175 0.0000000000
67471  45.896  -5.858  59.363 0.0000000000
67483  43.556  -5.817  57.668 0.0000000000
48999  26.831  -23.941  79.001 0.0000000000
139143  26.235  -24.006  78.446 0.0000000000
50002  26.123  -23.550  79.194 0.0000000000
49013  25.407  -23.815  78.810 0.0000000000
49001  24.567  -24.223  79.369 0.0000000000
46890  19.921  -26.961  82.658 0.0000000000
45944  19.570  -27.661  82.448 0.0000000000
45135  18.886  -29.036  81.860 0.0000000000
44342  18.524  -29.604  82.338 0.0000000000
134652  18.208  -30.251  82.801 0.0000000000
54615  29.102  -18.327  90.319 0.0000000000
54614  29.823  -18.480  89.822 0.0000000000
53637  30.054  -19.385  89.562 0.0000000000
142684  30.280  -20.158  89.402 0.0000000000
51821  31.113  -21.546  88.654 0.0000000000
125622  30.669  -21.942  88.717 0.0000000000
50819  30.529  -22.354  88.477 0.0000000000
50888  27.218  -22.681  82.138 0.0000000000
147139  27.543  -23.446  80.463 0.0000000000
50001  26.714  -23.518  79.587 0.0000000000
58751  40.953  -13.822  60.919 0.0000000000
59750  40.684  -13.563  60.046 0.0000000000
131530  39.163  -14.312  59.058 0.0000000000
132889  21.210  -32.465  89.983 0.0000000000
61594  50.429  -11.898  68.354 0.0000000000
61600  49.742  -12.288  67.738 0.0000000000
59656  49.364  -13.018  68.139 0.0000000000
59638  48.976  -13.681  68.514 0.0000000000
135441  43.699  -17.762  72.688 0.0000000000
123678  44.223  -17.858  72.118 0.0000000000
123286  43.366  -17.502  72.012 0.0000000000
56713  41.433  -16.644  70.661 0.0000000000
56696  41.501  -16.760  71.617 0.0000000000
56676  40.856  -16.754  72.272 0.0000000000
56677  39.998  -16.785  72.216 0.0000000000
53784  32.195  -19.170  77.108 0.0000000000
54813  32.661  -18.591  76.834 0.0000000000
53804  32.293  -19.041  76.314 0.0000000000
131151  32.153  -19.359  75.000 0.0000000000
52896  31.512  -20.225  73.977 0.0000000000
138091  30.906  -20.777  73.677 0.0000000000
147168  30.135  -21.415  72.773 0.0000000000
51945  30.383  -21.377  73.397 0.0000000000
50957  30.105  -22.013  73.826 0.0000000000
50953  29.827  -22.819  74.073 0.0000000000
40777  37.220  -33.993  81.212 0.0000000000
39008  36.581  -35.413  80.568 0.0000000000
39019  36.340  -36.109  80.085 0.0000000000
71906  54.257  -0.142  58.575 0.0000000000
71917  52.774  -0.320  57.613 0.0000000000
130351  24.571  -24.658  84.884 0.0000000000
48927  24.292  -24.583  85.428 0.0000000000
48928  23.728  -24.589  85.606 0.0000000000
50855  20.815  -22.725  86.583 0.0000000000
48943  20.743  -24.653  84.313 0.0000000000
125604  19.433  -24.648  85.390 0.0000000000
53621  25.724  -19.572  90.996 0.0000000000
51789  26.110  -20.940  90.679 0.0000000000
50792  26.055  -21.485  90.242 0.0000000000
50809  23.876  -22.284  89.611 0.0000000000
49884  24.281  -22.740  88.894 0.0000000000
49893  24.556  -23.179  88.253 0.0000000000
49918  25.236  -23.720  86.741 0.0000000000
49919  24.821  -23.828  86.890 0.0000000000
58467  35.356  -14.808  85.560 0.0000000000
140074  35.328  -13.802  85.827 0.0000000000
59459  35.614  -13.302  85.457 0.0000000000
124130  36.381  -12.362  84.046 0.0000000000
60512  36.551  -12.337  82.973 0.0000000000
143409  35.778  -13.793  82.901 0.0000000000
58502  35.525  -14.436  82.495 0.0000000000
53707  33.499  -19.392  81.689 0.0000000000
55666  33.821  -17.954  81.477 0.0000000000
53721  33.057  -19.586  80.894 0.0000000000
54742  32.733  -19.382  79.941 0.0000000000
53746  32.519  -19.313  79.092 0.0000000000
52855  32.264  -19.940  79.197 0.0000000000
146049  31.663  -21.816  78.308 0.0000000000
50932  31.492  -22.560  77.449 0.0000000000
50018  31.823  -23.378  77.767 0.0000000000
134605  31.876  -24.170  77.581 0.0000000000
45992  32.849  -27.225  78.234 0.0000000000
46944  32.481  -26.393  78.037 0.0000000000
132840  32.577  -27.859  77.626 0.0000000000
45181  32.403  -28.481  77.125 0.0000000000
148476  32.294  -29.059  76.719 0.0000000000
125345  32.199  -30.002  75.926 0.0000000000
44408  32.626  -29.768  76.579 0.0000000000
41626  32.747  -32.508  79.238 0.0000000000
147665  32.955  -33.272  79.555 0.0000000000
130450  31.775  -34.660  79.814 0.0000000000
70957  49.738  -1.761  60.044 0.0000000000
70964  49.654  -1.528  59.203 0.0000000000
70100  49.164  -2.013  58.730 0.0000000000
70101  48.586  -2.379  58.343 0.0000000000
70105  47.601  -2.407  57.265 0.0000000000
68421  44.017  -4.302  55.293 0.0000000000
69283  44.642  -3.866  55.350 0.0000000000
48032  24.890  -25.735  75.435 0.0000000000
47953  23.345  -25.620  82.016 0.0000000000
144219  23.288  -25.590  81.341 0.0000000000
127914  23.022  -25.785  80.919 0.0000000000
46923  22.431  -26.342  79.724 0.0000000000
45159  19.785  -28.789  79.170 0.0000000000
45166  20.304  -28.326  78.721 0.0000000000
45167  19.720  -28.783  78.231 0.0000000000
45174  19.685  -28.822  77.290 0.0000000000
54641  32.084  -18.844  87.605 0.0000000000
55613  32.022  -17.818  87.931 0.0000000000
130567  32.983  -18.860  86.877 0.0000000000
53653  33.475  -19.643  86.611 0.0000000000
54655  33.915  -18.825  86.427 0.0000000000
52789  34.008  -20.313  86.353 0.0000000000
49927  34.962  -22.709  85.208 0.0000000000
49939  35.180  -23.328  84.688 0.0000000000
125583  34.564  -23.502  85.321 0.0000000000
48923  34.577  -24.219  84.924 0.0000000000
47912  34.189  -25.273  84.778 0.0000000000
46855  32.103  -26.659  85.471 0.0000000000
45092  32.905  -29.403  84.818 0.0000000000
44323  33.599  -30.445  84.184 0.0000000000
143921  33.091  -30.075  84.489 0.0000000000
44307  32.498  -29.770  84.553 0.0000000000
44324  32.401  -30.012  84.227 0.0000000000
50821  28.051  -21.643  88.549 0.0000000000
51844  28.797  -21.987  86.992 0.0000000000
50862  29.647  -22.404  85.575 0.0000000000
50861  30.179  -22.920  85.211 0.0000000000
48962  29.589  -24.628  82.695 0.0000000000
45941  30.450  -27.633  83.226 0.0000000000
45119  30.710  -28.304  83.016 0.0000000000
45133  30.638  -28.342  82.067 0.0000000000
45132  31.139  -28.888  81.726 0.0000000000
144027  31.068  -28.943  80.802 0.0000000000
46934  28.021  -27.078  79.041 0.0000000000
45993  28.255  -27.770  78.498 0.0000000000
45170  29.023  -29.105  77.854 0.0000000000
44390  28.954  -29.884  77.600 0.0000000000
44391  28.223  -29.442  77.400 0.0000000000
62651  44.446  -10.469  60.237 0.0000000000
133631  43.268  -9.957  59.284 0.0000000000
62664  43.286  -10.699  59.328 0.0000000000
62665  42.755  -11.166  58.916 0.0000000000
59786  40.603  -13.703  56.218 0.0000000000
59795  41.202  -13.925  55.417 0.0000000000
126268  17.972  -24.007  89.566 0.0000000000
48897  18.714  -24.261  88.752 0.0000000000
143307  19.059  -24.541  87.962 0.0000000000
46835  19.300  -26.269  87.271 0.0000000000
44244  20.572  -29.837  89.771 0.0000000000
45074  19.640  -28.527  87.807 0.0000000000
44280  19.530  -29.152  87.156 0.0000000000
139847  18.877  -29.527  85.889 0.0000000000
44292  18.569  -29.717  85.209 0.0000000000
43396  18.947  -30.121  85.853 0.0000000000
73851  52.246  1.722  63.437 0.0000000000
73843  52.119  1.643  64.428 0.0000000000
72856  51.679  0.807  64.817 0.0000000000
72857  51.091  0.140  64.224 0.0000000000
70914  51.568  -1.480  65.928 0.0000000000
70044  51.310  -2.327  65.481 0.0000000000
69211  50.942  -3.639  64.251 0.0000000000
68366  50.160  -4.571  62.142 0.0000000000
68365  50.509  -4.849  62.698 0.0000000000
67437  50.203  -5.356  62.282 0.0000000000
66484  50.132  -6.258  62.594 0.0000000000
145960  50.404  -8.028  64.148 0.0000000000
64564  49.918  -8.084  63.715 0.0000000000
146144  49.534  -8.650  63.679 0.0000000000
64565  48.927  -8.930  63.268 0.0000000000
63639  47.798  -9.427  62.479 0.0000000000
63649  47.293  -9.304  62.057 0.0000000000
62625  47.345  -10.765  62.638 0.0000000000
59699  47.111  -13.265  65.107 0.0000000000
60705  46.856  -13.110  64.359 0.0000000000
59701  46.122  -13.547  64.021 0.0000000000
58710  44.933  -13.838  63.262 0.0000000000
58723  44.276  -13.899  62.860 0.0000000000
147791  44.763  -14.182  63.767 0.0000000000
58711  44.168  -14.327  63.503 0.0000000000
58702  43.782  -14.839  64.148 0.0000000000
147181  49.223  -15.501  70.653 0.0000000000
57684  48.748  -15.283  69.985 0.0000000000
57678  48.475  -15.902  70.454 0.0000000000
57686  47.227  -15.940  69.319 0.0000000000
55837  43.935  -16.936  68.821 0.0000000000
56746  43.391  -16.732  68.166 0.0000000000
56759  43.643  -16.496  67.379 0.0000000000
56773  43.129  -16.319  66.584 0.0000000000
146999  43.208  -16.001  65.911 0.0000000000
56786  42.545  -16.120  65.871 0.0000000000
122966  41.837  -16.143  65.776 0.0000000000
56787  41.278  -15.951  65.333 0.0000000000
56788  40.500  -16.003  65.526 0.0000000000
56789  39.593  -16.033  65.759 0.0000000000
145591  39.128  -16.082  66.170 0.0000000000
56751  38.443  -16.494  68.281 0.0000000000
145597  37.056  -16.502  67.361 0.0000000000
56781  35.503  -16.790  66.196 0.0000000000
56766  35.455  -16.979  67.094 0.0000000000
55845  35.146  -17.304  67.748 0.0000000000
54769  42.703  -18.581  78.043 0.0000000000
53759  42.043  -18.891  77.933 0.0000000000
58531  37.070  -13.540  80.409 0.0000000000
58530  38.244  -13.952  80.298 0.0000000000
58544  37.639  -14.431  79.725 0.0000000000
130488  38.147  -15.305  79.354 0.0000000000
56609  38.417  -16.123  78.941 0.0000000000
127517  36.106  -18.116  76.247 0.0000000000
54810  36.942  -18.416  76.455 0.0000000000
53802  37.784  -18.642  76.701 0.0000000000
53801  38.298  -18.872  76.691 0.0000000000
124928  39.032  -18.996  77.032 0.0000000000
53819  38.454  -19.092  76.253 0.0000000000
54830  38.641  -19.082  75.556 0.0000000000
147502  38.529  -18.636  74.358 0.0000000000
131241  38.121  -18.567  73.937 0.0000000000
54873  36.810  -18.554  72.719 0.0000000000
145477  33.048  -19.438  72.110 0.0000000000
53884  33.783  -19.147  71.727 0.0000000000
53885  32.863  -19.404  71.380 0.0000000000
54904  33.188  -19.027  69.887 0.0000000000
54911  32.896  -18.854  69.077 0.0000000000
53919  31.200  -19.312  68.519 0.0000000000
51985  29.215  -20.799  68.179 0.0000000000
50988  28.245  -22.768  70.498 0.0000000000
49053  30.347  -24.889  75.553 0.0000000000
49054  29.862  -24.609  74.873 0.0000000000
48030  29.853  -25.411  74.932 0.0000000000
43536  30.881  -30.158  72.030 0.0000000000
44450  30.542  -29.574  71.517 0.0000000000
125730  35.675  -27.093  82.179 0.0000000000
45968  35.680  -27.691  81.337 0.0000000000
45144  36.078  -28.498  81.366 0.0000000000
44364  36.254  -29.992  80.237 0.0000000000
40820  36.960  -34.558  77.909 0.0000000000
40827  35.640  -34.227  76.649 0.0000000000
39985  35.756  -34.515  75.991 0.0000000000
40006  37.141  -34.757  74.610 0.0000000000
38117  34.517  -36.372  78.441 0.0000000000
39070  34.427  -36.418  75.194 0.0000000000
39106  35.332  -36.002  72.361 0.0000000000
39105  36.378  -35.674  72.651 0.0000000000
139315  48.613  -2.081  54.914 0.0000000000
70126  49.303  -1.799  55.197 0.0000000000
64615  41.429  -8.740  56.462 0.0000000000
65583  41.559  -8.089  56.950 0.0000000000
64618  41.474  -8.370  55.791 0.0000000000
49895  23.209  -23.096  88.108 0.0000000000
50826  22.228  -22.540  88.238 0.0000000000
50796  23.416  -21.697  90.184 0.0000000000
51793  22.962  -20.869  90.509 0.0000000000
57452  34.323  -15.443  87.041 0.0000000000
57460  34.803  -15.890  86.295 0.0000000000
57459  35.183  -15.551  85.823 0.0000000000
55635  35.619  -17.763  85.264 0.0000000000
56538  35.565  -16.978  85.305 0.0000000000
140001  35.429  -16.288  85.392 0.0000000000
57468  35.483  -15.713  85.277 0.0000000000
57475  35.669  -15.742  84.833 0.0000000000
57483  35.608  -15.525  84.075 0.0000000000
55650  34.918  -17.696  83.312 0.0000000000
137602  33.874  -20.059  82.336 0.0000000000
143033  33.267  -20.338  81.441 0.0000000000
51895  32.762  -21.859  80.317 0.0000000000
50905  32.656  -22.570  79.812 0.0000000000
49986  33.050  -23.293  79.940 0.0000000000
48996  33.046  -24.326  79.268 0.0000000000
47972  33.176  -25.062  79.102 0.0000000000
47971  33.713  -25.472  79.624 0.0000000000
47982  33.269  -25.758  79.028 0.0000000000
45991  33.366  -27.002  78.858 0.0000000000
45162  33.575  -28.550  78.313 0.0000000000
144103  33.879  -29.241  78.228 0.0000000000
41647  31.129  -32.407  78.670 0.0000000000
41629  29.786  -33.138  79.425 0.0000000000
68395  48.530  -4.126  59.731 0.0000000000
69252  48.097  -3.783  59.073 0.0000000000
68406  47.336  -4.137  58.774 0.0000000000
68410  46.102  -4.012  57.833 0.0000000000
68411  45.351  -4.318  57.465 0.0000000000
68416  44.326  -4.247  56.134 0.0000000000
46946  27.202  -26.833  77.938 0.0000000000
46002  26.724  -26.740  77.212 0.0000000000
46955  26.236  -26.308  76.644 0.0000000000
48013  25.827  -25.689  76.400 0.0000000000
132278  25.227  -25.270  76.131 0.0000000000
48014  24.487  -25.132  75.959 0.0000000000
48015  23.608  -25.262  76.081 0.0000000000
48034  23.075  -25.802  75.505 0.0000000000
124858  21.864  -26.789  81.109 0.0000000000
45957  21.264  -27.131  81.328 0.0000000000
45973  20.728  -27.959  80.446 0.0000000000
43447  18.306  -30.350  81.183 0.0000000000
42529  18.049  -30.930  80.847 0.0000000000
129520  30.488  -18.660  89.257 0.0000000000
146588  31.006  -18.768  88.749 0.0000000000
53646  31.411  -19.260  88.317 0.0000000000
53645  31.887  -19.894  87.878 0.0000000000
50833  33.095  -22.422  87.109 0.0000000000
49915  33.312  -23.687  86.642 0.0000000000
49900  32.821  -23.259  87.162 0.0000000000
48912  32.492  -24.024  87.002 0.0000000000
124609  32.279  -24.784  86.520 0.0000000000
50835  31.665  -22.979  87.929 0.0000000000
48902  31.843  -24.073  87.000 0.0000000000
47892  31.829  -25.384  85.986 0.0000000000
47901  31.561  -25.887  85.440 0.0000000000
46857  31.315  -26.383  84.939 0.0000000000
50864  27.539  -22.230  85.439 0.0000000000
50863  28.434  -22.086  85.187 0.0000000000
50877  29.112  -23.036  83.005 0.0000000000
50887  27.956  -22.560  82.663 0.0000000000
50886  28.506  -22.912  82.455 0.0000000000
148027  28.973  -23.416  82.403 0.0000000000
48972  29.211  -24.151  82.150 0.0000000000
46897  28.914  -26.200  80.913 0.0000000000
46908  29.169  -26.798  80.865 0.0000000000
46909  28.551  -26.422  80.243 0.0000000000
46921  28.011  -26.363  79.500 0.0000000000
48998  27.816  -24.701  79.717 0.0000000000
46922  27.503  -26.365  78.654 0.0000000000
60769  42.708  -12.551  59.647 0.0000000000
60770  41.911  -12.749  59.218 0.0000000000
124073  41.107  -12.956  58.720 0.0000000000
59759  40.496  -13.414  59.126 0.0000000000
59769  40.370  -13.409  58.140 0.0000000000
59778  40.346  -13.535  57.117 0.0000000000
44243  20.679  -30.368  90.283 0.0000000000
43361  20.871  -30.503  89.337 0.0000000000
43383  20.383  -30.779  87.675 0.0000000000
41581  20.485  -32.263  87.291 0.0000000000
148700  49.721  -10.564  65.236 0.0000000000
61626  48.826  -11.017  64.393 0.0000000000
61625  49.215  -11.094  64.983 0.0000000000
61618  48.918  -11.732  65.439 0.0000000000
60694  48.230  -12.223  65.055 0.0000000000
60681  49.287  -12.253  67.008 0.0000000000
130117  48.485  -12.363  65.834 0.0000000000
60695  47.779  -12.805  65.451 0.0000000000
59688  47.357  -13.423  65.848 0.0000000000
59689  46.677  -13.846  65.553 0.0000000000
128859  46.332  -14.361  66.000 0.0000000000
55811  46.570  -17.769  71.547 0.0000000000
56710  46.524  -17.362  70.805 0.0000000000
147410  45.913  -17.687  70.987 0.0000000000
55827  44.806  -17.405  70.090 0.0000000000
55795  43.905  -17.639  71.324 0.0000000000
55829  43.716  -17.103  69.467 0.0000000000
56748  41.469  -16.547  68.221 0.0000000000
56761  40.950  -16.442  67.628 0.0000000000
56749  40.736  -16.458  68.295 0.0000000000
123514  40.099  -16.429  68.822 0.0000000000
56714  40.583  -16.497  70.255 0.0000000000
56734  39.844  -16.474  69.755 0.0000000000
123513  39.055  -16.501  69.171 0.0000000000
139284  38.487  -16.702  69.766 0.0000000000
56717  37.852  -16.936  69.901 0.0000000000
55831  37.232  -17.275  69.990 0.0000000000
56595  40.995  -15.806  79.754 0.0000000000
56625  34.858  -16.517  78.207 0.0000000000
56624  35.513  -16.041  78.443 0.0000000000
144748  35.027  -16.969  77.312 0.0000000000
55730  35.694  -17.563  76.684 0.0000000000
54812  33.360  -18.151  76.464 0.0000000000
148333  35.307  -17.850  76.208 0.0000000000
147855  35.449  -18.257  75.617 0.0000000000
53822  36.044  -18.660  75.179 0.0000000000
53839  35.760  -18.717  74.484 0.0000000000
53840  34.903  -18.608  74.154 0.0000000000
53859  32.650  -19.485  73.511 0.0000000000
53873  32.692  -19.590  72.779 0.0000000000
132981  32.367  -19.705  71.983 0.0000000000
52903  31.086  -20.167  71.404 0.0000000000
52904  30.113  -20.477  70.624 0.0000000000
51952  29.852  -21.032  71.457 0.0000000000
51949  29.671  -21.778  72.450 0.0000000000
50969  29.193  -22.175  72.068 0.0000000000
50970  28.745  -22.245  71.290 0.0000000000
125505  28.168  -24.131  71.443 0.0000000000
126887  28.226  -24.879  71.532 0.0000000000
45198  30.691  -28.478  75.096 0.0000000000
46044  30.194  -28.064  74.483 0.0000000000
45215  30.525  -28.874  74.293 0.0000000000
43529  30.817  -29.952  72.847 0.0000000000
43531  31.307  -30.535  72.697 0.0000000000
43435  36.700  -30.533  82.451 0.0000000000
43443  37.315  -31.322  81.453 0.0000000000
42521  37.503  -32.141  81.212 0.0000000000
41610  37.646  -33.013  80.906 0.0000000000
40776  37.633  -33.890  80.790 0.0000000000
40810  37.983  -34.565  79.639 0.0000000000
39956  37.775  -35.196  78.289 0.0000000000
39060  37.508  -36.409  76.347 0.0000000000
39072  32.838  -35.391  75.294 0.0000000000
40027  32.723  -34.788  72.967 0.0000000000
70976  54.636  -1.272  57.290 0.0000000000
71916  54.009  -0.588  57.933 0.0000000000
70989  54.330  -1.972  56.541 0.0000000000
70998  53.435  -2.294  55.870 0.0000000000
70123  53.020  -2.744  55.156 0.0000000000
70135  52.591  -3.081  54.578 0.0000000000
49964  25.580  -23.580  82.489 0.0000000000
48974  24.946  -24.094  82.124 0.0000000000
48964  24.387  -24.851  82.712 0.0000000000
47941  23.987  -25.297  83.098 0.0000000000
47942  23.470  -25.620  82.752 0.0000000000
46878  23.109  -25.795  83.093 0.0000000000
140454  22.556  -25.852  83.064 0.0000000000
127253  23.117  -23.624  87.131 0.0000000000
48929  22.924  -24.423  85.610 0.0000000000
49931  22.030  -23.711  85.837 0.0000000000
46879  21.662  -26.105  82.708 0.0000000000
46880  20.524  -26.317  82.872 0.0000000000
47917  20.422  -25.272  83.855 0.0000000000
46881  19.538  -26.618  83.360 0.0000000000
46868  18.907  -27.090  83.948 0.0000000000
53619  27.817  -18.856  90.770 0.0000000000
53627  28.040  -19.761  90.641 0.0000000000
52756  28.417  -20.510  90.213 0.0000000000
51804  28.678  -21.105  89.696 0.0000000000
51824  28.421  -21.409  89.265 0.0000000000
51788  27.261  -21.156  90.039 0.0000000000
129829  26.938  -22.166  87.089 0.0000000000
148579  24.989  -21.471  90.475 0.0000000000
50793  25.395  -21.755  90.134 0.0000000000
50824  25.377  -22.486  89.025 0.0000000000
50853  27.189  -22.208  86.311 0.0000000000
50865  26.686  -22.723  85.668 0.0000000000
49942  26.275  -23.215  84.884 0.0000000000
134904  25.366  -23.958  86.065 0.0000000000
49951  26.262  -23.128  83.813 0.0000000000
57757  38.971  -15.066  61.870 0.0000000000
58754  38.585  -14.837  60.369 0.0000000000
58741  38.552  -14.977  61.138 0.0000000000
56876  37.461  -16.478  59.384 0.0000000000
57677  49.929  -15.294  71.240 0.0000000000
57665  49.322  -15.991  71.263 0.0000000000
56673  48.516  -17.254  72.146 0.0000000000
133723  48.619  -17.691  72.910 0.0000000000
55792  46.528  -18.132  72.193 0.0000000000
55772  46.006  -18.386  72.601 0.0000000000
55757  45.480  -18.521  73.219 0.0000000000
54859  45.988  -18.730  74.034 0.0000000000
123108  44.466  -18.191  73.069 0.0000000000
147499  44.223  -18.279  73.763 0.0000000000
55743  43.075  -17.934  74.157 0.0000000000
59481  37.156  -12.781  81.349 0.0000000000
58546  35.799  -14.740  79.863 0.0000000000
57497  34.936  -15.913  82.432 0.0000000000
144359  34.724  -15.831  81.469 0.0000000000
57508  34.882  -15.442  80.730 0.0000000000
57526  34.787  -15.751  79.885 0.0000000000
56611  34.797  -16.104  79.064 0.0000000000
55692  34.167  -16.835  79.028 0.0000000000
55710  33.683  -17.439  78.667 0.0000000000
128312  32.956  -18.297  78.050 0.0000000000
53763  32.245  -19.606  78.542 0.0000000000
137133  32.242  -19.345  77.875 0.0000000000
54797  32.585  -18.723  77.634 0.0000000000
51934  31.137  -21.156  75.790 0.0000000000
51927  31.050  -21.926  76.080 0.0000000000
134988  30.714  -24.104  75.965 0.0000000000
137720  31.434  -23.160  77.089 0.0000000000
46968  30.493  -26.323  75.664 0.0000000000
46009  30.809  -27.111  75.903 0.0000000000
123278  32.621  -24.007  78.829 0.0000000000
49023  32.112  -24.920  77.870 0.0000000000
47998  31.733  -25.591  77.264 0.0000000000
46945  31.956  -26.356  77.408 0.0000000000
46953  31.472  -26.275  76.826 0.0000000000
133556  31.267  -26.863  76.473 0.0000000000
43516  31.800  -30.307  74.851 0.0000000000
43515  32.191  -30.445  75.377 0.0000000000
43524  32.179  -30.855  74.716 0.0000000000
142685  32.656  -31.783  73.792 0.0000000000
41613  34.530  -32.409  80.347 0.0000000000
40779  35.007  -34.262  80.413 0.0000000000
144764  34.588  -33.359  80.263 0.0000000000
127415  33.162  -34.491  79.926 0.0000000000
39037  33.661  -35.893  79.141 0.0000000000
39052  33.295  -35.959  78.361 0.0000000000
39053  32.824  -35.758  77.331 0.0000000000
39039  31.520  -35.452  78.985 0.0000000000
39040  30.861  -35.391  78.479 0.0000000000
71898  51.726  0.320  59.553 0.0000000000
71908  51.753  0.145  58.691 0.0000000000
71899  50.933  -0.227  59.158 0.0000000000
71910  50.153  -0.639  57.865 0.0000000000
70993  49.371  -1.048  56.624 0.0000000000
70972  49.547  -1.247  58.357 0.0000000000
70977  49.435  -1.047  57.479 0.0000000000
71003  48.587  -1.646  55.607 0.0000000000
69294  47.603  -2.811  54.176 0.0000000000
69264  47.218  -3.050  57.718 0.0000000000
70106  46.900  -2.724  56.925 0.0000000000
70117  46.673  -2.510  56.065 0.0000000000
69282  45.319  -3.386  55.460 0.0000000000
69281  45.966  -2.892  55.721 0.0000000000
70129  46.607  -2.637  55.191 0.0000000000
127178  46.760  -2.930  54.353 0.0000000000
136480  26.299  -27.785  76.298 0.0000000000
49002  23.998  -24.668  78.952 0.0000000000
47962  23.494  -25.290  80.582 0.0000000000
47975  23.426  -25.247  79.554 0.0000000000
131184  23.237  -25.351  77.751 0.0000000000
48016  22.854  -25.635  76.419 0.0000000000
131710  22.336  -26.174  75.846 0.0000000000
46912  21.943  -26.908  80.173 0.0000000000
46924  21.909  -26.878  79.232 0.0000000000
45996  20.740  -27.796  78.249 0.0000000000
46937  21.790  -26.767  78.296 0.0000000000
46948  21.684  -26.669  77.313 0.0000000000
46958  21.658  -26.647  76.261 0.0000000000
46974  21.855  -26.844  75.183 0.0000000000
131793  32.109  -17.001  88.276 0.0000000000
57445  33.268  -15.152  88.100 0.0000000000
57453  33.749  -15.684  87.511 0.0000000000
127480  34.158  -16.965  86.648 0.0000000000
55629  34.721  -17.623  86.125 0.0000000000
53663  34.413  -19.496  86.153 0.0000000000
52787  35.136  -19.401  85.683 0.0000000000
52797  35.421  -20.106  85.321 0.0000000000
52807  35.598  -20.507  84.801 0.0000000000
51865  35.538  -21.617  84.078 0.0000000000
49960  35.581  -23.645  83.006 0.0000000000
48961  35.461  -24.158  82.396 0.0000000000
124880  35.567  -24.444  82.943 0.0000000000
126773  35.524  -25.245  82.698 0.0000000000
145847  35.507  -25.737  82.601 0.0000000000
47925  35.365  -25.803  83.069 0.0000000000
46886  35.500  -26.331  82.526 0.0000000000
141765  35.479  -27.122  82.704 0.0000000000
45118  36.051  -28.795  82.688 0.0000000000
44338  36.370  -29.698  82.605 0.0000000000
125376  33.771  -24.879  85.543 0.0000000000
46864  33.791  -26.986  84.545 0.0000000000
46854  32.792  -26.995  85.304 0.0000000000
45103  35.367  -28.780  83.420 0.0000000000
43427  36.034  -30.571  83.051 0.0000000000
43436  36.352  -31.328  82.683 0.0000000000
123810  35.985  -31.871  82.621 0.0000000000
146708  34.160  -30.712  83.837 0.0000000000
43428  34.539  -30.965  83.324 0.0000000000
42513  35.784  -32.046  82.364 0.0000000000
41602  35.833  -32.485  81.993 0.0000000000
42514  35.297  -31.868  82.077 0.0000000000
42524  34.758  -31.784  81.031 0.0000000000
127780  30.429  -22.660  87.994 0.0000000000
50837  29.698  -22.299  87.622 0.0000000000
50836  30.372  -22.892  87.230 0.0000000000
49916  30.942  -23.747  86.758 0.0000000000
47902  31.347  -25.681  85.283 0.0000000000
134221  31.090  -26.138  84.831 0.0000000000
125104  29.103  -22.188  85.078 0.0000000000
49949  30.314  -23.931  84.204 0.0000000000
48952  29.985  -24.515  83.455 0.0000000000
123253  30.654  -26.089  84.362 0.0000000000
46866  30.965  -26.735  84.592 0.0000000000
45095  31.039  -28.082  84.399 0.0000000000
129731  31.236  -28.691  84.293 0.0000000000
130995  31.965  -29.805  83.817 0.0000000000
145800  31.593  -29.461  83.130 0.0000000000
43446  33.079  -30.421  82.664 0.0000000000
43471  32.089  -31.096  78.681 0.0000000000
45970  29.512  -27.418  80.668 0.0000000000
45147  29.875  -28.036  80.231 0.0000000000
45155  30.254  -28.536  79.754 0.0000000000
146476  29.136  -27.944  79.248 0.0000000000
45156  29.655  -28.312  79.280 0.0000000000
45164  30.366  -28.913  78.997 0.0000000000
128348  30.979  -29.528  78.827 0.0000000000
141360  30.933  -30.334  78.175 0.0000000000
42560  30.828  -31.428  78.048 0.0000000000
43491  29.354  -30.607  77.659 0.0000000000
65570  44.646  -7.801  59.754 0.0000000000
65571  43.779  -7.934  59.229 0.0000000000
138381  43.138  -8.073  58.827 0.0000000000
64611  42.118  -8.623  58.038 0.0000000000
63676  42.965  -9.345  59.022 0.0000000000
63677  42.362  -9.355  58.424 0.0000000000
64614  41.632  -8.695  57.337 0.0000000000
61701  41.700  -11.699  57.894 0.0000000000
61709  41.317  -11.611  56.988 0.0000000000
60793  41.150  -12.279  56.330 0.0000000000
61716  41.340  -11.423  55.972 0.0000000000
58765  38.633  -14.791  59.472 0.0000000000
58776  38.694  -14.954  58.597 0.0000000000
57794  38.941  -15.250  57.847 0.0000000000
56898  39.546  -16.372  57.343 0.0000000000
53640  18.601  -19.514  89.575 0.0000000000
123320  18.073  -20.593  89.456 0.0000000000
50828  19.014  -21.825  88.260 0.0000000000
49886  17.297  -22.369  89.609 0.0000000000
49909  19.325  -23.240  86.877 0.0000000000
48918  19.362  -23.968  86.131 0.0000000000
47894  19.228  -24.865  86.348 0.0000000000
45926  18.646  -27.676  84.504 0.0000000000
45904  18.949  -27.389  86.108 0.0000000000
45917  18.681  -27.533  85.291 0.0000000000
43430  18.195  -30.263  83.689 0.0000000000
43419  18.335  -30.401  84.611 0.0000000000
135782  53.232  1.028  60.537 0.0000000000
72895  53.371  1.405  61.102 0.0000000000
127369  52.397  0.803  60.664 0.0000000000
71883  51.698  0.626  61.125 0.0000000000
71884  50.775  -0.139  61.003 0.0000000000
72878  51.028  0.369  62.345 0.0000000000
71872  50.529  -0.384  61.930 0.0000000000
70946  49.769  -1.904  60.922 0.0000000000
70083  49.514  -2.570  60.379 0.0000000000
69250  49.275  -3.119  60.011 0.0000000000
72850  51.940  0.630  65.797 0.0000000000
71853  51.372  -0.051  65.170 0.0000000000
71854  50.797  -0.795  64.563 0.0000000000
70915  50.928  -1.610  65.054 0.0000000000
70922  50.480  -1.612  64.215 0.0000000000
70930  50.225  -1.363  63.371 0.0000000000
136569  49.938  -2.363  62.788 0.0000000000
70074  49.635  -2.744  61.200 0.0000000000
69241  49.112  -3.763  60.145 0.0000000000
68386  48.224  -4.835  60.044 0.0000000000
67469  47.452  -5.183  59.778 0.0000000000
67460  47.135  -5.880  60.148 0.0000000000
66505  46.893  -6.655  60.527 0.0000000000
66506  46.104  -6.938  60.243 0.0000000000
67418  51.924  -5.678  64.716 0.0000000000
66483  50.735  -6.206  63.225 0.0000000000
66485  49.217  -6.848  62.220 0.0000000000
65537  49.269  -7.539  62.753 0.0000000000
65538  48.757  -7.580  62.325 0.0000000000
146334  47.756  -7.282  61.404 0.0000000000
65559  46.475  -7.420  60.720 0.0000000000
65560  45.880  -7.562  60.430 0.0000000000
65561  45.392  -8.064  60.343 0.0000000000
64587  45.598  -8.882  60.710 0.0000000000
63657  45.088  -9.793  60.572 0.0000000000
63650  46.671  -9.660  61.720 0.0000000000
62650  44.977  -10.666  60.670 0.0000000000
61685  44.599  -11.377  60.557 0.0000000000
60760  43.994  -12.062  60.333 0.0000000000
61639  48.289  -11.366  64.023 0.0000000000
61654  47.341  -11.437  63.018 0.0000000000
61655  46.765  -11.459  62.451 0.0000000000
60717  46.608  -12.917  63.610 0.0000000000
124314  46.418  -12.195  62.538 0.0000000000
61656  46.127  -11.834  62.003 0.0000000000
60749  45.482  -12.186  61.670 0.0000000000
60750  44.797  -12.532  61.352 0.0000000000
59747  43.150  -13.131  60.824 0.0000000000
59729  43.047  -13.930  62.174 0.0000000000
59741  41.852  -13.724  61.162 0.0000000000
58738  41.322  -14.176  61.733 0.0000000000
58727  39.820  -14.796  62.102 0.0000000000
59617  50.065  -13.524  69.802 0.0000000000
59618  49.376  -13.953  69.301 0.0000000000
58681  48.249  -14.106  68.103 0.0000000000
58674  48.285  -15.024  69.228 0.0000000000
58682  47.872  -14.762  68.497 0.0000000000
58689  47.178  -14.243  66.998 0.0000000000
58690  46.468  -14.626  66.669 0.0000000000
58691  45.687  -14.953  66.237 0.0000000000
129872  46.535  -16.894  70.091 0.0000000000
56743  45.990  -16.395  68.803 0.0000000000
131868  44.908  -16.641  68.351 0.0000000000
56744  45.456  -16.370  68.276 0.0000000000
57697  45.648  -15.909  67.693 0.0000000000
58694  45.171  -14.883  65.500 0.0000000000
58695  44.662  -14.903  65.012 0.0000000000
57727  43.113  -15.104  64.171 0.0000000000
57708  42.939  -15.778  65.305 0.0000000000
57717  42.655  -15.475  64.590 0.0000000000
57728  42.458  -15.123  63.871 0.0000000000
57729  41.667  -15.176  63.589 0.0000000000
57742  39.404  -15.230  62.594 0.0000000000
57743  38.560  -15.452  62.620 0.0000000000
57720  39.245  -15.779  64.254 0.0000000000
57732  38.572  -15.737  63.594 0.0000000000
123508  40.287  -16.373  67.108 0.0000000000
56777  39.514  -16.218  66.627 0.0000000000
56778  38.635  -16.172  66.550 0.0000000000
56763  38.396  -16.352  67.372 0.0000000000
56790  37.948  -16.135  65.983 0.0000000000
54825  43.918  -18.875  75.741 0.0000000000
54845  43.013  -18.301  74.941 0.0000000000
55744  42.303  -17.819  74.286 0.0000000000
56606  40.762  -16.606  79.338 0.0000000000
144226  36.232  -16.268  78.071 0.0000000000
56622  37.976  -16.712  78.436 0.0000000000
55718  37.987  -17.833  77.613 0.0000000000
130456  38.463  -17.434  78.143 0.0000000000
56621  38.918  -16.960  78.629 0.0000000000
55691  39.745  -17.139  78.794 0.0000000000
55690  40.449  -17.217  78.908 0.0000000000
55689  41.128  -17.266  78.959 0.0000000000
54771  41.075  -18.392  78.364 0.0000000000
53760  41.292  -18.759  78.048 0.0000000000
53780  41.431  -18.976  77.594 0.0000000000
129206  39.889  -19.075  77.101 0.0000000000
127419  40.743  -19.080  77.065 0.0000000000
53800  41.604  -19.059  76.969 0.0000000000
55745  41.395  -17.765  74.378 0.0000000000
55761  40.841  -17.367  73.686 0.0000000000
55776  40.379  -17.051  72.970 0.0000000000
55797  39.294  -17.026  72.185 0.0000000000
54862  38.280  -18.026  73.150 0.0000000000
55778  38.805  -17.442  72.573 0.0000000000
55798  38.658  -17.176  71.714 0.0000000000
55816  38.277  -17.128  71.035 0.0000000000
55817  37.637  -17.317  70.636 0.0000000000
53856  35.466  -18.739  73.748 0.0000000000
54864  35.997  -18.785  73.154 0.0000000000
124593  36.079  -18.628  72.377 0.0000000000
53883  34.802  -18.833  71.688 0.0000000000
54888  35.762  -18.544  71.620 0.0000000000
54900  35.918  -18.234  70.716 0.0000000000
55819  36.004  -17.881  69.938 0.0000000000
144785  36.009  -17.604  69.476 0.0000000000
55840  34.600  -17.684  68.099 0.0000000000
54917  33.401  -18.430  68.505 0.0000000000
146367  29.611  -20.565  69.819 0.0000000000
51975  28.781  -21.266  68.957 0.0000000000
51986  28.795  -21.660  68.253 0.0000000000
138365  28.321  -22.576  69.228 0.0000000000
134060  28.488  -21.924  68.837 0.0000000000
146848  29.801  -23.361  74.364 0.0000000000
50046  29.493  -23.556  73.916 0.0000000000
49066  29.607  -24.474  74.440 0.0000000000
49079  29.318  -24.379  73.913 0.0000000000
49080  28.873  -24.657  73.213 0.0000000000
48067  28.434  -25.438  71.960 0.0000000000
46045  29.704  -27.529  73.804 0.0000000000
46062  29.301  -27.295  72.946 0.0000000000
47021  28.987  -27.003  72.086 0.0000000000
47950  35.310  -25.190  81.685 0.0000000000
46907  34.983  -26.364  80.844 0.0000000000
45980  34.581  -27.762  79.903 0.0000000000
45161  34.254  -28.957  78.783 0.0000000000
43457  35.950  -30.569  79.418 0.0000000000
41645  36.467  -32.642  78.676 0.0000000000
133226  35.876  -31.969  78.449 0.0000000000
42556  35.717  -31.183  78.723 0.0000000000
42557  34.996  -30.913  78.195 0.0000000000
43490  34.460  -30.379  77.998 0.0000000000
42591  34.097  -31.519  76.897 0.0000000000
41664  33.721  -31.916  76.208 0.0000000000
41672  33.498  -32.176  75.575 0.0000000000
40835  33.633  -32.772  74.993 0.0000000000
40844  34.056  -33.305  74.286 0.0000000000
40855  34.739  -33.446  73.781 0.0000000000
39009  35.748  -35.537  80.337 0.0000000000
38106  36.670  -36.599  79.251 0.0000000000
38116  35.854  -36.751  78.622 0.0000000000
38115  36.960  -36.862  78.422 0.0000000000
38128  37.218  -36.871  76.917 0.0000000000
38134  37.150  -36.849  75.951 0.0000000000
39069  37.499  -36.280  75.484 0.0000000000
38147  35.407  -36.838  74.553 0.0000000000
38146  36.477  -37.070  74.817 0.0000000000
38145  37.176  -36.769  75.125 0.0000000000
40015  37.383  -34.379  73.813 0.0000000000
40853  37.179  -33.635  73.427 0.0000000000
40870  36.659  -32.926  73.117 0.0000000000
71918  51.736  -0.068  57.838 0.0000000000
71930  51.667  -0.423  57.026 0.0000000000
70991  51.416  -0.962  56.225 0.0000000000
132207  50.057  -1.532  55.446 0.0000000000
71001  50.820  -1.389  55.664 0.0000000000
71000  51.644  -1.747  55.593 0.0000000000
70136  51.520  -2.792  54.481 0.0000000000
69305  51.742  -3.715  53.390 0.0000000000
129468  48.203  -4.660  51.699 0.0000000000
65577  44.144  -7.101  59.116 0.0000000000
66527  43.683  -6.496  58.367 0.0000000000
67487  42.838  -5.945  57.014 0.0000000000
65586  41.789  -7.324  56.940 0.0000000000
66532  42.116  -6.516  56.525 0.0000000000
39006  37.701  -35.821  79.891 0.0000000000
39034  38.092  -35.993  78.822 0.0000000000
39035  37.603  -36.484  78.794 0.0000000000
39050  37.995  -35.900  78.197 0.0000000000
39917  37.677  -35.284  80.276 0.0000000000
39918  36.899  -34.715  80.936 0.0000000000
40770  36.824  -33.276  81.665 0.0000000000
40796  37.702  -33.595  79.614 0.0000000000
41601  37.072  -32.702  81.972 0.0000000000
42505  37.032  -31.313  82.213 0.0000000000
42522  37.300  -31.492  80.687 0.0000000000
42535  36.401  -31.272  79.437 0.0000000000
43445  33.991  -30.819  82.220 0.0000000000
44356  36.695  -29.808  81.141 0.0000000000
45094  31.485  -28.595  84.655 0.0000000000
45117  36.419  -28.920  82.029 0.0000000000
45163  33.463  -27.712  78.629 0.0000000000
45914  32.112  -27.619  85.265 0.0000000000
45915  31.570  -27.462  84.974 0.0000000000
45940  35.687  -27.882  82.705 0.0000000000
47900  33.256  -25.665  85.713 0.0000000000
48031  25.476  -25.865  75.800 0.0000000000
48937  35.335  -23.904  84.153 0.0000000000
49961  35.322  -23.479  82.484 0.0000000000
51005  28.295  -22.429  69.868 0.0000000000
51791  24.447  -21.364  90.528 0.0000000000
51858  35.507  -21.375  84.619 0.0000000000
51874  34.216  -21.571  82.336 0.0000000000
51884  32.927  -21.119  80.850 0.0000000000
51906  31.853  -21.782  78.824 0.0000000000
52788  34.825  -20.151  85.880 0.0000000000
52863  31.731  -20.454  77.766 0.0000000000
53654  32.588  -19.736  87.187 0.0000000000
53706  34.199  -19.150  82.631 0.0000000000
53783  38.522  -18.695  77.095 0.0000000000
53842  32.808  -19.023  74.641 0.0000000000
53854  36.869  -18.971  74.345 0.0000000000
54699  35.817  -18.257  85.008 0.0000000000
54773  39.630  -18.162  78.146 0.0000000000
55705  40.783  -17.851  78.636 0.0000000000
55760  41.725  -17.398  73.633 0.0000000000
55777  39.558  -17.203  72.838 0.0000000000
55799  37.845  -17.549  71.447 0.0000000000
55830  43.038  -17.028  69.669 0.0000000000
56513  34.264  -16.176  86.789 0.0000000000
56572  35.347  -16.123  83.507 0.0000000000
56623  37.026  -16.413  78.195 0.0000000000
56753  36.178  -16.999  68.264 0.0000000000
57543  39.744  -16.072  79.531 0.0000000000
57693  46.035  -16.041  68.246 0.0000000000
57706  44.255  -15.615  65.855 0.0000000000
57795  38.424  -15.719  58.436 0.0000000000
58714  41.491  -14.878  62.957 0.0000000000
59712  45.610  -13.592  63.485 0.0000000000
60759  44.532  -12.151  60.815 0.0000000000
60761  43.365  -12.613  60.268 0.0000000000
62663  43.807  -10.209  59.708 0.0000000000
64575  48.801  -8.185  62.723 0.0000000000
64610  42.718  -8.628  58.666 0.0000000000
65527  49.817  -7.501  63.244 0.0000000000
65551  46.763  -8.038  61.201 0.0000000000
65558  47.240  -7.240  61.080 0.0000000000
65587  41.492  -7.873  56.308 0.0000000000
66474  50.325  -6.843  63.216 0.0000000000
66514  46.382  -6.224  59.938 0.0000000000
66529  43.059  -6.371  57.713 0.0000000000
67457  49.309  -4.779  61.019 0.0000000000
67459  47.897  -5.536  60.366 0.0000000000
67486  44.075  -5.181  57.456 0.0000000000
68346  51.689  -4.956  64.543 0.0000000000
68347  51.218  -4.443  64.028 0.0000000000
68384  49.408  -4.052  60.830 0.0000000000
68425  44.874  -3.859  54.015 0.0000000000
68448  48.707  -4.206  52.237 0.0000000000
69240  49.439  -3.323  60.662 0.0000000000
69261  47.630  -3.424  58.418 0.0000000000
69273  44.953  -3.729  55.995 0.0000000000
69290  52.206  -3.429  53.988 0.0000000000
70139  47.879  -2.302  54.769 0.0000000000
70995  47.955  -1.780  55.983 0.0000000000
71892  51.634  0.440  60.381 0.0000000000
71919  50.898  -0.361  57.398 0.0000000000
73863  53.313  2.212  62.349 0.0000000000
123507  37.213  -16.310  66.170 0.0000000000
123512  37.552  -16.690  68.567 0.0000000000
125241  41.017  -16.499  68.876 0.0000000000
126244  35.047  -29.784  83.734 0.0000000000
126711  52.085  -5.235  65.133 0.0000000000
127600  29.501  -22.501  84.664 0.0000000000
129639  42.820  -5.359  55.678 0.0000000000
129755  37.146  -33.325  78.983 0.0000000000
131108  31.709  -20.003  71.867 0.0000000000
132539  44.097  -17.351  70.020 0.0000000000
135065  33.043  -19.126  73.955 0.0000000000
135413  47.870  -10.165  62.804 0.0000000000
136619  35.574  -19.268  85.237 0.0000000000
137256  37.856  -34.618  80.238 0.0000000000
137831  32.614  -18.878  78.488 0.0000000000
141027  50.239  -11.667  67.688 0.0000000000
141066  38.746  -16.024  65.773 0.0000000000
142053  27.060  -22.556  84.916 0.0000000000
142882  35.709  -16.561  85.033 0.0000000000
145011  37.497  -34.642  80.720 0.0000000000
145182  35.438  -21.463  85.041 0.0000000000
145475  35.724  -27.371  81.793 0.0000000000
145607  50.443  -1.073  63.978 0.0000000000
146537  28.255  -23.160  69.355 0.0000000000
146611  44.628  -15.232  65.543 0.0000000000
146909  37.799  -15.593  79.033 0.0000000000
147146  50.006  -2.085  54.907 0.0000000000
147214  35.018  -22.117  85.333 0.0000000000
147725  23.811  -25.230  84.030 0.0000000000
148241  51.054  -5.273  63.437 0.0000000000
148564  36.785  -15.372  78.874 0.0000000000
