#!ascii label  , from subject sub-v1s17x0050238_ses-1 vox2ras=TkReg
1113
93210  -52.875  26.080  8.273 0.0000000000
102800  -45.986  42.196  19.086 0.0000000000
94432  -48.754  27.311  20.270 0.0000000000
96925  -52.149  31.891  18.471 0.0000000000
102270  -49.691  40.872  13.839 0.0000000000
100460  -53.293  37.787  20.732 0.0000000000
117604  -51.693  37.510  16.297 0.0000000000
98184  -48.564  33.518  15.619 0.0000000000
131315  -56.497  20.794  17.674 0.0000000000
91786  -55.080  23.792  14.238 0.0000000000
104410  -37.897  45.124  13.824 0.0000000000
104401  -45.523  45.335  14.880 0.0000000000
104440  -50.057  45.714  10.394 0.0000000000
94481  -50.552  26.865  13.438 0.0000000000
98142  -48.718  33.747  19.514 0.0000000000
95700  -55.491  29.518  20.694 0.0000000000
96383  -55.374  31.107  11.961 0.0000000000
96381  -50.870  30.726  12.444 0.0000000000
94470  -46.669  27.767  14.659 0.0000000000
117372  -53.702  30.126  6.506 0.0000000000
102842  -52.468  40.601  11.613 0.0000000000
136410  -53.321  39.024  15.065 0.0000000000
101123  -52.696  38.177  12.535 0.0000000000
101091  -48.344  38.244  14.217 0.0000000000
90992  -58.718  22.995  15.988 0.0000000000
90979  -56.730  23.232  17.899 0.0000000000
104911  -34.267  45.771  14.530 0.0000000000
103916  -47.570  43.741  12.986 0.0000000000
132214  -49.811  24.475  14.960 0.0000000000
94455  -49.400  27.217  16.338 0.0000000000
102222  -42.053  41.082  18.575 0.0000000000
101067  -46.534  38.082  18.511 0.0000000000
98733  -54.568  34.995  20.356 0.0000000000
98114  -54.952  34.314  22.605 0.0000000000
129261  -55.323  31.308  20.015 0.0000000000
95735  -56.354  29.919  16.661 0.0000000000
121135  -55.381  31.629  15.648 0.0000000000
96985  -53.717  31.924  11.706 0.0000000000
97566  -52.094  32.206  15.094 0.0000000000
96963  -47.753  31.317  14.856 0.0000000000
102817  -47.821  42.455  17.922 0.0000000000
101647  -49.438  40.021  19.359 0.0000000000
101667  -51.288  39.644  17.481 0.0000000000
129238  -53.046  38.224  17.894 0.0000000000
98761  -51.211  35.210  17.988 0.0000000000
98173  -50.076  33.267  16.798 0.0000000000
99374  -49.357  36.026  16.943 0.0000000000
99382  -46.744  35.857  15.176 0.0000000000
90239  -57.336  22.392  14.154 0.0000000000
137953  -57.240  24.204  12.387 0.0000000000
132501  -53.565  24.536  10.902 0.0000000000
103341  -34.350  42.288  17.598 0.0000000000
103357  -37.413  42.348  16.468 0.0000000000
103374  -41.454  42.887  15.894 0.0000000000
103871  -45.551  44.299  16.964 0.0000000000
104388  -50.063  45.669  15.985 0.0000000000
103919  -50.834  44.572  12.048 0.0000000000
103402  -52.718  42.829  8.681 0.0000000000
104966  -51.563  45.596  8.204 0.0000000000
90990  -53.120  22.955  16.613 0.0000000000
92515  -51.542  24.461  12.583 0.0000000000
93853  -51.265  26.250  11.021 0.0000000000
96285  -49.967  29.796  23.110 0.0000000000
99329  -51.186  35.681  20.372 0.0000000000
96874  -52.776  31.308  23.168 0.0000000000
95058  -51.710  28.469  20.400 0.0000000000
95100  -52.577  29.236  16.821 0.0000000000
95766  -53.241  29.514  13.228 0.0000000000
95152  -53.791  29.708  9.802 0.0000000000
97007  -54.028  31.548  8.371 0.0000000000
95795  -51.456  30.135  9.918 0.0000000000
94499  -49.083  28.059  11.288 0.0000000000
121138  -50.100  31.875  14.220 0.0000000000
95764  -48.784  29.301  13.434 0.0000000000
93840  -46.972  26.755  12.375 0.0000000000
93211  -53.872  25.679  7.851 0.0000000000
93890  -53.657  26.855  6.953 0.0000000000
94535  -53.419  27.847  7.239 0.0000000000
101733  -53.459  39.374  9.690 0.0000000000
101715  -53.626  39.099  11.812 0.0000000000
136675  -52.220  38.331  10.550 0.0000000000
101121  -50.084  38.565  11.449 0.0000000000
120621  -48.837  27.140  18.616 0.0000000000
102224  -44.030  41.266  18.572 0.0000000000
98144  -52.516  33.389  19.194 0.0000000000
97531  -53.911  32.489  20.012 0.0000000000
96917  -52.992  31.618  18.911 0.0000000000
96928  -55.663  31.332  17.150 0.0000000000
96927  -53.933  31.260  17.526 0.0000000000
97567  -53.192  32.178  14.922 0.0000000000
130513  -52.233  31.641  16.710 0.0000000000
102829  -48.229  41.773  15.877 0.0000000000
102242  -48.482  41.042  17.391 0.0000000000
102252  -49.149  40.393  15.579 0.0000000000
100530  -53.125  38.045  14.845 0.0000000000
101076  -53.058  38.349  16.254 0.0000000000
100503  -52.815  37.963  16.406 0.0000000000
99928  -52.709  36.725  18.328 0.0000000000
99938  -51.340  36.672  17.380 0.0000000000
99363  -49.893  35.541  17.294 0.0000000000
100501  -50.353  37.344  16.242 0.0000000000
99966  -47.150  37.080  15.179 0.0000000000
134313  -57.301  23.751  14.679 0.0000000000
91787  -58.014  23.426  14.130 0.0000000000
91803  -56.734  24.176  12.994 0.0000000000
92531  -55.472  24.500  11.190 0.0000000000
92518  -54.788  24.340  12.223 0.0000000000
104913  -36.042  45.254  13.884 0.0000000000
103877  -35.505  43.528  15.404 0.0000000000
103890  -37.828  43.831  14.656 0.0000000000
103372  -39.640  42.787  15.763 0.0000000000
103892  -39.638  43.849  14.659 0.0000000000
119907  -44.355  46.521  14.826 0.0000000000
104399  -43.451  44.797  15.123 0.0000000000
104385  -46.155  45.565  15.706 0.0000000000
104376  -47.490  45.625  16.755 0.0000000000
104403  -47.390  44.941  15.359 0.0000000000
104427  -49.231  44.980  11.368 0.0000000000
104420  -50.230  45.164  13.482 0.0000000000
104430  -51.043  45.126  11.657 0.0000000000
103393  -51.852  43.357  10.370 0.0000000000
104443  -52.099  45.126  9.227 0.0000000000
104456  -52.265  44.642  8.475 0.0000000000
104957  -51.698  45.770  8.935 0.0000000000
90170  -51.446  21.432  20.466 0.0000000000
116346  -53.001  21.441  20.921 0.0000000000
90188  -52.816  21.696  19.513 0.0000000000
90962  -53.746  22.418  18.157 0.0000000000
90975  -52.113  22.502  17.511 0.0000000000
93175  -50.103  25.519  13.799 0.0000000000
92497  -50.928  24.109  14.025 0.0000000000
93842  -50.608  25.705  12.540 0.0000000000
93189  -51.283  25.080  11.537 0.0000000000
93843  -51.139  26.852  11.891 0.0000000000
97527  -47.467  32.769  19.394 0.0000000000
96893  -48.475  31.090  20.718 0.0000000000
96894  -49.212  31.600  20.695 0.0000000000
101058  -51.135  39.110  19.765 0.0000000000
100469  -49.701  37.674  19.474 0.0000000000
100458  -51.508  37.206  20.334 0.0000000000
96877  -55.823  31.662  22.817 0.0000000000
97493  -53.523  32.251  23.007 0.0000000000
95680  -54.327  30.186  22.607 0.0000000000
95690  -52.504  29.327  22.287 0.0000000000
95059  -53.558  29.001  20.750 0.0000000000
95075  -51.771  28.616  18.532 0.0000000000
95077  -53.884  28.968  18.895 0.0000000000
96361  -55.209  30.598  13.926 0.0000000000
95756  -54.083  30.046  14.363 0.0000000000
95767  -54.257  30.109  12.921 0.0000000000
133775  -53.137  29.053  11.241 0.0000000000
95797  -54.597  30.642  10.183 0.0000000000
96402  -54.417  31.329  8.681 0.0000000000
96396  -54.941  31.667  10.191 0.0000000000
96382  -51.609  30.920  11.846 0.0000000000
121758  -52.160  30.793  10.250 0.0000000000
96387  -51.097  30.340  11.648 0.0000000000
95150  -50.202  28.931  10.136 0.0000000000
95786  -49.941  29.337  11.826 0.0000000000
98185  -49.261  33.314  15.762 0.0000000000
119443  -49.745  32.785  15.366 0.0000000000
97563  -49.005  32.878  15.285 0.0000000000
95752  -47.105  29.248  14.966 0.0000000000
95754  -48.358  29.780  14.198 0.0000000000
95120  -47.809  28.441  13.947 0.0000000000
94480  -48.334  27.909  12.602 0.0000000000
94478  -47.155  27.159  13.279 0.0000000000
93839  -45.723  26.499  12.372 0.0000000000
138093  -56.878  23.919  9.342 0.0000000000
95821  -52.780  30.622  5.828 0.0000000000
102281  -51.247  40.916  12.439 0.0000000000
101685  -51.934  40.120  14.093 0.0000000000
134538  -53.281  39.792  13.010 0.0000000000
101110  -53.445  38.511  13.266 0.0000000000
101094  -52.495  37.914  14.106 0.0000000000
100528  -50.386  37.806  14.909 0.0000000000
101107  -50.298  38.219  13.317 0.0000000000
90219  -57.859  21.897  16.409 0.0000000000
90204  -58.842  22.013  17.764 0.0000000000
91763  -56.117  23.582  16.144 0.0000000000
105907  -36.388  47.361  12.970 0.0000000000
103906  -45.942  43.543  13.631 0.0000000000
115867  -47.354  44.504  10.199 0.0000000000
104454  -49.418  45.914  9.324 0.0000000000
90987  -50.595  22.819  16.923 0.0000000000
93165  -48.843  25.795  15.740 0.0000000000
94472  -49.762  26.755  14.903 0.0000000000
99351  -47.858  35.706  18.742 0.0000000000
99909  -54.346  36.774  20.772 0.0000000000
99324  -54.618  35.798  21.807 0.0000000000
98716  -55.361  35.007  21.586 0.0000000000
128240  -55.956  32.078  21.388 0.0000000000
96309  -56.373  30.385  20.338 0.0000000000
95713  -56.252  29.661  18.884 0.0000000000
96325  -56.892  30.376  17.947 0.0000000000
96943  -56.427  30.866  16.287 0.0000000000
96977  -55.547  31.225  13.779 0.0000000000
96991  -55.122  31.693  11.378 0.0000000000
97594  -54.895  32.048  13.499 0.0000000000
97592  -53.010  32.256  13.536 0.0000000000
96973  -51.627  31.796  13.146 0.0000000000
122857  -47.897  32.055  15.007 0.0000000000
94418  -48.258  27.823  21.991 0.0000000000
103337  -47.100  42.981  18.986 0.0000000000
102227  -47.920  40.978  19.269 0.0000000000
102803  -48.073  41.439  19.047 0.0000000000
101662  -50.403  40.118  18.992 0.0000000000
101649  -51.756  39.371  19.607 0.0000000000
101677  -52.469  39.422  15.622 0.0000000000
101668  -52.276  39.270  17.870 0.0000000000
100485  -53.539  38.049  19.532 0.0000000000
99354  -53.762  36.970  19.445 0.0000000000
119056  -53.101  35.616  19.106 0.0000000000
98158  -51.771  33.734  18.636 0.0000000000
97544  -51.424  32.269  17.903 0.0000000000
98760  -50.359  34.389  17.632 0.0000000000
98759  -49.713  34.689  17.277 0.0000000000
98769  -48.634  34.700  16.426 0.0000000000
100500  -49.111  37.278  16.075 0.0000000000
99373  -48.042  36.062  16.195 0.0000000000
129092  -57.912  22.563  14.679 0.0000000000
128834  -57.781  22.862  13.023 0.0000000000
91813  -57.519  23.211  11.055 0.0000000000
92543  -56.643  24.411  10.367 0.0000000000
138649  -54.842  24.718  9.593 0.0000000000
92549  -53.126  24.896  9.782 0.0000000000
102790  -36.255  41.283  18.488 0.0000000000
103355  -35.515  42.557  16.568 0.0000000000
102812  -37.563  41.627  17.995 0.0000000000
102815  -40.265  42.031  18.075 0.0000000000
102816  -41.252  42.153  18.024 0.0000000000
103349  -43.268  42.758  17.797 0.0000000000
104412  -39.681  45.207  13.955 0.0000000000
103894  -41.480  44.046  14.804 0.0000000000
103868  -43.038  43.393  15.949 0.0000000000
103850  -45.201  43.320  18.400 0.0000000000
124534  -47.594  44.516  17.949 0.0000000000
103365  -48.803  43.800  16.900 0.0000000000
103381  -49.818  43.597  14.586 0.0000000000
103899  -49.229  45.093  14.542 0.0000000000
103909  -50.550  44.730  13.728 0.0000000000
102840  -49.937  42.481  12.708 0.0000000000
102845  -51.371  41.620  11.479 0.0000000000
102854  -52.752  41.165  9.692 0.0000000000
103411  -52.542  42.156  8.186 0.0000000000
103949  -52.070  43.549  7.941 0.0000000000
104955  -50.357  46.429  8.317 0.0000000000
90977  -54.977  22.983  17.385 0.0000000000
91774  -54.075  23.485  15.430 0.0000000000
91772  -51.698  23.409  15.397 0.0000000000
91784  -52.579  23.607  14.523 0.0000000000
139329  -53.497  23.848  13.625 0.0000000000
92529  -52.800  24.484  11.475 0.0000000000
93194  -52.240  24.982  10.222 0.0000000000
93871  -51.858  26.406  9.602 0.0000000000
95046  -49.813  28.422  22.246 0.0000000000
101660  -47.956  39.324  18.998 0.0000000000
99915  -48.897  36.859  19.113 0.0000000000
98731  -50.054  34.480  19.945 0.0000000000
98705  -52.630  34.736  21.558 0.0000000000
97514  -51.448  33.797  21.029 0.0000000000
97513  -50.426  32.544  20.856 0.0000000000
96286  -51.191  30.601  22.975 0.0000000000
95040  -51.041  28.930  22.506 0.0000000000
94434  -50.091  27.995  19.868 0.0000000000
94441  -50.029  28.065  18.183 0.0000000000
95098  -50.847  28.576  16.939 0.0000000000
95115  -51.494  28.669  14.691 0.0000000000
95734  -54.202  29.585  16.191 0.0000000000
95744  -52.382  29.384  14.967 0.0000000000
95133  -51.672  28.177  13.105 0.0000000000
95143  -51.816  27.968  12.111 0.0000000000
94511  -52.175  27.868  10.378 0.0000000000
117882  -52.555  27.826  8.884 0.0000000000
136261  -53.742  29.589  8.037 0.0000000000
96414  -53.799  31.211  7.185 0.0000000000
96406  -52.478  31.184  7.252 0.0000000000
96994  -54.030  31.929  9.790 0.0000000000
96393  -52.339  30.893  9.275 0.0000000000
95808  -51.624  30.488  7.844 0.0000000000
95159  -50.225  28.997  9.173 0.0000000000
95158  -49.522  28.362  9.721 0.0000000000
97552  -50.877  32.392  16.307 0.0000000000
96965  -51.046  32.111  13.914 0.0000000000
96370  -50.371  30.949  13.181 0.0000000000
96964  -48.573  31.415  14.618 0.0000000000
96369  -49.591  30.577  13.582 0.0000000000
96380  -50.055  30.261  12.853 0.0000000000
95132  -49.374  28.992  12.268 0.0000000000
115710  -48.513  27.694  11.729 0.0000000000
132294  -53.489  26.279  7.574 0.0000000000
93882  -53.031  26.880  7.818 0.0000000000
101165  -53.273  39.072  8.876 0.0000000000
101153  -53.298  38.813  9.865 0.0000000000
101151  -52.065  38.222  9.374 0.0000000000
93792  -48.233  26.533  18.831 0.0000000000
94439  -48.819  27.212  19.392 0.0000000000
102799  -45.002  41.855  18.823 0.0000000000
132230  -44.862  40.995  18.625 0.0000000000
102225  -45.613  41.280  18.822 0.0000000000
97530  -52.715  32.288  19.228 0.0000000000
128658  -53.617  31.236  18.536 0.0000000000
96926  -52.736  31.397  18.131 0.0000000000
137969  -52.755  31.420  17.312 0.0000000000
128387  -51.978  31.684  17.654 0.0000000000
102261  -48.532  41.126  15.138 0.0000000000
102262  -49.362  40.592  14.649 0.0000000000
100516  -52.539  37.837  15.539 0.0000000000
100502  -52.037  37.361  17.087 0.0000000000
99949  -50.863  37.040  16.850 0.0000000000
131606  -56.817  21.250  17.016 0.0000000000
116974  -56.172  23.818  14.456 0.0000000000
91794  -55.969  23.978  13.685 0.0000000000
92507  -55.471  24.210  12.978 0.0000000000
139218  -54.967  23.958  13.610 0.0000000000
104409  -36.971  45.173  13.807 0.0000000000
104393  -36.470  44.534  14.271 0.0000000000
104394  -37.392  44.466  14.213 0.0000000000
103891  -38.743  43.830  14.644 0.0000000000
104395  -38.309  44.455  14.220 0.0000000000
131990  -45.137  46.006  14.583 0.0000000000
104917  -45.084  46.628  14.677 0.0000000000
104907  -45.337  45.936  14.939 0.0000000000
104384  -45.683  45.533  15.400 0.0000000000
104402  -46.296  45.083  15.284 0.0000000000
104386  -46.923  45.655  15.929 0.0000000000
129322  -50.363  45.357  11.550 0.0000000000
104441  -50.985  45.486  10.906 0.0000000000
104442  -51.516  45.125  10.452 0.0000000000
135270  -51.491  45.585  9.826 0.0000000000
104946  -51.074  45.987  9.671 0.0000000000
90169  -50.574  21.494  20.155 0.0000000000
139459  -51.163  21.552  19.724 0.0000000000
90187  -51.899  21.598  19.622 0.0000000000
90201  -52.301  21.925  18.818 0.0000000000
90961  -52.748  22.345  18.017 0.0000000000
131673  -50.162  26.279  13.758 0.0000000000
93176  -50.538  25.279  13.006 0.0000000000
93832  -50.333  25.999  13.134 0.0000000000
94489  -50.697  26.417  12.575 0.0000000000
98728  -48.004  34.154  19.111 0.0000000000
97528  -48.280  32.861  19.606 0.0000000000
97511  -48.630  32.061  20.069 0.0000000000
97529  -49.154  32.957  19.915 0.0000000000
100471  -51.815  38.533  20.197 0.0000000000
132510  -51.385  37.896  20.192 0.0000000000
99907  -52.675  37.126  20.883 0.0000000000
95681  -55.291  30.067  21.963 0.0000000000
96290  -55.400  30.818  22.656 0.0000000000
95691  -54.324  29.654  21.867 0.0000000000
95050  -53.412  29.284  21.628 0.0000000000
95060  -54.505  29.154  20.489 0.0000000000
95068  -53.934  28.897  19.877 0.0000000000
95069  -55.076  29.207  20.086 0.0000000000
96371  -55.237  30.772  12.949 0.0000000000
95768  -54.906  30.460  13.129 0.0000000000
123956  -54.959  30.534  12.217 0.0000000000
95790  -54.692  30.437  11.277 0.0000000000
95791  -55.179  30.875  11.365 0.0000000000
95798  -55.063  31.097  10.574 0.0000000000
96390  -55.171  31.378  10.959 0.0000000000
96984  -51.694  31.348  12.403 0.0000000000
95787  -50.607  29.692  11.361 0.0000000000
95779  -50.390  29.962  12.145 0.0000000000
95113  -47.247  28.467  14.557 0.0000000000
95753  -47.755  29.142  14.424 0.0000000000
94471  -47.249  27.739  13.989 0.0000000000
93823  -46.492  27.042  13.957 0.0000000000
92552  -56.446  24.101  8.754 0.0000000000
95822  -53.341  30.122  5.817 0.0000000000
102272  -52.240  40.257  13.223 0.0000000000
102282  -52.594  40.327  12.531 0.0000000000
101124  -53.386  38.650  12.200 0.0000000000
101109  -52.986  38.072  13.474 0.0000000000
101108  -51.817  37.982  13.328 0.0000000000
101093  -51.039  37.899  14.109 0.0000000000
101122  -51.024  38.290  12.455 0.0000000000
101120  -48.861  38.644  12.059 0.0000000000
89465  -58.885  21.698  18.735 0.0000000000
91764  -57.266  23.647  16.342 0.0000000000
91747  -56.155  23.380  17.068 0.0000000000
105906  -35.530  47.482  13.107 0.0000000000
103933  -46.677  43.809  11.018 0.0000000000
104452  -46.808  44.745  9.289 0.0000000000
125501  -48.852  26.861  17.033 0.0000000000
93160  -48.526  25.362  16.351 0.0000000000
93806  -48.908  26.533  16.215 0.0000000000
93166  -49.315  25.992  14.949 0.0000000000
94466  -49.843  27.390  15.616 0.0000000000
102221  -41.175  41.067  18.685 0.0000000000
99926  -47.559  36.877  18.610 0.0000000000
125471  -54.654  35.951  20.542 0.0000000000
98715  -55.138  35.462  21.013 0.0000000000
98125  -55.230  34.571  20.933 0.0000000000
96910  -54.429  31.760  20.040 0.0000000000
97515  -55.218  32.383  20.729 0.0000000000
96896  -55.729  31.605  20.660 0.0000000000
96897  -56.212  31.206  21.235 0.0000000000
96911  -56.250  30.824  20.265 0.0000000000
95706  -56.553  29.974  19.612 0.0000000000
96324  -56.591  30.572  18.570 0.0000000000
96942  -55.987  31.380  16.269 0.0000000000
96929  -56.490  31.099  16.867 0.0000000000
96955  -55.966  31.257  15.485 0.0000000000
96967  -55.705  31.232  14.637 0.0000000000
96966  -55.332  31.725  13.994 0.0000000000
97584  -54.611  32.130  14.101 0.0000000000
97583  -53.581  32.293  14.160 0.0000000000
97582  -52.528  32.301  14.278 0.0000000000
121618  -52.527  32.082  13.092 0.0000000000
97591  -51.986  32.203  13.686 0.0000000000
103351  -47.462  43.241  18.527 0.0000000000
102802  -47.532  42.337  18.914 0.0000000000
102818  -48.071  41.736  18.290 0.0000000000
101666  -50.177  39.894  17.104 0.0000000000
102235  -49.389  40.454  17.886 0.0000000000
102230  -50.358  40.085  18.283 0.0000000000
101648  -50.924  39.712  19.311 0.0000000000
117020  -51.213  39.777  18.552 0.0000000000
124231  -52.910  39.500  14.710 0.0000000000
101684  -51.539  39.862  14.919 0.0000000000
101072  -52.968  38.270  17.090 0.0000000000
101674  -52.862  38.649  16.903 0.0000000000
101669  -52.916  38.677  17.835 0.0000000000
101070  -53.093  38.565  18.792 0.0000000000
100484  -53.235  37.817  18.588 0.0000000000
99930  -53.685  37.430  19.465 0.0000000000
99929  -53.339  37.156  18.834 0.0000000000
99365  -51.804  36.237  17.875 0.0000000000
99352  -52.379  35.855  18.423 0.0000000000
98748  -52.015  34.836  18.555 0.0000000000
98157  -51.023  34.096  18.142 0.0000000000
127505  -49.141  35.116  16.979 0.0000000000
98770  -49.222  34.317  16.749 0.0000000000
101092  -49.609  38.129  14.175 0.0000000000
129359  -48.983  37.814  15.136 0.0000000000
99957  -47.037  36.364  15.349 0.0000000000
99958  -47.594  36.683  15.731 0.0000000000
90228  -58.480  22.561  16.038 0.0000000000
90227  -57.821  22.240  15.512 0.0000000000
90997  -58.376  22.826  15.291 0.0000000000
135328  -57.635  23.840  12.917 0.0000000000
91013  -58.102  23.000  13.636 0.0000000000
91022  -57.880  23.238  12.755 0.0000000000
91033  -57.735  23.211  11.781 0.0000000000
91812  -57.586  23.655  11.288 0.0000000000
92533  -57.333  24.133  10.746 0.0000000000
92532  -56.689  24.432  11.204 0.0000000000
118950  -54.470  24.553  10.771 0.0000000000
92542  -55.466  24.602  10.041 0.0000000000
92541  -54.011  24.666  10.145 0.0000000000
92550  -54.239  24.914  9.261 0.0000000000
102788  -33.852  41.980  18.411 0.0000000000
102780  -34.137  41.312  18.981 0.0000000000
102789  -34.633  41.641  18.312 0.0000000000
102215  -35.787  40.947  18.937 0.0000000000
102810  -35.226  41.841  17.741 0.0000000000
104910  -33.661  45.843  15.101 0.0000000000
104906  -33.925  45.184  15.146 0.0000000000
117548  -36.431  43.378  15.271 0.0000000000
103368  -35.960  42.917  15.880 0.0000000000
103356  -36.459  42.402  16.500 0.0000000000
103344  -37.002  41.918  17.190 0.0000000000
103345  -37.943  41.960  17.222 0.0000000000
102814  -39.370  41.873  18.081 0.0000000000
103346  -38.849  42.060  17.268 0.0000000000
103373  -40.510  42.829  15.771 0.0000000000
116685  -40.627  42.268  17.203 0.0000000000
103361  -41.565  42.437  16.953 0.0000000000
138066  -42.538  42.458  17.989 0.0000000000
132970  -42.460  42.584  17.244 0.0000000000
104397  -41.079  44.695  14.451 0.0000000000
104398  -42.304  44.935  14.666 0.0000000000
103886  -44.780  44.602  15.875 0.0000000000
103885  -43.767  44.141  15.541 0.0000000000
103870  -44.806  44.000  16.575 0.0000000000
103858  -44.071  43.268  17.086 0.0000000000
103860  -46.048  44.096  17.846 0.0000000000
103861  -46.860  44.198  18.356 0.0000000000
104369  -47.166  44.809  17.610 0.0000000000
133834  -49.287  45.920  16.429 0.0000000000
103863  -49.058  45.439  17.302 0.0000000000
103874  -50.162  45.289  16.087 0.0000000000
103887  -49.814  44.364  16.143 0.0000000000
104389  -50.502  44.762  15.305 0.0000000000
103907  -46.969  43.603  13.756 0.0000000000
103908  -48.186  44.255  13.823 0.0000000000
104421  -50.483  44.817  13.080 0.0000000000
103918  -50.582  44.675  12.834 0.0000000000
103386  -50.242  43.656  13.113 0.0000000000
103387  -50.387  43.426  12.324 0.0000000000
102841  -50.436  42.009  12.149 0.0000000000
103389  -50.931  43.031  11.343 0.0000000000
127420  -52.429  43.486  9.421 0.0000000000
103390  -51.668  42.310  10.693 0.0000000000
103394  -52.400  42.384  9.676 0.0000000000
102855  -53.188  40.941  8.772 0.0000000000
103403  -52.997  41.611  8.332 0.0000000000
104455  -52.027  45.255  8.478 0.0000000000
103943  -52.303  43.591  8.196 0.0000000000
104469  -51.999  44.632  8.068 0.0000000000
103942  -51.098  43.763  8.116 0.0000000000
103948  -51.168  45.199  7.717 0.0000000000
90947  -55.147  22.322  19.029 0.0000000000
90976  -53.436  22.656  17.427 0.0000000000
116828  -54.200  22.693  17.607 0.0000000000
90991  -54.161  22.971  16.893 0.0000000000
137955  -54.494  23.262  16.413 0.0000000000
124735  -53.966  23.257  16.180 0.0000000000
91770  -49.783  23.651  16.125 0.0000000000
91758  -50.617  23.227  16.164 0.0000000000
120957  -51.001  23.429  15.529 0.0000000000
92503  -51.222  24.288  13.343 0.0000000000
91791  -51.760  23.827  14.033 0.0000000000
92504  -52.091  24.087  13.169 0.0000000000
133788  -53.401  23.679  14.247 0.0000000000
92505  -53.049  24.054  13.049 0.0000000000
92516  -52.417  24.324  12.380 0.0000000000
138426  -51.217  25.598  11.259 0.0000000000
93193  -51.551  25.403  10.701 0.0000000000
93861  -51.522  26.070  10.252 0.0000000000
93201  -51.912  25.652  9.889 0.0000000000
94510  -51.627  26.865  10.288 0.0000000000
96296  -48.747  30.318  21.852 0.0000000000
95038  -49.255  28.739  22.876 0.0000000000
101645  -48.354  40.273  19.251 0.0000000000
101659  -47.264  39.910  18.908 0.0000000000
101646  -48.787  39.723  19.318 0.0000000000
99917  -50.631  36.312  19.936 0.0000000000
99916  -49.699  36.606  19.489 0.0000000000
99339  -49.731  35.779  19.567 0.0000000000
125864  -49.420  35.096  19.515 0.0000000000
99340  -50.227  35.251  19.850 0.0000000000
98706  -54.183  35.113  22.208 0.0000000000
99323  -53.720  35.845  21.748 0.0000000000
98113  -53.575  34.020  22.314 0.0000000000
96884  -52.572  32.090  22.629 0.0000000000
97505  -53.008  32.940  22.432 0.0000000000
97504  -51.973  32.476  21.948 0.0000000000
127666  -51.277  32.932  21.253 0.0000000000
97503  -51.011  32.050  21.584 0.0000000000
96882  -50.728  31.212  22.133 0.0000000000
127448  -51.970  30.715  23.135 0.0000000000
95689  -51.799  28.988  22.140 0.0000000000
95678  -51.656  29.460  22.808 0.0000000000
95048  -51.368  28.599  21.519 0.0000000000
95047  -50.510  28.487  21.908 0.0000000000
95057  -50.641  28.236  20.760 0.0000000000
121035  -50.252  28.128  19.125 0.0000000000
95066  -50.881  28.277  19.737 0.0000000000
95087  -51.859  28.888  17.515 0.0000000000
95086  -50.896  28.488  17.874 0.0000000000
95099  -51.583  28.952  16.475 0.0000000000
95107  -50.820  28.493  16.037 0.0000000000
95108  -51.507  28.897  15.554 0.0000000000
119260  -55.810  29.635  17.052 0.0000000000
95723  -54.895  29.358  17.532 0.0000000000
135047  -54.866  29.513  16.788 0.0000000000
133106  -53.852  29.955  13.650 0.0000000000
117560  -53.445  29.767  14.848 0.0000000000
95755  -53.031  29.547  14.096 0.0000000000
95116  -52.050  28.994  14.200 0.0000000000
95134  -52.505  28.810  12.719 0.0000000000
95796  -53.889  29.766  10.784 0.0000000000
95151  -53.004  28.836  10.522 0.0000000000
95160  -52.858  28.546  9.516 0.0000000000
95168  -53.156  28.669  8.536 0.0000000000
95161  -53.747  29.638  8.810 0.0000000000
96408  -54.132  31.277  7.770 0.0000000000
97011  -53.771  31.351  7.566 0.0000000000
96413  -53.283  31.322  7.048 0.0000000000
96407  -53.306  31.450  7.749 0.0000000000
96986  -54.613  32.058  11.925 0.0000000000
96990  -54.635  32.025  10.992 0.0000000000
118245  -53.908  31.877  10.713 0.0000000000
95802  -51.566  30.253  8.919 0.0000000000
95807  -50.873  29.672  8.525 0.0000000000
95801  -50.832  29.538  9.551 0.0000000000
95149  -49.600  28.454  10.722 0.0000000000
94509  -49.027  27.882  10.510 0.0000000000
97551  -50.700  32.688  17.209 0.0000000000
125316  -50.359  32.798  16.382 0.0000000000
97579  -49.559  32.378  14.866 0.0000000000
97580  -50.453  32.358  14.790 0.0000000000
96972  -50.698  31.577  13.509 0.0000000000
96971  -50.024  31.254  13.709 0.0000000000
96358  -48.067  30.629  14.610 0.0000000000
96359  -48.856  30.585  14.186 0.0000000000
96368  -49.018  29.994  13.747 0.0000000000
95765  -49.404  29.830  13.172 0.0000000000
95777  -49.234  29.282  12.843 0.0000000000
95131  -48.850  28.715  12.764 0.0000000000
139632  -47.657  27.333  12.748 0.0000000000
93841  -47.835  27.221  12.030 0.0000000000
94498  -48.034  27.250  11.209 0.0000000000
92558  -54.712  25.154  8.306 0.0000000000
93891  -54.089  26.540  6.215 0.0000000000
102293  -53.452  39.761  11.308 0.0000000000
101724  -53.589  39.143  10.744 0.0000000000
101139  -53.344  38.737  11.050 0.0000000000
101137  -51.717  38.345  11.486 0.0000000000
134570  -51.095  38.333  10.371 0.0000000000
118822  -48.533  26.683  17.924 0.0000000000
93793  -49.204  27.386  17.987 0.0000000000
102223  -42.962  41.128  18.522 0.0000000000
123255  -44.437  40.264  18.503 0.0000000000
126597  -46.341  39.001  18.535 0.0000000000
98145  -53.503  34.209  19.700 0.0000000000
98146  -54.247  33.779  20.250 0.0000000000
134985  -53.251  33.160  19.672 0.0000000000
96909  -53.453  31.816  19.513 0.0000000000
96918  -54.199  31.345  19.380 0.0000000000
96316  -55.975  30.874  19.399 0.0000000000
96323  -55.210  31.084  18.413 0.0000000000
96941  -54.820  31.573  16.400 0.0000000000
96953  -54.144  31.860  15.526 0.0000000000
96940  -53.376  31.554  16.530 0.0000000000
96952  -52.741  31.845  15.768 0.0000000000
102824  -48.089  42.512  16.811 0.0000000000
102825  -48.078  41.663  16.964 0.0000000000
102251  -48.425  40.977  16.167 0.0000000000
102243  -49.168  40.344  16.633 0.0000000000
101671  -50.068  39.895  16.058 0.0000000000
131973  -53.438  38.548  14.922 0.0000000000
101678  -53.086  38.725  15.768 0.0000000000
100517  -53.200  38.289  15.540 0.0000000000
100490  -52.851  37.760  17.528 0.0000000000
99940  -52.888  37.369  18.224 0.0000000000
99939  -52.311  37.046  17.737 0.0000000000
99364  -50.795  35.877  17.551 0.0000000000
99937  -50.288  36.377  17.147 0.0000000000
99948  -49.750  36.817  16.650 0.0000000000
100527  -47.707  37.718  14.940 0.0000000000
90226  -56.774  21.971  15.013 0.0000000000
132218  -58.059  23.576  15.794 0.0000000000
91778  -58.420  23.208  15.422 0.0000000000
91777  -58.012  23.461  14.977 0.0000000000
91795  -57.294  23.871  13.759 0.0000000000
92519  -56.263  24.391  12.114 0.0000000000
92530  -54.040  24.452  11.493 0.0000000000
103857  -33.825  42.995  17.146 0.0000000000
104912  -35.147  45.429  14.154 0.0000000000
104391  -34.669  44.916  14.728 0.0000000000
104392  -35.556  44.677  14.438 0.0000000000
103888  -35.974  43.956  14.776 0.0000000000
103878  -37.360  43.302  15.208 0.0000000000
103370  -37.836  42.767  15.780 0.0000000000
103879  -38.281  43.287  15.194 0.0000000000
103880  -39.186  43.288  15.185 0.0000000000
103881  -40.078  43.307  15.184 0.0000000000
105400  -43.617  47.039  14.618 0.0000000000
127020  -43.560  45.641  14.905 0.0000000000
104383  -44.800  45.260  15.374 0.0000000000
104374  -45.692  45.062  16.157 0.0000000000
104375  -46.401  44.917  16.888 0.0000000000
119620  -46.515  45.504  16.158 0.0000000000
104387  -48.135  45.824  16.228 0.0000000000
104404  -48.913  45.429  15.429 0.0000000000
103926  -48.417  44.298  12.200 0.0000000000
103917  -49.085  44.724  13.139 0.0000000000
104428  -50.059  45.158  12.498 0.0000000000
104429  -50.782  45.163  12.071 0.0000000000
104422  -50.809  45.027  12.390 0.0000000000
103927  -51.337  44.367  10.987 0.0000000000
103935  -52.038  44.357  9.888 0.0000000000
103936  -52.506  44.109  8.871 0.0000000000
90168  -49.678  21.535  20.723 0.0000000000
138559  -50.666  21.416  20.881 0.0000000000
116643  -51.289  21.386  21.377 0.0000000000
90171  -52.421  21.481  20.309 0.0000000000
90946  -54.171  22.167  18.864 0.0000000000
90202  -53.242  22.039  18.795 0.0000000000
125487  -52.687  22.645  17.273 0.0000000000
93171  -49.912  24.918  14.399 0.0000000000
92496  -50.378  24.279  14.509 0.0000000000
92502  -50.516  24.713  13.665 0.0000000000
92514  -50.912  24.764  12.801 0.0000000000
134044  -51.213  24.798  12.174 0.0000000000
92527  -50.869  25.194  12.287 0.0000000000
93852  -50.899  25.830  11.828 0.0000000000
96908  -47.764  31.576  20.040 0.0000000000
96881  -49.362  30.986  21.361 0.0000000000
124933  -50.135  39.610  19.459 0.0000000000
122361  -49.348  39.273  19.438 0.0000000000
121898  -50.782  38.280  19.872 0.0000000000
100470  -50.597  37.321  19.841 0.0000000000
99906  -51.611  36.485  20.504 0.0000000000
97495  -55.634  32.369  23.051 0.0000000000
98102  -54.232  33.259  22.900 0.0000000000
96876  -55.028  31.613  23.241 0.0000000000
96875  -53.922  31.521  23.306 0.0000000000
128123  -53.358  30.838  23.268 0.0000000000
96288  -52.575  30.455  23.181 0.0000000000
128874  -53.369  29.724  22.497 0.0000000000
95049  -52.432  28.838  21.286 0.0000000000
133640  -52.735  28.683  20.233 0.0000000000
95067  -51.686  28.459  19.437 0.0000000000
119162  -52.691  28.666  19.304 0.0000000000
95076  -52.794  28.905  18.314 0.0000000000
95088  -52.947  29.151  17.548 0.0000000000
95747  -55.363  30.236  15.429 0.0000000000
95757  -54.926  30.307  14.646 0.0000000000
117370  -54.595  30.284  13.749 0.0000000000
95780  -53.504  29.560  12.445 0.0000000000
95789  -53.766  29.672  11.644 0.0000000000
95803  -54.446  30.707  9.120 0.0000000000
96395  -54.750  31.314  9.662 0.0000000000
97002  -54.464  31.731  9.388 0.0000000000
96989  -52.632  31.462  11.556 0.0000000000
96388  -51.943  30.792  11.137 0.0000000000
95788  -51.309  30.153  10.826 0.0000000000
95794  -50.744  29.547  10.495 0.0000000000
95142  -50.118  29.072  11.036 0.0000000000
95141  -49.517  28.692  11.546 0.0000000000
98172  -49.485  33.649  16.415 0.0000000000
97564  -49.880  33.093  16.003 0.0000000000
127464  -47.572  29.944  14.751 0.0000000000
95763  -48.240  29.021  13.900 0.0000000000
95121  -48.326  28.526  13.339 0.0000000000
94479  -47.798  27.833  13.339 0.0000000000
135008  -46.465  26.697  13.109 0.0000000000
93831  -45.720  26.558  13.423 0.0000000000
91826  -57.030  23.516  9.728 0.0000000000
102263  -50.513  40.350  14.332 0.0000000000
102271  -50.810  40.611  13.442 0.0000000000
101699  -53.285  39.496  13.797 0.0000000000
101700  -53.699  39.072  12.931 0.0000000000
138944  -53.652  38.774  13.752 0.0000000000
101686  -53.540  38.904  14.427 0.0000000000
101095  -53.439  38.373  14.128 0.0000000000
100529  -51.861  37.740  14.842 0.0000000000
100515  -51.134  37.604  15.571 0.0000000000
122439  -49.742  38.511  12.512 0.0000000000
101106  -48.899  38.510  13.228 0.0000000000
89476  -57.261  21.071  17.680 0.0000000000
90210  -57.995  21.602  17.292 0.0000000000
90211  -58.614  22.294  16.850 0.0000000000
138118  -58.826  22.764  16.531 0.0000000000
130371  -59.014  22.403  18.347 0.0000000000
91750  -59.032  23.064  17.653 0.0000000000
91765  -58.536  23.294  16.199 0.0000000000
138262  -58.105  23.579  16.462 0.0000000000
121570  -57.260  23.711  15.523 0.0000000000
91776  -56.147  23.709  15.292 0.0000000000
105397  -34.274  46.619  14.134 0.0000000000
105410  -35.018  46.819  13.545 0.0000000000
105411  -35.972  46.720  13.326 0.0000000000
133091  -37.091  46.323  13.391 0.0000000000
103896  -45.687  44.174  14.350 0.0000000000
103925  -47.079  43.691  12.019 0.0000000000
103934  -47.824  44.262  11.158 0.0000000000
119971  -48.595  45.095  10.292 0.0000000000
104453  -48.117  45.355  9.319 0.0000000000
92490  -48.869  24.901  15.909 0.0000000000
132313  -49.339  25.151  15.115 0.0000000000
137283  -49.674  25.545  14.514 0.0000000000
93824  -49.803  26.144  14.320 0.0000000000
93825  -50.201  26.837  14.223 0.0000000000
99350  -47.076  35.268  18.610 0.0000000000
98747  -47.960  34.974  18.874 0.0000000000
100461  -53.913  37.467  20.559 0.0000000000
99908  -53.831  37.197  21.150 0.0000000000
99901  -54.251  36.485  21.442 0.0000000000
99325  -55.066  35.563  21.577 0.0000000000
135007  -55.440  34.614  22.103 0.0000000000
124631  -55.197  33.433  20.856 0.0000000000
97516  -55.945  33.080  21.728 0.0000000000
122845  -55.910  32.808  22.491 0.0000000000
97506  -56.091  32.083  22.541 0.0000000000
96898  -56.223  30.519  21.227 0.0000000000
95701  -56.300  29.952  20.537 0.0000000000
95705  -55.994  29.582  19.908 0.0000000000
134394  -56.661  29.863  18.071 0.0000000000
95725  -56.583  29.833  17.388 0.0000000000
96334  -56.492  30.952  17.673 0.0000000000
96335  -56.743  30.458  17.157 0.0000000000
96344  -56.444  30.280  16.488 0.0000000000
96353  -55.997  30.745  15.480 0.0000000000
96362  -55.667  30.842  14.382 0.0000000000
96384  -55.436  31.177  12.947 0.0000000000
96987  -55.204  31.625  12.326 0.0000000000
96975  -54.689  32.088  12.823 0.0000000000
96974  -53.603  32.138  12.696 0.0000000000
97568  -54.170  32.135  14.709 0.0000000000
97593  -54.076  32.253  13.456 0.0000000000
117739  -52.615  31.780  12.442 0.0000000000
96983  -51.019  31.324  12.928 0.0000000000
97562  -48.082  32.958  15.276 0.0000000000
96357  -47.271  30.771  14.958 0.0000000000
96352  -46.798  30.077  15.157 0.0000000000
95112  -46.610  28.526  15.114 0.0000000000
103336  -46.489  43.025  19.087 0.0000000000
102801  -46.516  41.552  19.122 0.0000000000
118235  -47.424  41.682  19.187 0.0000000000
102228  -48.770  40.711  19.086 0.0000000000
102234  -48.708  40.969  18.668 0.0000000000
102229  -49.589  40.454  18.905 0.0000000000
102211  -49.353  40.347  19.186 0.0000000000
101661  -49.968  40.131  19.238 0.0000000000
101059  -52.210  39.014  20.054 0.0000000000
102253  -50.203  40.073  15.163 0.0000000000
101676  -51.085  39.753  15.624 0.0000000000
101672  -51.253  39.619  16.420 0.0000000000
101673  -52.412  39.250  16.692 0.0000000000
134968  -52.622  39.125  18.596 0.0000000000
101060  -53.038  38.633  19.843 0.0000000000
100472  -53.532  38.061  20.267 0.0000000000
100473  -53.850  37.644  20.034 0.0000000000
99918  -54.073  37.188  20.066 0.0000000000
134547  -54.032  36.455  19.850 0.0000000000
99353  -53.291  36.503  18.988 0.0000000000
98732  -53.863  35.373  19.765 0.0000000000
98749  -52.750  34.533  19.146 0.0000000000
97537  -51.796  32.667  18.631 0.0000000000
97543  -51.036  33.076  18.102 0.0000000000
98165  -50.415  33.511  17.530 0.0000000000
134002  -50.368  35.136  17.574 0.0000000000
98164  -49.787  33.919  17.130 0.0000000000
98171  -48.879  33.937  16.115 0.0000000000
98780  -48.247  34.285  15.857 0.0000000000
100514  -49.938  37.580  15.611 0.0000000000
99947  -48.819  36.500  16.493 0.0000000000
100513  -48.160  37.354  15.643 0.0000000000
133295  -48.270  36.847  16.137 0.0000000000
91003  -58.248  23.028  14.539 0.0000000000
91002  -57.980  22.739  14.062 0.0000000000
91012  -57.639  22.647  13.546 0.0000000000
91032  -57.397  22.912  11.351 0.0000000000
91045  -57.287  23.068  10.565 0.0000000000
91821  -57.363  23.489  10.442 0.0000000000
123157  -56.623  24.282  9.452 0.0000000000
92551  -55.656  24.633  8.923 0.0000000000
93203  -53.257  25.406  8.861 0.0000000000
103866  -34.106  43.490  16.345 0.0000000000
103876  -34.636  43.776  15.619 0.0000000000
103867  -35.029  43.119  16.042 0.0000000000
103342  -35.122  42.278  17.159 0.0000000000
103343  -35.980  41.982  17.252 0.0000000000
102811  -36.647  41.594  17.932 0.0000000000
102792  -38.120  41.314  18.686 0.0000000000
102793  -39.009  41.452  18.695 0.0000000000
102794  -39.872  41.554  18.612 0.0000000000
102795  -40.745  41.661  18.540 0.0000000000
103359  -39.230  42.404  16.471 0.0000000000
102796  -41.622  41.740  18.480 0.0000000000
102797  -42.483  41.811  18.523 0.0000000000
102798  -43.374  41.970  18.612 0.0000000000
129106  -44.320  42.283  18.690 0.0000000000
104924  -38.437  45.782  13.592 0.0000000000
104396  -39.205  44.470  14.251 0.0000000000
103893  -40.543  43.911  14.706 0.0000000000
103882  -40.971  43.361  15.212 0.0000000000
103895  -42.313  44.173  14.993 0.0000000000
103884  -42.741  43.789  15.339 0.0000000000
103362  -42.299  42.844  16.353 0.0000000000
103363  -43.149  42.994  16.718 0.0000000000
103350  -44.243  43.088  18.093 0.0000000000
103335  -45.361  42.809  18.929 0.0000000000
103851  -46.208  43.580  18.721 0.0000000000
103852  -47.079  43.736  18.683 0.0000000000
103862  -47.789  44.173  18.026 0.0000000000
104370  -48.210  45.341  17.468 0.0000000000
103872  -48.665  44.653  17.515 0.0000000000
103364  -48.025  43.465  17.712 0.0000000000
103376  -48.620  42.926  15.895 0.0000000000
103380  -48.657  42.303  14.873 0.0000000000
102835  -49.143  42.384  14.010 0.0000000000
103897  -46.611  43.996  14.495 0.0000000000
103898  -47.678  44.334  14.499 0.0000000000
104405  -50.307  45.413  15.142 0.0000000000
103900  -49.901  45.236  13.914 0.0000000000
136285  -50.397  45.314  14.536 0.0000000000
104406  -50.559  45.193  14.842 0.0000000000
103901  -50.621  44.798  14.485 0.0000000000
136292  -49.329  41.558  13.654 0.0000000000
102837  -49.989  41.372  13.019 0.0000000000
102846  -52.194  41.387  10.641 0.0000000000
102307  -53.000  40.479  10.593 0.0000000000
102308  -53.333  40.259  9.633 0.0000000000
101744  -53.377  39.917  8.513 0.0000000000
103410  -52.230  42.592  7.955 0.0000000000
104945  -50.454  46.192  9.249 0.0000000000
104956  -51.151  46.144  8.572 0.0000000000
90964  -55.907  22.751  18.483 0.0000000000
90963  -54.796  22.601  18.196 0.0000000000
90978  -55.668  22.980  17.817 0.0000000000
91762  -54.945  23.482  15.891 0.0000000000
91775  -55.064  23.675  15.011 0.0000000000
90974  -51.303  22.545  17.365 0.0000000000
90989  -52.043  22.804  16.770 0.0000000000
91760  -52.344  23.190  15.984 0.0000000000
91783  -51.077  23.712  14.767 0.0000000000
120504  -51.899  23.575  14.791 0.0000000000
91761  -53.207  23.316  15.758 0.0000000000
135755  -53.306  23.517  14.996 0.0000000000
91785  -54.167  23.646  14.651 0.0000000000
91793  -54.197  23.793  13.922 0.0000000000
92506  -54.186  24.068  13.106 0.0000000000
92517  -53.513  24.297  12.302 0.0000000000
92528  -51.781  24.585  11.813 0.0000000000
92539  -51.976  24.722  10.989 0.0000000000
92540  -52.868  24.659  10.574 0.0000000000
135547  -52.505  25.302  9.567 0.0000000000
93202  -52.314  25.880  9.103 0.0000000000
134680  -52.369  26.827  8.719 0.0000000000
95037  -48.397  28.760  22.906 0.0000000000
94419  -49.118  28.067  21.911 0.0000000000
94426  -49.299  27.706  20.877 0.0000000000
102226  -46.917  40.853  19.107 0.0000000000
101068  -47.624  38.281  18.692 0.0000000000
101056  -49.124  38.347  19.289 0.0000000000
127098  -48.359  37.957  18.879 0.0000000000
139599  -47.798  37.530  18.665 0.0000000000
99927  -48.121  36.410  18.770 0.0000000000
98729  -48.706  34.688  19.294 0.0000000000
98143  -49.634  33.767  19.930 0.0000000000
99331  -53.366  36.526  21.383 0.0000000000
98714  -52.770  35.747  21.384 0.0000000000
98713  -51.824  35.238  20.845 0.0000000000
98112  -52.290  33.480  21.714 0.0000000000
133555  -51.429  34.488  20.788 0.0000000000
98124  -50.553  33.955  20.422 0.0000000000
134729  -50.715  33.268  20.732 0.0000000000
98123  -49.997  33.128  20.332 0.0000000000
96895  -50.040  31.653  21.208 0.0000000000
122341  -50.025  30.958  21.898 0.0000000000
96298  -50.386  30.477  22.732 0.0000000000
96287  -51.589  30.041  23.162 0.0000000000
95677  -50.685  29.494  23.048 0.0000000000
95039  -50.197  28.836  22.800 0.0000000000
94420  -49.902  28.112  21.378 0.0000000000
94433  -49.415  27.597  19.983 0.0000000000
94440  -49.514  27.645  19.007 0.0000000000
94446  -49.617  27.652  17.211 0.0000000000
95074  -50.892  28.371  18.799 0.0000000000
94447  -50.255  28.204  17.322 0.0000000000
94456  -50.105  27.994  16.433 0.0000000000
94467  -50.375  27.967  15.634 0.0000000000
94473  -50.355  27.536  14.864 0.0000000000
94474  -50.971  27.983  14.397 0.0000000000
95712  -55.027  29.225  18.438 0.0000000000
95089  -53.850  29.178  17.984 0.0000000000
95733  -53.192  29.444  16.318 0.0000000000
95746  -54.465  29.933  15.317 0.0000000000
95745  -53.318  29.605  15.597 0.0000000000
95732  -52.333  29.321  15.951 0.0000000000
95122  -51.545  28.392  13.912 0.0000000000
94482  -51.065  27.680  13.625 0.0000000000
94490  -51.113  27.326  12.785 0.0000000000
94500  -51.625  27.354  11.146 0.0000000000
95144  -52.796  28.886  11.909 0.0000000000
94501  -52.372  28.309  11.238 0.0000000000
94521  -52.128  27.361  9.548 0.0000000000
94528  -52.892  27.772  8.131 0.0000000000
95176  -53.486  28.798  7.633 0.0000000000
95169  -53.893  29.996  7.245 0.0000000000
95809  -54.188  30.675  8.034 0.0000000000
95815  -54.015  30.846  7.155 0.0000000000
96416  -53.468  30.920  6.487 0.0000000000
96412  -52.596  31.066  6.477 0.0000000000
96996  -55.060  31.855  10.624 0.0000000000
96995  -54.671  31.984  10.179 0.0000000000
97001  -53.975  31.828  9.066 0.0000000000
96389  -52.991  31.460  10.524 0.0000000000
96394  -53.193  31.510  9.570 0.0000000000
96401  -53.340  31.530  8.631 0.0000000000
96400  -52.446  31.051  8.244 0.0000000000
95813  -50.883  29.898  7.456 0.0000000000
95167  -50.147  29.190  8.189 0.0000000000
96939  -51.359  31.996  17.019 0.0000000000
96951  -51.659  31.979  16.040 0.0000000000
97565  -51.106  32.362  15.363 0.0000000000
125025  -50.389  32.655  15.658 0.0000000000
97581  -51.490  32.283  14.431 0.0000000000
97578  -48.741  32.258  14.935 0.0000000000
96360  -49.417  31.241  14.159 0.0000000000
95778  -49.726  29.610  12.528 0.0000000000
95140  -48.963  28.329  12.048 0.0000000000
90186  -50.626  21.652  19.446 0.0000000000
90189  -55.488  22.023  19.794 0.0000000000
90200  -51.279  21.818  18.921 0.0000000000
90980  -58.942  22.675  17.288 0.0000000000
90986  -50.049  23.152  16.642 0.0000000000
90988  -51.214  22.854  16.636 0.0000000000
91746  -55.090  23.296  16.648 0.0000000000
91759  -51.481  23.144  16.068 0.0000000000
91766  -58.907  23.074  16.746 0.0000000000
91771  -50.268  23.806  15.347 0.0000000000
91773  -52.506  23.433  15.257 0.0000000000
91792  -52.714  23.812  13.768 0.0000000000
91804  -57.751  23.796  12.124 0.0000000000
92520  -57.266  24.234  11.653 0.0000000000
92544  -57.185  23.964  9.921 0.0000000000
93805  -48.502  26.056  16.557 0.0000000000
93816  -49.290  26.626  15.592 0.0000000000
94413  -48.598  28.324  22.559 0.0000000000
94427  -49.877  27.939  20.560 0.0000000000
95078  -55.093  29.171  19.375 0.0000000000
95114  -50.878  28.280  15.198 0.0000000000
95123  -52.271  28.888  13.521 0.0000000000
95679  -53.354  30.292  23.060 0.0000000000
95692  -55.939  29.998  21.284 0.0000000000
95699  -54.423  29.318  21.121 0.0000000000
95714  -56.796  30.062  18.572 0.0000000000
95715  -56.922  29.982  17.700 0.0000000000
95722  -53.766  29.359  17.038 0.0000000000
95724  -55.962  29.570  17.896 0.0000000000
95736  -56.776  29.988  17.076 0.0000000000
95748  -56.000  30.228  15.870 0.0000000000
95758  -55.520  30.553  15.003 0.0000000000
95781  -54.351  30.091  12.108 0.0000000000
96289  -54.232  30.837  23.181 0.0000000000
96291  -56.172  31.309  22.063 0.0000000000
96297  -49.608  30.438  22.341 0.0000000000
96299  -55.959  30.518  21.830 0.0000000000
96317  -56.569  30.308  19.412 0.0000000000
96372  -55.489  30.877  13.586 0.0000000000
96883  -51.718  31.503  22.542 0.0000000000
96885  -56.153  32.115  21.972 0.0000000000
96954  -55.235  31.792  14.828 0.0000000000
96976  -55.304  31.654  13.204 0.0000000000
97494  -54.668  32.425  23.239 0.0000000000
97512  -49.562  32.321  20.461 0.0000000000
98103  -55.322  33.251  22.938 0.0000000000
98115  -55.638  33.791  22.307 0.0000000000
98126  -55.679  34.187  21.655 0.0000000000
98141  -47.840  33.451  19.274 0.0000000000
98707  -55.092  35.210  22.139 0.0000000000
98712  -50.841  34.829  20.344 0.0000000000
98730  -49.376  34.415  19.631 0.0000000000
99330  -52.232  36.142  20.915 0.0000000000
99332  -54.764  36.041  21.216 0.0000000000
99338  -48.783  35.761  19.154 0.0000000000
100459  -52.303  37.911  20.517 0.0000000000
100468  -48.859  37.600  19.092 0.0000000000
100483  -48.277  37.200  18.806 0.0000000000
101052  -52.762  38.398  20.381 0.0000000000
101057  -50.045  38.787  19.628 0.0000000000
101069  -48.527  38.812  19.133 0.0000000000
101138  -52.910  38.376  11.349 0.0000000000
101152  -52.924  38.460  10.136 0.0000000000
101663  -51.931  39.525  18.989 0.0000000000
101664  -52.502  39.154  19.390 0.0000000000
102210  -48.997  40.291  19.284 0.0000000000
102218  -38.639  40.911  19.148 0.0000000000
102283  -53.408  39.741  12.280 0.0000000000
102791  -37.147  41.221  18.714 0.0000000000
102813  -38.475  41.736  18.048 0.0000000000
102832  -48.901  41.350  14.259 0.0000000000
102836  -49.570  42.448  13.307 0.0000000000
103332  -42.133  42.153  18.244 0.0000000000
103333  -42.914  42.293  18.347 0.0000000000
103334  -44.541  42.828  18.597 0.0000000000
103340  -33.526  42.644  17.910 0.0000000000
103347  -39.739  42.148  17.263 0.0000000000
103348  -41.985  42.354  17.757 0.0000000000
103354  -34.618  42.765  16.772 0.0000000000
103358  -38.334  42.364  16.472 0.0000000000
103360  -40.097  42.441  16.433 0.0000000000
103369  -36.904  42.813  15.807 0.0000000000
103371  -38.748  42.770  15.775 0.0000000000
103375  -42.243  43.247  15.691 0.0000000000
103377  -49.485  43.533  15.321 0.0000000000
103384  -50.048  43.629  13.823 0.0000000000
103395  -52.867  41.846  8.917 0.0000000000
103856  -33.224  43.368  17.612 0.0000000000
103859  -44.965  43.622  17.485 0.0000000000
103869  -43.941  43.608  16.203 0.0000000000
103873  -49.649  45.057  16.947 0.0000000000
103883  -41.837  43.537  15.269 0.0000000000
103889  -36.900  43.854  14.676 0.0000000000
104377  -48.799  45.896  16.939 0.0000000000
104378  -49.687  45.731  16.703 0.0000000000
104381  -34.292  44.459  15.325 0.0000000000
104382  -35.082  44.163  14.994 0.0000000000
104400  -44.695  45.934  15.083 0.0000000000
104411  -38.797  45.116  13.861 0.0000000000
104415  -50.475  45.085  14.206 0.0000000000
104920  -34.836  46.096  13.936 0.0000000000
104921  -35.579  46.016  13.666 0.0000000000
104922  -36.562  45.994  13.521 0.0000000000
104923  -37.520  45.917  13.525 0.0000000000
104925  -39.272  45.822  13.651 0.0000000000
105390  -33.249  46.351  15.532 0.0000000000
105401  -44.712  47.374  14.547 0.0000000000
105412  -36.791  46.722  13.245 0.0000000000
116635  -55.464  29.855  16.163 0.0000000000
120562  -35.455  41.391  18.374 0.0000000000
120710  -52.482  29.867  22.984 0.0000000000
121704  -50.612  27.394  14.104 0.0000000000
123052  -45.331  40.413  18.590 0.0000000000
126465  -40.104  44.557  14.342 0.0000000000
127438  -43.764  42.539  18.430 0.0000000000
127726  -47.309  36.144  18.592 0.0000000000
128019  -55.161  29.659  21.377 0.0000000000
128162  -47.104  37.429  18.528 0.0000000000
128187  -47.124  38.905  18.644 0.0000000000
129515  -53.494  39.739  10.446 0.0000000000
129525  -46.913  42.364  19.178 0.0000000000
129529  -34.825  47.626  13.315 0.0000000000
133137  -57.996  23.477  13.443 0.0000000000
133276  -50.369  45.295  15.406 0.0000000000
133410  -40.850  42.537  16.418 0.0000000000
134772  -47.855  32.248  19.698 0.0000000000
136154  -48.351  44.909  17.658 0.0000000000
136489  -52.196  28.535  19.842 0.0000000000
136900  -47.611  37.263  15.411 0.0000000000
137296  -35.913  41.601  17.942 0.0000000000
138893  -46.075  40.776  18.811 0.0000000000
138959  -49.757  34.791  19.711 0.0000000000
139309  -57.219  23.225  10.170 0.0000000000
139352  -50.760  30.009  23.220 0.0000000000
139596  -53.464  21.446  21.302 0.0000000000
