#!ascii label  , from subject sub-v1s17x0050238_ses-1 vox2ras=TkReg
1537
134970  25.381  -46.247  8.904 0.8999999762
23016  25.079  -46.874  8.718 0.8000000119
23030  25.008  -47.125  7.763 0.8000000119
22077  23.997  -48.007  7.300 0.6999999881
22085  24.372  -47.439  7.026 0.8000000119
22993  24.845  -46.355  9.376 0.8999999762
23015  25.548  -46.484  8.194 1.0000000000
23934  26.049  -45.969  7.746 1.0000000000
23029  25.442  -46.479  7.262 0.8999999762
23039  24.753  -46.843  6.745 0.8000000119
23049  24.375  -46.482  6.060 0.8000000119
23038  25.036  -46.205  6.318 0.8999999762
23041  23.270  -47.158  5.831 0.8000000119
23949  23.532  -45.922  4.973 0.6999999881
23051  22.917  -46.572  5.134 0.6999999881
23900  24.420  -45.666  9.747 0.8000000119
23899  25.294  -45.520  9.329 0.8999999762
24783  25.496  -44.569  9.372 0.8999999762
24784  24.702  -44.799  9.648 0.8999999762
23902  22.719  -44.845  9.831 0.8999999762
23922  26.424  -45.301  8.252 0.8999999762
23933  26.540  -45.292  7.255 1.0000000000
24836  26.332  -44.465  5.760 1.0000000000
23947  25.266  -45.480  5.855 0.8999999762
23948  24.360  -45.822  5.508 0.8999999762
23950  23.008  -46.034  4.567 0.6999999881
24782  26.161  -44.226  9.088 0.8999999762
25672  25.662  -43.738  9.324 0.8999999762
25673  24.881  -43.921  9.522 0.8999999762
122589  23.262  -44.217  9.603 0.8999999762
25675  22.501  -43.852  9.374 0.8999999762
23898  26.043  -45.039  8.991 0.8999999762
24807  26.587  -44.536  8.585 0.8999999762
24829  26.748  -44.718  6.580 1.0000000000
24838  24.717  -44.999  5.115 0.8000000119
23963  23.966  -45.256  4.715 0.8000000119
23964  23.333  -45.505  4.312 0.8000000119
24883  23.481  -44.608  3.167 0.8000000119
23990  22.575  -45.701  3.317 0.8000000119
24884  22.860  -45.125  2.713 0.8000000119
26587  25.086  -43.071  9.333 0.8999999762
25676  21.743  -43.449  8.993 0.8999999762
25671  26.263  -43.558  9.074 0.8999999762
25697  23.356  -42.478  8.883 0.8999999762
26610  22.409  -42.225  8.477 0.8000000119
24808  21.029  -43.804  8.919 0.8000000119
25696  26.713  -43.789  8.739 0.8999999762
26611  21.751  -42.716  8.567 0.6999999881
121976  20.607  -42.846  8.152 0.6999999881
24806  27.163  -44.064  8.204 0.8999999762
26620  20.778  -42.200  7.802 0.6999999881
25706  20.032  -42.628  7.583 0.6999999881
25712  28.129  -43.185  7.134 1.0000000000
26628  20.267  -41.803  7.165 0.6000000238
24828  27.222  -44.353  6.877 1.0000000000
25714  27.058  -44.143  6.191 1.0000000000
25725  25.853  -44.084  5.016 1.0000000000
24837  25.538  -44.748  5.424 0.8999999762
25724  26.633  -43.793  5.386 1.0000000000
24851  25.078  -44.334  4.706 0.8000000119
24852  24.351  -44.597  4.352 0.8000000119
24882  24.102  -44.271  3.584 0.8000000119
25764  23.935  -43.957  2.796 0.8000000119
24905  23.375  -44.389  2.164 0.8000000119
25786  23.907  -43.629  1.979 0.8000000119
25819  23.447  -43.590  0.425 0.8000000119
26586  25.931  -42.981  9.209 0.8999999762
26588  24.163  -43.206  9.339 0.8999999762
119134  26.316  -42.282  8.972 0.8999999762
26608  25.414  -42.277  9.088 0.8999999762
26609  24.437  -42.350  9.037 0.8999999762
27527  23.886  -41.647  8.530 0.8999999762
25695  27.267  -43.312  8.429 0.8999999762
26619  21.601  -41.968  8.068 0.6999999881
25694  27.744  -42.927  8.156 0.8999999762
27538  21.864  -41.219  7.565 0.6000000238
27539  21.066  -41.471  7.423 0.6000000238
28524  20.743  -40.354  5.833 0.5000000000
26627  28.094  -43.070  6.363 1.0000000000
26639  27.774  -42.770  5.458 1.0000000000
25723  27.424  -43.489  5.837 1.0000000000
26640  26.997  -43.129  4.986 1.0000000000
25739  26.203  -43.437  4.634 1.0000000000
25740  25.445  -43.703  4.318 0.8999999762
25741  24.738  -43.973  3.969 0.8000000119
26682  25.540  -42.744  3.255 0.8999999762
26683  24.914  -43.038  2.880 0.8000000119
25763  24.497  -43.638  3.234 0.8000000119
26701  25.323  -42.399  2.536 0.8999999762
26703  24.278  -43.062  1.868 0.8000000119
26740  23.765  -42.978  0.218 0.8000000119
137303  24.333  -42.101  -0.085 0.8000000119
26750  23.908  -42.499  -0.509 0.8000000119
126135  26.975  -42.237  8.782 0.8999999762
27524  26.772  -41.590  8.797 0.8999999762
27536  23.472  -40.983  8.003 0.6999999881
26618  22.299  -41.588  8.046 0.8000000119
26605  28.034  -42.356  8.197 0.8999999762
27523  27.616  -41.753  8.601 0.8999999762
139121  22.732  -40.483  7.262 0.6999999881
27546  21.399  -40.854  7.067 0.6000000238
28511  21.428  -40.380  6.414 0.6000000238
28509  22.927  -40.052  6.833 0.6999999881
28510  22.229  -39.868  6.177 0.6000000238
29523  22.053  -39.529  5.427 0.5000000000
29537  21.561  -39.461  4.792 0.5000000000
26638  28.484  -42.388  5.954 1.0000000000
26656  27.336  -42.362  4.564 1.0000000000
26657  26.543  -42.781  4.276 1.0000000000
26681  26.221  -42.482  3.612 0.8999999762
27578  28.461  -41.444  4.786 1.0000000000
27579  27.294  -41.745  3.888 0.8999999762
27580  26.805  -42.251  3.928 0.8999999762
27599  25.994  -42.132  2.932 0.8999999762
27598  26.652  -41.860  3.366 0.8999999762
27616  25.765  -41.736  2.258 0.8999999762
27617  25.131  -42.022  1.714 0.8999999762
121291  24.764  -42.014  0.994 0.8999999762
27615  26.439  -41.450  2.679 0.8999999762
28593  25.962  -40.797  1.279 0.8999999762
27646  24.666  -41.758  0.275 0.8999999762
28606  25.731  -40.419  0.360 0.8999999762
27525  25.841  -41.521  8.812 0.8999999762
27526  24.848  -41.543  8.727 0.8999999762
27535  24.303  -40.902  8.236 0.8999999762
28489  25.292  -40.674  8.397 0.8999999762
132618  24.561  -40.264  7.909 1.0000000000
28501  23.887  -40.377  7.677 0.8000000119
120433  27.318  -40.911  8.706 0.8999999762
28502  23.201  -40.464  7.446 0.6999999881
26617  28.547  -42.239  7.690 0.8999999762
27522  28.492  -41.690  8.194 0.8999999762
130803  23.574  -40.000  7.167 0.6999999881
29507  22.963  -39.594  6.190 0.6999999881
29522  22.657  -39.357  5.614 0.5000000000
27545  29.017  -41.842  6.400 1.0000000000
29536  22.328  -39.119  4.954 0.5000000000
30584  21.990  -38.884  4.251 0.5000000000
137767  29.269  -41.370  5.936 1.0000000000
28522  29.124  -41.120  5.270 1.0000000000
28535  29.531  -40.461  5.023 1.0000000000
28536  28.795  -40.776  4.477 1.0000000000
28537  27.985  -41.130  3.938 1.0000000000
29535  29.190  -40.095  4.158 1.0000000000
28557  27.817  -40.589  3.305 0.8999999762
28574  26.819  -40.743  2.402 0.8999999762
29574  27.155  -40.096  2.058 0.8999999762
29636  27.947  -39.621  -1.446 0.6999999881
29637  27.473  -39.959  -2.092 0.8000000119
29655  26.843  -39.614  -3.186 0.8000000119
29656  26.139  -39.696  -4.010 0.8000000119
120891  26.963  -40.119  8.581 1.0000000000
29482  26.045  -39.996  8.311 1.0000000000
120890  25.861  -39.243  7.767 1.0000000000
28500  25.163  -39.793  7.810 0.6999999881
131129  24.299  -39.710  7.265 0.6999999881
27534  29.070  -41.660  7.386 0.8999999762
126164  28.194  -41.001  8.514 0.8999999762
29506  23.633  -39.508  6.560 0.6999999881
30570  22.991  -38.844  5.181 0.6000000238
28521  29.617  -40.793  5.881 1.0000000000
27559  29.447  -41.182  6.611 0.8999999762
28486  29.005  -40.975  8.153 0.8999999762
30600  22.408  -38.294  3.840 0.4000000060
29556  28.756  -39.682  3.396 1.0000000000
29572  28.361  -39.313  2.697 1.0000000000
30598  29.068  -38.979  3.045 1.0000000000
29658  25.065  -38.982  -3.539 0.8999999762
29608  29.382  -39.508  0.466 0.6000000238
30681  28.423  -39.059  -1.127 0.6000000238
30701  27.730  -39.020  -2.176 0.8000000119
30718  27.127  -38.596  -3.378 0.8000000119
28653  25.804  -40.300  -3.822 0.8999999762
28655  25.059  -39.901  -3.428 0.8999999762
137922  28.600  -40.411  8.403 0.8999999762
28487  27.857  -40.252  8.597 0.8999999762
29498  25.060  -38.994  7.098 0.8000000119
29505  24.332  -39.148  6.640 0.6999999881
29520  23.994  -38.892  6.053 0.6999999881
30581  23.957  -37.964  5.032 0.6000000238
30599  22.998  -38.103  4.206 0.4000000060
28508  29.836  -40.460  6.648 1.0000000000
29519  30.111  -39.975  5.793 1.0000000000
29534  29.911  -39.715  4.697 1.0000000000
29555  29.516  -39.367  3.810 1.0000000000
30621  29.334  -38.229  2.736 1.0000000000
30683  25.445  -38.657  -1.916 0.8999999762
29657  25.084  -38.805  -2.876 0.8999999762
29686  25.784  -38.499  -4.440 0.8999999762
30735  25.345  -38.313  -4.108 0.8999999762
30658  30.580  -38.259  0.682 0.6000000238
29607  30.111  -39.116  0.929 0.6000000238
29622  28.910  -39.254  -0.271 0.6000000238
125886  27.819  -38.092  -2.557 0.8000000119
29674  25.961  -39.055  -4.404 0.8999999762
29480  27.543  -39.461  8.490 0.8999999762
29481  26.662  -39.390  8.250 0.8999999762
30537  25.906  -38.525  7.290 0.6999999881
30515  27.143  -38.735  8.191 0.8999999762
29497  26.435  -38.800  7.815 0.8999999762
30553  24.654  -38.580  6.318 0.6000000238
28485  29.322  -40.126  8.062 1.0000000000
30534  29.787  -38.582  7.731 1.0000000000
29478  29.172  -39.114  8.208 1.0000000000
30567  24.852  -38.020  5.947 0.6000000238
31641  24.612  -37.631  5.390 0.6000000238
31658  24.268  -37.260  4.655 0.5000000000
29503  30.522  -39.147  6.226 1.0000000000
28499  29.837  -40.152  7.339 1.0000000000
30550  30.719  -38.402  6.586 1.0000000000
29518  30.444  -39.145  5.252 1.0000000000
30580  30.236  -38.961  4.305 1.0000000000
30596  30.509  -38.217  3.947 1.0000000000
31672  30.078  -37.890  3.144 1.0000000000
31688  29.574  -37.450  2.478 1.0000000000
31689  28.874  -37.797  2.083 1.0000000000
30640  28.257  -38.243  1.673 1.0000000000
31703  28.462  -37.424  1.405 1.0000000000
31704  27.850  -37.883  0.989 1.0000000000
31723  27.371  -37.525  0.346 1.0000000000
31724  26.856  -38.036  -0.085 0.8999999762
30660  27.223  -38.367  0.625 0.8999999762
30682  25.963  -38.570  -1.031 0.8999999762
30719  25.116  -38.122  -3.560 0.8999999762
30734  26.070  -38.201  -4.671 0.8999999762
30655  33.164  -38.257  0.456 0.6000000238
30657  31.689  -38.270  1.121 0.6000000238
30659  29.615  -38.723  0.207 0.6000000238
30700  28.432  -38.167  -1.574 0.8000000119
30513  28.184  -38.695  8.405 0.8999999762
30536  26.689  -38.110  7.599 0.6999999881
30552  25.399  -38.130  6.542 0.6000000238
31621  25.911  -37.375  6.456 0.6000000238
31599  29.711  -37.708  7.700 0.8999999762
31657  25.009  -36.811  5.185 0.6000000238
29495  30.369  -38.935  7.123 1.0000000000
30566  30.793  -38.483  5.711 1.0000000000
128442  30.806  -37.767  6.832 0.8999999762
30579  30.730  -38.410  4.829 1.0000000000
31671  30.726  -37.471  3.634 1.0000000000
31687  30.295  -37.165  2.883 1.0000000000
132452  29.834  -36.710  2.313 1.0000000000
31722  28.015  -36.963  0.725 1.0000000000
31739  26.801  -37.110  -0.381 1.0000000000
31750  26.076  -37.071  -1.320 0.8999999762
30702  25.721  -37.848  -1.656 0.8999999762
30703  25.290  -37.956  -2.710 0.8999999762
32816  25.617  -36.871  -4.467 0.8999999762
31719  32.132  -37.614  0.733 0.6000000238
31720  31.318  -37.692  0.719 0.6000000238
30679  29.868  -37.889  -0.110 0.6000000238
31738  29.203  -37.441  -0.903 0.6999999881
31749  28.503  -37.325  -1.750 0.6999999881
31761  27.970  -37.345  -2.563 0.6999999881
31762  27.206  -37.578  -3.605 0.8000000119
32807  26.059  -36.705  -4.760 0.8999999762
128923  33.551  -38.336  -0.172 0.6000000238
32779  28.296  -36.600  -2.247 0.6999999881
32797  27.580  -36.657  -3.256 0.8000000119
32806  26.748  -36.671  -4.257 0.8999999762
32653  25.740  -36.635  5.846 0.6000000238
117390  28.912  -37.327  8.012 0.8999999762
138175  28.153  -37.067  7.951 0.8000000119
32641  27.669  -36.464  7.590 0.6999999881
30533  30.386  -38.108  7.278 0.8999999762
32639  29.561  -36.826  7.657 0.8000000119
121830  31.036  -37.854  6.135 1.0000000000
31619  31.037  -37.218  6.568 0.8000000119
32668  31.525  -36.516  5.630 0.8999999762
133544  31.288  -36.702  6.266 0.8000000119
31655  31.378  -37.129  4.998 1.0000000000
32692  31.262  -36.964  4.139 1.0000000000
32712  30.909  -36.760  3.302 1.0000000000
33706  31.028  -36.080  2.851 1.0000000000
136998  30.467  -36.549  2.684 1.0000000000
32743  29.527  -36.274  1.827 1.0000000000
32744  28.987  -36.174  1.384 1.0000000000
32754  28.406  -36.148  0.838 1.0000000000
133580  27.411  -36.792  0.168 1.0000000000
32780  25.768  -36.296  -1.952 0.8999999762
31751  25.463  -37.038  -2.492 0.8999999762
117630  25.311  -35.896  -3.595 0.8999999762
31721  30.692  -37.396  0.323 0.6000000238
32778  28.971  -36.622  -1.414 0.6999999881
33821  25.752  -36.010  -4.404 0.8999999762
120844  33.574  -37.647  -0.754 0.6000000238
31718  33.244  -37.566  0.055 0.6000000238
33793  28.777  -35.716  -1.815 0.6999999881
33812  27.872  -35.854  -2.838 0.6999999881
31620  26.531  -37.365  7.093 0.6999999881
32669  26.325  -35.959  6.182 0.6000000238
32640  28.638  -36.550  7.798 0.8000000119
32651  26.955  -36.061  6.953 0.6999999881
32652  26.408  -36.712  6.576 0.6999999881
33649  30.152  -36.248  7.303 0.6999999881
33660  31.383  -36.018  6.350 0.6999999881
33669  31.773  -35.587  5.564 0.6999999881
33682  31.880  -35.512  4.426 0.8000000119
32711  31.453  -36.200  3.759 0.8000000119
33705  31.649  -35.358  3.291 0.8000000119
33721  30.936  -35.334  2.392 0.8999999762
32729  30.206  -35.954  2.182 1.0000000000
33742  29.507  -35.588  1.558 1.0000000000
32755  27.754  -36.165  0.318 1.0000000000
33776  27.453  -35.460  -0.124 1.0000000000
33757  28.823  -35.422  1.016 1.0000000000
32766  27.126  -36.225  -0.288 1.0000000000
33777  26.739  -35.510  -0.776 1.0000000000
32767  26.405  -36.288  -0.987 0.8999999762
33794  26.025  -35.547  -1.644 0.8999999762
33795  25.487  -35.598  -2.666 0.8999999762
32752  32.561  -36.957  0.263 0.6000000238
32753  31.583  -37.044  0.470 0.6000000238
138022  30.359  -36.364  -0.350 0.6000000238
32765  29.667  -36.568  -0.773 0.6999999881
33830  25.422  -36.151  -4.096 0.8999999762
132048  26.287  -35.926  -4.431 0.8999999762
33820  27.142  -35.897  -3.886 0.8999999762
131009  26.637  -35.213  -4.058 0.8999999762
33651  28.295  -35.794  7.608 0.6999999881
33652  27.588  -35.762  7.372 0.6000000238
33662  27.272  -35.408  7.077 0.6000000238
33670  26.307  -35.174  5.880 0.6000000238
132085  29.809  -35.478  7.291 0.6999999881
34550  27.869  -35.145  7.373 0.6000000238
33661  30.658  -35.570  6.891 0.6999999881
34567  31.755  -34.652  5.960 0.6999999881
35490  32.216  -34.240  3.199 0.8000000119
34607  31.560  -34.650  2.571 0.8000000119
35498  31.144  -34.084  1.850 0.8000000119
34608  30.838  -34.717  1.968 0.8000000119
33741  30.179  -35.092  1.784 1.0000000000
34623  30.284  -34.277  1.549 0.8000000119
34641  28.557  -34.635  0.559 1.0000000000
33758  28.147  -35.422  0.434 1.0000000000
34656  27.071  -34.757  -0.595 1.0000000000
35525  28.175  -33.857  0.100 1.0000000000
34642  27.799  -34.674  0.004 1.0000000000
126422  26.643  -34.197  -1.076 1.0000000000
34676  25.761  -33.970  -1.849 1.0000000000
122043  25.595  -34.796  -2.329 1.0000000000
32764  30.919  -36.595  0.116 0.6000000238
33822  25.537  -35.197  -3.871 0.8999999762
31736  33.228  -36.720  -0.473 0.6000000238
32762  32.566  -36.130  -0.221 0.6000000238
119663  31.065  -35.761  -0.255 0.6999999881
34702  25.633  -34.233  -3.676 0.8999999762
33792  29.744  -35.207  -1.050 0.6999999881
34691  28.090  -34.918  -2.575 0.6999999881
34692  27.156  -34.624  -3.450 0.8999999762
34560  26.733  -34.552  6.380 0.5000000000
34549  28.896  -35.019  7.424 0.6000000238
34558  28.047  -34.277  7.227 0.5000000000
34568  30.942  -34.359  6.528 0.6999999881
34557  30.028  -34.706  7.016 0.6999999881
34566  32.022  -34.024  5.548 0.6999999881
34580  32.336  -34.048  4.775 0.6999999881
35489  32.500  -33.847  3.971 0.6999999881
35497  31.933  -33.830  2.384 0.8000000119
35507  31.433  -33.297  1.733 0.8000000119
35508  30.551  -33.471  1.406 0.8000000119
35509  29.710  -33.654  1.065 0.8999999762
35524  28.934  -33.794  0.617 1.0000000000
36366  30.014  -32.852  0.932 0.8000000119
35523  29.253  -32.975  0.580 0.8999999762
134025  28.505  -33.041  0.197 1.0000000000
36382  27.783  -33.103  -0.284 1.0000000000
35537  27.337  -33.893  -0.508 1.0000000000
35553  25.207  -33.188  -2.549 1.0000000000
34677  25.264  -33.996  -2.862 0.8999999762
33814  25.369  -34.889  -3.255 0.8999999762
34693  25.433  -34.071  -3.337 0.8999999762
35567  24.865  -33.156  -2.972 0.8999999762
35582  25.523  -33.366  -3.468 0.8999999762
32761  33.002  -35.937  -0.671 0.6000000238
33773  32.023  -35.512  -0.311 0.6000000238
34674  30.038  -34.256  -1.174 0.6999999881
118186  27.741  -34.160  -2.771 0.8000000119
34701  26.217  -34.490  -3.875 0.8999999762
32795  33.414  -36.429  -2.095 0.6000000238
34675  29.063  -34.658  -1.661 0.6999999881
35566  26.874  -33.749  -3.218 0.8000000119
35551  28.521  -34.021  -2.142 0.6999999881
125714  26.185  -32.874  -3.415 0.8999999762
118180  29.077  -34.032  7.132 0.5000000000
131965  27.770  -33.729  7.017 0.5000000000
35457  30.029  -33.745  6.768 0.6999999881
35459  28.312  -33.490  7.034 0.5000000000
35473  30.865  -33.439  6.352 0.6999999881
35472  31.721  -33.198  5.864 0.6999999881
35471  32.260  -33.492  5.290 0.6999999881
35484  32.553  -33.353  4.717 0.6999999881
36349  32.996  -32.648  3.811 0.6999999881
35496  32.584  -33.381  3.175 0.6999999881
36356  32.256  -33.034  2.191 0.8000000119
36364  31.742  -32.533  1.536 0.8000000119
36365  30.842  -32.686  1.248 0.8000000119
36380  29.570  -32.253  0.490 0.8000000119
36381  28.837  -32.298  0.180 0.8999999762
36392  28.103  -32.342  -0.247 1.0000000000
36393  27.310  -32.446  -0.719 1.0000000000
35538  26.552  -33.522  -1.196 1.0000000000
36379  30.316  -32.143  0.739 0.8000000119
37193  29.245  -31.673  0.055 0.8000000119
37206  26.577  -31.895  -1.296 1.0000000000
35552  25.749  -33.153  -1.762 1.0000000000
37205  27.586  -31.613  -0.745 0.8999999762
36405  25.352  -32.237  -2.120 1.0000000000
121012  24.866  -32.603  -2.844 1.0000000000
36429  24.910  -32.476  -3.095 1.0000000000
36428  25.264  -32.359  -3.444 0.8999999762
34655  31.474  -34.800  -0.656 0.6999999881
37245  24.865  -31.483  -3.331 0.8999999762
34654  32.363  -34.876  -0.772 0.6000000238
34672  32.001  -33.933  -1.161 0.6000000238
37243  26.014  -31.766  -3.618 0.8999999762
34673  31.094  -33.963  -0.984 0.6999999881
35550  29.426  -33.713  -1.594 0.6999999881
35564  28.832  -33.117  -1.987 0.6999999881
35565  27.964  -33.420  -2.575 0.6999999881
37231  27.173  -32.064  -3.068 0.8000000119
36418  28.237  -32.485  -2.559 0.6999999881
127256  25.854  -30.929  -4.026 0.8999999762
37230  28.077  -31.712  -2.948 0.6999999881
35458  29.190  -33.175  6.856 0.5000000000
36336  31.619  -32.101  5.776 0.6999999881
36337  30.837  -32.561  6.198 0.5000000000
36342  32.806  -32.652  4.684 0.6999999881
36335  32.356  -32.796  5.348 0.6999999881
120360  33.135  -31.948  4.480 0.6999999881
36343  32.587  -31.892  5.271 0.6999999881
37163  33.269  -31.943  3.520 0.6999999881
37171  33.138  -31.828  2.577 0.6999999881
36355  32.857  -32.557  2.830 0.6999999881
36363  32.551  -32.266  1.955 0.6999999881
136150  31.721  -31.605  0.894 0.8000000119
37191  32.258  -31.236  0.844 0.8000000119
117730  31.399  -31.377  0.505 0.8000000119
115127  29.884  -31.705  0.341 0.8000000119
38074  31.839  -30.895  0.099 0.8000000119
38075  30.889  -31.032  -0.092 0.8000000119
119057  28.938  -31.168  -0.459 0.8000000119
135000  28.207  -31.169  -0.683 0.8999999762
37216  26.816  -31.207  -1.317 0.8999999762
37217  25.813  -31.232  -1.810 1.0000000000
38091  30.362  -30.651  -0.804 0.8000000119
38092  29.345  -30.736  -0.827 0.8000000119
36420  24.738  -31.821  -2.910 1.0000000000
38111  25.335  -30.469  -2.468 1.0000000000
34671  32.700  -34.512  -1.353 0.6000000238
37232  24.650  -30.926  -3.129 1.0000000000
35549  30.478  -33.400  -1.412 0.6999999881
36404  29.834  -32.853  -1.763 0.6999999881
37244  25.183  -31.189  -3.786 0.8999999762
38137  24.811  -30.449  -3.770 1.0000000000
36417  29.272  -32.373  -2.266 0.6999999881
37229  28.834  -31.865  -2.683 0.8000000119
37242  27.149  -31.171  -3.639 0.8000000119
38035  33.049  -30.558  4.909 0.6999999881
37156  33.352  -31.130  4.114 0.6999999881
37162  33.428  -31.344  3.214 0.6999999881
37170  33.425  -31.110  2.491 0.6999999881
37178  33.358  -30.832  1.830 0.6999999881
38063  33.073  -30.811  1.132 0.6999999881
38073  32.696  -30.618  0.377 0.8000000119
38090  31.441  -30.637  -0.631 0.8000000119
38089  32.387  -30.466  -0.417 0.8000000119
38106  31.099  -30.402  -1.363 0.8000000119
38108  28.830  -30.433  -1.495 0.8999999762
38094  27.516  -30.804  -1.230 0.8999999762
126301  29.668  -30.440  -1.425 0.8000000119
38122  28.371  -29.979  -2.222 0.8999999762
38110  26.421  -30.583  -1.779 0.8999999762
39067  27.918  -29.398  -2.975 0.8999999762
38123  27.180  -29.670  -2.524 0.8999999762
38112  24.774  -30.653  -2.841 1.0000000000
34690  32.601  -34.029  -2.867 0.6000000238
39086  24.904  -29.802  -3.808 0.8999999762
127199  30.113  -32.322  -2.247 0.6999999881
38146  25.169  -29.816  -4.259 0.8999999762
38135  26.271  -30.410  -4.483 0.8000000119
38044  33.545  -30.626  3.305 0.6999999881
38054  33.631  -30.332  2.447 0.6999999881
38072  33.374  -30.227  0.707 0.6999999881
39027  33.671  -29.747  0.332 0.6999999881
38088  33.174  -30.122  -0.074 0.6999999881
38107  30.363  -30.380  -1.536 0.8000000119
139089  29.186  -30.193  -1.992 0.8000000119
38121  29.908  -30.159  -2.106 0.8000000119
39081  30.234  -29.445  -3.719 0.8000000119
138861  25.236  -29.947  -2.875 0.8999999762
35548  31.928  -33.057  -1.925 0.6000000238
39066  29.086  -29.713  -2.708 0.8000000119
125373  28.429  -29.276  -3.441 0.8999999762
39068  26.084  -29.352  -3.358 0.8999999762
39069  25.251  -29.663  -3.338 0.8999999762
137591  32.363  -33.339  -2.493 0.6000000238
36403  30.909  -32.661  -1.910 0.6999999881
39085  25.400  -29.444  -4.008 0.8999999762
122828  29.648  -31.403  -3.488 0.6999999881
38145  25.827  -29.843  -4.696 0.8000000119
37254  27.713  -30.600  -4.375 0.6999999881
39000  33.702  -29.635  3.301 0.6999999881
39019  34.286  -28.968  1.362 0.6999999881
39026  34.150  -29.188  0.449 0.6999999881
38119  31.540  -30.202  -1.913 0.8000000119
39064  31.414  -29.938  -2.604 0.8000000119
39065  30.302  -29.763  -2.881 0.8000000119
39082  29.338  -29.390  -3.536 0.8000000119
39083  27.446  -28.998  -3.827 0.8999999762
36415  31.444  -32.433  -2.614 0.6000000238
39084  26.332  -29.079  -4.203 0.8999999762
36427  31.105  -31.995  -3.164 0.6999999881
37240  30.447  -31.676  -3.320 0.6999999881
39099  26.599  -29.099  -5.002 0.8999999762
38143  28.671  -30.571  -4.986 0.6999999881
38160  27.634  -30.169  -5.494 0.8000000119
38161  26.668  -29.493  -5.163 0.8000000119
38177  28.505  -30.393  -5.970 0.6999999881
38179  27.240  -29.661  -5.816 0.8000000119
38144  26.703  -29.953  -5.121 0.8000000119
138331  27.734  -30.009  -6.192 0.8000000119
39934  34.322  -28.596  2.185 0.6999999881
131397  34.537  -28.302  1.538 0.6000000238
35580  31.917  -33.001  -3.999 0.6000000238
39097  29.536  -29.136  -4.347 0.8000000119
134636  27.723  -28.748  -4.950 0.8999999762
119111  27.103  -28.829  -4.708 0.8999999762
36436  31.433  -32.505  -4.661 0.6000000238
40021  27.215  -28.796  -5.523 0.8999999762
122504  29.589  -30.931  -4.802 0.8000000119
39116  27.048  -29.061  -5.637 0.8999999762
39132  27.292  -29.255  -6.121 0.8000000119
38178  27.592  -29.585  -6.548 0.8000000119
39131  27.571  -29.115  -7.026 0.8000000119
36437  30.911  -31.841  -5.057 0.6999999881
128636  29.528  -28.681  -5.676 0.8000000119
36448  30.734  -31.812  -6.075 0.5000000000
37262  30.247  -31.259  -5.328 0.6000000238
121713  30.154  -31.138  -6.115 0.6000000238
37263  29.475  -30.780  -5.622 0.6999999881
40043  27.405  -28.952  -6.374 0.8000000119
37282  29.418  -30.725  -6.578 0.6000000238
38190  28.987  -30.379  -7.300 0.6000000238
38191  28.046  -29.683  -7.193 0.6999999881
133658  28.501  -29.786  -7.645 0.6000000238
40041  28.688  -28.542  -6.142 0.8000000119
40056  28.827  -28.274  -6.817 0.8000000119
40057  27.891  -28.564  -6.743 0.8999999762
37281  30.477  -31.372  -6.736 0.6000000238
39162  27.898  -28.670  -7.706 0.8000000119
125349  27.792  -28.699  -7.225 0.8000000119
40071  28.148  -28.125  -7.474 0.8000000119
135488  28.248  -28.709  -8.185 0.6000000238
41012  29.820  -28.145  -6.985 0.8000000119
41027  28.554  -27.436  -7.782 0.8000000119
136799  29.856  -30.906  -7.133 0.6000000238
38200  29.204  -30.074  -7.855 0.6000000238
40072  28.034  -28.095  -7.892 0.8000000119
39161  29.396  -29.611  -8.266 0.6000000238
41029  28.261  -27.338  -8.455 0.6999999881
42049  28.378  -26.966  -8.308 0.8000000119
40100  29.125  -28.162  -9.016 0.6000000238
41057  28.137  -27.018  -9.050 0.6000000238
42074  28.078  -26.792  -9.038 0.6999999881
39160  30.276  -29.562  -8.395 0.6000000238
40087  29.570  -28.919  -8.668 0.6000000238
41025  30.896  -27.218  -7.586 0.8000000119
41013  28.952  -27.895  -7.298 0.8000000119
38189  30.657  -30.650  -7.637 0.6000000238
41026  29.686  -27.429  -7.550 0.8000000119
39146  31.459  -30.377  -7.630 0.5000000000
42061  28.343  -26.384  -8.659 0.8000000119
42048  29.138  -26.844  -7.992 0.8000000119
127828  31.051  -29.450  -8.429 0.6000000238
38199  30.037  -30.171  -8.010 0.6000000238
42991  28.091  -26.134  -9.185 0.6000000238
40085  31.721  -28.908  -8.666 0.5000000000
40086  30.661  -28.923  -8.761 0.6000000238
40099  30.076  -28.296  -9.163 0.6000000238
42072  28.278  -26.486  -9.438 0.6000000238
41054  31.502  -27.681  -9.532 0.6000000238
118709  29.493  -27.661  -9.371 0.6000000238
42071  29.238  -26.818  -9.692 0.6000000238
42085  28.439  -25.885  -10.021 0.6000000238
42047  30.070  -26.549  -8.140 0.8000000119
42046  31.362  -26.482  -8.041 0.8000000119
42059  30.775  -25.860  -8.465 0.6999999881
134766  29.789  -25.783  -8.532 0.6999999881
40098  31.134  -28.300  -9.228 0.6000000238
42999  27.993  -25.101  -9.776 0.6000000238
43966  27.891  -24.125  -9.923 0.6000000238
126610  28.352  -25.623  -8.990 0.6999999881
41053  32.193  -27.359  -9.663 0.5000000000
43013  27.908  -25.070  -10.057 0.6000000238
41063  31.378  -26.963  -9.895 0.5000000000
41064  30.300  -26.733  -9.934 0.6000000238
43011  30.161  -25.466  -10.547 0.6000000238
123693  32.878  -26.370  -10.320 0.5000000000
42989  31.260  -25.163  -8.708 0.6999999881
42990  30.144  -25.201  -8.808 0.6000000238
43965  28.575  -23.926  -9.630 0.6000000238
123498  29.016  -25.315  -8.885 0.6000000238
45852  28.291  -23.381  -10.182 0.6000000238
44935  28.962  -23.135  -9.740 0.6000000238
136883  32.244  -25.198  -10.929 0.5000000000
43974  30.750  -24.945  -10.863 0.6000000238
43980  30.636  -24.268  -11.144 0.6000000238
43012  28.759  -25.265  -10.387 0.6000000238
43967  27.803  -24.238  -10.036 0.6000000238
45851  28.689  -22.902  -10.091 0.6000000238
43022  31.784  -24.721  -11.143 0.6000000238
122754  31.625  -23.898  -11.541 0.6000000238
43009  32.712  -25.634  -10.737 0.5000000000
43021  32.860  -24.918  -11.240 0.5000000000
43978  33.634  -24.454  -11.547 0.4000000060
44945  33.239  -23.674  -11.810 0.5000000000
44927  30.907  -23.657  -9.150 0.6000000238
44934  30.096  -22.899  -9.460 0.6000000238
43981  29.493  -23.820  -10.982 0.6000000238
45861  28.504  -23.199  -10.503 0.6000000238
45850  29.462  -22.406  -9.859 0.6000000238
44947  30.537  -23.464  -11.465 0.6000000238
125525  30.419  -22.741  -11.724 0.6000000238
44946  32.400  -23.555  -11.838 0.5000000000
129583  31.499  -23.042  -11.915 0.6000000238
118947  32.624  -22.918  -12.105 0.5000000000
45855  34.024  -23.443  -11.455 0.4000000060
45856  33.423  -23.094  -11.843 0.4000000060
46811  29.278  -22.102  -11.094 0.6000000238
46805  29.231  -22.223  -10.428 0.5000000000
126362  30.428  -22.104  -9.384 0.5000000000
45840  31.146  -22.784  -9.028 0.5000000000
44948  29.542  -22.975  -11.301 0.6000000238
132498  31.796  -22.441  -12.315 0.6000000238
45857  32.398  -22.151  -12.431 0.5000000000
46808  33.103  -22.219  -12.090 0.4000000060
123611  31.356  -21.976  -8.889 0.4000000060
45859  29.815  -22.155  -11.662 0.6000000238
46810  29.979  -21.483  -11.733 0.5000000000
45862  31.453  -21.842  -12.592 0.4000000060
45858  30.842  -22.256  -12.195 0.6000000238
46814  30.579  -21.548  -12.322 0.6000000238
47784  30.281  -20.918  -11.527 0.4000000060
46809  32.507  -21.643  -12.588 0.4000000060
47782  32.129  -21.042  -13.110 0.4000000060
47780  30.872  -20.306  -10.885 0.4000000060
46813  31.249  -21.192  -12.923 0.4000000060
47786  30.533  -20.980  -12.522 0.4000000060
120372  32.969  -21.443  -12.398 0.4000000060
47785  31.329  -20.452  -13.134 0.4000000060
47771  31.905  -20.784  -8.644 0.4000000060
127496  31.053  -20.294  -9.821 0.4000000060
47783  30.829  -20.450  -12.228 0.4000000060
48882  32.796  -19.662  -13.411 0.4000000060
48883  32.132  -20.123  -13.526 0.4000000060
48884  31.716  -19.546  -13.603 0.4000000060
132932  31.648  -20.028  -9.113 0.4000000060
50103  31.746  -19.088  -10.543 0.4000000060
48878  31.283  -19.718  -11.408 0.4000000060
48885  32.213  -19.235  -13.979 0.3000000119
48881  31.277  -19.750  -12.803 0.4000000060
48872  31.961  -19.317  -9.505 0.4000000060
50109  31.667  -19.048  -11.868 0.4000000060
28641  26.273  -40.445  -3.464 0.8000000119
28654  25.466  -40.103  -3.714 0.8999999762
29639  24.854  -39.777  -2.836 0.8999999762
28642  24.618  -40.543  -3.081 0.8999999762
27663  24.222  -41.477  -1.944 0.8999999762
28573  27.459  -40.362  2.724 0.8999999762
30623  27.978  -38.981  2.032 1.0000000000
30622  28.624  -38.579  2.379 1.0000000000
27633  25.262  -41.345  0.893 0.8999999762
28592  26.567  -40.440  1.716 0.8999999762
29591  26.891  -39.864  1.497 0.8999999762
28618  25.319  -40.272  -0.683 0.8999999762
129417  26.420  -40.082  1.018 0.8999999762
29610  26.319  -39.596  0.314 0.8999999762
29590  27.375  -39.427  1.713 1.0000000000
28629  24.999  -40.083  -1.760 0.8999999762
134157  26.430  -38.485  -0.416 0.8999999762
46804  29.986  -21.700  -10.023 0.4000000060
46807  29.781  -21.509  -10.899 0.4000000060
46803  30.737  -21.396  -9.305 0.4000000060
133688  31.465  -21.300  -8.840 0.4000000060
23941  25.803  -45.834  6.750 1.0000000000
24785  23.819  -44.908  9.824 0.8999999762
24820  26.929  -44.743  7.901 1.0000000000
24853  23.693  -44.881  3.973 0.8000000119
26606  27.383  -42.581  8.520 0.8999999762
25785  24.369  -43.340  2.495 0.8000000119
26723  23.958  -43.154  1.135 0.8000000119
27561  28.132  -42.085  5.114 1.0000000000
26702  24.714  -42.711  2.175 0.8999999762
26739  24.288  -42.436  0.521 0.8000000119
28619  24.724  -40.878  -1.267 0.8999999762
27653  24.386  -41.703  -0.734 0.8000000119
27597  27.212  -41.130  3.169 0.8999999762
29611  25.839  -39.777  -0.292 0.8999999762
28488  26.379  -40.804  8.634 0.8999999762
30569  23.651  -38.577  5.416 0.6000000238
30582  23.323  -38.312  4.762 0.4000000060
28556  28.435  -40.384  3.696 1.0000000000
29573  27.716  -39.678  2.386 0.8999999762
27671  26.308  -41.283  -2.923 0.6999999881
30733  26.558  -38.169  -4.205 0.8000000119
29638  25.167  -39.362  -2.140 0.8999999762
29609  28.757  -40.031  0.060 0.6000000238
29675  25.540  -39.191  -4.018 0.8999999762
30551  26.068  -37.895  6.993 0.6999999881
31659  23.559  -37.706  4.340 0.4000000060
29625  25.554  -39.409  -1.144 0.8999999762
31773  25.230  -37.481  -4.117 0.8999999762
31780  25.950  -37.390  -4.852 0.8999999762
30680  29.062  -38.420  -0.611 0.6999999881
31600  27.367  -37.373  7.708 0.8000000119
30535  29.030  -38.180  8.157 0.8999999762
31702  29.126  -36.936  1.794 1.0000000000
30661  26.664  -38.807  0.188 0.8999999762
125088  26.332  -37.856  -0.789 0.8999999762
29624  26.167  -39.124  -0.392 0.8999999762
32808  25.207  -36.690  -3.959 0.8999999762
31598  30.439  -37.198  7.242 0.8000000119
32670  25.775  -35.784  5.457 0.5000000000
31639  31.095  -37.825  5.313 1.0000000000
32798  25.252  -36.609  -3.412 0.8999999762
32650  30.882  -36.487  6.826 0.6999999881
32691  31.623  -36.341  4.749 0.8999999762
126009  29.458  -36.016  -1.151 0.6999999881
118767  25.878  -35.167  -4.217 0.8999999762
33813  27.402  -35.289  -3.452 0.8000000119
33663  26.794  -35.329  6.564 0.6000000238
33650  29.240  -35.969  7.558 0.8000000119
34556  31.320  -35.192  6.408 0.6999999881
34581  32.114  -34.776  5.081 0.6999999881
34594  32.198  -34.689  4.000 0.6999999881
34624  29.400  -34.625  1.190 1.0000000000
34657  26.320  -34.803  -1.361 1.0000000000
35581  26.065  -33.881  -3.698 0.8999999762
34559  27.291  -34.777  6.965 0.6000000238
35460  27.495  -33.211  6.758 0.5000000000
125844  32.753  -33.203  4.078 0.6999999881
35583  25.304  -33.285  -3.305 0.8999999762
36323  30.049  -32.861  6.594 0.6000000238
36324  29.250  -32.344  6.627 0.5000000000
37204  28.485  -31.685  -0.278 0.8999999762
37203  29.871  -31.165  -0.168 0.8000000119
38136  25.317  -30.331  -4.260 0.8999999762
37131  30.046  -32.012  6.447 0.5000000000
37179  32.884  -31.466  1.690 0.6999999881
129404  27.030  -30.197  -1.882 0.8999999762
37241  28.652  -31.377  -3.353 0.8000000119
38062  33.584  -30.254  1.540 0.6999999881
39063  32.251  -29.973  -2.146 0.8000000119
39100  25.890  -29.520  -4.521 0.8999999762
39935  33.968  -29.480  2.149 0.6999999881
39098  28.293  -28.957  -4.278 0.8999999762
39926  34.063  -28.820  2.975 0.6000000238
132739  28.311  -30.163  -6.680 0.6999999881
40042  27.738  -28.673  -6.060 0.8999999762
40089  28.114  -28.002  -8.273 0.6999999881
40088  28.780  -28.585  -8.593 0.6000000238
40101  28.553  -27.970  -8.762 0.6000000238
42062  28.172  -26.715  -8.743 0.8000000119
42086  28.047  -25.800  -9.609 0.6000000238
42060  29.166  -25.957  -8.533 0.6999999881
41055  30.467  -27.524  -9.566 0.6000000238
43976  28.360  -24.270  -10.429 0.6000000238
42083  30.825  -26.217  -10.311 0.6000000238
45854  28.766  -22.804  -10.545 0.6000000238
47775  31.160  -20.743  -9.222 0.4000000060
47776  30.472  -20.898  -10.199 0.4000000060
132061  32.268  -19.590  -8.862 0.4000000060
48886  31.815  -18.851  -14.119 0.4000000060
17484  20.504  -52.414  7.268 0.4000000060
127328  20.802  -52.724  8.088 0.4000000060
124293  20.688  -53.270  8.801 0.4000000060
19216  20.831  -50.966  6.618 0.4000000060
132323  21.416  -51.878  8.513 0.4000000060
17472  21.083  -52.752  9.643 0.4000000060
19215  21.446  -50.504  6.900 0.3000000119
18305  21.489  -51.495  7.894 0.4000000060
20155  21.418  -49.713  6.467 0.4000000060
21133  21.033  -49.144  5.848 0.4000000060
21147  20.751  -48.699  5.325 0.4000000060
22100  21.235  -48.031  5.106 0.4000000060
17471  21.383  -51.967  9.255 0.5000000000
18288  21.570  -51.341  9.756 0.4000000060
19204  21.854  -50.760  7.828 0.4000000060
18297  21.742  -51.252  8.794 0.4000000060
21132  21.714  -48.871  6.201 0.4000000060
133973  21.327  -48.552  5.655 0.4000000060
126531  21.860  -47.537  5.182 0.5000000000
22099  21.547  -47.373  4.599 0.5000000000
23068  21.878  -46.777  4.182 0.6000000238
23089  21.125  -47.148  3.071 0.5000000000
23105  21.530  -46.586  2.653 0.6000000238
23120  21.410  -46.507  1.772 0.4000000060
19186  21.958  -50.675  9.519 0.5000000000
19172  21.538  -50.633  10.340 0.5000000000
19173  20.901  -50.878  10.970 0.5000000000
18264  20.269  -51.274  11.454 0.5000000000
19203  22.376  -50.196  8.042 0.6000000238
19195  22.252  -50.494  8.731 0.6000000238
20143  22.671  -49.641  7.684 0.5000000000
20142  23.278  -49.178  8.172 0.6000000238
20154  22.253  -49.345  6.833 0.5000000000
21131  22.508  -48.575  6.485 0.5000000000
21146  21.969  -48.083  5.768 0.4000000060
22087  22.488  -47.347  5.487 0.6000000238
22098  22.188  -46.988  4.842 0.6000000238
23067  22.495  -46.393  4.426 0.6000000238
23087  22.257  -46.253  3.745 0.6000000238
126180  22.380  -45.696  2.693 0.6000000238
24013  22.398  -45.495  2.000 0.6000000238
23088  21.679  -46.666  3.455 0.6000000238
24014  21.968  -46.068  2.268 0.6000000238
24032  21.893  -45.939  1.360 0.6000000238
24045  22.208  -45.233  -0.178 0.6000000238
19171  22.044  -50.150  10.033 0.5000000000
20109  21.666  -49.803  10.505 0.5000000000
19155  21.036  -50.084  10.924 0.5000000000
19156  20.224  -50.282  11.436 0.5000000000
19194  22.803  -49.780  8.686 0.6000000238
19185  22.454  -50.056  9.463 0.6000000238
21122  23.001  -48.999  7.221 0.6000000238
21130  23.308  -48.316  6.834 0.5000000000
21121  23.642  -48.575  7.691 0.6000000238
124476  22.846  -47.843  6.145 0.6000000238
23965  22.775  -45.824  4.012 0.6000000238
24031  22.414  -45.238  0.992 0.6000000238
24939  22.519  -44.639  -0.729 0.6999999881
20089  21.205  -49.435  10.887 0.6000000238
20090  20.553  -49.452  11.213 0.5000000000
20091  19.675  -49.460  11.545 0.5000000000
20126  23.336  -49.121  9.097 0.6000000238
20127  22.880  -49.499  9.494 0.6000000238
20108  22.410  -49.444  10.148 0.6000000238
21058  20.176  -48.719  11.275 0.5000000000
21059  19.360  -48.623  11.411 0.5000000000
21093  23.627  -48.400  9.490 0.6000000238
22086  23.641  -47.643  6.533 0.6000000238
25805  23.138  -44.148  0.623 0.6999999881
131756  22.518  -48.449  10.437 0.6000000238
21057  21.000  -48.797  11.021 0.6000000238
21094  23.093  -48.896  9.875 0.6000000238
116744  21.595  -48.161  10.853 0.6000000238
21073  20.667  -48.001  11.064 0.6000000238
22015  19.801  -48.020  11.176 0.6000000238
22016  19.021  -47.982  11.144 0.6000000238
21071  23.232  -48.188  10.061 0.6000000238
21074  18.271  -48.125  10.987 0.5000000000
21110  23.781  -48.597  8.638 0.6000000238
22030  18.623  -47.452  10.638 0.6000000238
25820  22.995  -44.075  -0.220 0.6999999881
22027  22.214  -47.709  10.627 0.6000000238
122750  20.735  -47.230  10.776 0.6000000238
22026  22.923  -47.594  10.349 0.6000000238
22028  21.556  -47.395  10.725 0.6000000238
123144  19.930  -46.936  10.616 0.6000000238
135193  23.763  -47.534  9.839 0.6000000238
22977  19.113  -46.729  10.289 0.6000000238
22065  24.223  -47.964  9.060 0.6000000238
124923  23.492  -42.826  -1.384 0.6999999881
26758  23.518  -42.714  -2.191 0.6999999881
22975  21.240  -46.668  10.525 0.6999999881
22976  20.447  -46.518  10.433 0.6999999881
22994  24.528  -47.174  9.294 0.6000000238
27673  24.318  -41.352  -2.939 0.6999999881
22974  22.231  -46.853  10.512 0.6999999881
22995  24.112  -46.555  9.833 0.6999999881
22973  23.258  -46.721  10.241 0.6999999881
23884  21.571  -45.987  10.277 0.6999999881
23904  20.820  -45.438  9.840 0.6999999881
128710  19.806  -46.395  10.262 0.6000000238
22996  20.188  -45.923  10.069 0.6999999881
24786  20.436  -44.796  9.325 0.6000000238
22997  19.411  -45.989  9.816 0.5000000000
122110  25.396  -40.771  -3.617 0.8000000119
23901  23.538  -45.771  10.064 0.6999999881
23883  22.532  -45.875  10.225 0.6999999881
23903  21.723  -45.184  9.879 0.6999999881
124824  21.100  -44.815  9.517 0.6999999881
23905  18.931  -45.372  9.115 0.5000000000
125212  20.893  -44.363  9.207 0.6999999881
24809  20.288  -44.152  8.805 0.6000000238
133594  19.585  -44.194  8.503 0.6000000238
39039  32.996  -30.021  -0.898 0.6999999881
38105  32.104  -30.304  -1.312 0.6999999881
123210  32.294  -29.687  -2.986 0.6999999881
39038  33.763  -29.511  -0.442 0.6000000238
39080  31.273  -29.559  -3.548 0.6999999881
39095  31.630  -29.254  -4.453 0.6999999881
39096  30.632  -29.269  -4.363 0.6999999881
40019  29.991  -28.922  -5.044 0.6999999881
39052  33.510  -29.525  -1.388 0.6000000238
124151  33.186  -29.536  -2.333 0.6999999881
39079  32.358  -29.367  -3.849 0.6999999881
39942  34.592  -28.443  0.749 0.6000000238
40018  31.018  -29.042  -5.078 0.6999999881
40039  31.445  -28.670  -5.697 0.6999999881
134975  30.592  -27.849  -7.157 0.6999999881
39953  34.482  -28.647  -0.328 0.6000000238
39970  34.117  -29.094  -1.097 0.6000000238
126174  34.446  -28.246  -2.993 0.6000000238
40000  33.555  -28.865  -3.630 0.6999999881
40017  32.594  -28.954  -4.671 0.6999999881
40054  32.057  -28.151  -6.252 0.6999999881
41011  31.500  -27.721  -6.978 0.6999999881
39969  34.568  -28.500  -1.352 0.6000000238
40954  34.938  -27.745  -2.629 0.5000000000
39999  34.085  -28.415  -3.617 0.6000000238
40986  33.924  -27.929  -4.935 0.5000000000
40038  32.793  -28.123  -5.822 0.6999999881
42045  32.892  -26.758  -7.136 0.6999999881
41024  31.965  -26.993  -7.422 0.6999999881
48876  34.158  -19.659  -11.124 0.3000000119
47781  32.931  -20.586  -12.751 0.3000000119
16703  20.295  -53.163  7.823 0.4000000060
16688  19.984  -53.821  8.329 0.3000000119
15951  20.248  -54.076  9.260 0.4000000060
18316  20.346  -51.681  6.580 0.3000000119
16684  20.704  -53.592  9.846 0.4000000060
20156  20.584  -49.828  5.924 0.4000000060
138979  21.052  -52.605  10.280 0.4000000060
20170  20.470  -49.255  5.493 0.4000000060
21148  20.121  -49.006  4.984 0.4000000060
21161  20.510  -48.396  4.693 0.4000000060
22116  20.893  -47.780  4.325 0.5000000000
23106  20.952  -47.055  2.205 0.4000000060
125990  20.370  -52.200  11.396 0.4000000060
123911  21.326  -46.470  0.791 0.5000000000
19157  19.405  -50.798  11.801 0.5000000000
24057  22.275  -45.274  -1.108 0.6000000238
136211  19.570  -50.115  11.673 0.5000000000
20092  18.801  -49.162  11.604 0.5000000000
25844  22.791  -44.155  -1.971 0.6000000238
20093  18.093  -48.873  11.307 0.5000000000
22031  17.802  -47.679  10.392 0.4000000060
25843  23.152  -43.477  -1.848 0.6999999881
22049  18.165  -46.926  10.055 0.5000000000
26775  24.113  -42.126  -3.098 0.6999999881
22998  18.545  -46.215  9.598 0.5000000000
27680  25.052  -41.557  -3.526 0.8000000119
27672  25.591  -41.811  -3.271 0.6999999881
23935  18.202  -45.090  8.392 0.5000000000
24810  18.903  -44.554  8.432 0.6000000238
37150  32.478  -30.980  5.331 0.6000000238
40937  35.050  -27.865  -0.766 0.5000000000
125599  35.436  -27.115  -2.140 0.5000000000
41997  35.090  -26.936  -3.973 0.5000000000
40997  34.284  -27.216  -5.326 0.5000000000
42025  34.012  -26.774  -6.138 0.5000000000
138695  33.519  -26.560  -6.753 0.5000000000
42978  32.312  -25.065  -8.387 0.5000000000
50101  35.462  -18.609  -10.944 0.3000000119
48879  34.366  -18.926  -11.577 0.3000000119
50107  33.534  -18.965  -12.834 0.3000000119
22064  24.641  -47.511  8.502 0.6000000238
21109  24.218  -48.111  8.181 0.6000000238
117568  21.657  -44.309  9.404 0.8000000119
24919  22.986  -44.531  1.227 0.6999999881
25832  23.333  -43.345  -0.658 0.6999999881
27654  23.828  -42.189  -1.581 0.6999999881
39053  32.822  -29.879  -1.623 0.6999999881
120490  29.740  -28.475  -6.310 0.6999999881
42979  31.704  -25.778  -8.352 0.6000000238
48880  33.507  -19.642  -12.094 0.3000000119
27681  24.567  -41.666  -3.285 0.8000000119
131419  26.058  -41.986  -2.701 0.6999999881
39062  33.116  -29.322  -3.309 0.6999999881
18306  21.028  -51.676  7.180 0.4000000060
19205  21.358  -51.094  7.240 0.4000000060
124453  20.473  -50.477  6.150 0.3000000119
20144  22.037  -50.064  7.239 0.5000000000
18278  20.883  -51.700  10.944 0.5000000000
22130  20.674  -47.663  3.528 0.3000000119
23121  20.841  -47.008  1.289 0.4000000060
18265  19.645  -51.826  11.825 0.5000000000
117773  19.667  -44.725  8.970 0.6000000238
115551  31.820  -28.963  -5.102 0.6999999881
40055  30.843  -28.318  -6.477 0.6999999881
120161  33.892  -28.872  -2.874 0.6999999881
39983  34.514  -28.391  -2.249 0.6000000238
40016  33.548  -28.566  -4.348 0.6999999881
120169  35.043  -27.817  -1.724 0.6000000238
40968  34.679  -27.718  -3.575 0.5000000000
40015  34.193  -28.052  -4.214 0.6000000238
40037  33.163  -28.360  -5.217 0.6999999881
41010  32.438  -27.444  -6.766 0.6999999881
40953  35.298  -27.072  -3.070 0.5000000000
40985  34.526  -27.448  -4.490 0.5000000000
40998  33.497  -27.640  -5.765 0.5000000000
41009  33.241  -27.187  -6.508 0.5000000000
42977  33.203  -25.235  -7.736 0.5000000000
121013  32.486  -26.112  -7.855 0.6999999881
40936  35.437  -27.109  -1.173 0.5000000000
42014  34.817  -26.700  -4.817 0.5000000000
42024  34.538  -26.512  -5.508 0.5000000000
42966  33.846  -25.275  -7.077 0.5000000000
25863  24.506  -42.828  -3.240 0.6000000238
26765  25.539  -42.501  -2.859 0.6000000238
27652  27.521  -41.455  -0.412 0.5000000000
26756  26.182  -42.447  -1.961 0.6000000238
27670  26.886  -41.146  -1.960 0.6000000238
28591  29.092  -40.820  1.264 0.5000000000
28616  28.057  -40.648  -0.364 0.5000000000
28617  27.432  -40.986  -1.155 0.6000000238
28640  26.856  -40.510  -2.589 0.6000000238
28590  29.752  -40.306  1.500 0.5000000000
125029  28.589  -40.716  0.525 0.5000000000
29588  30.515  -39.700  1.615 0.5000000000
27547  20.617  -40.961  6.650 0.4000000060
27548  19.759  -41.501  6.411 0.4000000060
27562  19.980  -40.808  5.843 0.4000000060
29589  29.751  -39.738  1.086 0.5000000000
29586  32.473  -39.396  1.541 0.5000000000
132334  20.241  -40.365  5.282 0.4000000060
30638  32.352  -38.725  1.248 0.5000000000
135675  31.802  -38.909  1.486 0.5000000000
28538  20.816  -39.922  5.088 0.4000000060
32693  25.201  -36.026  4.909 0.4000000060
32694  24.528  -36.368  4.317 0.4000000060
31673  23.755  -36.959  3.856 0.3000000119
36326  27.605  -32.285  6.561 0.4000000060
36327  26.714  -32.710  6.257 0.4000000060
33671  25.871  -35.016  5.328 0.4000000060
33683  25.443  -35.298  4.880 0.4000000060
37134  27.690  -31.451  6.352 0.4000000060
128401  25.854  -33.806  5.160 0.4000000060
35475  25.727  -33.105  5.142 0.4000000060
34570  25.607  -34.474  4.875 0.4000000060
33684  24.920  -35.536  4.367 0.4000000060
33707  24.387  -35.648  3.752 0.4000000060
35461  26.719  -33.697  6.313 0.4000000060
34569  26.192  -34.313  5.639 0.4000000060
37133  28.459  -31.868  6.527 0.4000000060
133775  27.004  -31.877  6.331 0.4000000060
37135  26.299  -31.876  5.872 0.4000000060
35474  26.197  -33.400  5.703 0.4000000060
122964  25.682  -32.270  5.211 0.4000000060
36344  25.233  -32.735  4.472 0.4000000060
125955  25.178  -34.910  4.447 0.4000000060
37158  25.246  -31.763  4.632 0.4000000060
34595  24.874  -33.504  4.025 0.4000000060
34583  24.732  -34.929  3.951 0.4000000060
137455  30.725  -31.785  6.127 0.4000000060
37152  26.921  -31.160  6.117 0.4000000060
37151  30.107  -31.217  6.232 0.4000000060
37132  29.290  -31.498  6.420 0.4000000060
37999  28.500  -31.013  6.297 0.4000000060
38020  26.743  -30.266  5.738 0.4000000060
118445  26.269  -31.054  5.748 0.4000000060
37153  25.733  -31.421  5.332 0.4000000060
116711  25.300  -30.984  4.873 0.4000000060
121597  24.884  -32.122  4.087 0.4000000060
133223  31.894  -31.347  5.588 0.5000000000
38017  31.673  -30.632  5.553 0.5000000000
38018  30.228  -30.438  5.883 0.5000000000
38962  29.469  -29.750  5.666 0.4000000060
38019  28.557  -30.169  5.928 0.4000000060
129143  27.686  -30.588  6.083 0.4000000060
38021  25.856  -30.577  5.387 0.4000000060
133380  30.944  -30.349  5.663 0.5000000000
38964  27.740  -29.614  5.630 0.4000000060
129666  30.489  -29.720  5.552 0.4000000060
38983  30.000  -28.968  5.327 0.4000000060
39877  29.092  -28.898  5.312 0.4000000060
38963  28.627  -29.458  5.562 0.4000000060
39879  27.454  -28.769  5.196 0.4000000060
39889  30.450  -28.315  4.851 0.4000000060
40849  30.740  -27.632  4.346 0.4000000060
40850  29.884  -27.726  4.380 0.4000000060
40851  29.098  -27.754  4.347 0.4000000060
40869  28.754  -27.378  3.844 0.4000000060
38980  32.951  -29.652  4.913 0.5000000000
39887  32.727  -28.714  4.760 0.5000000000
123215  31.605  -28.292  4.778 0.4000000060
40867  30.137  -27.262  3.855 0.4000000060
40868  29.402  -27.311  3.834 0.4000000060
135500  28.253  -26.615  2.922 0.3000000119
38982  30.995  -29.022  5.300 0.5000000000
39890  29.534  -28.309  4.855 0.4000000060
128425  28.710  -28.277  4.805 0.4000000060
39891  27.928  -28.234  4.734 0.4000000060
130035  28.353  -27.720  4.259 0.4000000060
39908  33.348  -28.188  4.183 0.5000000000
39888  32.517  -27.909  4.500 0.5000000000
134925  30.783  -27.161  3.832 0.4000000060
41899  28.882  -26.897  3.307 0.3000000119
39907  33.908  -28.182  3.474 0.5000000000
40866  32.832  -27.295  4.021 0.5000000000
135172  31.676  -27.330  4.096 0.4000000060
129975  31.066  -26.716  3.429 0.4000000060
41920  30.248  -26.389  2.856 0.4000000060
41898  29.708  -26.840  3.362 0.3000000119
41921  28.631  -26.152  2.370 0.3000000119
41922  27.742  -26.218  2.408 0.3000000119
40864  34.084  -27.628  3.228 0.5000000000
39925  34.273  -28.087  2.830 0.4000000060
127599  34.517  -27.852  2.120 0.5000000000
41918  32.822  -26.148  2.791 0.3000000119
41896  32.141  -26.583  3.377 0.4000000060
41919  31.232  -26.197  2.759 0.4000000060
123365  29.555  -25.855  2.113 0.3000000119
130961  29.291  -26.451  2.798 0.3000000119
42839  28.052  -25.734  1.697 0.3000000119
41894  33.990  -27.010  3.197 0.3000000119
40892  34.337  -27.401  2.724 0.4000000060
121158  34.619  -27.090  2.072 0.4000000060
40909  34.833  -27.623  1.255 0.4000000060
40923  34.989  -27.810  0.222 0.4000000060
135222  31.980  -26.027  2.655 0.3000000119
42837  30.587  -25.787  2.150 0.3000000119
42838  28.808  -25.729  1.765 0.3000000119
42856  27.382  -25.444  1.169 0.3000000119
42857  26.613  -25.472  1.357 0.3000000119
42855  28.590  -25.527  1.273 0.3000000119
120812  28.091  -25.383  0.923 0.3000000119
42873  26.851  -25.143  0.635 0.3000000119
41916  34.258  -26.795  2.626 0.3000000119
41944  35.220  -26.265  0.777 0.3000000119
40922  35.351  -27.106  -0.237 0.4000000060
41967  35.690  -26.318  -1.601 0.4000000060
41983  35.643  -26.340  -2.552 0.4000000060
42013  35.492  -26.306  -3.447 0.4000000060
42874  26.102  -25.077  0.849 0.3000000119
42834  33.409  -25.627  2.187 0.3000000119
41917  33.723  -26.409  2.761 0.3000000119
42833  34.360  -26.205  2.092 0.3000000119
42866  35.136  -25.677  0.770 0.3000000119
41957  35.622  -26.250  -0.556 0.3000000119
124618  35.872  -24.706  -1.556 0.3000000119
42911  35.840  -25.526  -2.042 0.4000000060
42924  35.781  -25.566  -2.969 0.4000000060
135576  35.292  -26.146  -4.294 0.4000000060
42942  34.975  -25.842  -5.175 0.4000000060
42954  34.738  -25.273  -5.728 0.4000000060
42032  34.467  -25.935  -5.963 0.4000000060
42033  33.971  -25.973  -6.635 0.4000000060
41934  34.825  -25.881  1.331 0.3000000119
121998  35.949  -24.728  -2.449 0.3000000119
42941  35.421  -25.300  -4.440 0.4000000060
42953  35.121  -24.907  -5.192 0.4000000060
42965  34.361  -25.144  -6.415 0.4000000060
44909  34.031  -23.502  -7.163 0.4000000060
43938  33.757  -24.406  -7.354 0.4000000060
43946  33.009  -24.325  -8.078 0.4000000060
43947  32.333  -24.166  -8.502 0.5000000000
43881  35.942  -23.949  -1.862 0.3000000119
116962  35.866  -23.796  -3.800 0.3000000119
122561  35.519  -24.428  -4.503 0.3000000119
129000  35.555  -23.731  -4.596 0.4000000060
135826  35.118  -23.536  -5.556 0.4000000060
43926  34.865  -23.777  -5.968 0.4000000060
43937  34.382  -24.203  -6.614 0.4000000060
44908  34.510  -23.262  -6.494 0.3000000119
45829  33.668  -22.904  -7.507 0.4000000060
45830  33.005  -22.574  -8.044 0.3000000119
45839  32.084  -22.661  -8.620 0.3000000119
44926  31.837  -23.523  -8.765 0.4000000060
46796  32.260  -21.687  -8.470 0.3000000119
44847  35.931  -23.119  -2.091 0.3000000119
121104  35.931  -22.266  -3.858 0.3000000119
135573  35.320  -22.784  -5.309 0.3000000119
124975  35.016  -23.035  -5.780 0.3000000119
45820  34.650  -22.335  -6.391 0.3000000119
46773  34.475  -21.390  -6.759 0.3000000119
127054  33.659  -22.229  -7.489 0.3000000119
47756  32.708  -20.920  -8.179 0.3000000119
137587  33.367  -21.031  -7.759 0.3000000119
45764  35.997  -21.873  -2.992 0.3000000119
124126  35.724  -21.680  -4.540 0.3000000119
45808  35.267  -22.208  -5.498 0.3000000119
46757  34.990  -21.635  -6.057 0.3000000119
47738  34.635  -20.451  -6.774 0.3000000119
47755  33.990  -20.798  -7.405 0.3000000119
47769  33.329  -20.275  -7.983 0.3000000119
47770  32.418  -20.164  -8.483 0.3000000119
50088  32.579  -19.008  -9.038 0.3000000119
38036  32.310  -30.143  5.334 0.5000000000
25854  23.540  -43.293  -2.612 0.6000000238
25852  24.932  -43.157  -2.978 0.5000000000
26757  25.532  -43.102  -2.289 0.5000000000
26748  27.114  -42.166  -0.296 0.5000000000
26749  26.525  -42.641  -0.893 0.5000000000
28589  30.472  -40.477  2.105 0.5000000000
131321  28.980  -41.400  1.650 0.5000000000
27645  27.562  -41.832  0.207 0.5000000000
25699  20.504  -43.466  8.467 0.6000000238
25700  19.869  -43.674  8.283 0.6000000238
132002  20.114  -43.174  8.056 0.6000000238
25707  19.572  -43.269  7.746 0.5000000000
25708  18.814  -43.415  7.293 0.5000000000
26629  19.534  -42.237  6.884 0.5000000000
26641  19.041  -42.017  6.131 0.5000000000
27563  19.325  -41.372  5.610 0.4000000060
28539  20.171  -40.132  4.614 0.4000000060
29538  20.814  -39.656  4.282 0.4000000060
31674  22.974  -37.596  3.625 0.3000000119
32714  23.551  -36.471  3.318 0.3000000119
32713  24.020  -36.256  3.640 0.4000000060
35499  24.391  -33.423  3.338 0.4000000060
34597  24.210  -34.939  3.317 0.4000000060
36350  24.669  -32.712  3.751 0.4000000060
38965  26.819  -29.301  5.377 0.4000000060
133626  25.040  -31.269  4.471 0.4000000060
38047  24.219  -30.276  3.793 0.4000000060
38966  26.052  -29.707  5.316 0.4000000060
38037  25.282  -30.079  4.923 0.4000000060
39880  26.801  -28.677  5.036 0.4000000060
38986  25.013  -29.337  4.617 0.4000000060
135012  28.063  -27.201  3.563 0.4000000060
41900  27.461  -26.692  3.049 0.4000000060
39892  27.176  -28.223  4.656 0.4000000060
40852  27.584  -27.689  4.182 0.4000000060
42840  27.172  -25.818  1.879 0.3000000119
42841  26.363  -25.882  2.030 0.3000000119
121634  31.312  -40.139  2.173 0.5000000000
36357  24.198  -32.609  3.068 0.4000000060
37165  24.455  -31.892  3.526 0.4000000060
38984  26.174  -28.914  5.064 0.4000000060
38985  25.598  -29.276  4.944 0.4000000060
119757  21.365  -39.221  4.007 0.4000000060
28627  27.760  -40.261  -1.236 0.5000000000
36325  28.387  -32.701  6.779 0.4000000060
38045  33.389  -30.140  4.155 0.5000000000
119512  33.733  -28.813  3.678 0.5000000000
136604  34.128  -24.761  -6.885 0.4000000060
27661  26.906  -41.809  -1.251 0.6000000238
131402  29.702  -41.037  2.016 0.5000000000
35485  25.434  -33.659  4.620 0.4000000060
34596  24.563  -34.210  3.634 0.4000000060
121535  31.027  -31.110  5.851 0.5000000000
37998  29.352  -30.642  6.139 0.4000000060
37164  24.803  -31.502  4.109 0.4000000060
38961  31.402  -29.841  5.476 0.5000000000
39878  28.258  -28.831  5.284 0.4000000060
39001  33.390  -29.183  4.246 0.5000000000
38981  32.035  -29.244  5.227 0.5000000000
40865  33.600  -27.490  3.640 0.5000000000
41895  33.269  -26.747  3.417 0.4000000060
41935  34.923  -26.684  1.394 0.3000000119
40908  35.203  -27.013  0.616 0.4000000060
126340  35.414  -26.498  0.181 0.3000000119
138819  35.591  -25.633  -3.749 0.4000000060
42867  34.679  -25.226  0.984 0.3000000119
121296  34.790  -24.555  -5.883 0.4000000060
116726  36.034  -23.861  -2.788 0.3000000119
43898  35.798  -24.768  -3.537 0.3000000119
45821  34.161  -22.714  -7.049 0.3000000119
44917  33.384  -23.523  -7.758 0.4000000060
44863  36.033  -22.880  -3.114 0.3000000119
44888  35.779  -23.090  -4.214 0.3000000119
126064  35.946  -21.548  -3.642 0.3000000119
45807  35.583  -22.564  -4.767 0.3000000119
46756  35.394  -21.285  -5.373 0.3000000119
48869  32.914  -19.537  -8.484 0.3000000119
38046  24.798  -30.766  4.334 0.4000000060
22999  17.718  -46.545  9.345 0.4000000060
22066  17.019  -46.922  8.968 0.4000000060
23018  17.341  -46.276  8.698 0.3000000119
23017  17.977  -45.808  8.917 0.4000000060
23031  17.353  -45.636  8.045 0.3000000119
24069  22.133  -45.902  -1.288 0.5000000000
138351  18.330  -44.601  8.079 0.5000000000
24823  17.785  -44.689  7.612 0.3000000119
24081  22.966  -44.643  -2.175 0.5000000000
24080  23.485  -44.774  -2.337 0.5000000000
24067  23.190  -45.421  -2.020 0.5000000000
24821  19.188  -43.846  8.042 0.5000000000
24822  18.495  -44.156  7.767 0.4000000060
25855  23.131  -43.934  -2.272 0.5000000000
24066  23.792  -45.063  -2.152 0.5000000000
24949  24.370  -44.914  -1.792 0.3000000119
25853  24.155  -43.508  -2.932 0.5000000000
24079  24.114  -44.386  -2.456 0.4000000060
25842  25.395  -43.585  -1.867 0.4000000060
24927  25.664  -44.151  -0.117 0.3000000119
25831  25.506  -43.837  -1.153 0.3000000119
25818  26.416  -43.538  0.418 0.3000000119
25830  26.138  -43.365  -0.509 0.3000000119
26721  27.705  -42.578  1.251 0.3000000119
25817  27.065  -43.045  0.848 0.3000000119
26738  26.765  -42.851  0.025 0.4000000060
25841  25.890  -43.163  -1.429 0.4000000060
27564  18.750  -41.933  5.261 0.3000000119
26719  29.275  -41.780  2.255 0.4000000060
26720  28.467  -42.052  1.644 0.4000000060
26737  27.346  -42.393  0.492 0.4000000060
131607  19.021  -41.366  4.919 0.3000000119
34609  24.062  -34.150  2.969 0.3000000119
35500  23.891  -33.348  2.680 0.3000000119
38055  23.930  -30.926  3.090 0.3000000119
38038  24.708  -29.989  4.411 0.3000000119
39002  24.393  -29.440  4.212 0.3000000119
39003  23.821  -29.439  3.683 0.3000000119
38048  23.632  -30.109  3.089 0.3000000119
39021  23.124  -29.954  2.358 0.3000000119
39893  26.426  -28.293  4.645 0.3000000119
40854  26.095  -27.805  4.280 0.3000000119
39895  24.734  -28.804  4.396 0.3000000119
39910  24.148  -28.718  4.082 0.3000000119
40853  26.800  -27.725  4.205 0.3000000119
40871  26.329  -27.313  3.737 0.3000000119
125868  25.422  -27.536  3.958 0.3000000119
128738  24.619  -27.552  3.826 0.3000000119
40872  24.041  -27.976  3.864 0.3000000119
41902  25.787  -26.863  3.298 0.3000000119
41903  24.923  -26.992  3.429 0.3000000119
41904  24.081  -27.264  3.505 0.3000000119
41901  26.630  -26.760  3.156 0.3000000119
41925  25.258  -26.454  2.801 0.3000000119
24058  21.851  -45.845  -0.618 0.5000000000
26736  27.915  -41.913  0.835 0.4000000060
121224  19.545  -40.425  4.137 0.3000000119
39894  25.516  -28.479  4.556 0.3000000119
38056  23.498  -30.605  2.569 0.3000000119
24831  18.008  -43.915  7.036 0.3000000119
25716  18.243  -43.269  6.454 0.3000000119
26642  18.371  -42.653  5.722 0.3000000119
118644  20.496  -53.165  11.292 0.4000000060
17440  19.350  -53.108  12.191 0.4000000060
18254  19.100  -52.417  12.127 0.4000000060
17450  18.226  -52.338  12.024 0.4000000060
18267  17.779  -51.552  11.624 0.3000000119
18266  18.735  -51.579  11.972 0.4000000060
19158  18.322  -50.674  11.768 0.4000000060
120714  20.493  -47.620  2.650 0.3000000119
127848  18.981  -49.955  11.795 0.4000000060
20110  17.359  -49.485  10.912 0.3000000119
21076  16.848  -48.910  10.184 0.3000000119
124278  18.172  -49.720  11.569 0.4000000060
21096  16.507  -48.557  9.429 0.3000000119
22051  16.760  -47.719  9.213 0.3000000119
21075  17.540  -48.494  10.676 0.4000000060
21095  17.055  -48.049  10.010 0.3000000119
22050  17.395  -47.283  9.686 0.3000000119
17441  18.647  -53.039  12.293 0.4000000060
22067  16.498  -47.409  8.470 0.3000000119
17462  20.894  -52.478  10.823 0.3000000119
21111  16.191  -48.236  8.570 0.3000000119
17449  19.837  -52.736  11.833 0.4000000060
17461  21.223  -52.042  10.176 0.4000000060
17477  21.142  -52.476  8.698 0.4000000060
18298  21.151  -52.151  7.907 0.4000000060
20171  19.922  -49.647  5.347 0.4000000060
21060  18.692  -48.531  11.344 0.5000000000
21072  21.775  -49.033  10.708 0.6000000238
21173  20.287  -48.204  3.955 0.4000000060
22029  19.432  -47.416  10.827 0.6000000238
22076  24.494  -47.669  7.768 0.6000000238
22115  21.282  -47.209  3.886 0.5000000000
23040  24.025  -47.022  6.266 0.8000000119
23050  23.732  -46.487  5.611 0.8000000119
23885  20.844  -46.078  10.264 0.6999999881
23923  25.845  -45.810  8.615 0.8999999762
23989  23.121  -45.264  3.590 0.8000000119
23991  22.072  -46.154  3.039 0.6000000238
24046  21.784  -45.841  0.309 0.5000000000
24068  22.627  -45.338  -1.703 0.5000000000
24787  19.904  -45.365  9.526 0.6000000238
24819  27.311  -44.212  7.491 1.0000000000
24830  26.088  -45.154  6.203 1.0000000000
24906  22.802  -44.936  1.849 0.6999999881
24929  22.671  -44.619  0.298 0.6000000238
24948  24.890  -44.146  -1.989 0.4000000060
24950  22.585  -44.682  -1.616 0.5000000000
24957  24.617  -43.760  -2.600 0.5000000000
24958  23.547  -44.088  -2.459 0.5000000000
25674  23.274  -43.443  9.332 0.8999999762
25698  22.484  -42.997  8.976 0.8999999762
25704  28.182  -42.818  7.663 0.8999999762
25705  27.697  -43.502  7.748 0.8999999762
25713  27.652  -43.768  6.815 1.0000000000
25715  18.879  -42.723  6.639 0.5000000000
25762  25.138  -43.366  3.597 0.8000000119
25804  23.478  -43.900  1.286 0.8000000119
25833  22.808  -44.057  -1.257 0.6000000238
25864  24.044  -42.761  -3.100 0.6000000238
26607  26.730  -42.976  8.879 0.8999999762
26612  21.130  -43.138  8.567 0.6999999881
26626  28.611  -42.521  6.946 1.0000000000
26658  25.833  -43.091  3.944 0.8999999762
26722  24.508  -42.552  1.431 0.8000000119
26766  23.746  -42.588  -2.798 0.6999999881
26773  25.001  -42.395  -3.398 0.8000000119
26774  24.531  -42.245  -3.316 0.6999999881
27528  22.996  -41.628  8.299 0.6999999881
27533  29.521  -40.799  7.409 0.8999999762
27537  22.670  -40.975  7.678 0.6999999881
27560  28.781  -41.727  5.560 1.0000000000
27632  28.490  -41.360  1.045 0.5000000000
27644  28.012  -41.311  0.316 0.5000000000
27662  26.488  -41.744  -2.165 0.6000000238
27664  23.886  -42.073  -2.519 0.6999999881
27679  25.737  -41.047  -3.557 0.8000000119
28503  22.165  -40.511  7.029 0.6000000238
28523  21.465  -39.885  5.629 0.5000000000
28540  19.571  -40.749  4.978 0.4000000060
28575  26.189  -41.089  1.999 0.8999999762
28605  29.212  -40.186  0.806 0.5000000000
28607  25.006  -41.049  -0.158 0.8999999762
28628  27.315  -40.578  -1.795 0.6000000238
28630  24.577  -40.712  -2.376 0.8999999762
29479  28.479  -39.671  8.454 0.8999999762
29496  29.861  -39.459  7.610 1.0000000000
29504  30.198  -39.733  6.819 1.0000000000
29521  23.328  -39.147  5.819 0.6999999881
29557  28.071  -39.988  3.032 1.0000000000
29587  31.538  -39.462  1.806 0.5000000000
29623  28.324  -39.817  -0.724 0.6000000238
29673  26.387  -38.923  -4.152 0.8000000119
30514  27.500  -38.110  8.102 0.8999999762
30568  24.297  -38.290  5.678 0.6999999881
30583  22.676  -38.589  4.526 0.4000000060
30597  29.813  -38.629  3.464 1.0000000000
30639  31.002  -38.887  1.380 0.5000000000
30641  27.589  -38.685  1.340 1.0000000000
30642  26.898  -39.240  0.988 0.8999999762
30656  32.581  -38.237  0.871 0.6000000238
31581  28.211  -37.764  8.192 0.8000000119
31618  31.284  -37.233  5.801 0.8999999762
31640  25.267  -37.445  5.873 0.6000000238
31656  31.012  -37.693  4.475 1.0000000000
31737  30.109  -37.054  -0.289 0.6000000238
31763  25.181  -37.297  -3.488 0.8999999762
31772  26.342  -37.451  -4.602 0.8999999762
31781  25.697  -37.772  -4.540 0.8999999762
32642  26.946  -36.790  7.199 0.6999999881
32763  31.816  -36.281  0.103 0.6000000238
32777  33.367  -36.119  -1.155 0.6000000238
32781  25.378  -36.264  -2.879 0.8999999762
33772  32.625  -35.524  -0.550 0.6000000238
33774  30.589  -35.243  -0.628 0.6999999881
33775  30.119  -35.857  -0.658 0.6999999881
33791  30.591  -34.670  -0.809 0.6999999881
34582  25.074  -34.285  4.252 0.4000000060
35547  32.484  -33.781  -1.839 0.6000000238
35563  32.090  -32.795  -2.896 0.6000000238
36338  26.090  -32.681  5.660 0.4000000060
36394  26.472  -32.735  -1.297 1.0000000000
36416  30.664  -32.097  -2.639 0.6999999881
36419  27.272  -32.899  -2.863 0.8000000119
36426  31.576  -32.364  -3.505 0.6000000238
37157  33.036  -31.305  4.927 0.6999999881
37180  31.197  -31.933  0.978 0.8000000119
37192  30.563  -31.528  0.399 0.8000000119
37218  24.926  -31.198  -2.541 1.0000000000
37228  29.696  -31.790  -2.782 0.6999999881
37239  31.050  -31.842  -3.956 0.6999999881
37252  30.211  -31.346  -4.255 0.6999999881
37253  29.108  -30.984  -4.098 0.8000000119
37292  30.508  -31.132  -7.225 0.6000000238
37293  29.882  -30.602  -7.541 0.6000000238
38093  28.466  -30.751  -1.005 0.8999999762
38109  27.920  -30.308  -1.692 0.8999999762
38120  30.776  -30.193  -2.079 0.8000000119
38124  26.027  -29.871  -2.539 0.8999999762
38125  24.821  -30.193  -3.214 1.0000000000
38198  30.852  -30.014  -8.047 0.6000000238
39020  33.892  -29.681  1.079 0.6999999881
39147  28.589  -29.465  -8.047 0.6000000238
39148  27.991  -29.213  -7.661 0.6000000238
39159  31.630  -29.649  -8.085 0.5000000000
39909  24.707  -28.127  4.210 0.3000000119
39984  34.020  -29.035  -1.894 0.6000000238
40001  33.071  -29.074  -3.985 0.6999999881
40020  28.568  -28.717  -5.239 0.8999999762
40040  30.462  -28.732  -5.714 0.6999999881
40102  28.260  -27.340  -8.667 0.6000000238
40870  27.154  -27.238  3.622 0.3000000119
40999  32.822  -27.734  -6.245 0.6999999881
41028  28.206  -27.575  -7.944 0.8000000119
41056  28.676  -27.366  -9.253 0.6000000238
41062  32.265  -26.809  -9.995 0.5000000000
41897  30.373  -26.859  3.471 0.4000000060
42044  33.394  -26.033  -7.270 0.5000000000
42073  28.073  -26.379  -9.210 0.6999999881
42082  31.942  -26.288  -10.338 0.5000000000
42084  29.542  -26.089  -10.199 0.6000000238
43010  31.515  -25.507  -10.673 0.6000000238
43833  26.348  -24.821  0.042 0.3000000119
43925  35.202  -24.034  -5.284 0.4000000060
43955  31.603  -24.370  -8.797 0.4000000060
43956  30.576  -24.485  -9.081 0.6000000238
43957  29.357  -24.582  -9.235 0.6000000238
43958  28.356  -24.784  -9.465 0.6999999881
43964  29.757  -23.773  -9.420 0.6000000238
43975  29.619  -24.676  -10.748 0.6000000238
43979  32.651  -24.213  -11.577 0.5000000000
43982  28.711  -23.381  -10.709 0.6000000238
44899  35.385  -23.265  -5.101 0.3000000119
44918  32.648  -23.457  -8.320 0.4000000060
44936  28.203  -23.507  -9.955 0.6000000238
44937  27.935  -23.800  -10.053 0.6000000238
44943  28.100  -23.683  -10.246 0.6000000238
45860  28.946  -22.706  -11.016 0.6000000238
46774  34.177  -22.042  -7.046 0.3000000119
46782  33.802  -21.525  -7.407 0.3000000119
46783  33.132  -21.650  -7.901 0.3000000119
46812  31.956  -21.550  -12.832 0.4000000060
47721  35.076  -20.867  -6.091 0.3000000119
48873  31.359  -19.725  -10.124 0.4000000060
115129  19.365  -42.851  7.237 0.5000000000
115136  32.076  -31.863  1.286 0.8000000119
115518  24.026  -44.078  9.606 0.8999999762
116819  24.885  -40.862  -3.415 0.8999999762
118150  25.651  -41.396  1.637 0.8999999762
118261  25.807  -39.675  -4.097 0.8999999762
118827  27.295  -34.027  6.828 0.5000000000
119090  24.412  -31.136  3.665 0.4000000060
119300  27.132  -33.135  -0.762 1.0000000000
122608  31.527  -33.933  6.104 0.6999999881
123655  25.094  -43.592  -2.410 0.4000000060
123868  26.942  -29.188  -3.378 0.8999999762
125965  20.943  -50.287  6.399 0.4000000060
127160  32.337  -28.573  -5.483 0.6999999881
128863  28.829  -29.103  -8.387 0.6000000238
128870  20.875  -53.101  10.451 0.4000000060
132285  21.161  -42.556  8.264 0.6999999881
133046  21.258  -51.326  10.455 0.5000000000
133117  31.882  -40.591  2.382 0.5000000000
135113  27.005  -44.696  7.253 1.0000000000
135431  31.364  -33.330  -1.444 0.6000000238
136287  30.741  -34.945  6.719 0.6999999881
137088  31.959  -34.761  3.266 0.8000000119
137318  28.208  -37.747  -2.085 0.8000000119
137624  25.443  -36.317  5.335 0.5000000000
137774  27.825  -41.743  4.450 1.0000000000
137973  32.939  -22.586  -12.133 0.4000000060
138439  20.115  -47.500  10.941 0.6000000238
138449  28.598  -36.722  1.231 1.0000000000
138585  17.718  -50.906  11.501 0.3000000119
138592  21.159  -47.699  10.887 0.6000000238
138962  32.794  -37.708  0.511 0.6000000238
139092  28.761  -26.536  2.844 0.3000000119
