#!ascii label  , from subject sub-v1s17x0050257_ses-1 vox2ras=TkReg
622
9537  -44.157  -83.752  19.555 0.0000000000
131026  -39.456  -81.067  10.421 0.0000000000
12953  -45.662  -79.153  21.387 0.0000000000
8856  -41.207  -84.375  15.159 0.0000000000
12985  -37.921  -79.228  19.142 0.0000000000
133947  -42.359  -81.114  25.173 0.0000000000
17207  -47.462  -74.138  25.925 0.0000000000
19115  -48.773  -71.643  26.797 0.0000000000
16399  -43.221  -75.502  22.599 0.0000000000
12970  -41.555  -79.536  20.608 0.0000000000
15533  -40.166  -76.209  22.278 0.0000000000
15488  -43.484  -76.457  26.076 0.0000000000
16327  -47.008  -76.065  29.642 0.0000000000
131096  -46.663  -70.179  23.702 0.0000000000
21194  -51.021  -70.010  24.224 0.0000000000
6736  -41.393  -87.808  16.147 0.0000000000
9687  -38.630  -83.107  12.611 0.0000000000
7489  -39.509  -86.404  10.641 0.0000000000
8929  -42.330  -85.399  9.405 0.0000000000
10386  -47.078  -82.023  20.918 0.0000000000
8835  -44.601  -84.876  16.669 0.0000000000
128741  -39.838  -81.420  17.218 0.0000000000
145789  -37.110  -80.999  14.815 0.0000000000
12922  -45.418  -78.818  23.378 0.0000000000
15525  -46.000  -76.022  23.284 0.0000000000
18178  -45.507  -73.265  23.368 0.0000000000
18090  -48.808  -73.688  31.225 0.0000000000
18130  -52.030  -72.372  27.650 0.0000000000
19162  -48.325  -71.919  23.976 0.0000000000
21269  -47.837  -70.667  20.897 0.0000000000
132421  -39.830  -88.007  13.112 0.0000000000
125700  -39.681  -76.071  12.539 0.0000000000
13080  -42.120  -79.584  11.161 0.0000000000
130403  -46.402  -80.684  7.734 0.0000000000
125876  -43.181  -74.020  22.614 0.0000000000
15534  -41.006  -76.113  22.467 0.0000000000
8113  -43.003  -86.013  17.340 0.0000000000
10581  -38.897  -82.373  10.738 0.0000000000
9722  -39.667  -83.638  10.062 0.0000000000
10599  -40.602  -82.840  9.565 0.0000000000
9735  -43.481  -84.569  9.450 0.0000000000
11421  -41.855  -81.855  9.731 0.0000000000
12974  -46.294  -80.058  21.129 0.0000000000
12109  -44.114  -80.418  20.343 0.0000000000
12987  -39.509  -79.624  19.605 0.0000000000
12132  -40.506  -80.691  18.552 0.0000000000
12130  -38.885  -80.351  18.167 0.0000000000
127157  -38.708  -81.526  16.298 0.0000000000
12142  -37.807  -80.430  17.178 0.0000000000
12088  -43.816  -80.410  22.604 0.0000000000
12920  -42.579  -79.448  23.686 0.0000000000
17189  -46.131  -74.906  26.555 0.0000000000
15504  -44.378  -75.747  25.105 0.0000000000
17205  -45.874  -74.712  25.429 0.0000000000
16401  -45.314  -74.744  23.347 0.0000000000
18164  -46.605  -73.280  24.387 0.0000000000
143986  -48.520  -72.839  29.454 0.0000000000
18103  -51.088  -73.113  30.066 0.0000000000
20092  -51.615  -71.255  27.443 0.0000000000
21214  -50.884  -69.921  24.098 0.0000000000
20154  -50.850  -71.036  23.900 0.0000000000
21230  -50.686  -70.739  23.584 0.0000000000
20182  -47.581  -71.108  22.259 0.0000000000
9601  -42.801  -84.410  15.786 0.0000000000
8158  -42.501  -86.564  15.238 0.0000000000
8156  -40.971  -85.548  14.363 0.0000000000
123852  -40.033  -88.502  9.328 0.0000000000
135903  -40.727  -74.352  12.351 0.0000000000
135781  -41.156  -77.407  11.959 0.0000000000
13087  -44.654  -79.035  8.818 0.0000000000
14724  -44.622  -77.557  21.954 0.0000000000
12951  -42.897  -79.230  21.145 0.0000000000
136446  -42.154  -77.716  21.995 0.0000000000
122461  -40.674  -78.239  21.492 0.0000000000
13847  -38.931  -77.792  21.151 0.0000000000
12900  -42.590  -79.185  25.459 0.0000000000
16325  -44.817  -75.859  27.637 0.0000000000
17190  -46.962  -74.910  27.436 0.0000000000
20119  -47.249  -71.235  25.454 0.0000000000
123723  -49.529  -70.912  25.765 0.0000000000
21211  -48.091  -69.948  23.831 0.0000000000
22333  -48.964  -69.359  23.129 0.0000000000
130529  -51.231  -69.747  24.124 0.0000000000
9647  -39.679  -83.548  14.488 0.0000000000
130146  -39.649  -85.273  13.043 0.0000000000
8908  -39.284  -84.711  11.348 0.0000000000
8221  -40.662  -85.825  9.633 0.0000000000
8249  -42.077  -86.512  7.776 0.0000000000
123982  -42.970  -85.265  7.828 0.0000000000
10651  -44.137  -83.510  7.908 0.0000000000
131528  -44.648  -82.739  7.466 0.0000000000
9525  -45.837  -83.452  20.259 0.0000000000
8803  -45.010  -84.678  18.304 0.0000000000
10461  -44.066  -82.959  17.367 0.0000000000
10459  -42.070  -82.398  17.146 0.0000000000
12121  -42.521  -80.641  19.575 0.0000000000
11310  -41.534  -81.761  17.576 0.0000000000
129198  -40.787  -82.567  16.404 0.0000000000
10488  -38.845  -82.362  15.120 0.0000000000
10522  -37.854  -81.979  13.800 0.0000000000
11357  -37.411  -80.970  12.546 0.0000000000
11270  -45.821  -81.838  21.874 0.0000000000
12090  -46.916  -80.388  22.631 0.0000000000
13839  -47.306  -78.853  22.532 0.0000000000
13817  -43.136  -77.932  24.291 0.0000000000
14696  -45.548  -77.084  23.691 0.0000000000
14709  -46.509  -77.178  22.700 0.0000000000
15537  -45.382  -75.831  22.684 0.0000000000
17250  -44.690  -74.264  22.883 0.0000000000
19178  -44.592  -72.564  22.432 0.0000000000
16307  -48.338  -75.623  31.027 0.0000000000
140432  -49.799  -74.324  29.499 0.0000000000
17192  -49.327  -74.042  27.258 0.0000000000
20121  -52.633  -70.858  25.424 0.0000000000
18145  -50.925  -72.228  25.469 0.0000000000
18143  -48.022  -73.349  25.378 0.0000000000
19161  -46.850  -72.391  23.723 0.0000000000
138188  -46.537  -71.367  22.208 0.0000000000
7404  -43.356  -86.370  16.151 0.0000000000
6766  -41.029  -88.394  14.719 0.0000000000
7475  -39.391  -86.587  11.649 0.0000000000
6808  -39.448  -88.737  10.423 0.0000000000
137065  -36.193  -79.458  16.134 0.0000000000
12178  -36.605  -80.115  14.075 0.0000000000
12192  -37.929  -79.988  11.765 0.0000000000
13944  -39.805  -78.486  11.866 0.0000000000
12203  -41.553  -80.366  10.630 0.0000000000
11423  -43.830  -81.172  10.418 0.0000000000
11425  -45.709  -82.000  9.162 0.0000000000
19176  -42.958  -72.706  22.155 0.0000000000
17248  -42.329  -74.134  22.565 0.0000000000
8819  -42.368  -85.190  17.640 0.0000000000
131003  -43.427  -84.563  18.415 0.0000000000
130504  -39.375  -81.900  10.213 0.0000000000
10598  -39.470  -82.712  10.150 0.0000000000
11419  -39.962  -82.306  9.754 0.0000000000
10600  -41.513  -82.718  9.529 0.0000000000
11420  -40.796  -82.017  9.647 0.0000000000
12110  -45.514  -80.614  20.505 0.0000000000
12973  -44.799  -79.806  20.871 0.0000000000
12986  -38.706  -79.440  19.393 0.0000000000
13004  -39.185  -80.012  18.895 0.0000000000
13003  -38.414  -79.780  18.643 0.0000000000
13015  -38.113  -80.128  17.914 0.0000000000
13002  -37.641  -79.555  18.373 0.0000000000
11234  -42.059  -81.713  24.791 0.0000000000
131836  -41.880  -80.867  24.374 0.0000000000
12919  -41.963  -80.060  24.001 0.0000000000
12078  -42.223  -80.277  24.797 0.0000000000
16361  -45.286  -75.109  26.031 0.0000000000
17206  -46.586  -74.426  25.673 0.0000000000
17229  -46.231  -74.135  24.856 0.0000000000
18142  -47.000  -73.751  25.162 0.0000000000
19114  -47.353  -72.098  26.884 0.0000000000
19097  -46.822  -72.740  27.733 0.0000000000
19098  -48.223  -72.431  28.046 0.0000000000
18116  -47.399  -73.094  28.952 0.0000000000
131069  -50.979  -71.901  28.896 0.0000000000
19099  -49.890  -71.817  27.773 0.0000000000
21231  -50.946  -70.008  24.057 0.0000000000
21249  -49.860  -70.777  22.794 0.0000000000
21250  -51.265  -70.669  23.865 0.0000000000
9629  -41.747  -83.979  15.661 0.0000000000
8878  -41.570  -85.189  14.882 0.0000000000
8877  -40.701  -84.684  14.557 0.0000000000
142868  -42.223  -77.191  11.478 0.0000000000
13082  -43.718  -78.572  10.160 0.0000000000
133897  -43.950  -78.039  9.409 0.0000000000
14707  -43.849  -76.939  22.255 0.0000000000
14723  -43.276  -77.688  21.963 0.0000000000
14706  -42.657  -77.067  22.294 0.0000000000
14722  -41.150  -77.638  21.972 0.0000000000
14721  -40.294  -77.509  21.793 0.0000000000
13848  -39.820  -78.055  21.338 0.0000000000
126432  -39.526  -77.274  21.644 0.0000000000
17176  -46.267  -75.341  28.025 0.0000000000
17177  -47.196  -75.424  28.863 0.0000000000
20135  -46.453  -71.014  24.889 0.0000000000
21192  -47.306  -70.427  24.282 0.0000000000
20136  -48.030  -70.628  24.798 0.0000000000
22315  -47.178  -69.740  23.275 0.0000000000
22334  -50.356  -69.668  23.726 0.0000000000
6132  -40.548  -88.787  15.323 0.0000000000
138729  -38.989  -83.687  13.049 0.0000000000
8889  -39.402  -84.371  13.238 0.0000000000
9688  -39.012  -83.856  12.022 0.0000000000
8928  -41.130  -84.995  9.543 0.0000000000
8927  -40.167  -84.621  9.791 0.0000000000
139166  -41.918  -86.197  9.316 0.0000000000
8222  -42.897  -86.089  9.106 0.0000000000
8250  -42.819  -86.197  7.979 0.0000000000
9736  -44.344  -84.035  9.493 0.0000000000
8947  -44.214  -84.980  8.873 0.0000000000
9742  -44.874  -84.246  9.015 0.0000000000
9757  -45.003  -83.574  8.534 0.0000000000
9743  -45.379  -83.394  8.956 0.0000000000
9527  -46.709  -82.638  20.524 0.0000000000
9561  -46.311  -83.262  19.195 0.0000000000
10460  -43.047  -82.653  17.257 0.0000000000
11311  -42.442  -81.972  17.746 0.0000000000
12971  -42.455  -79.661  20.685 0.0000000000
12108  -42.969  -80.271  20.234 0.0000000000
12107  -42.019  -80.144  20.143 0.0000000000
11300  -41.003  -81.243  18.070 0.0000000000
11309  -40.671  -81.591  17.403 0.0000000000
10458  -41.166  -82.172  16.985 0.0000000000
11319  -40.321  -81.958  16.783 0.0000000000
10489  -39.620  -82.657  15.492 0.0000000000
11326  -37.937  -81.237  15.972 0.0000000000
11335  -38.111  -81.955  14.713 0.0000000000
136269  -37.450  -81.429  14.347 0.0000000000
10542  -37.748  -81.793  12.838 0.0000000000
11345  -37.300  -81.252  13.451 0.0000000000
12935  -44.587  -79.630  22.965 0.0000000000
12089  -45.464  -80.463  22.650 0.0000000000
12936  -46.270  -79.614  23.034 0.0000000000
12937  -47.260  -79.530  22.814 0.0000000000
12923  -46.843  -78.783  23.228 0.0000000000
14664  -42.922  -77.704  25.719 0.0000000000
14686  -42.814  -77.687  24.942 0.0000000000
14679  -43.137  -77.028  25.384 0.0000000000
15515  -44.895  -75.979  24.454 0.0000000000
14688  -44.607  -76.665  24.246 0.0000000000
15524  -45.669  -76.326  23.708 0.0000000000
14697  -46.428  -77.071  23.144 0.0000000000
15538  -46.149  -76.338  22.892 0.0000000000
14708  -45.446  -76.712  22.379 0.0000000000
133974  -45.740  -75.620  23.039 0.0000000000
17240  -45.126  -73.749  23.184 0.0000000000
18197  -44.412  -73.362  22.681 0.0000000000
136882  -45.206  -72.361  22.561 0.0000000000
17152  -48.777  -74.847  31.350 0.0000000000
18104  -51.886  -72.315  28.764 0.0000000000
17170  -50.606  -73.722  29.604 0.0000000000
17179  -50.129  -73.989  28.479 0.0000000000
18117  -50.819  -73.377  27.474 0.0000000000
132179  -50.206  -70.503  25.113 0.0000000000
20120  -51.553  -70.423  25.183 0.0000000000
140203  -51.305  -70.306  24.840 0.0000000000
19146  -50.156  -71.345  24.006 0.0000000000
19147  -50.997  -71.250  24.267 0.0000000000
129409  -50.369  -71.967  24.833 0.0000000000
18144  -49.322  -72.850  25.486 0.0000000000
19145  -48.913  -72.272  24.649 0.0000000000
19144  -47.519  -72.584  24.346 0.0000000000
21248  -47.393  -70.808  21.438 0.0000000000
144380  -46.919  -71.088  21.814 0.0000000000
20181  -45.638  -71.409  21.685 0.0000000000
8821  -45.032  -84.588  17.499 0.0000000000
8127  -44.485  -85.295  17.125 0.0000000000
8126  -43.999  -85.679  16.522 0.0000000000
7432  -41.245  -86.579  14.357 0.0000000000
7433  -41.944  -87.037  14.854 0.0000000000
6776  -40.463  -88.331  13.937 0.0000000000
6775  -39.927  -89.173  13.825 0.0000000000
6786  -39.489  -88.904  12.760 0.0000000000
8197  -39.384  -85.649  11.412 0.0000000000
8187  -39.544  -85.879  12.338 0.0000000000
6215  -39.724  -88.730  8.734 0.0000000000
145416  -39.678  -88.060  10.066 0.0000000000
13890  -36.258  -78.953  17.604 0.0000000000
13024  -35.843  -78.961  16.355 0.0000000000
13055  -37.140  -79.393  12.796 0.0000000000
12184  -37.432  -80.105  12.319 0.0000000000
13064  -37.903  -79.267  12.147 0.0000000000
13074  -41.656  -78.929  11.480 0.0000000000
13945  -40.595  -78.166  11.895 0.0000000000
13073  -40.560  -78.975  11.561 0.0000000000
13078  -39.971  -79.796  11.007 0.0000000000
13079  -41.030  -79.701  11.067 0.0000000000
11398  -42.211  -81.026  10.318 0.0000000000
12204  -42.601  -80.239  10.795 0.0000000000
141903  -45.194  -80.412  9.002 0.0000000000
12212  -45.142  -81.205  9.546 0.0000000000
11440  -46.246  -81.537  8.175 0.0000000000
122935  -42.945  -74.686  22.629 0.0000000000
15535  -42.060  -75.972  22.549 0.0000000000
16398  -42.190  -74.984  22.610 0.0000000000
16397  -41.261  -75.216  22.537 0.0000000000
16396  -40.397  -75.415  22.411 0.0000000000
127449  -47.115  -68.720  21.743 0.0000000000
7390  -42.457  -86.612  16.853 0.0000000000
9707  -38.693  -82.906  11.544 0.0000000000
144402  -38.953  -83.449  11.257 0.0000000000
9721  -39.085  -83.154  10.704 0.0000000000
9732  -40.548  -83.786  9.606 0.0000000000
129766  -41.656  -84.309  9.481 0.0000000000
8930  -43.297  -85.394  9.263 0.0000000000
9734  -42.328  -83.712  9.506 0.0000000000
135509  -43.354  -83.628  9.611 0.0000000000
10602  -43.878  -82.931  9.839 0.0000000000
12111  -46.830  -80.939  20.810 0.0000000000
11281  -46.080  -81.412  20.200 0.0000000000
12123  -44.827  -81.132  19.923 0.0000000000
12122  -43.563  -80.925  19.612 0.0000000000
12969  -40.684  -79.390  20.491 0.0000000000
12989  -41.161  -79.976  19.990 0.0000000000
12118  -39.996  -80.182  19.092 0.0000000000
12131  -39.679  -80.528  18.375 0.0000000000
12144  -39.366  -80.882  17.675 0.0000000000
11308  -39.040  -81.225  16.997 0.0000000000
12143  -38.584  -80.685  17.446 0.0000000000
11317  -38.258  -80.993  16.735 0.0000000000
12154  -37.498  -80.645  16.389 0.0000000000
12934  -43.126  -79.752  23.045 0.0000000000
12921  -43.695  -78.907  23.452 0.0000000000
16341  -44.529  -75.539  26.551 0.0000000000
16340  -43.965  -75.835  25.855 0.0000000000
16360  -44.701  -75.416  25.529 0.0000000000
16381  -44.960  -75.478  24.758 0.0000000000
15516  -45.525  -75.547  24.009 0.0000000000
16394  -45.639  -75.374  23.489 0.0000000000
17228  -45.776  -74.537  24.652 0.0000000000
143428  -45.725  -73.926  23.955 0.0000000000
18179  -45.994  -73.063  23.749 0.0000000000
18101  -48.101  -73.310  30.345 0.0000000000
18102  -49.513  -72.951  30.556 0.0000000000
18091  -49.689  -73.562  31.133 0.0000000000
19090  -50.490  -72.510  29.932 0.0000000000
19091  -51.226  -72.442  29.498 0.0000000000
19101  -52.444  -71.470  27.419 0.0000000000
21213  -50.814  -70.377  24.281 0.0000000000
20137  -51.403  -70.997  24.190 0.0000000000
20169  -50.663  -70.957  23.647 0.0000000000
20153  -49.403  -71.337  23.713 0.0000000000
20152  -47.774  -71.619  23.406 0.0000000000
20168  -48.886  -71.142  23.089 0.0000000000
21229  -48.789  -70.888  22.439 0.0000000000
21270  -48.891  -70.760  21.304 0.0000000000
8834  -43.871  -84.891  16.036 0.0000000000
8859  -43.609  -85.692  15.881 0.0000000000
8858  -43.108  -85.314  15.584 0.0000000000
8157  -41.853  -86.109  14.744 0.0000000000
7444  -40.165  -87.059  13.357 0.0000000000
126058  -39.964  -87.422  9.780 0.0000000000
15644  -41.395  -75.604  12.024 0.0000000000
15643  -40.462  -75.934  12.401 0.0000000000
14823  -39.830  -76.785  12.444 0.0000000000
13946  -42.160  -78.159  11.463 0.0000000000
13075  -42.572  -78.667  11.224 0.0000000000
13081  -43.113  -79.313  10.863 0.0000000000
13086  -44.215  -79.041  9.583 0.0000000000
12214  -45.204  -79.586  8.439 0.0000000000
136270  -45.151  -78.298  21.645 0.0000000000
12952  -44.023  -79.009  21.298 0.0000000000
13851  -43.914  -78.222  21.664 0.0000000000
13850  -42.792  -78.491  21.549 0.0000000000
12950  -42.029  -79.081  21.168 0.0000000000
136610  -41.678  -76.884  22.345 0.0000000000
130365  -41.616  -78.370  21.573 0.0000000000
13849  -41.098  -78.939  21.108 0.0000000000
13862  -40.231  -78.760  20.954 0.0000000000
12967  -39.029  -79.043  20.105 0.0000000000
13870  -38.251  -78.825  19.854 0.0000000000
132296  -42.478  -79.883  25.332 0.0000000000
127615  -43.671  -78.086  27.138 0.0000000000
14653  -44.014  -77.411  27.436 0.0000000000
15472  -43.698  -76.706  26.963 0.0000000000
16342  -45.339  -75.370  27.233 0.0000000000
17191  -47.939  -74.512  27.034 0.0000000000
19129  -46.734  -71.750  26.136 0.0000000000
20101  -47.916  -71.435  26.052 0.0000000000
143416  -48.694  -70.814  25.283 0.0000000000
21177  -49.878  -70.299  24.619 0.0000000000
21193  -49.082  -70.082  24.265 0.0000000000
22316  -48.623  -69.618  23.472 0.0000000000
21212  -49.932  -69.812  23.940 0.0000000000
22317  -50.226  -69.782  23.956 0.0000000000
21232  -52.030  -70.074  24.599 0.0000000000
9648  -40.396  -83.944  14.829 0.0000000000
8890  -40.191  -84.969  13.858 0.0000000000
8898  -39.305  -84.654  12.377 0.0000000000
8207  -39.554  -85.402  10.520 0.0000000000
7501  -39.989  -86.190  9.925 0.0000000000
7535  -42.015  -87.077  7.953 0.0000000000
8946  -43.456  -85.655  8.404 0.0000000000
9755  -43.769  -84.699  8.128 0.0000000000
10650  -43.059  -83.395  7.411 0.0000000000
10667  -43.521  -82.807  7.099 0.0000000000
9538  -45.270  -83.935  19.609 0.0000000000
8792  -44.745  -84.434  18.993 0.0000000000
8793  -45.572  -84.275  18.874 0.0000000000
8822  -45.619  -84.090  17.857 0.0000000000
9578  -45.313  -83.986  17.389 0.0000000000
10462  -45.020  -83.305  17.577 0.0000000000
9577  -44.682  -83.727  17.007 0.0000000000
10477  -43.725  -83.411  16.799 0.0000000000
125775  -42.236  -83.564  16.188 0.0000000000
9600  -41.249  -83.256  16.062 0.0000000000
12972  -43.477  -79.733  20.774 0.0000000000
12120  -41.660  -80.485  19.449 0.0000000000
12134  -42.167  -81.006  18.926 0.0000000000
10475  -41.687  -82.807  16.575 0.0000000000
9628  -40.819  -83.620  15.464 0.0000000000
9627  -40.023  -83.282  15.165 0.0000000000
10501  -39.325  -82.934  14.767 0.0000000000
9667  -38.796  -83.166  13.516 0.0000000000
138586  -38.394  -81.776  15.540 0.0000000000
10500  -38.588  -82.620  14.200 0.0000000000
10523  -38.266  -82.532  13.210 0.0000000000
10543  -38.217  -82.328  12.241 0.0000000000
10564  -38.399  -81.986  11.394 0.0000000000
11375  -38.302  -81.142  11.325 0.0000000000
10403  -45.342  -82.899  20.866 0.0000000000
10384  -46.135  -82.424  21.417 0.0000000000
10385  -46.878  -82.261  21.187 0.0000000000
11260  -44.660  -81.296  22.168 0.0000000000
11261  -46.349  -81.247  22.312 0.0000000000
11272  -47.192  -81.548  21.574 0.0000000000
12098  -47.449  -80.745  21.955 0.0000000000
12954  -47.034  -79.420  21.753 0.0000000000
13852  -46.566  -78.424  21.912 0.0000000000
12909  -42.366  -79.354  24.477 0.0000000000
13826  -42.809  -78.623  23.957 0.0000000000
13827  -43.533  -78.190  23.807 0.0000000000
15503  -43.789  -76.287  25.026 0.0000000000
14695  -44.170  -77.489  23.932 0.0000000000
142706  -45.150  -77.599  23.699 0.0000000000
13829  -47.045  -78.114  23.076 0.0000000000
13838  -46.936  -77.939  22.567 0.0000000000
13837  -46.055  -77.570  22.107 0.0000000000
15536  -44.243  -76.138  22.482 0.0000000000
16400  -45.066  -75.106  22.831 0.0000000000
17249  -43.937  -74.716  22.659 0.0000000000
142630  -43.941  -73.934  22.665 0.0000000000
19177  -43.832  -72.701  22.275 0.0000000000
17163  -50.067  -74.053  30.566 0.0000000000
17169  -49.080  -74.856  30.166 0.0000000000
130677  -48.118  -75.339  29.591 0.0000000000
17178  -48.820  -74.620  28.531 0.0000000000
18127  -48.577  -73.760  26.205 0.0000000000
20102  -50.633  -70.991  26.458 0.0000000000
20103  -52.367  -70.664  26.131 0.0000000000
19116  -52.677  -71.413  26.511 0.0000000000
20138  -51.972  -71.052  24.736 0.0000000000
19130  -52.022  -71.365  24.983 0.0000000000
18129  -51.604  -72.424  26.442 0.0000000000
18128  -50.014  -73.247  26.347 0.0000000000
18165  -47.515  -73.078  24.795 0.0000000000
135651  -47.384  -71.400  22.781 0.0000000000
20167  -46.585  -71.807  22.975 0.0000000000
19179  -45.798  -72.513  23.117 0.0000000000
20166  -45.717  -71.834  22.455 0.0000000000
20165  -44.864  -71.862  21.970 0.0000000000
8098  -44.421  -85.118  17.751 0.0000000000
7391  -43.229  -86.283  16.778 0.0000000000
7403  -42.597  -86.931  16.300 0.0000000000
8138  -43.116  -86.145  15.572 0.0000000000
6768  -42.237  -87.318  15.452 0.0000000000
6752  -41.642  -87.836  15.749 0.0000000000
6159  -40.320  -89.108  14.611 0.0000000000
8172  -39.827  -86.140  13.048 0.0000000000
7461  -39.621  -86.819  12.614 0.0000000000
130413  -39.377  -87.549  10.873 0.0000000000
138004  -39.390  -87.660  12.091 0.0000000000
6797  -39.280  -88.579  11.610 0.0000000000
18193  -40.914  -73.691  22.191 0.0000000000
14720  -38.264  -77.181  21.166 0.0000000000
140246  -38.212  -77.817  20.787 0.0000000000
13869  -37.471  -78.609  19.589 0.0000000000
13880  -37.162  -78.982  18.833 0.0000000000
13001  -36.902  -79.296  18.044 0.0000000000
13026  -37.090  -80.072  16.848 0.0000000000
12164  -36.706  -80.134  15.976 0.0000000000
13034  -35.837  -79.016  15.681 0.0000000000
13035  -36.241  -79.609  15.349 0.0000000000
12171  -36.920  -80.789  14.127 0.0000000000
12179  -36.945  -80.317  13.235 0.0000000000
11374  -37.809  -80.686  11.826 0.0000000000
12200  -38.871  -80.723  10.869 0.0000000000
13934  -40.082  -77.632  12.206 0.0000000000
139553  -39.224  -78.148  12.204 0.0000000000
13943  -38.831  -78.815  11.886 0.0000000000
13072  -39.451  -79.276  11.479 0.0000000000
12194  -39.090  -79.995  11.101 0.0000000000
12202  -40.360  -80.534  10.467 0.0000000000
11397  -41.108  -81.160  9.997 0.0000000000
11422  -43.164  -81.798  10.139 0.0000000000
128651  -44.369  -82.167  10.167 0.0000000000
11424  -45.153  -82.290  9.888 0.0000000000
10604  -45.421  -82.974  9.425 0.0000000000
10626  -45.750  -82.376  8.609 0.0000000000
6133  -41.090  -88.472  15.327 0.0000000000
6147  -40.067  -89.261  15.048 0.0000000000
6148  -40.622  -88.923  15.040 0.0000000000
6201  -39.667  -88.971  9.087 0.0000000000
6737  -42.009  -87.505  16.150 0.0000000000
6738  -42.319  -87.376  15.944 0.0000000000
6751  -40.907  -88.377  15.741 0.0000000000
6767  -41.653  -87.851  15.126 0.0000000000
7402  -41.923  -87.243  16.486 0.0000000000
7415  -42.799  -86.867  15.773 0.0000000000
7445  -40.823  -87.328  14.047 0.0000000000
7518  -42.020  -87.103  8.402 0.0000000000
7534  -41.517  -86.867  7.739 0.0000000000
8114  -43.797  -85.644  17.261 0.0000000000
8137  -42.472  -85.717  15.185 0.0000000000
8173  -40.430  -86.042  13.670 0.0000000000
8234  -42.445  -86.732  8.203 0.0000000000
8235  -42.916  -86.217  8.575 0.0000000000
8794  -45.901  -83.767  18.567 0.0000000000
8801  -42.572  -84.433  18.165 0.0000000000
8802  -44.237  -84.805  18.377 0.0000000000
8804  -45.533  -84.309  18.176 0.0000000000
8820  -43.506  -85.245  17.871 0.0000000000
8857  -42.170  -84.820  15.356 0.0000000000
8876  -39.923  -84.223  14.168 0.0000000000
8931  -44.044  -84.967  9.163 0.0000000000
8932  -44.588  -84.456  9.119 0.0000000000
8965  -42.030  -85.440  7.644 0.0000000000
9524  -44.706  -83.400  20.256 0.0000000000
9526  -46.473  -83.210  20.209 0.0000000000
9539  -46.129  -83.639  19.512 0.0000000000
9540  -46.620  -83.048  19.844 0.0000000000
9559  -43.767  -84.181  18.907 0.0000000000
9599  -40.404  -82.941  15.798 0.0000000000
9602  -44.323  -84.239  16.546 0.0000000000
9603  -44.880  -84.331  16.969 0.0000000000
9646  -39.130  -83.207  14.162 0.0000000000
9668  -39.318  -83.719  13.777 0.0000000000
9733  -41.261  -83.417  9.479 0.0000000000
9756  -44.507  -84.362  8.634 0.0000000000
10332  -42.290  -82.442  25.131 0.0000000000
10404  -46.373  -82.867  20.751 0.0000000000
10441  -45.389  -82.871  18.208 0.0000000000
10474  -39.955  -82.333  16.166 0.0000000000
10476  -42.676  -83.093  16.692 0.0000000000
10601  -42.637  -82.743  9.652 0.0000000000
10625  -45.640  -82.551  7.924 0.0000000000
11262  -47.285  -81.024  22.160 0.0000000000
11271  -46.792  -81.770  21.764 0.0000000000
11282  -46.898  -81.776  20.558 0.0000000000
11293  -46.736  -82.450  20.217 0.0000000000
11358  -37.890  -81.511  11.977 0.0000000000
11396  -38.813  -81.533  10.767 0.0000000000
11399  -43.078  -80.867  10.530 0.0000000000
12068  -42.694  -80.633  25.649 0.0000000000
12091  -47.434  -80.155  22.434 0.0000000000
12097  -47.244  -80.425  21.574 0.0000000000
12112  -47.212  -81.291  21.263 0.0000000000
12119  -40.823  -80.340  19.277 0.0000000000
12133  -41.340  -80.841  18.729 0.0000000000
12165  -37.214  -80.828  15.544 0.0000000000
12170  -36.646  -80.329  14.905 0.0000000000
12193  -38.389  -80.352  11.377 0.0000000000
12201  -39.520  -80.402  10.719 0.0000000000
12205  -43.405  -80.261  10.588 0.0000000000
12215  -45.749  -80.771  8.573 0.0000000000
12938  -47.469  -79.475  22.663 0.0000000000
12955  -47.480  -79.879  22.274 0.0000000000
12968  -39.845  -79.219  20.312 0.0000000000
12988  -40.328  -79.798  19.802 0.0000000000
13013  -36.709  -79.533  17.267 0.0000000000
13014  -37.370  -79.853  17.613 0.0000000000
13025  -36.568  -79.679  16.607 0.0000000000
13054  -36.581  -79.368  13.658 0.0000000000
13071  -38.555  -79.599  11.573 0.0000000000
13807  -42.735  -78.374  25.601 0.0000000000
13816  -42.600  -78.459  24.705 0.0000000000
13828  -46.122  -77.888  23.498 0.0000000000
13830  -47.341  -78.821  22.892 0.0000000000
13859  -37.814  -78.217  20.299 0.0000000000
13860  -38.592  -78.393  20.516 0.0000000000
13861  -39.395  -78.557  20.748 0.0000000000
13900  -35.645  -78.563  17.028 0.0000000000
13901  -36.187  -79.204  16.831 0.0000000000
13991  -44.248  -78.287  8.740 0.0000000000
14665  -43.304  -77.368  26.479 0.0000000000
14687  -43.475  -77.151  24.596 0.0000000000
14705  -40.683  -76.895  22.220 0.0000000000
14710  -47.253  -78.278  22.868 0.0000000000
14824  -40.803  -76.670  12.240 0.0000000000
15473  -44.552  -76.610  27.786 0.0000000000
15545  -39.978  -76.860  22.024 0.0000000000
16324  -43.929  -76.023  26.870 0.0000000000
16382  -45.337  -74.948  24.916 0.0000000000
16512  -41.024  -74.939  12.243 0.0000000000
17153  -49.538  -74.145  31.227 0.0000000000
17162  -49.138  -74.722  31.070 0.0000000000
18081  -48.381  -74.550  31.413 0.0000000000
18082  -49.123  -74.178  31.393 0.0000000000
18092  -50.174  -73.506  30.818 0.0000000000
18118  -51.321  -73.178  28.812 0.0000000000
18195  -42.609  -73.388  22.396 0.0000000000
18196  -43.472  -73.328  22.479 0.0000000000
18198  -45.086  -72.980  22.912 0.0000000000
19086  -50.490  -72.966  30.550 0.0000000000
19089  -49.601  -72.458  29.152 0.0000000000
19100  -51.983  -71.684  28.227 0.0000000000
19102  -53.020  -70.989  26.511 0.0000000000
19117  -53.074  -70.948  25.937 0.0000000000
20093  -52.725  -71.002  26.959 0.0000000000
20104  -53.049  -70.829  26.127 0.0000000000
20118  -46.304  -71.497  25.574 0.0000000000
21247  -46.392  -71.080  21.449 0.0000000000
123398  -52.452  -71.321  25.536 0.0000000000
123514  -40.630  -74.539  22.374 0.0000000000
123926  -47.726  -74.942  28.205 0.0000000000
124625  -48.495  -70.744  21.689 0.0000000000
125329  -38.879  -77.011  21.518 0.0000000000
125370  -44.559  -81.419  10.126 0.0000000000
126033  -43.339  -83.925  16.271 0.0000000000
127473  -44.716  -80.076  9.370 0.0000000000
127900  -37.667  -81.408  15.170 0.0000000000
128150  -41.877  -81.381  18.236 0.0000000000
129101  -41.390  -78.183  11.715 0.0000000000
129934  -44.615  -78.133  23.628 0.0000000000
130187  -40.018  -74.362  12.529 0.0000000000
131483  -40.117  -81.461  9.966 0.0000000000
132681  -46.276  -72.345  26.781 0.0000000000
133413  -42.660  -84.738  9.472 0.0000000000
133898  -39.072  -77.496  12.439 0.0000000000
135631  -41.420  -87.502  14.592 0.0000000000
135987  -43.007  -76.397  22.471 0.0000000000
138193  -45.603  -74.820  24.053 0.0000000000
142092  -42.305  -76.594  22.431 0.0000000000
142383  -39.980  -83.018  9.749 0.0000000000
142492  -46.997  -77.763  22.913 0.0000000000
145264  -44.638  -80.827  9.917 0.0000000000
145734  -39.397  -85.191  12.129 0.0000000000
145929  -44.408  -75.454  22.610 0.0000000000
147672  -46.975  -74.586  26.448 0.0000000000
