#!ascii label  , from subject sub-v1s17x0050257_ses-1 vox2ras=TkReg
712
42499  36.531  -42.364  77.617 0.0000000000
66906  48.964  -21.159  60.146 0.0000000000
69761  56.727  -17.007  59.586 0.0000000000
57254  53.860  -28.998  68.396 0.0000000000
44862  40.627  -40.646  71.461 0.0000000000
39201  40.365  -45.289  75.387 0.0000000000
68779  52.923  -18.298  60.376 0.0000000000
67758  52.804  -18.859  65.314 0.0000000000
53883  50.316  -32.410  69.878 0.0000000000
45935  44.915  -39.225  73.030 0.0000000000
76894  59.685  -9.985  52.483 0.0000000000
71738  56.282  -15.193  55.889 0.0000000000
59470  50.289  -27.841  65.100 0.0000000000
63721  51.296  -23.171  67.331 0.0000000000
42560  38.558  -42.769  73.760 0.0000000000
41409  38.381  -43.369  76.731 0.0000000000
67829  51.110  -19.637  60.446 0.0000000000
68723  52.706  -17.492  63.377 0.0000000000
67782  50.423  -19.384  63.781 0.0000000000
48184  51.760  -37.923  67.770 0.0000000000
42557  42.732  -42.320  73.439 0.0000000000
45937  42.308  -39.265  73.071 0.0000000000
135991  43.766  -41.795  71.760 0.0000000000
75888  57.068  -11.171  52.019 0.0000000000
74818  59.143  -11.215  54.679 0.0000000000
74820  56.947  -11.901  54.287 0.0000000000
143857  55.083  -17.721  57.509 0.0000000000
131387  54.456  -17.521  54.994 0.0000000000
70747  56.555  -16.525  57.849 0.0000000000
71706  58.316  -15.717  57.643 0.0000000000
138858  58.472  -17.714  58.690 0.0000000000
54997  52.441  -30.918  69.536 0.0000000000
56168  50.120  -30.174  68.132 0.0000000000
59430  51.210  -27.930  68.462 0.0000000000
126784  51.941  -26.060  65.119 0.0000000000
60557  53.409  -25.755  68.519 0.0000000000
63703  54.132  -23.895  67.447 0.0000000000
58346  55.289  -27.737  65.926 0.0000000000
41450  40.916  -43.599  73.889 0.0000000000
68811  53.109  -18.999  57.171 0.0000000000
68777  54.908  -17.456  60.363 0.0000000000
69713  55.235  -17.197  62.395 0.0000000000
67797  53.696  -18.928  63.560 0.0000000000
49233  48.969  -36.475  73.498 0.0000000000
50412  50.379  -35.258  71.096 0.0000000000
51689  52.218  -34.110  69.370 0.0000000000
52859  53.903  -33.215  67.010 0.0000000000
55047  53.329  -31.093  65.185 0.0000000000
48157  45.590  -37.363  71.437 0.0000000000
45947  47.608  -39.175  72.202 0.0000000000
75897  60.723  -11.187  51.161 0.0000000000
73841  55.523  -13.414  53.686 0.0000000000
72716  57.466  -13.451  56.282 0.0000000000
71748  59.430  -15.976  55.770 0.0000000000
65803  48.866  -20.930  64.337 0.0000000000
66815  51.737  -20.390  67.197 0.0000000000
65790  54.233  -21.564  65.543 0.0000000000
41393  36.790  -43.447  77.471 0.0000000000
42498  37.277  -42.477  77.126 0.0000000000
40299  37.921  -44.442  76.882 0.0000000000
148632  49.851  -20.810  59.948 0.0000000000
67814  50.617  -19.717  61.779 0.0000000000
66880  49.400  -20.740  61.654 0.0000000000
42573  43.606  -42.462  72.425 0.0000000000
74861  56.401  -11.838  52.356 0.0000000000
75852  57.225  -11.326  53.862 0.0000000000
74843  56.530  -11.873  53.275 0.0000000000
69787  55.607  -17.419  58.364 0.0000000000
69809  55.818  -17.116  57.487 0.0000000000
69786  56.508  -16.843  58.657 0.0000000000
70735  57.581  -16.717  58.855 0.0000000000
56161  53.518  -30.382  68.717 0.0000000000
57236  51.472  -29.432  69.333 0.0000000000
57234  52.426  -28.554  69.321 0.0000000000
60559  52.190  -26.700  68.568 0.0000000000
58321  53.879  -28.123  68.382 0.0000000000
59442  54.645  -26.959  67.392 0.0000000000
58347  54.790  -28.550  66.980 0.0000000000
41452  39.320  -43.234  73.748 0.0000000000
41436  40.745  -43.935  74.593 0.0000000000
40348  41.972  -44.729  74.028 0.0000000000
67858  52.097  -19.357  58.815 0.0000000000
67871  51.701  -19.661  57.391 0.0000000000
67857  53.070  -18.833  58.808 0.0000000000
139032  53.931  -18.461  58.476 0.0000000000
68778  53.970  -18.152  59.509 0.0000000000
68757  55.170  -17.151  61.511 0.0000000000
68740  53.368  -17.650  61.309 0.0000000000
68688  52.921  -17.686  64.491 0.0000000000
69683  53.726  -17.422  63.835 0.0000000000
67780  53.360  -18.522  64.444 0.0000000000
66849  53.150  -19.979  63.739 0.0000000000
66837  53.138  -19.574  64.983 0.0000000000
48138  49.251  -37.023  72.146 0.0000000000
50395  49.242  -35.569  71.890 0.0000000000
49243  49.913  -36.943  71.130 0.0000000000
49267  52.136  -36.183  68.491 0.0000000000
51712  53.294  -34.171  68.100 0.0000000000
45924  43.539  -39.121  73.457 0.0000000000
48144  43.768  -37.958  72.541 0.0000000000
48127  45.711  -37.845  72.847 0.0000000000
137415  47.658  -37.566  73.283 0.0000000000
45949  46.430  -39.602  72.219 0.0000000000
76913  58.344  -10.313  51.116 0.0000000000
75867  60.127  -10.214  52.391 0.0000000000
73819  58.865  -12.606  55.286 0.0000000000
70789  55.510  -15.976  55.149 0.0000000000
70798  54.326  -16.309  53.702 0.0000000000
71751  54.999  -15.751  54.270 0.0000000000
71763  54.447  -14.866  53.221 0.0000000000
72741  55.493  -14.130  54.233 0.0000000000
73820  56.059  -13.424  54.657 0.0000000000
72717  56.508  -14.173  55.761 0.0000000000
69784  59.398  -17.200  57.409 0.0000000000
71720  58.595  -15.339  57.047 0.0000000000
52835  49.272  -33.529  70.123 0.0000000000
53893  49.199  -32.766  68.463 0.0000000000
57279  49.059  -28.866  66.418 0.0000000000
57291  48.364  -29.278  65.881 0.0000000000
62699  51.590  -24.666  66.427 0.0000000000
62729  50.457  -24.763  64.060 0.0000000000
63746  50.027  -23.743  65.335 0.0000000000
63748  48.663  -22.908  64.294 0.0000000000
64777  49.970  -22.183  66.233 0.0000000000
136383  50.073  -20.405  66.071 0.0000000000
65771  51.048  -21.133  67.240 0.0000000000
62686  55.380  -24.400  65.573 0.0000000000
139294  54.553  -22.840  66.238 0.0000000000
147225  55.578  -23.981  64.566 0.0000000000
63759  55.202  -23.691  63.680 0.0000000000
42545  38.659  -42.212  75.532 0.0000000000
41407  39.529  -43.929  76.264 0.0000000000
39202  39.240  -46.127  75.608 0.0000000000
39183  38.409  -45.125  76.482 0.0000000000
67845  51.672  -19.369  59.749 0.0000000000
68759  52.449  -18.310  61.003 0.0000000000
68742  51.928  -18.450  61.759 0.0000000000
67781  51.186  -18.713  63.382 0.0000000000
68689  52.285  -18.074  64.871 0.0000000000
43678  41.581  -41.206  72.974 0.0000000000
44844  41.130  -40.085  72.339 0.0000000000
44828  41.980  -40.423  73.198 0.0000000000
43659  43.210  -40.631  73.015 0.0000000000
129827  44.548  -40.313  71.977 0.0000000000
127005  45.154  -40.313  71.254 0.0000000000
134592  43.877  -40.966  70.420 0.0000000000
76873  58.640  -10.242  52.857 0.0000000000
76859  59.307  -10.490  53.691 0.0000000000
76860  58.750  -10.378  53.584 0.0000000000
75837  58.456  -11.045  54.830 0.0000000000
74791  58.482  -12.179  55.520 0.0000000000
68853  53.504  -18.605  55.815 0.0000000000
69829  54.804  -17.551  55.834 0.0000000000
69828  55.535  -17.008  56.410 0.0000000000
70763  56.812  -15.468  56.960 0.0000000000
71722  57.583  -14.949  57.178 0.0000000000
71708  57.435  -15.716  57.680 0.0000000000
70744  58.707  -16.586  57.976 0.0000000000
54998  51.257  -31.750  69.994 0.0000000000
55005  50.025  -31.500  68.524 0.0000000000
56162  50.697  -30.152  68.870 0.0000000000
57267  50.340  -28.831  67.910 0.0000000000
58348  50.726  -27.704  66.646 0.0000000000
59460  51.698  -26.925  65.065 0.0000000000
60573  51.730  -26.699  67.171 0.0000000000
61699  52.239  -25.348  67.755 0.0000000000
62676  52.512  -24.104  68.196 0.0000000000
63705  53.043  -23.359  68.158 0.0000000000
62674  53.893  -24.444  67.874 0.0000000000
61698  54.922  -25.187  66.659 0.0000000000
59459  55.654  -26.918  64.817 0.0000000000
42561  38.033  -42.563  72.854 0.0000000000
42577  39.551  -43.022  72.138 0.0000000000
42589  40.297  -42.689  72.185 0.0000000000
42558  42.065  -43.096  73.624 0.0000000000
149572  42.691  -44.465  73.328 0.0000000000
68810  53.858  -18.587  57.530 0.0000000000
68809  54.710  -18.045  58.126 0.0000000000
69745  55.582  -17.304  59.982 0.0000000000
127028  55.745  -17.245  60.967 0.0000000000
68738  55.627  -17.581  61.971 0.0000000000
67811  55.104  -18.496  62.350 0.0000000000
69714  54.471  -17.113  62.844 0.0000000000
68721  54.670  -17.373  63.028 0.0000000000
49256  47.396  -36.067  70.686 0.0000000000
51670  48.248  -34.856  70.675 0.0000000000
51668  49.500  -34.303  71.209 0.0000000000
52819  50.547  -33.417  70.864 0.0000000000
48177  50.878  -37.225  69.333 0.0000000000
51690  51.651  -34.607  69.879 0.0000000000
52818  51.138  -33.280  70.610 0.0000000000
53891  52.773  -32.562  69.100 0.0000000000
55004  53.179  -31.764  68.886 0.0000000000
55011  54.326  -31.265  67.418 0.0000000000
56175  54.589  -30.295  66.397 0.0000000000
55023  53.812  -32.164  66.222 0.0000000000
49235  47.328  -36.813  72.462 0.0000000000
47013  48.070  -37.666  72.736 0.0000000000
45961  48.302  -39.542  70.688 0.0000000000
135928  46.863  -40.228  70.514 0.0000000000
127912  47.354  -40.245  70.014 0.0000000000
75896  61.259  -10.686  50.902 0.0000000000
73859  55.314  -13.152  52.795 0.0000000000
73840  56.341  -12.734  54.413 0.0000000000
73803  57.446  -12.705  55.793 0.0000000000
73802  58.128  -12.694  56.057 0.0000000000
72705  57.839  -14.177  56.756 0.0000000000
72704  58.271  -14.396  56.671 0.0000000000
71749  58.888  -14.915  55.646 0.0000000000
55014  49.125  -31.092  67.286 0.0000000000
65824  47.798  -21.822  62.445 0.0000000000
66869  48.528  -21.067  62.782 0.0000000000
66850  49.193  -20.445  63.839 0.0000000000
67761  50.994  -19.085  65.526 0.0000000000
145883  52.272  -19.334  66.332 0.0000000000
149727  53.168  -22.013  67.785 0.0000000000
142273  53.658  -20.993  66.723 0.0000000000
66825  53.173  -19.847  65.942 0.0000000000
64788  53.861  -21.690  64.652 0.0000000000
135546  54.598  -29.405  65.325 0.0000000000
58368  54.864  -28.557  64.791 0.0000000000
41377  36.156  -43.055  77.823 0.0000000000
42476  35.922  -42.373  78.069 0.0000000000
66891  49.622  -20.771  60.734 0.0000000000
66892  48.760  -21.086  61.149 0.0000000000
74844  55.851  -12.501  52.594 0.0000000000
69762  56.121  -17.171  59.431 0.0000000000
70736  57.037  -16.727  59.056 0.0000000000
70725  57.275  -17.063  59.477 0.0000000000
56160  54.011  -29.886  68.264 0.0000000000
57255  53.131  -29.351  69.115 0.0000000000
58322  53.190  -28.361  69.038 0.0000000000
58338  54.493  -27.921  67.594 0.0000000000
140595  54.425  -28.775  67.662 0.0000000000
40329  40.479  -44.288  75.338 0.0000000000
40328  41.015  -44.861  74.824 0.0000000000
39226  40.655  -45.928  74.748 0.0000000000
67844  52.514  -18.874  59.589 0.0000000000
145818  53.268  -18.407  59.743 0.0000000000
68758  53.996  -17.679  60.659 0.0000000000
67768  53.112  -17.988  64.572 0.0000000000
68687  53.380  -17.605  64.157 0.0000000000
47035  49.183  -38.607  70.738 0.0000000000
48155  49.618  -37.871  70.986 0.0000000000
45923  44.411  -38.790  73.320 0.0000000000
47016  43.417  -38.425  73.097 0.0000000000
47005  44.429  -38.476  73.168 0.0000000000
48128  44.732  -37.952  72.890 0.0000000000
47004  45.120  -38.370  73.109 0.0000000000
47015  46.059  -38.427  73.040 0.0000000000
45934  45.883  -39.111  72.906 0.0000000000
76912  59.375  -9.836  51.614 0.0000000000
76893  60.106  -9.754  51.834 0.0000000000
71750  55.692  -14.898  54.852 0.0000000000
71762  55.022  -14.902  53.896 0.0000000000
72728  56.012  -13.989  55.016 0.0000000000
70761  59.648  -16.889  56.827 0.0000000000
52834  49.852  -33.040  70.250 0.0000000000
53884  49.572  -32.935  69.501 0.0000000000
53892  49.904  -32.211  68.921 0.0000000000
131271  49.438  -28.286  65.642 0.0000000000
150808  49.559  -28.072  64.803 0.0000000000
62689  51.240  -23.896  66.808 0.0000000000
62700  50.861  -24.129  65.916 0.0000000000
63731  50.263  -23.217  66.116 0.0000000000
63732  49.719  -22.918  65.607 0.0000000000
64766  50.675  -22.659  66.816 0.0000000000
138142  50.636  -21.831  66.907 0.0000000000
64765  51.372  -22.138  67.487 0.0000000000
61723  56.024  -25.480  64.447 0.0000000000
129003  55.761  -24.520  64.716 0.0000000000
61722  56.076  -24.972  64.145 0.0000000000
63758  55.701  -24.363  63.574 0.0000000000
42516  38.544  -42.679  76.439 0.0000000000
43629  38.185  -41.737  75.977 0.0000000000
42533  38.828  -42.500  76.126 0.0000000000
148600  39.372  -43.204  76.060 0.0000000000
39182  39.253  -45.159  76.233 0.0000000000
40298  38.817  -44.188  76.591 0.0000000000
66904  50.393  -20.459  59.295 0.0000000000
147819  50.604  -20.321  58.467 0.0000000000
67846  50.955  -19.928  59.714 0.0000000000
66903  51.195  -19.869  58.848 0.0000000000
67828  51.753  -19.005  60.727 0.0000000000
67813  51.221  -19.308  61.309 0.0000000000
67799  50.503  -19.548  62.756 0.0000000000
67798  51.206  -19.000  62.281 0.0000000000
68704  52.151  -17.833  64.040 0.0000000000
67770  51.316  -18.643  64.612 0.0000000000
43661  42.292  -41.297  73.353 0.0000000000
43676  43.528  -41.406  72.600 0.0000000000
44843  43.872  -40.305  72.707 0.0000000000
43696  44.026  -40.920  71.903 0.0000000000
43713  44.322  -40.659  71.101 0.0000000000
150818  56.744  -11.415  51.276 0.0000000000
75887  58.012  -10.465  52.071 0.0000000000
75869  57.905  -10.540  53.000 0.0000000000
75838  57.705  -11.208  54.513 0.0000000000
74804  57.894  -11.536  55.142 0.0000000000
74803  58.599  -11.535  55.284 0.0000000000
68827  54.448  -18.224  57.059 0.0000000000
68852  54.247  -18.166  56.097 0.0000000000
69810  54.972  -17.659  56.699 0.0000000000
70764  56.286  -16.362  57.094 0.0000000000
70781  55.938  -16.156  56.139 0.0000000000
131429  56.909  -16.035  57.626 0.0000000000
70734  58.342  -16.930  58.632 0.0000000000
70745  57.903  -16.091  58.230 0.0000000000
69785  58.985  -17.493  58.063 0.0000000000
127535  51.654  -31.018  69.791 0.0000000000
56155  51.147  -30.909  69.665 0.0000000000
136200  51.115  -30.142  69.361 0.0000000000
58324  51.522  -28.271  68.934 0.0000000000
58302  51.374  -28.912  69.030 0.0000000000
58325  50.973  -28.719  68.597 0.0000000000
58339  50.306  -28.260  67.397 0.0000000000
59444  50.919  -27.760  67.692 0.0000000000
145717  51.299  -27.276  67.143 0.0000000000
59443  51.535  -27.167  68.097 0.0000000000
60549  52.747  -26.010  68.653 0.0000000000
60558  52.406  -25.907  68.239 0.0000000000
61685  52.654  -25.082  68.341 0.0000000000
61686  52.304  -24.672  67.935 0.0000000000
62675  53.136  -24.439  68.308 0.0000000000
61684  53.614  -25.060  68.231 0.0000000000
59452  55.164  -27.024  66.483 0.0000000000
60571  54.627  -25.939  67.339 0.0000000000
60570  55.232  -26.150  66.285 0.0000000000
60584  55.747  -26.039  65.175 0.0000000000
142316  55.420  -27.510  65.282 0.0000000000
43663  37.842  -41.906  73.812 0.0000000000
43698  37.406  -41.910  72.268 0.0000000000
41451  40.109  -43.437  73.799 0.0000000000
41462  39.407  -43.269  72.941 0.0000000000
41461  40.298  -43.272  72.983 0.0000000000
42576  40.899  -42.791  72.869 0.0000000000
42559  41.227  -43.182  73.430 0.0000000000
67890  52.341  -19.372  56.873 0.0000000000
68829  52.936  -18.981  56.303 0.0000000000
68793  54.745  -17.876  59.224 0.0000000000
69763  55.367  -17.588  59.022 0.0000000000
69712  55.721  -17.405  61.663 0.0000000000
67810  55.764  -18.164  61.858 0.0000000000
68739  55.242  -17.675  62.511 0.0000000000
129013  52.497  -17.747  62.521 0.0000000000
68741  52.840  -17.680  61.901 0.0000000000
69715  53.465  -17.252  62.930 0.0000000000
68722  53.972  -18.173  63.745 0.0000000000
68701  54.128  -17.521  63.574 0.0000000000
67796  54.587  -17.997  63.214 0.0000000000
67812  54.045  -19.186  62.637 0.0000000000
49244  47.846  -36.256  71.996 0.0000000000
50414  48.108  -35.562  71.289 0.0000000000
50397  48.694  -36.126  72.477 0.0000000000
50394  49.808  -35.576  71.587 0.0000000000
51647  49.189  -34.962  71.560 0.0000000000
51646  49.707  -34.915  71.479 0.0000000000
52820  49.818  -33.584  70.768 0.0000000000
51667  50.298  -34.272  71.093 0.0000000000
133807  51.670  -37.189  68.460 0.0000000000
50450  52.210  -35.111  68.944 0.0000000000
50431  51.560  -35.558  69.495 0.0000000000
137631  51.587  -33.842  70.165 0.0000000000
52833  51.758  -33.238  70.008 0.0000000000
52832  52.467  -33.292  69.278 0.0000000000
52846  53.644  -33.524  67.639 0.0000000000
53890  53.490  -32.716  68.287 0.0000000000
53903  53.914  -32.705  67.491 0.0000000000
135279  53.851  -31.326  68.243 0.0000000000
53902  54.128  -32.487  66.970 0.0000000000
55022  54.288  -31.839  66.884 0.0000000000
52858  53.815  -32.743  66.649 0.0000000000
135349  41.748  -39.855  72.913 0.0000000000
130726  41.105  -39.217  71.277 0.0000000000
45951  41.485  -39.329  72.293 0.0000000000
128634  45.965  -37.512  70.157 0.0000000000
48156  46.451  -37.012  71.334 0.0000000000
49245  46.977  -36.564  71.086 0.0000000000
45932  47.445  -38.545  72.663 0.0000000000
47014  47.547  -37.601  73.079 0.0000000000
47026  47.694  -38.579  72.519 0.0000000000
47025  48.289  -38.599  72.032 0.0000000000
45946  48.084  -39.232  71.721 0.0000000000
44876  45.976  -40.376  70.613 0.0000000000
129577  47.952  -40.248  69.358 0.0000000000
75885  60.761  -10.341  51.613 0.0000000000
75849  59.253  -10.831  54.266 0.0000000000
69845  53.732  -17.860  54.447 0.0000000000
69844  54.158  -17.193  54.088 0.0000000000
72742  54.921  -14.189  53.398 0.0000000000
132127  54.328  -14.254  52.615 0.0000000000
73842  54.916  -13.714  52.922 0.0000000000
73860  54.651  -13.609  52.245 0.0000000000
74821  56.034  -12.604  53.493 0.0000000000
72727  56.647  -13.392  55.504 0.0000000000
146416  56.692  -12.878  55.141 0.0000000000
72715  58.186  -13.458  56.391 0.0000000000
71721  58.074  -14.906  57.213 0.0000000000
71719  59.267  -16.102  56.580 0.0000000000
71736  58.783  -15.075  56.372 0.0000000000
72714  58.548  -13.967  56.148 0.0000000000
55013  49.752  -30.931  67.954 0.0000000000
57269  49.392  -30.150  67.326 0.0000000000
62730  49.758  -24.558  63.492 0.0000000000
64790  48.291  -22.245  64.066 0.0000000000
64803  47.944  -22.219  63.383 0.0000000000
65805  47.913  -21.791  63.049 0.0000000000
65843  48.061  -21.442  62.280 0.0000000000
66851  48.603  -21.012  63.488 0.0000000000
153070  49.015  -20.691  63.196 0.0000000000
66816  50.854  -20.330  66.768 0.0000000000
66838  50.116  -19.845  65.433 0.0000000000
66828  50.822  -19.628  66.201 0.0000000000
67760  51.733  -19.051  66.120 0.0000000000
66814  52.445  -19.875  66.781 0.0000000000
63704  53.847  -23.249  67.692 0.0000000000
64755  52.786  -22.395  68.001 0.0000000000
140317  53.434  -22.548  67.753 0.0000000000
64776  54.644  -22.511  65.542 0.0000000000
64763  54.184  -21.767  66.345 0.0000000000
65779  53.737  -20.761  66.163 0.0000000000
65791  53.523  -20.617  65.387 0.0000000000
63760  54.254  -23.213  63.406 0.0000000000
55033  54.322  -30.927  66.067 0.0000000000
56183  54.452  -30.152  65.720 0.0000000000
56184  53.990  -30.653  65.471 0.0000000000
43614  37.556  -41.818  76.655 0.0000000000
42517  37.989  -42.590  76.691 0.0000000000
41392  37.644  -43.422  77.061 0.0000000000
40285  37.197  -44.221  77.170 0.0000000000
66905  49.574  -20.987  59.267 0.0000000000
66890  50.427  -20.296  60.327 0.0000000000
153224  50.705  -19.863  61.003 0.0000000000
66879  50.151  -20.314  61.272 0.0000000000
66867  49.994  -20.289  62.211 0.0000000000
42574  43.321  -42.911  72.970 0.0000000000
43677  43.281  -42.127  72.999 0.0000000000
41459  43.597  -43.475  72.179 0.0000000000
42588  43.541  -42.790  71.477 0.0000000000
75870  57.143  -11.200  53.095 0.0000000000
70746  57.130  -16.330  58.323 0.0000000000
56153  52.653  -30.141  69.385 0.0000000000
56154  51.702  -30.196  69.659 0.0000000000
57235  52.107  -29.333  69.502 0.0000000000
58301  51.758  -28.712  69.263 0.0000000000
58323  52.044  -27.961  69.169 0.0000000000
59429  51.790  -27.509  68.791 0.0000000000
128653  52.638  -27.856  69.217 0.0000000000
59427  53.220  -27.495  68.959 0.0000000000
60548  53.262  -26.590  68.770 0.0000000000
60547  54.041  -26.306  68.220 0.0000000000
59426  53.963  -27.214  68.330 0.0000000000
59453  54.957  -27.823  66.740 0.0000000000
41437  39.935  -43.533  74.780 0.0000000000
40349  41.426  -44.202  74.261 0.0000000000
66921  51.053  -20.043  57.837 0.0000000000
147422  51.689  -19.653  58.141 0.0000000000
67870  52.496  -19.328  57.863 0.0000000000
67856  53.295  -18.895  57.936 0.0000000000
69729  54.467  -17.101  61.966 0.0000000000
68703  52.948  -17.385  64.052 0.0000000000
69701  53.350  -17.283  63.656 0.0000000000
69684  53.348  -17.452  64.087 0.0000000000
68702  53.647  -17.738  64.048 0.0000000000
65802  52.856  -21.139  63.406 0.0000000000
145632  49.120  -36.452  73.228 0.0000000000
141352  49.042  -36.180  72.814 0.0000000000
49242  50.204  -36.092  71.140 0.0000000000
50449  52.854  -35.524  68.146 0.0000000000
133053  52.788  -33.934  68.717 0.0000000000
51737  53.219  -34.906  67.819 0.0000000000
51736  53.499  -34.339  67.406 0.0000000000
47007  43.086  -38.908  73.403 0.0000000000
47018  42.052  -38.789  72.467 0.0000000000
47017  42.682  -38.615  72.883 0.0000000000
128365  43.806  -37.703  71.520 0.0000000000
48143  44.403  -37.670  72.205 0.0000000000
48142  45.206  -37.553  72.356 0.0000000000
48141  46.404  -37.372  72.558 0.0000000000
48126  46.859  -37.753  72.946 0.0000000000
145657  46.893  -38.003  73.044 0.0000000000
45948  47.280  -39.458  72.058 0.0000000000
77934  60.495  -9.630  51.236 0.0000000000
76892  60.654  -9.869  51.667 0.0000000000
75886  60.360  -10.828  52.049 0.0000000000
74802  58.869  -11.625  55.119 0.0000000000
70790  54.811  -16.670  54.574 0.0000000000
146359  54.565  -15.492  53.627 0.0000000000
70762  59.018  -16.282  57.309 0.0000000000
144721  48.813  -33.618  69.057 0.0000000000
127688  49.348  -29.383  67.043 0.0000000000
57280  48.833  -29.689  66.564 0.0000000000
57304  47.991  -28.885  65.106 0.0000000000
61711  51.893  -25.495  66.062 0.0000000000
62712  51.527  -25.187  65.237 0.0000000000
62713  50.678  -24.542  64.858 0.0000000000
62714  49.799  -24.143  64.473 0.0000000000
63762  48.265  -23.075  63.593 0.0000000000
63747  49.295  -23.148  64.855 0.0000000000
64789  48.787  -22.245  64.705 0.0000000000
65792  49.016  -21.434  65.005 0.0000000000
66829  49.444  -20.609  65.234 0.0000000000
65781  49.592  -21.278  65.796 0.0000000000
65780  50.281  -21.152  66.568 0.0000000000
62687  54.931  -24.432  66.377 0.0000000000
63720  54.341  -23.380  66.908 0.0000000000
63719  54.888  -23.713  66.100 0.0000000000
63730  54.927  -23.237  65.554 0.0000000000
64775  55.159  -23.307  64.869 0.0000000000
64787  54.665  -22.524  64.900 0.0000000000
63744  55.506  -23.837  64.160 0.0000000000
43662  38.324  -42.060  74.672 0.0000000000
137543  39.058  -42.868  74.693 0.0000000000
42532  39.358  -42.998  75.573 0.0000000000
41424  39.894  -43.693  75.732 0.0000000000
40313  39.992  -44.621  75.880 0.0000000000
145524  39.926  -46.183  75.220 0.0000000000
150638  39.782  -45.534  75.726 0.0000000000
67827  52.231  -18.799  60.257 0.0000000000
68724  51.864  -18.126  62.871 0.0000000000
67769  52.617  -18.309  65.075 0.0000000000
47046  49.713  -38.587  69.749 0.0000000000
44845  40.981  -40.993  72.356 0.0000000000
45926  42.301  -39.822  73.228 0.0000000000
43660  42.942  -41.374  73.197 0.0000000000
44827  42.636  -40.336  73.269 0.0000000000
45925  42.837  -39.480  73.359 0.0000000000
44826  43.288  -39.822  73.268 0.0000000000
45936  44.057  -39.451  73.231 0.0000000000
44842  44.544  -39.800  72.669 0.0000000000
45950  45.365  -39.807  72.246 0.0000000000
44877  44.786  -40.577  70.374 0.0000000000
43732  44.274  -40.913  69.540 0.0000000000
76895  58.954  -10.049  52.274 0.0000000000
76872  59.102  -10.181  53.037 0.0000000000
76871  59.660  -10.315  53.083 0.0000000000
75850  58.907  -10.671  54.344 0.0000000000
75851  58.004  -10.708  54.034 0.0000000000
75836  58.984  -11.079  54.884 0.0000000000
69830  53.860  -18.187  55.264 0.0000000000
144659  54.336  -17.874  55.534 0.0000000000
70782  55.219  -16.883  55.463 0.0000000000
71707  57.852  -15.456  57.609 0.0000000000
53882  50.702  -32.364  70.275 0.0000000000
55000  50.460  -31.601  69.231 0.0000000000
54999  50.782  -31.667  69.759 0.0000000000
56156  50.816  -30.892  69.301 0.0000000000
57237  51.032  -29.452  68.991 0.0000000000
57256  50.530  -29.463  68.394 0.0000000000
57268  49.884  -29.467  67.664 0.0000000000
58340  49.739  -28.837  67.189 0.0000000000
58349  49.844  -28.294  66.561 0.0000000000
59462  50.237  -27.900  65.906 0.0000000000
59469  51.090  -27.494  64.570 0.0000000000
59461  51.074  -27.518  65.523 0.0000000000
59454  51.533  -27.107  66.208 0.0000000000
60586  51.954  -26.300  66.166 0.0000000000
147888  51.935  -26.454  68.001 0.0000000000
60572  52.079  -26.048  67.369 0.0000000000
60585  52.028  -25.642  66.847 0.0000000000
61700  51.959  -24.962  67.106 0.0000000000
62688  51.811  -24.037  67.562 0.0000000000
63706  52.097  -23.014  67.996 0.0000000000
129483  53.602  -23.869  67.976 0.0000000000
134030  54.048  -25.581  68.092 0.0000000000
61683  54.315  -25.078  67.630 0.0000000000
62673  54.464  -24.484  67.161 0.0000000000
148292  55.316  -24.902  65.915 0.0000000000
44878  40.113  -41.564  70.801 0.0000000000
146201  38.784  -43.141  73.063 0.0000000000
42590  39.690  -42.442  71.261 0.0000000000
43697  40.477  -41.808  71.692 0.0000000000
43679  40.935  -42.024  72.586 0.0000000000
42575  41.701  -42.272  73.280 0.0000000000
41449  42.091  -43.903  73.779 0.0000000000
41448  42.745  -43.380  73.361 0.0000000000
68828  53.695  -18.633  56.638 0.0000000000
69744  56.324  -17.235  60.327 0.0000000000
69743  57.019  -17.292  60.096 0.0000000000
69728  56.251  -17.502  61.036 0.0000000000
152639  53.772  -17.205  62.238 0.0000000000
69700  54.094  -17.293  63.450 0.0000000000
50433  47.633  -35.386  70.142 0.0000000000
50396  49.017  -35.727  71.990 0.0000000000
51669  48.909  -34.509  71.052 0.0000000000
51691  48.587  -34.165  70.119 0.0000000000
52821  49.178  -33.976  70.724 0.0000000000
53875  50.342  -32.914  70.521 0.0000000000
48154  50.180  -37.637  70.063 0.0000000000
129225  50.435  -36.781  70.355 0.0000000000
49255  50.882  -36.039  70.161 0.0000000000
49254  51.408  -36.433  69.146 0.0000000000
50432  51.018  -34.947  70.472 0.0000000000
51666  51.112  -34.038  70.689 0.0000000000
53874  50.709  -32.850  70.644 0.0000000000
53881  51.168  -32.594  70.382 0.0000000000
53880  51.955  -32.478  69.851 0.0000000000
129781  52.220  -31.705  69.654 0.0000000000
52847  53.139  -33.393  68.520 0.0000000000
150269  53.184  -30.901  69.031 0.0000000000
55003  54.149  -30.667  68.020 0.0000000000
56167  54.469  -30.347  67.325 0.0000000000
139248  54.424  -31.109  66.713 0.0000000000
149416  54.166  -31.638  66.390 0.0000000000
55034  53.870  -31.451  65.818 0.0000000000
53923  53.369  -32.880  66.138 0.0000000000
55035  53.153  -32.044  65.561 0.0000000000
45964  40.562  -39.873  70.780 0.0000000000
47029  41.733  -38.692  71.645 0.0000000000
147169  47.032  -36.675  70.016 0.0000000000
49234  48.397  -36.667  73.304 0.0000000000
49226  47.773  -37.295  73.162 0.0000000000
48140  48.286  -36.879  73.207 0.0000000000
48139  48.952  -36.835  73.433 0.0000000000
47024  48.854  -37.937  71.898 0.0000000000
45960  48.968  -39.263  70.002 0.0000000000
44861  45.953  -40.076  71.515 0.0000000000
44860  46.706  -39.987  71.303 0.0000000000
44875  47.346  -39.891  70.884 0.0000000000
44893  47.945  -39.874  70.195 0.0000000000
42500  36.032  -41.548  77.900 0.0000000000
146831  61.067  -11.435  50.221 0.0000000000
138287  57.246  -12.266  55.157 0.0000000000
74792  58.094  -12.060  55.679 0.0000000000
73801  58.455  -12.966  55.846 0.0000000000
71737  57.104  -14.443  56.618 0.0000000000
65888  47.931  -21.447  59.954 0.0000000000
55006  49.417  -31.840  67.949 0.0000000000
63763  47.832  -22.746  62.952 0.0000000000
65844  47.610  -21.773  61.719 0.0000000000
65866  48.020  -21.419  61.511 0.0000000000
66868  49.195  -20.692  62.533 0.0000000000
67800  49.717  -20.149  63.207 0.0000000000
67783  49.761  -19.882  64.040 0.0000000000
66839  49.536  -20.155  64.613 0.0000000000
67771  50.310  -19.488  64.691 0.0000000000
127659  51.972  -18.507  65.496 0.0000000000
67759  52.406  -18.884  65.785 0.0000000000
152597  52.182  -22.051  67.831 0.0000000000
65770  51.927  -21.238  67.632 0.0000000000
133715  52.635  -20.598  67.318 0.0000000000
64764  54.055  -22.567  67.053 0.0000000000
65769  53.271  -20.900  67.242 0.0000000000
66813  53.176  -20.262  66.673 0.0000000000
65801  53.138  -20.693  64.348 0.0000000000
140034  53.165  -21.536  63.879 0.0000000000
64800  54.546  -22.815  64.208 0.0000000000
64801  53.615  -22.320  63.778 0.0000000000
57278  54.725  -29.422  66.856 0.0000000000
57290  54.766  -29.523  65.950 0.0000000000
144637  54.877  -28.901  65.486 0.0000000000
56191  54.200  -29.912  65.118 0.0000000000
57302  54.420  -29.284  64.802 0.0000000000
58357  55.168  -28.221  65.362 0.0000000000
130312  55.329  -27.681  64.745 0.0000000000
41408  38.990  -43.215  76.395 0.0000000000
43613  38.202  -42.065  76.339 0.0000000000
45922  45.281  -38.694  73.191 0.0000000000
45933  46.891  -38.730  72.803 0.0000000000
45952  40.915  -39.748  71.687 0.0000000000
45962  47.756  -39.583  71.310 0.0000000000
47003  45.988  -38.098  72.973 0.0000000000
47006  43.830  -38.666  73.318 0.0000000000
47027  43.023  -38.197  72.535 0.0000000000
47036  48.637  -38.976  71.158 0.0000000000
47037  43.165  -37.840  70.758 0.0000000000
48116  45.217  -38.139  73.037 0.0000000000
48117  44.717  -38.269  73.077 0.0000000000
48118  44.156  -38.322  73.106 0.0000000000
49232  49.337  -36.241  71.956 0.0000000000
50413  48.744  -35.243  71.516 0.0000000000
51713  52.812  -34.650  68.506 0.0000000000
51757  53.371  -34.440  66.915 0.0000000000
55012  54.148  -32.004  67.459 0.0000000000
56163  50.366  -30.874  68.681 0.0000000000
57266  54.374  -29.509  67.703 0.0000000000
57277  55.009  -28.639  66.164 0.0000000000
58367  55.170  -27.755  64.279 0.0000000000
59428  52.486  -27.110  69.004 0.0000000000
61674  53.065  -25.235  68.537 0.0000000000
61697  55.421  -25.466  65.820 0.0000000000
61710  55.737  -25.107  65.152 0.0000000000
62711  55.831  -24.437  64.078 0.0000000000
62728  56.013  -24.901  63.570 0.0000000000
63722  50.826  -23.423  66.611 0.0000000000
63729  55.365  -23.833  65.207 0.0000000000
63745  55.082  -23.267  64.387 0.0000000000
63761  48.968  -23.746  64.072 0.0000000000
64754  53.582  -21.728  67.264 0.0000000000
64778  49.329  -22.187  65.398 0.0000000000
64804  47.721  -22.241  62.657 0.0000000000
65764  52.846  -21.491  67.733 0.0000000000
65793  48.574  -21.641  64.374 0.0000000000
65804  48.260  -21.559  63.678 0.0000000000
65823  48.132  -21.438  62.980 0.0000000000
65867  47.405  -21.638  60.972 0.0000000000
66826  52.718  -19.477  66.169 0.0000000000
66827  51.663  -19.677  66.647 0.0000000000
66881  48.601  -21.062  62.015 0.0000000000
131200  55.473  -26.908  65.649 0.0000000000
132984  48.058  -21.369  60.747 0.0000000000
133095  50.727  -28.298  68.063 0.0000000000
133730  48.820  -28.447  64.960 0.0000000000
145216  54.930  -26.505  66.870 0.0000000000
145240  53.818  -32.138  68.059 0.0000000000
146622  41.547  -43.606  73.846 0.0000000000
147041  47.406  -37.936  72.895 0.0000000000
148475  41.475  -40.436  72.790 0.0000000000
148602  54.530  -23.979  66.810 0.0000000000
151202  47.580  -21.499  60.529 0.0000000000
152053  54.060  -32.171  66.640 0.0000000000
152956  55.974  -25.014  64.559 0.0000000000
