#!ascii label  , from subject sub-v1s17x0050257_ses-1 vox2ras=TkReg
1869
139709  17.708  -45.018  75.356 0.0000000000
68019  47.873  -19.016  48.896 0.0000000000
47137  35.889  -39.072  64.334 0.0000000000
49269  47.041  -36.561  68.662 0.0000000000
44957  27.721  -40.757  65.760 0.0000000000
44792  26.220  -40.365  76.751 0.0000000000
75975  55.231  -11.366  43.047 0.0000000000
74862  55.499  -12.535  51.224 0.0000000000
58477  43.731  -28.491  57.615 0.0000000000
80139  57.607  -7.334  35.425 0.0000000000
45953  35.864  -39.726  71.064 0.0000000000
43640  20.794  -41.756  75.094 0.0000000000
74902  57.065  -12.722  47.085 0.0000000000
71830  52.461  -15.680  45.293 0.0000000000
65966  49.201  -21.099  53.979 0.0000000000
68875  52.387  -18.759  54.391 0.0000000000
62844  45.081  -24.287  51.872 0.0000000000
50596  40.467  -35.683  60.319 0.0000000000
46023  42.355  -39.411  65.982 0.0000000000
43682  32.338  -41.356  72.709 0.0000000000
42481  31.204  -41.788  78.742 0.0000000000
134093  27.399  -41.878  71.382 0.0000000000
149125  21.673  -41.454  69.311 0.0000000000
48205  30.971  -37.572  64.890 0.0000000000
151602  59.940  -8.539  42.335 0.0000000000
76939  60.767  -9.440  47.660 0.0000000000
70824  51.572  -16.052  50.098 0.0000000000
62787  45.607  -24.251  59.134 0.0000000000
55065  44.738  -31.679  63.311 0.0000000000
132922  56.444  -11.562  38.693 0.0000000000
75011  61.274  -12.142  38.043 0.0000000000
75050  62.825  -12.080  34.297 0.0000000000
44814  36.699  -40.360  74.854 0.0000000000
129042  19.402  -43.559  75.313 0.0000000000
42468  21.203  -41.841  79.687 0.0000000000
41376  19.644  -43.685  79.942 0.0000000000
73934  51.140  -12.952  45.153 0.0000000000
65950  48.559  -21.616  56.199 0.0000000000
66942  50.617  -20.264  57.142 0.0000000000
36993  12.562  -47.095  78.717 0.0000000000
144257  44.583  -24.066  49.562 0.0000000000
47200  35.569  -38.643  61.265 0.0000000000
47179  39.600  -39.056  62.237 0.0000000000
46064  38.982  -39.000  64.692 0.0000000000
44901  29.935  -40.664  69.074 0.0000000000
43685  29.748  -41.902  71.790 0.0000000000
145538  27.435  -41.523  68.630 0.0000000000
46050  29.342  -39.327  65.279 0.0000000000
45996  32.021  -38.829  68.894 0.0000000000
43606  28.770  -41.309  77.757 0.0000000000
76990  57.559  -9.903  42.677 0.0000000000
77979  61.160  -8.947  44.608 0.0000000000
141281  58.720  -10.812  44.322 0.0000000000
74893  55.951  -12.376  49.062 0.0000000000
76921  58.301  -10.485  49.961 0.0000000000
134072  47.740  -18.754  45.925 0.0000000000
69906  50.111  -17.596  47.217 0.0000000000
69891  49.576  -17.529  49.613 0.0000000000
60691  41.699  -26.643  54.506 0.0000000000
62815  41.846  -24.380  55.689 0.0000000000
60655  45.684  -26.383  57.048 0.0000000000
141857  44.101  -36.246  64.406 0.0000000000
52920  42.620  -33.495  62.234 0.0000000000
127484  46.167  -34.126  65.759 0.0000000000
75007  53.177  -12.106  40.340 0.0000000000
138557  54.035  -10.654  38.296 0.0000000000
74989  55.724  -12.518  40.602 0.0000000000
74986  58.181  -12.182  40.528 0.0000000000
79141  60.939  -8.457  34.182 0.0000000000
78075  60.179  -9.494  35.093 0.0000000000
75026  61.916  -12.235  36.071 0.0000000000
78050  58.902  -9.844  36.452 0.0000000000
46011  35.933  -39.232  67.424 0.0000000000
44930  38.725  -40.130  67.993 0.0000000000
42604  38.134  -42.372  71.082 0.0000000000
44807  23.099  -40.072  75.724 0.0000000000
45887  25.591  -39.052  79.907 0.0000000000
44770  22.928  -40.155  79.288 0.0000000000
152799  52.589  -12.061  42.596 0.0000000000
150184  55.948  -11.580  44.596 0.0000000000
134121  52.761  -11.774  45.197 0.0000000000
72819  54.581  -14.334  45.559 0.0000000000
72786  54.387  -14.463  48.464 0.0000000000
65997  48.650  -20.765  51.290 0.0000000000
67968  50.167  -19.132  51.866 0.0000000000
67919  50.824  -19.681  54.403 0.0000000000
57375  40.747  -29.621  57.270 0.0000000000
51714  48.242  -34.300  69.123 0.0000000000
38071  15.243  -46.151  75.529 0.0000000000
39158  17.368  -45.449  79.501 0.0000000000
38056  14.408  -46.456  78.817 0.0000000000
67074  45.806  -20.846  48.136 0.0000000000
64961  46.857  -22.550  50.264 0.0000000000
63870  47.058  -23.038  53.277 0.0000000000
129326  46.954  -22.508  55.927 0.0000000000
48288  39.045  -37.327  59.758 0.0000000000
47176  42.051  -38.688  62.908 0.0000000000
47081  45.355  -38.754  67.203 0.0000000000
47066  41.046  -38.820  68.876 0.0000000000
47048  43.390  -37.940  69.846 0.0000000000
43632  34.608  -40.778  75.785 0.0000000000
42479  33.970  -41.322  78.790 0.0000000000
42534  32.454  -42.211  75.632 0.0000000000
42537  29.522  -42.726  75.614 0.0000000000
43668  26.277  -41.377  73.623 0.0000000000
43777  24.598  -40.969  67.180 0.0000000000
44902  23.891  -40.726  69.847 0.0000000000
133437  23.149  -40.503  72.278 0.0000000000
43690  21.405  -41.350  72.638 0.0000000000
42583  19.600  -43.099  72.792 0.0000000000
40380  18.160  -44.340  72.458 0.0000000000
144534  33.708  -38.323  61.356 0.0000000000
48259  31.115  -36.944  61.762 0.0000000000
47139  33.542  -38.096  64.523 0.0000000000
47068  34.189  -38.103  68.336 0.0000000000
44865  34.196  -39.687  71.974 0.0000000000
132388  62.856  -9.562  47.367 0.0000000000
75928  58.620  -11.227  47.443 0.0000000000
145550  49.965  -16.249  44.632 0.0000000000
71806  52.398  -15.741  48.817 0.0000000000
72760  53.387  -14.451  51.302 0.0000000000
68917  52.469  -17.700  52.651 0.0000000000
71764  54.079  -15.550  53.105 0.0000000000
62847  42.147  -24.056  52.441 0.0000000000
136008  43.965  -23.172  55.590 0.0000000000
64835  46.489  -22.494  60.126 0.0000000000
55119  41.562  -31.632  59.594 0.0000000000
57343  43.683  -29.554  60.374 0.0000000000
53913  48.313  -32.216  66.618 0.0000000000
57315  47.074  -29.358  63.882 0.0000000000
59502  47.034  -27.948  60.899 0.0000000000
60622  49.762  -26.379  61.422 0.0000000000
62731  48.729  -24.058  63.207 0.0000000000
78034  56.936  -9.637  37.210 0.0000000000
76026  58.760  -11.842  38.171 0.0000000000
77020  60.874  -9.404  39.822 0.0000000000
43629  38.185  -41.737  75.977 0.0000000000
148014  18.299  -44.639  75.331 0.0000000000
41401  19.584  -43.766  77.982 0.0000000000
40295  18.719  -44.609  77.130 0.0000000000
65910  48.422  -21.592  58.245 0.0000000000
142877  50.009  -20.732  58.552 0.0000000000
139463  10.883  -48.659  76.879 0.0000000000
47159  35.635  -38.718  62.827 0.0000000000
47157  37.172  -38.933  63.187 0.0000000000
47135  37.632  -39.203  64.603 0.0000000000
44934  29.238  -40.357  67.503 0.0000000000
43755  29.150  -40.981  68.916 0.0000000000
145339  27.691  -41.200  67.238 0.0000000000
46087  28.342  -39.351  63.232 0.0000000000
46032  28.785  -39.981  65.656 0.0000000000
46014  29.737  -39.749  66.966 0.0000000000
44791  27.119  -40.695  76.985 0.0000000000
130860  27.175  -39.772  78.811 0.0000000000
75974  55.989  -11.060  42.889 0.0000000000
76979  58.159  -9.980  43.821 0.0000000000
76972  56.632  -10.484  44.035 0.0000000000
74870  55.855  -12.203  50.581 0.0000000000
75899  56.508  -11.613  50.716 0.0000000000
68974  47.689  -18.622  47.693 0.0000000000
69908  48.710  -17.972  47.814 0.0000000000
68955  48.438  -18.439  49.174 0.0000000000
58506  41.823  -28.559  55.267 0.0000000000
58504  43.450  -27.739  55.665 0.0000000000
60679  43.269  -26.667  55.371 0.0000000000
59559  45.109  -27.602  57.114 0.0000000000
49303  45.805  -36.470  65.975 0.0000000000
129788  45.017  -34.933  65.165 0.0000000000
50485  46.459  -35.523  66.913 0.0000000000
74973  54.347  -12.507  41.627 0.0000000000
74990  54.701  -12.499  40.670 0.0000000000
74972  55.241  -12.430  41.513 0.0000000000
75991  56.405  -11.543  42.116 0.0000000000
79143  59.683  -8.237  34.989 0.0000000000
79130  59.201  -8.604  35.479 0.0000000000
78065  59.461  -9.496  35.692 0.0000000000
78066  58.714  -9.031  36.005 0.0000000000
45980  35.965  -39.181  69.636 0.0000000000
134867  36.974  -40.638  69.024 0.0000000000
44880  36.800  -41.086  70.623 0.0000000000
44809  21.801  -40.814  75.671 0.0000000000
127892  23.013  -39.892  77.201 0.0000000000
43608  22.102  -40.713  77.864 0.0000000000
42453  21.380  -41.718  80.872 0.0000000000
43560  22.174  -41.041  81.656 0.0000000000
74956  51.270  -12.241  42.596 0.0000000000
75959  52.928  -11.325  44.459 0.0000000000
74942  51.448  -12.002  43.772 0.0000000000
73920  51.695  -13.657  45.316 0.0000000000
73919  52.622  -13.292  45.536 0.0000000000
146500  53.503  -14.924  45.434 0.0000000000
72797  54.667  -14.736  47.408 0.0000000000
71821  53.659  -15.625  46.321 0.0000000000
65984  48.921  -20.983  52.134 0.0000000000
67010  49.499  -20.464  52.621 0.0000000000
67002  49.657  -20.549  53.561 0.0000000000
74975  52.192  -12.328  41.387 0.0000000000
38060  15.322  -46.240  77.354 0.0000000000
38067  13.931  -46.872  76.438 0.0000000000
66055  45.167  -21.243  47.750 0.0000000000
66033  46.519  -21.684  49.357 0.0000000000
64985  45.293  -22.321  48.809 0.0000000000
62862  45.230  -24.390  51.000 0.0000000000
63902  46.459  -23.666  51.487 0.0000000000
63886  46.311  -23.696  52.253 0.0000000000
136153  47.256  -22.583  54.820 0.0000000000
63861  45.791  -23.119  54.352 0.0000000000
48290  37.477  -37.895  59.245 0.0000000000
46083  40.373  -39.529  63.530 0.0000000000
47178  40.460  -38.939  62.298 0.0000000000
46060  42.513  -39.830  64.583 0.0000000000
46058  43.974  -39.301  64.792 0.0000000000
46022  43.287  -39.460  66.083 0.0000000000
44896  39.447  -40.806  69.379 0.0000000000
45993  39.661  -39.681  68.330 0.0000000000
133705  40.427  -39.709  69.953 0.0000000000
47028  42.413  -38.334  72.059 0.0000000000
48170  45.033  -37.690  70.339 0.0000000000
43664  33.349  -41.247  73.993 0.0000000000
43633  33.741  -41.341  75.811 0.0000000000
43648  32.563  -41.779  74.238 0.0000000000
42580  28.654  -42.278  72.264 0.0000000000
42564  29.585  -42.622  73.651 0.0000000000
42565  28.692  -42.517  73.570 0.0000000000
42539  28.091  -42.160  75.085 0.0000000000
43687  26.882  -41.769  72.574 0.0000000000
43793  25.013  -41.115  66.322 0.0000000000
44939  22.009  -41.036  67.855 0.0000000000
44921  23.019  -40.681  68.410 0.0000000000
44904  22.633  -40.923  69.417 0.0000000000
44869  24.306  -40.781  71.361 0.0000000000
136739  22.644  -40.706  70.993 0.0000000000
44855  22.032  -40.841  72.243 0.0000000000
137893  21.656  -41.268  70.988 0.0000000000
128555  18.679  -43.859  71.893 0.0000000000
138364  33.683  -38.310  59.873 0.0000000000
140230  32.867  -37.962  59.955 0.0000000000
48231  29.885  -37.361  63.018 0.0000000000
48229  31.460  -37.092  63.623 0.0000000000
127903  32.140  -37.271  63.148 0.0000000000
48214  32.280  -37.424  64.741 0.0000000000
47107  33.797  -37.971  66.773 0.0000000000
48193  32.489  -37.526  66.501 0.0000000000
44882  32.310  -40.200  70.763 0.0000000000
45969  32.712  -39.424  70.352 0.0000000000
44850  33.645  -40.384  72.525 0.0000000000
44832  34.863  -40.118  73.534 0.0000000000
42501  32.485  -41.731  78.250 0.0000000000
39141  16.785  -45.072  81.042 0.0000000000
40257  18.011  -44.180  81.568 0.0000000000
79062  61.768  -7.379  43.898 0.0000000000
76960  61.255  -9.853  45.711 0.0000000000
77972  62.307  -8.383  45.923 0.0000000000
77963  61.705  -9.098  47.272 0.0000000000
77947  61.637  -9.352  48.754 0.0000000000
74917  56.922  -12.977  44.980 0.0000000000
74916  58.385  -12.312  45.329 0.0000000000
74901  57.859  -12.013  47.215 0.0000000000
76920  58.964  -10.201  49.645 0.0000000000
70845  50.401  -16.639  48.747 0.0000000000
70855  51.094  -16.712  47.983 0.0000000000
71807  51.753  -15.853  49.335 0.0000000000
151165  52.629  -15.051  49.844 0.0000000000
71790  52.370  -15.277  50.413 0.0000000000
68876  51.708  -18.854  53.648 0.0000000000
68934  51.239  -18.089  51.757 0.0000000000
68897  52.415  -18.318  53.419 0.0000000000
62848  41.086  -24.011  52.644 0.0000000000
63838  43.690  -24.213  57.253 0.0000000000
63852  43.064  -23.323  55.646 0.0000000000
63837  44.360  -23.754  57.622 0.0000000000
64866  45.377  -22.920  58.170 0.0000000000
63807  46.148  -23.193  59.917 0.0000000000
50624  39.437  -35.378  58.392 0.0000000000
51876  40.543  -34.335  59.385 0.0000000000
53963  43.542  -32.419  62.574 0.0000000000
53987  41.786  -32.771  60.537 0.0000000000
55090  43.521  -31.427  61.582 0.0000000000
56239  42.286  -30.325  59.761 0.0000000000
56220  44.542  -30.394  61.500 0.0000000000
52860  48.547  -33.354  67.904 0.0000000000
145476  48.358  -28.551  64.410 0.0000000000
58403  46.851  -28.871  62.241 0.0000000000
59478  49.098  -27.951  63.087 0.0000000000
127678  48.401  -27.359  60.713 0.0000000000
59476  50.592  -27.220  62.844 0.0000000000
76029  55.482  -11.233  38.741 0.0000000000
77043  56.510  -10.236  37.649 0.0000000000
77042  57.516  -10.350  37.520 0.0000000000
76027  57.926  -12.017  38.623 0.0000000000
78017  59.174  -9.428  40.950 0.0000000000
148518  59.510  -10.320  40.374 0.0000000000
79089  59.873  -8.772  41.027 0.0000000000
79087  61.686  -7.732  40.186 0.0000000000
77085  61.598  -10.678  34.116 0.0000000000
75021  61.490  -12.176  37.022 0.0000000000
77039  63.981  -10.039  37.163 0.0000000000
77027  63.387  -9.685  38.007 0.0000000000
135845  36.627  -40.495  73.350 0.0000000000
44846  36.961  -40.952  72.801 0.0000000000
146168  37.700  -41.320  74.602 0.0000000000
42540  20.334  -42.376  75.455 0.0000000000
42510  21.052  -41.811  77.704 0.0000000000
143831  20.097  -42.911  76.961 0.0000000000
147121  20.197  -43.175  79.026 0.0000000000
41364  20.156  -42.976  80.615 0.0000000000
73922  49.945  -13.756  44.922 0.0000000000
72823  50.231  -14.286  44.980 0.0000000000
65959  48.560  -21.616  55.319 0.0000000000
66981  49.771  -20.598  55.310 0.0000000000
66943  49.863  -20.678  57.135 0.0000000000
147819  50.604  -20.321  58.467 0.0000000000
37003  12.786  -47.623  76.610 0.0000000000
36033  12.155  -48.026  76.560 0.0000000000
36994  11.470  -47.715  78.358 0.0000000000
64986  44.449  -22.798  48.524 0.0000000000
62885  43.861  -24.864  50.709 0.0000000000
47237  36.968  -38.313  59.762 0.0000000000
47198  37.527  -38.741  61.401 0.0000000000
137725  39.044  -39.100  63.882 0.0000000000
46045  40.233  -39.245  65.064 0.0000000000
43716  31.133  -41.060  70.990 0.0000000000
43683  31.463  -41.634  72.519 0.0000000000
132599  29.910  -41.291  70.401 0.0000000000
43703  28.756  -41.779  70.876 0.0000000000
43740  26.994  -41.632  69.196 0.0000000000
43744  20.978  -41.971  69.387 0.0000000000
42629  20.084  -42.605  67.965 0.0000000000
47163  29.413  -38.116  63.381 0.0000000000
134580  30.515  -38.188  65.244 0.0000000000
47092  31.104  -38.370  66.894 0.0000000000
46030  30.296  -39.052  66.489 0.0000000000
45986  30.954  -39.792  68.728 0.0000000000
43605  29.621  -41.556  78.225 0.0000000000
152868  58.876  -9.361  42.166 0.0000000000
79056  60.753  -8.285  43.703 0.0000000000
77981  58.893  -9.533  43.443 0.0000000000
76969  60.358  -10.038  44.504 0.0000000000
75933  60.599  -10.639  45.982 0.0000000000
74892  56.579  -12.382  48.292 0.0000000000
74891  57.278  -12.005  47.922 0.0000000000
75908  56.919  -11.412  49.533 0.0000000000
133814  57.252  -10.987  51.072 0.0000000000
69926  48.854  -18.018  45.171 0.0000000000
69916  48.938  -18.269  46.800 0.0000000000
70846  49.787  -17.042  48.593 0.0000000000
70825  51.019  -16.430  49.951 0.0000000000
69845  53.732  -17.860  54.447 0.0000000000
61831  40.038  -25.347  53.777 0.0000000000
62824  40.732  -24.543  54.453 0.0000000000
61812  41.828  -25.317  55.439 0.0000000000
61801  44.403  -25.780  56.667 0.0000000000
136309  45.465  -25.233  58.051 0.0000000000
50569  42.188  -36.130  62.761 0.0000000000
51838  41.476  -34.666  61.313 0.0000000000
50550  43.392  -35.171  63.788 0.0000000000
52894  44.135  -33.833  63.975 0.0000000000
53938  45.373  -32.658  64.425 0.0000000000
76017  52.555  -11.692  39.811 0.0000000000
77032  53.254  -10.684  38.475 0.0000000000
130239  53.392  -11.645  39.589 0.0000000000
76015  55.093  -11.809  39.416 0.0000000000
76014  55.854  -11.860  39.200 0.0000000000
75016  57.302  -12.429  39.573 0.0000000000
74987  57.373  -12.330  40.638 0.0000000000
75989  57.761  -10.593  41.545 0.0000000000
80151  60.345  -7.097  34.296 0.0000000000
79142  60.277  -8.730  34.738 0.0000000000
76068  61.189  -11.455  34.969 0.0000000000
75031  62.275  -12.198  35.201 0.0000000000
76054  60.856  -11.722  35.713 0.0000000000
77057  60.412  -11.587  36.279 0.0000000000
76044  59.893  -11.561  37.061 0.0000000000
46029  35.934  -39.208  65.971 0.0000000000
46027  37.388  -39.563  66.195 0.0000000000
44932  37.148  -40.113  67.763 0.0000000000
147670  38.260  -41.539  69.574 0.0000000000
43714  39.364  -41.977  70.397 0.0000000000
128721  23.876  -40.051  75.732 0.0000000000
44779  25.699  -39.759  77.610 0.0000000000
44780  24.401  -39.606  77.400 0.0000000000
45896  24.217  -39.407  79.455 0.0000000000
137565  21.692  -41.225  79.208 0.0000000000
44751  23.436  -40.146  81.510 0.0000000000
75977  53.590  -11.656  43.046 0.0000000000
143520  55.277  -11.020  43.972 0.0000000000
75967  53.654  -11.301  43.734 0.0000000000
74932  54.447  -11.772  45.121 0.0000000000
73916  55.737  -13.483  45.271 0.0000000000
74921  52.432  -12.318  45.423 0.0000000000
149675  54.305  -13.823  45.333 0.0000000000
143556  55.769  -13.881  46.458 0.0000000000
135054  55.605  -13.429  48.135 0.0000000000
73883  55.231  -13.051  49.016 0.0000000000
73874  54.474  -13.365  50.515 0.0000000000
67056  48.046  -20.071  49.959 0.0000000000
67988  49.173  -19.253  50.669 0.0000000000
67969  49.511  -19.533  51.440 0.0000000000
67945  50.442  -19.400  52.692 0.0000000000
67918  51.531  -19.246  54.404 0.0000000000
66980  50.450  -20.174  55.740 0.0000000000
67906  52.141  -19.334  55.995 0.0000000000
68829  52.936  -18.981  56.303 0.0000000000
58479  42.116  -28.924  56.974 0.0000000000
50451  47.425  -35.328  69.067 0.0000000000
76018  51.202  -11.180  39.546 0.0000000000
74992  52.362  -12.104  40.569 0.0000000000
129861  52.976  -12.435  41.137 0.0000000000
82166  58.198  -5.332  34.509 0.0000000000
82167  56.787  -6.002  34.802 0.0000000000
39219  16.520  -45.573  75.594 0.0000000000
39180  17.548  -45.408  77.599 0.0000000000
38064  16.007  -45.873  76.814 0.0000000000
38046  16.238  -45.881  79.466 0.0000000000
146630  15.351  -45.774  80.424 0.0000000000
38057  13.551  -46.713  78.706 0.0000000000
146373  46.533  -19.538  47.474 0.0000000000
68029  45.924  -19.726  46.721 0.0000000000
68021  46.761  -19.765  48.259 0.0000000000
66032  46.911  -21.019  49.337 0.0000000000
66014  48.030  -21.294  50.763 0.0000000000
64941  48.102  -22.309  52.091 0.0000000000
64962  46.230  -23.068  50.027 0.0000000000
63901  47.066  -23.233  51.375 0.0000000000
64926  48.173  -22.278  52.974 0.0000000000
64907  47.923  -22.202  54.832 0.0000000000
64889  48.043  -21.967  56.483 0.0000000000
65934  47.665  -21.869  57.677 0.0000000000
49357  40.207  -36.388  60.397 0.0000000000
47216  38.978  -38.416  60.884 0.0000000000
48256  40.672  -37.353  61.418 0.0000000000
49342  41.143  -36.593  61.660 0.0000000000
132365  43.405  -37.131  63.706 0.0000000000
142122  45.096  -37.762  65.093 0.0000000000
48178  46.667  -37.806  67.823 0.0000000000
46026  38.327  -39.497  66.347 0.0000000000
46024  40.160  -39.055  66.598 0.0000000000
47085  41.583  -38.579  67.635 0.0000000000
47039  41.505  -38.710  70.656 0.0000000000
47065  41.789  -38.469  69.038 0.0000000000
47083  42.995  -38.564  67.561 0.0000000000
47062  44.314  -38.319  68.502 0.0000000000
47047  45.403  -38.022  69.141 0.0000000000
48169  46.647  -37.200  69.861 0.0000000000
44775  35.682  -40.652  77.291 0.0000000000
43616  34.328  -40.940  76.810 0.0000000000
130338  33.047  -41.609  77.552 0.0000000000
42518  32.246  -42.228  77.118 0.0000000000
130638  31.087  -42.448  73.920 0.0000000000
128706  30.742  -42.809  75.272 0.0000000000
42520  30.652  -42.680  76.852 0.0000000000
42522  28.979  -42.352  76.163 0.0000000000
43636  27.412  -41.593  75.380 0.0000000000
43638  25.781  -40.841  74.920 0.0000000000
43775  26.273  -41.515  66.925 0.0000000000
43758  26.064  -41.560  67.791 0.0000000000
43742  25.582  -41.371  69.427 0.0000000000
44937  23.206  -40.640  67.631 0.0000000000
134267  24.237  -40.865  68.938 0.0000000000
43722  25.478  -41.319  70.743 0.0000000000
43688  25.612  -41.267  72.357 0.0000000000
43670  24.828  -40.820  72.860 0.0000000000
44818  24.985  -40.561  74.739 0.0000000000
44836  23.373  -40.369  73.943 0.0000000000
44822  21.975  -40.714  74.079 0.0000000000
43671  21.265  -41.395  73.674 0.0000000000
42606  20.288  -42.554  70.494 0.0000000000
42582  20.200  -42.527  72.400 0.0000000000
143697  20.104  -42.591  73.230 0.0000000000
41455  19.385  -43.354  73.571 0.0000000000
41444  18.828  -43.925  73.923 0.0000000000
40342  17.701  -44.859  73.925 0.0000000000
39241  16.515  -45.511  74.253 0.0000000000
39242  15.708  -45.839  74.060 0.0000000000
47221  34.772  -38.517  60.095 0.0000000000
133453  34.869  -38.582  61.545 0.0000000000
47184  34.708  -38.535  62.679 0.0000000000
47202  32.908  -37.887  61.497 0.0000000000
128434  33.831  -38.268  62.848 0.0000000000
152545  34.849  -38.701  65.037 0.0000000000
47106  34.550  -38.478  66.425 0.0000000000
47067  35.017  -38.529  67.878 0.0000000000
45981  35.415  -38.830  70.060 0.0000000000
47071  32.397  -38.213  68.382 0.0000000000
45967  34.703  -38.886  70.734 0.0000000000
45954  35.577  -39.664  71.567 0.0000000000
44831  35.787  -39.960  73.793 0.0000000000
44803  36.386  -40.385  75.646 0.0000000000
40273  18.509  -44.762  79.615 0.0000000000
41365  19.500  -43.473  80.945 0.0000000000
129009  61.868  -7.755  44.587 0.0000000000
75956  57.132  -11.075  44.412 0.0000000000
75944  59.124  -11.787  45.703 0.0000000000
76949  60.240  -10.147  47.040 0.0000000000
75918  58.600  -10.707  48.268 0.0000000000
76931  59.263  -10.188  48.797 0.0000000000
145150  60.575  -9.498  48.336 0.0000000000
71833  49.856  -15.073  44.796 0.0000000000
137818  51.522  -16.509  45.193 0.0000000000
69924  50.475  -17.565  45.690 0.0000000000
70876  51.857  -16.882  45.834 0.0000000000
70864  53.130  -16.168  46.453 0.0000000000
71805  53.192  -15.705  48.201 0.0000000000
73875  53.768  -13.895  50.104 0.0000000000
73865  54.464  -13.499  51.431 0.0000000000
68944  49.401  -18.430  50.283 0.0000000000
69871  51.420  -17.346  51.171 0.0000000000
69870  51.947  -16.782  51.294 0.0000000000
136541  53.518  -17.511  53.643 0.0000000000
70809  53.257  -16.151  52.413 0.0000000000
71783  52.582  -15.533  51.278 0.0000000000
72751  53.672  -14.637  52.084 0.0000000000
132127  54.328  -14.254  52.615 0.0000000000
62886  42.324  -24.930  51.120 0.0000000000
62846  43.189  -24.356  52.183 0.0000000000
63875  42.264  -23.566  53.913 0.0000000000
63874  43.092  -23.576  53.603 0.0000000000
127155  44.757  -23.447  53.850 0.0000000000
64902  45.490  -22.826  56.017 0.0000000000
64880  46.246  -22.308  57.452 0.0000000000
143743  47.153  -21.638  60.315 0.0000000000
52940  41.383  -33.424  60.269 0.0000000000
56253  41.212  -30.499  58.690 0.0000000000
57361  42.366  -29.319  58.644 0.0000000000
58450  43.890  -28.696  59.075 0.0000000000
51738  47.504  -34.548  67.717 0.0000000000
52880  47.145  -33.055  65.900 0.0000000000
55050  46.196  -31.452  64.608 0.0000000000
56186  47.644  -30.686  65.650 0.0000000000
56205  45.678  -30.674  63.477 0.0000000000
56219  45.671  -29.956  62.188 0.0000000000
58435  45.139  -28.593  60.253 0.0000000000
58465  44.764  -28.214  58.610 0.0000000000
59542  46.816  -27.169  58.471 0.0000000000
60643  47.371  -26.445  58.685 0.0000000000
61762  47.914  -25.367  59.917 0.0000000000
60612  51.117  -26.115  63.028 0.0000000000
61747  49.197  -25.153  61.693 0.0000000000
62761  47.415  -24.223  61.276 0.0000000000
63777  47.527  -22.886  62.217 0.0000000000
81114  56.291  -6.731  35.165 0.0000000000
79120  57.288  -8.381  36.150 0.0000000000
78051  58.169  -9.357  36.592 0.0000000000
77040  59.193  -11.406  37.532 0.0000000000
75012  60.419  -12.192  38.463 0.0000000000
75000  59.319  -12.325  39.550 0.0000000000
76012  60.590  -11.606  39.580 0.0000000000
76011  61.470  -11.251  39.232 0.0000000000
142824  62.828  -8.300  38.964 0.0000000000
43600  36.803  -41.507  77.171 0.0000000000
149158  37.182  -41.288  76.638 0.0000000000
40307  18.525  -44.646  76.287 0.0000000000
39217  17.888  -45.039  76.025 0.0000000000
65887  48.739  -21.372  59.195 0.0000000000
66905  49.574  -20.987  59.267 0.0000000000
147678  35.554  -38.838  63.726 0.0000000000
47136  36.864  -39.151  64.195 0.0000000000
46065  37.019  -39.314  64.968 0.0000000000
131302  28.264  -40.451  65.946 0.0000000000
44935  28.424  -40.800  67.317 0.0000000000
44947  27.897  -40.869  66.503 0.0000000000
44956  27.980  -40.372  65.165 0.0000000000
44946  28.862  -40.281  66.570 0.0000000000
44777  27.487  -40.397  77.991 0.0000000000
44778  26.648  -40.111  77.763 0.0000000000
76981  56.414  -10.480  43.571 0.0000000000
76982  55.779  -10.845  43.557 0.0000000000
74869  56.255  -11.894  51.412 0.0000000000
152296  55.812  -12.371  51.876 0.0000000000
68966  47.597  -18.854  48.251 0.0000000000
68965  48.072  -18.320  48.241 0.0000000000
58492  42.841  -28.554  56.293 0.0000000000
58505  42.592  -28.232  55.486 0.0000000000
58491  43.654  -28.297  56.594 0.0000000000
58490  44.405  -27.998  56.904 0.0000000000
48185  46.752  -37.077  67.288 0.0000000000
49293  46.289  -36.330  66.674 0.0000000000
49292  46.592  -36.157  67.290 0.0000000000
74952  54.786  -12.047  42.375 0.0000000000
75992  55.631  -11.870  42.284 0.0000000000
80138  58.364  -7.532  35.356 0.0000000000
79131  58.541  -8.275  35.672 0.0000000000
79132  57.836  -7.989  35.770 0.0000000000
45965  35.934  -39.394  70.302 0.0000000000
44881  36.314  -40.214  70.431 0.0000000000
44864  36.296  -40.396  71.345 0.0000000000
43639  21.293  -41.287  75.474 0.0000000000
44797  22.041  -40.650  76.407 0.0000000000
43623  21.408  -41.242  76.244 0.0000000000
127854  50.782  -12.331  43.222 0.0000000000
133654  52.095  -14.800  45.149 0.0000000000
133125  52.909  -14.993  45.261 0.0000000000
71829  53.209  -15.578  45.705 0.0000000000
65975  49.162  -21.118  53.059 0.0000000000
143136  13.894  -46.921  75.598 0.0000000000
66056  44.512  -21.564  47.489 0.0000000000
66045  45.528  -21.575  48.462 0.0000000000
66046  44.827  -21.909  48.157 0.0000000000
63903  45.779  -24.043  51.500 0.0000000000
63887  45.675  -23.930  52.230 0.0000000000
63871  46.244  -23.257  53.546 0.0000000000
63872  45.454  -23.424  53.637 0.0000000000
46061  41.675  -39.883  64.386 0.0000000000
46043  42.008  -39.835  65.209 0.0000000000
46042  42.874  -39.767  65.313 0.0000000000
150518  40.255  -40.743  70.558 0.0000000000
44895  40.082  -40.371  69.952 0.0000000000
43681  33.132  -41.072  73.007 0.0000000000
43665  32.515  -41.561  73.495 0.0000000000
42594  28.088  -42.153  71.879 0.0000000000
42581  28.151  -42.321  72.775 0.0000000000
43686  27.362  -41.993  73.027 0.0000000000
43704  27.406  -41.996  72.225 0.0000000000
44905  21.856  -41.288  68.579 0.0000000000
44922  22.516  -40.945  68.615 0.0000000000
153134  22.213  -41.139  69.172 0.0000000000
44886  22.643  -40.848  70.167 0.0000000000
44887  22.156  -41.116  69.828 0.0000000000
143242  22.110  -40.992  70.603 0.0000000000
43724  21.495  -41.513  70.186 0.0000000000
48216  30.816  -37.295  64.129 0.0000000000
48230  30.678  -37.051  63.325 0.0000000000
48215  31.536  -37.266  64.460 0.0000000000
48203  32.525  -37.527  65.629 0.0000000000
48194  31.958  -37.438  66.111 0.0000000000
44867  32.592  -40.504  71.505 0.0000000000
44851  32.843  -40.791  72.243 0.0000000000
44833  33.947  -40.579  73.320 0.0000000000
42480  31.962  -41.637  78.858 0.0000000000
40259  16.411  -44.478  82.216 0.0000000000
40258  17.246  -44.364  81.900 0.0000000000
79071  60.517  -8.010  42.232 0.0000000000
80083  61.466  -7.303  42.596 0.0000000000
79063  61.011  -7.734  43.129 0.0000000000
76948  61.134  -9.555  46.808 0.0000000000
76959  61.852  -8.901  46.336 0.0000000000
77954  61.917  -9.189  47.945 0.0000000000
77955  61.243  -9.313  48.155 0.0000000000
74908  57.132  -13.134  45.822 0.0000000000
129800  57.819  -12.603  46.143 0.0000000000
70833  51.448  -16.019  49.612 0.0000000000
70844  51.062  -16.167  48.982 0.0000000000
71797  52.286  -15.288  49.977 0.0000000000
68896  53.064  -18.149  53.989 0.0000000000
62849  40.215  -24.319  52.498 0.0000000000
62794  45.187  -24.540  58.510 0.0000000000
62795  44.738  -24.129  58.108 0.0000000000
63832  44.970  -23.481  58.104 0.0000000000
62778  45.921  -23.928  59.796 0.0000000000
50610  40.258  -35.265  59.598 0.0000000000
50623  39.998  -34.887  58.833 0.0000000000
51852  40.712  -34.884  60.161 0.0000000000
53962  44.112  -32.023  62.955 0.0000000000
53975  43.191  -32.121  61.950 0.0000000000
55078  43.836  -31.715  62.265 0.0000000000
55089  44.206  -31.028  61.900 0.0000000000
55077  44.501  -31.343  62.612 0.0000000000
58358  48.684  -28.749  65.627 0.0000000000
58384  48.330  -28.391  63.617 0.0000000000
58369  49.178  -28.113  64.070 0.0000000000
59488  49.753  -27.545  62.525 0.0000000000
59477  50.023  -27.718  63.358 0.0000000000
77030  55.994  -10.758  38.151 0.0000000000
77031  55.013  -10.550  38.118 0.0000000000
77029  56.897  -10.955  38.057 0.0000000000
146508  57.246  -11.598  38.462 0.0000000000
78008  59.263  -9.144  41.609 0.0000000000
79081  60.553  -8.101  41.292 0.0000000000
76067  62.103  -11.687  34.219 0.0000000000
76084  62.727  -11.162  33.344 0.0000000000
76066  63.087  -11.729  33.591 0.0000000000
148100  63.886  -12.185  33.980 0.0000000000
76036  62.218  -11.886  37.529 0.0000000000
76035  63.281  -11.182  36.889 0.0000000000
76024  62.860  -10.980  37.821 0.0000000000
44830  36.745  -40.404  74.089 0.0000000000
44829  37.201  -40.932  73.849 0.0000000000
43646  37.256  -40.765  74.956 0.0000000000
41430  19.864  -42.993  75.787 0.0000000000
42526  20.340  -42.478  76.380 0.0000000000
41416  19.876  -43.107  76.463 0.0000000000
41386  19.764  -43.679  78.983 0.0000000000
41385  20.163  -43.153  78.466 0.0000000000
41375  20.177  -43.126  79.620 0.0000000000
65949  49.192  -21.106  55.763 0.0000000000
143436  49.183  -21.166  56.673 0.0000000000
36041  11.883  -48.273  75.668 0.0000000000
36021  10.721  -48.421  77.692 0.0000000000
36995  10.431  -47.985  78.548 0.0000000000
47220  35.670  -38.560  60.358 0.0000000000
47219  36.501  -38.514  60.260 0.0000000000
145111  36.832  -38.736  61.838 0.0000000000
47134  38.358  -39.070  64.263 0.0000000000
152211  38.475  -39.039  63.550 0.0000000000
46063  39.780  -39.283  64.295 0.0000000000
152667  39.549  -39.024  65.064 0.0000000000
44884  30.885  -40.604  69.965 0.0000000000
43717  30.668  -41.004  70.461 0.0000000000
43737  30.276  -40.857  69.806 0.0000000000
43756  28.320  -41.316  68.789 0.0000000000
43739  28.705  -41.384  69.595 0.0000000000
43719  28.313  -41.675  70.333 0.0000000000
133267  27.733  -41.602  69.574 0.0000000000
46066  29.151  -39.070  64.478 0.0000000000
46086  28.953  -38.835  63.709 0.0000000000
131739  29.619  -38.366  64.136 0.0000000000
47141  29.848  -38.643  64.885 0.0000000000
46049  30.073  -38.881  65.656 0.0000000000
44933  30.022  -39.949  67.771 0.0000000000
44917  30.333  -40.152  68.523 0.0000000000
44899  31.323  -40.223  69.796 0.0000000000
43590  29.158  -40.726  79.002 0.0000000000
77997  58.271  -9.592  42.396 0.0000000000
129602  58.851  -9.377  42.828 0.0000000000
77990  58.099  -9.645  43.216 0.0000000000
76970  59.196  -9.964  44.055 0.0000000000
75954  59.758  -10.823  44.627 0.0000000000
75942  60.509  -10.553  45.138 0.0000000000
75943  59.769  -11.292  45.273 0.0000000000
73892  55.927  -12.879  48.437 0.0000000000
127769  56.494  -11.872  49.071 0.0000000000
69927  48.177  -18.377  45.421 0.0000000000
68981  48.330  -18.583  46.254 0.0000000000
137306  48.967  -17.686  49.052 0.0000000000
69899  49.215  -17.489  48.377 0.0000000000
133724  49.449  -17.228  48.958 0.0000000000
70835  49.983  -16.883  49.162 0.0000000000
69890  50.359  -16.974  49.802 0.0000000000
60692  40.609  -26.008  54.082 0.0000000000
61824  41.180  -25.662  54.736 0.0000000000
60680  42.285  -26.400  54.979 0.0000000000
60665  44.593  -26.693  56.221 0.0000000000
60666  43.693  -25.991  56.008 0.0000000000
60664  45.087  -26.278  56.677 0.0000000000
61790  45.088  -25.592  57.267 0.0000000000
61789  45.863  -25.826  57.514 0.0000000000
49323  43.441  -36.195  63.888 0.0000000000
50551  42.797  -35.704  63.293 0.0000000000
50525  43.996  -35.495  64.309 0.0000000000
51761  45.725  -34.858  65.739 0.0000000000
51800  44.735  -34.199  64.611 0.0000000000
51799  45.480  -34.186  65.239 0.0000000000
52893  44.778  -33.336  64.231 0.0000000000
52892  45.357  -33.484  64.800 0.0000000000
140412  55.184  -12.339  40.063 0.0000000000
75005  54.625  -12.140  39.913 0.0000000000
75004  55.786  -12.294  39.795 0.0000000000
141607  57.014  -12.519  40.074 0.0000000000
74988  56.595  -12.449  40.684 0.0000000000
77005  57.282  -10.342  42.217 0.0000000000
75990  57.081  -11.146  41.858 0.0000000000
77004  57.931  -9.942  41.861 0.0000000000
150320  59.728  -8.888  35.192 0.0000000000
77086  60.664  -10.400  34.921 0.0000000000
78064  60.063  -10.178  35.517 0.0000000000
77074  59.672  -10.621  36.203 0.0000000000
141929  60.743  -12.062  36.874 0.0000000000
46010  36.720  -39.678  67.037 0.0000000000
131491  36.376  -39.620  67.972 0.0000000000
129070  37.510  -41.511  69.969 0.0000000000
43736  37.669  -41.158  69.082 0.0000000000
148211  38.361  -42.005  70.260 0.0000000000
43734  39.013  -41.538  69.719 0.0000000000
42603  38.885  -42.415  70.832 0.0000000000
44794  24.356  -39.829  76.576 0.0000000000
44795  23.452  -39.876  76.469 0.0000000000
44782  22.758  -40.145  78.096 0.0000000000
147539  23.389  -39.742  77.876 0.0000000000
44769  23.475  -39.738  78.780 0.0000000000
45889  24.384  -39.373  80.492 0.0000000000
44760  23.665  -39.663  79.972 0.0000000000
42488  21.101  -41.860  78.651 0.0000000000
43594  21.616  -41.236  78.207 0.0000000000
74954  53.219  -12.106  42.507 0.0000000000
74940  52.860  -11.604  43.341 0.0000000000
74933  53.533  -11.734  45.261 0.0000000000
74918  55.156  -12.694  45.094 0.0000000000
74919  54.209  -12.804  45.381 0.0000000000
129374  51.246  -12.403  44.660 0.0000000000
74922  51.820  -12.631  45.289 0.0000000000
137600  53.925  -14.406  45.396 0.0000000000
73918  53.636  -13.566  45.435 0.0000000000
73917  54.943  -13.634  45.277 0.0000000000
72818  55.377  -14.132  45.840 0.0000000000
73900  55.764  -13.738  47.260 0.0000000000
72796  55.310  -14.295  46.859 0.0000000000
72785  55.136  -14.056  47.934 0.0000000000
73893  54.720  -13.781  48.819 0.0000000000
74882  54.950  -13.015  49.895 0.0000000000
73884  54.482  -13.504  49.627 0.0000000000
67037  48.360  -20.423  50.567 0.0000000000
67036  48.912  -19.994  50.986 0.0000000000
67009  50.066  -20.001  53.136 0.0000000000
67932  50.629  -19.607  53.555 0.0000000000
67931  51.158  -19.322  53.841 0.0000000000
66966  50.326  -20.346  56.529 0.0000000000
141545  50.904  -20.024  56.459 0.0000000000
67891  51.571  -19.660  56.583 0.0000000000
67890  52.341  -19.372  56.873 0.0000000000
68828  53.695  -18.633  56.638 0.0000000000
57384  40.502  -29.408  56.545 0.0000000000
57395  41.170  -29.000  55.908 0.0000000000
57374  41.477  -29.364  57.537 0.0000000000
76004  51.721  -11.716  40.049 0.0000000000
74993  51.528  -12.098  40.836 0.0000000000
136389  52.056  -12.253  42.202 0.0000000000
139747  52.771  -12.400  41.936 0.0000000000
129469  57.247  -5.275  34.537 0.0000000000
39220  15.975  -45.747  75.010 0.0000000000
39197  16.643  -45.601  76.308 0.0000000000
39198  15.939  -45.822  75.951 0.0000000000
130903  14.910  -46.367  78.128 0.0000000000
142863  15.608  -46.185  78.127 0.0000000000
38055  15.372  -46.218  78.939 0.0000000000
38047  15.420  -45.991  79.873 0.0000000000
37000  12.509  -47.583  77.484 0.0000000000
36999  13.349  -47.008  77.855 0.0000000000
68034  46.735  -19.159  46.835 0.0000000000
150955  46.464  -19.255  46.104 0.0000000000
67083  45.501  -20.544  47.326 0.0000000000
67090  45.124  -20.369  46.552 0.0000000000
67082  46.142  -20.120  47.771 0.0000000000
67073  46.505  -20.514  48.592 0.0000000000
67072  47.106  -20.145  49.001 0.0000000000
66016  46.932  -21.798  49.848 0.0000000000
138054  47.430  -21.998  50.487 0.0000000000
65999  47.849  -22.181  51.245 0.0000000000
63936  44.754  -23.434  49.170 0.0000000000
64977  45.162  -22.970  49.119 0.0000000000
63935  45.407  -23.520  49.693 0.0000000000
63885  47.022  -23.360  52.208 0.0000000000
64927  47.622  -22.789  52.593 0.0000000000
64916  47.687  -22.608  53.349 0.0000000000
64915  48.096  -22.201  53.852 0.0000000000
64908  47.443  -22.588  54.078 0.0000000000
64901  46.795  -22.666  55.286 0.0000000000
64900  47.403  -22.406  55.502 0.0000000000
64890  47.439  -22.250  56.342 0.0000000000
64878  47.755  -22.026  56.953 0.0000000000
64879  47.106  -22.155  57.176 0.0000000000
49371  38.712  -36.955  59.070 0.0000000000
49370  39.385  -36.514  59.425 0.0000000000
49358  39.701  -36.850  60.093 0.0000000000
47197  38.464  -38.771  61.444 0.0000000000
47236  37.803  -38.250  59.958 0.0000000000
47196  39.279  -38.760  61.570 0.0000000000
47177  41.376  -39.019  62.707 0.0000000000
48244  40.484  -38.217  61.739 0.0000000000
152255  40.880  -37.793  61.819 0.0000000000
48243  41.295  -37.346  62.044 0.0000000000
140306  41.990  -37.083  62.616 0.0000000000
48225  43.110  -37.903  63.432 0.0000000000
46020  44.918  -39.125  66.073 0.0000000000
47132  44.560  -38.659  64.868 0.0000000000
47116  45.535  -38.631  66.080 0.0000000000
48192  46.007  -38.016  66.205 0.0000000000
47060  46.110  -38.383  67.516 0.0000000000
46009  37.706  -39.863  67.028 0.0000000000
46008  38.659  -39.728  67.192 0.0000000000
45992  40.344  -39.216  68.600 0.0000000000
46006  40.087  -39.145  67.657 0.0000000000
47104  40.893  -38.794  67.171 0.0000000000
47086  40.887  -38.777  68.049 0.0000000000
130015  42.689  -38.043  70.122 0.0000000000
47049  42.014  -38.350  69.940 0.0000000000
126748  42.697  -38.145  69.201 0.0000000000
47064  42.285  -38.354  68.194 0.0000000000
47063  43.256  -38.267  68.367 0.0000000000
137128  43.760  -38.562  67.785 0.0000000000
131442  43.577  -38.091  69.071 0.0000000000
135907  46.265  -37.757  69.188 0.0000000000
44790  35.223  -40.555  76.716 0.0000000000
43602  34.869  -40.736  77.648 0.0000000000
143237  33.071  -41.792  75.891 0.0000000000
43617  33.480  -41.472  76.737 0.0000000000
43618  32.728  -42.008  76.491 0.0000000000
142914  32.116  -42.432  76.237 0.0000000000
43684  30.591  -41.752  72.096 0.0000000000
42562  31.266  -42.080  73.289 0.0000000000
42563  30.517  -42.441  73.435 0.0000000000
42549  29.405  -42.747  74.653 0.0000000000
42548  30.405  -42.716  74.378 0.0000000000
140041  30.052  -42.851  75.162 0.0000000000
42536  30.253  -42.827  75.903 0.0000000000
42521  29.760  -42.605  76.518 0.0000000000
43667  27.059  -41.698  73.875 0.0000000000
43635  28.220  -41.972  75.810 0.0000000000
43650  27.000  -41.532  74.691 0.0000000000
43637  26.519  -41.144  75.203 0.0000000000
43651  26.368  -41.274  74.424 0.0000000000
43776  25.498  -41.362  67.070 0.0000000000
43759  25.271  -41.273  67.927 0.0000000000
128974  25.810  -41.471  68.627 0.0000000000
150676  23.040  -40.440  66.343 0.0000000000
44950  22.688  -40.568  66.812 0.0000000000
128921  23.412  -40.693  69.032 0.0000000000
44920  23.683  -40.725  68.294 0.0000000000
43743  24.822  -41.090  69.594 0.0000000000
43723  24.690  -41.004  70.509 0.0000000000
43706  25.607  -41.339  71.498 0.0000000000
43707  25.007  -41.113  71.206 0.0000000000
44852  23.963  -40.594  72.338 0.0000000000
44834  24.869  -40.705  73.798 0.0000000000
44835  24.072  -40.506  73.390 0.0000000000
44819  24.157  -40.415  74.314 0.0000000000
44853  23.289  -40.446  73.039 0.0000000000
44838  21.973  -40.796  73.144 0.0000000000
42615  20.274  -42.609  69.474 0.0000000000
43725  20.784  -42.104  70.105 0.0000000000
42596  19.720  -43.026  71.865 0.0000000000
42595  20.281  -42.497  71.460 0.0000000000
42568  19.903  -42.821  73.997 0.0000000000
41464  18.892  -43.794  72.895 0.0000000000
40362  18.256  -44.391  73.430 0.0000000000
40341  18.292  -44.481  74.361 0.0000000000
40363  17.567  -44.824  73.015 0.0000000000
39260  17.035  -45.260  73.603 0.0000000000
39261  16.244  -45.574  73.410 0.0000000000
39262  15.425  -45.877  73.189 0.0000000000
47222  33.298  -38.179  60.664 0.0000000000
129900  34.147  -38.475  60.566 0.0000000000
151020  34.379  -38.513  61.242 0.0000000000
151421  34.775  -38.549  62.044 0.0000000000
134497  34.227  -38.431  61.981 0.0000000000
48275  31.585  -37.252  60.912 0.0000000000
48258  32.043  -37.339  61.657 0.0000000000
48227  32.923  -37.719  64.147 0.0000000000
48245  32.950  -37.744  63.181 0.0000000000
47161  33.623  -38.128  63.689 0.0000000000
134623  34.275  -38.418  64.097 0.0000000000
137343  34.233  -38.431  64.985 0.0000000000
47122  34.696  -38.631  65.585 0.0000000000
47123  33.959  -38.219  65.897 0.0000000000
47089  33.589  -37.865  67.624 0.0000000000
47088  34.409  -38.271  67.338 0.0000000000
47051  34.991  -38.428  68.748 0.0000000000
47052  34.331  -38.231  69.221 0.0000000000
152908  31.755  -38.597  68.257 0.0000000000
47091  31.884  -38.065  67.611 0.0000000000
151244  33.659  -39.689  71.563 0.0000000000
45968  33.647  -38.907  70.480 0.0000000000
126967  34.042  -39.263  71.269 0.0000000000
45940  35.211  -39.655  72.170 0.0000000000
44848  35.558  -39.893  72.960 0.0000000000
136925  34.899  -40.497  74.897 0.0000000000
44816  35.133  -40.188  74.209 0.0000000000
44804  35.570  -40.378  75.732 0.0000000000
44789  36.019  -40.457  76.516 0.0000000000
143862  34.572  -40.987  78.272 0.0000000000
44768  25.577  -39.366  78.769 0.0000000000
44767  26.338  -39.550  78.680 0.0000000000
133551  26.142  -39.170  79.561 0.0000000000
39167  17.357  -45.534  78.348 0.0000000000
39166  17.914  -45.266  78.391 0.0000000000
39157  17.990  -45.173  79.134 0.0000000000
41357  18.508  -43.485  82.297 0.0000000000
40256  18.750  -43.887  81.212 0.0000000000
41356  19.265  -43.191  82.014 0.0000000000
41349  19.657  -42.583  83.048 0.0000000000
77962  62.403  -8.736  46.412 0.0000000000
149291  55.536  -11.138  44.291 0.0000000000
75957  56.236  -10.991  44.330 0.0000000000
75935  58.535  -12.032  46.395 0.0000000000
151631  59.103  -11.449  46.597 0.0000000000
75934  59.835  -11.191  46.262 0.0000000000
75927  59.430  -10.685  47.244 0.0000000000
75907  57.634  -11.041  49.254 0.0000000000
75919  57.876  -11.280  48.245 0.0000000000
76932  58.404  -10.622  49.014 0.0000000000
76919  59.726  -9.763  49.876 0.0000000000
76930  60.135  -9.690  48.937 0.0000000000
77948  60.413  -9.538  49.696 0.0000000000
76929  60.910  -9.428  49.080 0.0000000000
143540  49.190  -15.687  44.597 0.0000000000
133893  48.871  -14.758  44.735 0.0000000000
71832  50.783  -16.200  44.810 0.0000000000
69915  49.822  -18.031  46.293 0.0000000000
69925  49.631  -17.754  45.248 0.0000000000
69914  50.531  -17.641  46.425 0.0000000000
137523  52.005  -16.693  47.498 0.0000000000
70866  51.653  -17.102  46.809 0.0000000000
70865  52.405  -16.672  46.594 0.0000000000
70854  52.733  -16.253  47.630 0.0000000000
72768  53.216  -14.406  50.519 0.0000000000
136807  53.210  -14.538  49.773 0.0000000000
73866  53.826  -13.927  50.936 0.0000000000
68936  49.818  -18.779  51.073 0.0000000000
69863  51.903  -17.574  51.914 0.0000000000
69862  52.487  -16.983  51.980 0.0000000000
70798  54.326  -16.309  53.702 0.0000000000
70799  53.697  -16.255  52.976 0.0000000000
70810  52.797  -16.278  51.986 0.0000000000
71774  53.519  -15.442  52.424 0.0000000000
71782  53.121  -15.038  51.642 0.0000000000
62866  41.716  -24.439  51.803 0.0000000000
62865  42.514  -24.552  51.784 0.0000000000
62864  43.138  -24.852  51.305 0.0000000000
61813  41.248  -24.468  55.117 0.0000000000
63863  41.360  -23.834  54.281 0.0000000000
62823  41.987  -23.624  54.927 0.0000000000
149312  43.387  -23.356  56.170 0.0000000000
131520  42.882  -23.395  54.374 0.0000000000
129967  43.465  -23.257  54.858 0.0000000000
63873  43.880  -23.476  53.856 0.0000000000
63862  44.389  -23.248  54.588 0.0000000000
126751  45.069  -23.046  55.163 0.0000000000
63851  44.595  -23.020  56.198 0.0000000000
139864  45.851  -22.768  58.735 0.0000000000
64865  45.981  -22.363  58.372 0.0000000000
64849  46.290  -22.391  59.239 0.0000000000
65912  46.570  -21.911  58.994 0.0000000000
65890  46.634  -21.924  59.883 0.0000000000
51837  42.019  -34.150  61.841 0.0000000000
141235  41.374  -34.029  60.771 0.0000000000
52931  41.723  -33.415  60.922 0.0000000000
55104  41.883  -31.973  60.268 0.0000000000
54007  41.386  -32.614  59.739 0.0000000000
54029  41.115  -32.029  59.044 0.0000000000
55139  40.848  -31.399  58.538 0.0000000000
55138  41.253  -31.260  59.079 0.0000000000
56238  42.936  -29.885  60.106 0.0000000000
56252  41.890  -29.972  59.110 0.0000000000
57354  42.608  -29.581  59.404 0.0000000000
57360  43.053  -28.965  58.942 0.0000000000
57353  43.335  -29.217  59.682 0.0000000000
51692  47.929  -34.787  69.623 0.0000000000
50469  47.239  -35.181  68.116 0.0000000000
52848  48.139  -34.094  68.262 0.0000000000
53905  48.202  -33.081  67.008 0.0000000000
52868  47.544  -33.519  66.578 0.0000000000
148270  47.799  -32.843  66.379 0.0000000000
53926  46.940  -32.261  65.409 0.0000000000
53914  47.631  -32.248  65.935 0.0000000000
57292  47.724  -29.732  65.439 0.0000000000
56185  48.221  -30.104  66.062 0.0000000000
56194  47.108  -30.217  65.054 0.0000000000
56195  46.517  -30.744  64.670 0.0000000000
56204  46.200  -30.319  63.953 0.0000000000
56211  46.070  -29.988  63.112 0.0000000000
152036  46.546  -29.781  63.699 0.0000000000
58418  47.178  -28.259  61.597 0.0000000000
58419  46.533  -28.560  61.345 0.0000000000
58434  46.211  -28.237  60.565 0.0000000000
58449  44.609  -28.497  59.471 0.0000000000
58448  46.034  -27.948  59.728 0.0000000000
59525  46.113  -27.735  58.879 0.0000000000
126735  47.023  -27.686  59.925 0.0000000000
59499  49.456  -26.991  61.279 0.0000000000
59522  48.401  -26.866  60.051 0.0000000000
60629  48.809  -26.399  60.363 0.0000000000
61770  47.657  -25.804  59.110 0.0000000000
61761  48.938  -25.908  60.475 0.0000000000
60597  51.638  -26.468  64.290 0.0000000000
61724  51.666  -25.824  64.467 0.0000000000
61737  50.140  -25.193  62.791 0.0000000000
62744  49.389  -24.777  62.600 0.0000000000
62760  48.260  -24.638  61.505 0.0000000000
62745  48.522  -24.328  62.320 0.0000000000
63792  47.202  -23.360  61.530 0.0000000000
63776  48.015  -23.486  62.773 0.0000000000
82152  55.960  -6.000  34.780 0.0000000000
77046  53.365  -10.137  37.854 0.0000000000
148556  56.758  -8.662  36.455 0.0000000000
80125  56.576  -8.164  36.065 0.0000000000
78052  57.342  -9.044  36.672 0.0000000000
77060  57.668  -9.648  37.044 0.0000000000
77041  58.445  -10.916  37.529 0.0000000000
75022  59.765  -12.012  37.952 0.0000000000
75013  59.516  -12.273  38.724 0.0000000000
75002  57.759  -12.537  40.028 0.0000000000
75015  57.911  -12.426  39.331 0.0000000000
74985  59.019  -12.028  40.296 0.0000000000
76000  60.043  -9.915  40.157 0.0000000000
135266  60.071  -11.041  40.135 0.0000000000
127574  60.834  -10.627  39.771 0.0000000000
77019  61.726  -10.087  39.352 0.0000000000
78023  61.874  -8.823  39.415 0.0000000000
80110  62.555  -7.357  39.802 0.0000000000
80150  60.884  -7.705  34.090 0.0000000000
80161  61.260  -7.059  33.752 0.0000000000
138712  61.672  -9.025  33.610 0.0000000000
75025  62.927  -12.125  35.613 0.0000000000
134741  37.658  -41.483  76.267 0.0000000000
40320  18.983  -44.178  75.750 0.0000000000
41417  19.628  -43.535  77.020 0.0000000000
40306  19.102  -44.153  76.608 0.0000000000
40294  19.204  -44.127  77.329 0.0000000000
40283  19.237  -44.247  78.571 0.0000000000
65933  48.419  -21.689  57.122 0.0000000000
65909  49.175  -21.256  57.607 0.0000000000
130697  49.309  -21.189  58.479 0.0000000000
47182  36.081  -38.693  61.915 0.0000000000
140729  36.574  -38.792  62.573 0.0000000000
139929  37.770  -39.036  63.775 0.0000000000
46046  38.248  -39.174  65.036 0.0000000000
44918  29.567  -40.483  68.311 0.0000000000
44919  28.783  -40.848  68.130 0.0000000000
43773  27.969  -41.261  67.959 0.0000000000
46067  28.499  -39.509  64.006 0.0000000000
46051  28.620  -39.730  64.821 0.0000000000
46031  29.525  -39.568  66.112 0.0000000000
43607  27.943  -41.034  77.324 0.0000000000
44776  28.291  -40.604  78.408 0.0000000000
130823  27.879  -40.039  78.936 0.0000000000
44766  27.844  -39.476  79.958 0.0000000000
130501  56.888  -10.302  42.948 0.0000000000
76980  57.282  -10.119  43.569 0.0000000000
76971  57.550  -10.476  44.126 0.0000000000
74881  55.524  -12.506  49.810 0.0000000000
74880  56.269  -11.886  49.846 0.0000000000
68982  47.521  -18.744  46.823 0.0000000000
68973  48.191  -18.383  47.286 0.0000000000
68964  48.641  -17.901  48.522 0.0000000000
58519  42.244  -27.982  54.913 0.0000000000
59589  42.769  -27.409  55.045 0.0000000000
146397  43.987  -26.890  55.705 0.0000000000
59573  45.306  -26.977  56.672 0.0000000000
49304  45.223  -36.651  65.302 0.0000000000
50507  44.646  -35.815  64.899 0.0000000000
50506  45.368  -35.695  65.574 0.0000000000
50486  45.970  -35.576  66.231 0.0000000000
51760  46.451  -34.728  66.418 0.0000000000
74991  53.784  -12.528  40.911 0.0000000000
75006  53.976  -12.114  40.123 0.0000000000
74971  56.122  -12.291  41.465 0.0000000000
77006  56.646  -10.696  42.582 0.0000000000
80137  59.070  -7.830  35.226 0.0000000000
45994  36.140  -39.402  68.879 0.0000000000
44916  36.703  -40.139  68.565 0.0000000000
44898  36.388  -39.980  69.503 0.0000000000
44897  36.855  -40.869  69.730 0.0000000000
43715  37.458  -41.840  70.791 0.0000000000
147840  22.428  -40.405  75.724 0.0000000000
44796  22.726  -40.162  76.440 0.0000000000
44783  22.372  -40.427  77.188 0.0000000000
43577  21.893  -41.166  80.356 0.0000000000
74955  52.056  -11.905  43.087 0.0000000000
74941  52.226  -11.572  43.897 0.0000000000
74934  52.071  -11.840  44.711 0.0000000000
72821  52.507  -14.217  45.343 0.0000000000
72820  53.232  -14.301  45.389 0.0000000000
71828  54.039  -15.071  45.832 0.0000000000
72808  54.735  -14.692  46.306 0.0000000000
71820  54.205  -15.320  46.797 0.0000000000
72798  53.906  -15.223  48.073 0.0000000000
67021  49.234  -20.268  51.761 0.0000000000
67001  50.222  -20.122  54.001 0.0000000000
67872  51.177  -19.953  57.079 0.0000000000
38065  15.291  -46.185  76.413 0.0000000000
38066  14.580  -46.514  75.994 0.0000000000
141098  14.618  -46.516  76.828 0.0000000000
38061  14.593  -46.502  77.521 0.0000000000
67084  44.868  -20.987  47.051 0.0000000000
66044  46.231  -21.262  48.853 0.0000000000
66034  45.990  -21.974  49.104 0.0000000000
64975  46.417  -22.312  49.644 0.0000000000
62883  45.032  -24.209  50.200 0.0000000000
63917  45.907  -23.804  50.599 0.0000000000
152849  46.088  -23.869  51.868 0.0000000000
131066  46.520  -23.416  52.827 0.0000000000
63860  46.668  -22.868  54.356 0.0000000000
48289  38.284  -37.678  59.479 0.0000000000
46097  40.002  -39.371  62.855 0.0000000000
46096  40.721  -39.391  62.931 0.0000000000
47155  41.950  -39.269  63.214 0.0000000000
47153  43.392  -38.717  63.828 0.0000000000
46059  43.296  -39.644  64.718 0.0000000000
46041  43.693  -39.559  65.402 0.0000000000
47100  44.687  -39.019  66.737 0.0000000000
44913  39.145  -40.368  68.617 0.0000000000
144463  39.202  -39.945  68.173 0.0000000000
45979  39.950  -39.897  69.182 0.0000000000
45978  40.624  -39.263  69.458 0.0000000000
48145  43.035  -37.959  71.730 0.0000000000
48171  44.038  -37.738  70.536 0.0000000000
43647  33.967  -41.079  74.904 0.0000000000
43634  33.045  -41.734  75.007 0.0000000000
42546  32.144  -42.231  74.813 0.0000000000
42579  29.252  -42.226  72.223 0.0000000000
129304  29.937  -42.291  72.663 0.0000000000
129867  29.029  -42.466  72.851 0.0000000000
150370  29.054  -42.650  74.070 0.0000000000
42538  28.760  -42.509  75.294 0.0000000000
42550  28.492  -42.474  74.407 0.0000000000
150669  26.781  -41.669  73.158 0.0000000000
44948  24.272  -40.780  66.314 0.0000000000
128733  22.010  -40.803  67.043 0.0000000000
44938  22.607  -40.781  67.730 0.0000000000
138587  22.913  -40.741  69.034 0.0000000000
44903  23.077  -40.696  69.656 0.0000000000
151743  23.872  -40.669  70.727 0.0000000000
44885  23.218  -40.641  70.473 0.0000000000
44870  23.360  -40.576  71.436 0.0000000000
44871  22.627  -40.649  71.849 0.0000000000
44872  22.094  -40.894  71.404 0.0000000000
43708  21.522  -41.319  71.719 0.0000000000
41473  19.201  -43.459  71.392 0.0000000000
41463  19.221  -43.444  72.173 0.0000000000
48248  30.511  -36.947  62.484 0.0000000000
48247  31.509  -37.014  62.641 0.0000000000
48228  32.208  -37.351  63.890 0.0000000000
48213  32.913  -37.732  64.882 0.0000000000
143700  33.385  -37.947  65.356 0.0000000000
48202  33.200  -37.711  66.221 0.0000000000
48186  33.056  -37.622  67.024 0.0000000000
47090  32.764  -37.790  67.731 0.0000000000
45970  31.942  -39.855  70.062 0.0000000000
45984  32.340  -39.144  69.622 0.0000000000
45955  33.162  -39.742  71.109 0.0000000000
44849  34.571  -39.985  72.763 0.0000000000
44817  34.309  -40.610  74.135 0.0000000000
39149  16.809  -45.573  80.056 0.0000000000
39148  17.467  -45.172  80.323 0.0000000000
40264  17.561  -44.745  81.035 0.0000000000
40249  17.717  -43.669  82.721 0.0000000000
76967  61.685  -8.940  45.480 0.0000000000
77953  62.381  -9.044  47.259 0.0000000000
148302  62.435  -9.413  47.842 0.0000000000
77946  62.248  -9.550  48.504 0.0000000000
73933  56.112  -12.649  44.854 0.0000000000
150243  56.881  -12.077  44.663 0.0000000000
143309  57.609  -12.710  45.152 0.0000000000
70878  49.509  -16.838  44.610 0.0000000000
70856  50.235  -17.004  47.972 0.0000000000
69905  50.871  -17.380  47.076 0.0000000000
70843  51.796  -16.225  48.473 0.0000000000
72777  52.292  -15.472  49.635 0.0000000000
72769  52.686  -14.881  50.203 0.0000000000
72761  52.820  -14.848  50.862 0.0000000000
68919  50.845  -18.751  52.281 0.0000000000
68918  51.686  -18.380  52.671 0.0000000000
71763  54.447  -14.866  53.221 0.0000000000
134495  40.796  -24.419  51.796 0.0000000000
62807  42.998  -24.351  56.709 0.0000000000
63853  42.390  -23.703  55.679 0.0000000000
63845  42.848  -23.706  56.254 0.0000000000
63844  43.416  -23.657  56.689 0.0000000000
128132  43.907  -23.237  56.463 0.0000000000
64893  45.003  -22.858  56.866 0.0000000000
64882  44.769  -23.194  57.449 0.0000000000
63831  45.561  -23.245  58.655 0.0000000000
64836  46.019  -22.902  59.296 0.0000000000
52919  43.259  -33.128  62.803 0.0000000000
53977  42.063  -32.905  61.116 0.0000000000
53976  42.586  -32.690  61.606 0.0000000000
53986  42.263  -32.278  60.913 0.0000000000
55103  42.479  -31.503  60.634 0.0000000000
55118  42.056  -31.136  60.034 0.0000000000
55102  43.084  -31.045  61.012 0.0000000000
56221  43.829  -30.706  61.255 0.0000000000
56229  44.078  -29.951  60.994 0.0000000000
144721  48.813  -33.618  69.057 0.0000000000
53893  49.199  -32.766  68.463 0.0000000000
53904  48.800  -32.531  67.493 0.0000000000
58370  47.719  -28.881  64.180 0.0000000000
58386  46.718  -29.383  63.101 0.0000000000
58385  47.495  -28.753  63.154 0.0000000000
58402  47.666  -28.263  62.179 0.0000000000
59501  47.881  -27.810  61.300 0.0000000000
59513  47.794  -27.525  60.396 0.0000000000
137733  48.880  -27.640  61.860 0.0000000000
127940  49.369  -27.424  61.848 0.0000000000
59487  50.114  -26.979  61.984 0.0000000000
76030  54.591  -11.143  38.822 0.0000000000
77045  54.268  -10.180  37.751 0.0000000000
78035  56.040  -9.710  37.246 0.0000000000
76038  57.794  -11.278  38.033 0.0000000000
76002  58.473  -11.222  40.872 0.0000000000
76001  59.334  -11.231  40.418 0.0000000000
77012  58.981  -10.172  40.702 0.0000000000
77011  59.430  -9.608  40.476 0.0000000000
78016  60.040  -9.002  40.349 0.0000000000
79096  61.187  -8.474  40.010 0.0000000000
79088  60.762  -8.275  40.589 0.0000000000
78082  61.766  -9.854  33.653 0.0000000000
75020  62.571  -12.038  36.562 0.0000000000
77038  64.790  -9.658  36.943 0.0000000000
44847  36.352  -40.397  72.416 0.0000000000
43645  37.981  -41.425  75.370 0.0000000000
42525  20.933  -41.789  76.792 0.0000000000
42511  20.522  -42.419  77.270 0.0000000000
42489  20.601  -42.495  78.128 0.0000000000
41400  20.116  -43.055  77.637 0.0000000000
42469  20.596  -42.606  79.088 0.0000000000
42454  20.716  -42.455  80.168 0.0000000000
42446  20.818  -42.250  81.319 0.0000000000
148745  20.929  -41.997  82.415 0.0000000000
73935  50.446  -13.019  44.729 0.0000000000
73921  50.722  -13.629  45.099 0.0000000000
72822  51.133  -14.452  45.085 0.0000000000
65958  49.187  -21.079  54.877 0.0000000000
66967  49.785  -20.632  56.190 0.0000000000
66923  49.746  -20.876  57.931 0.0000000000
66922  50.323  -20.477  57.842 0.0000000000
66921  51.053  -20.043  57.837 0.0000000000
136999  13.230  -47.412  75.996 0.0000000000
37008  12.554  -47.866  75.997 0.0000000000
36034  11.361  -48.525  76.302 0.0000000000
36026  11.582  -48.211  77.231 0.0000000000
36987  11.466  -46.997  79.424 0.0000000000
128876  44.272  -24.613  50.045 0.0000000000
62884  44.602  -24.585  50.624 0.0000000000
62863  44.508  -24.613  51.306 0.0000000000
47218  37.245  -38.542  60.523 0.0000000000
47180  38.775  -38.999  62.150 0.0000000000
47181  37.389  -38.835  62.292 0.0000000000
145237  38.067  -38.895  62.005 0.0000000000
46085  39.090  -39.170  62.975 0.0000000000
46084  39.647  -39.334  63.491 0.0000000000
46062  40.742  -39.695  64.304 0.0000000000
128082  41.109  -39.627  65.110 0.0000000000
43699  32.078  -41.120  71.945 0.0000000000
43700  31.260  -41.323  71.641 0.0000000000
43701  30.390  -41.440  71.191 0.0000000000
43738  29.527  -41.139  69.672 0.0000000000
43718  29.118  -41.498  70.314 0.0000000000
43702  29.457  -41.661  71.021 0.0000000000
42593  28.850  -42.035  71.587 0.0000000000
42605  28.137  -41.940  71.094 0.0000000000
126969  26.882  -41.667  69.936 0.0000000000
146442  21.548  -41.278  67.236 0.0000000000
43778  21.390  -41.566  67.861 0.0000000000
43761  21.190  -41.798  68.594 0.0000000000
43762  20.529  -42.369  68.645 0.0000000000
47140  30.320  -37.928  64.512 0.0000000000
145308  31.049  -37.810  65.532 0.0000000000
47124  31.399  -37.792  66.118 0.0000000000
47125  30.738  -38.327  65.996 0.0000000000
46012  31.213  -38.813  67.795 0.0000000000
46013  30.524  -39.240  67.337 0.0000000000
45998  30.732  -39.514  68.103 0.0000000000
45985  31.549  -39.631  69.264 0.0000000000
44883  31.464  -40.552  70.470 0.0000000000
77996  59.485  -8.957  42.409 0.0000000000
79064  60.136  -8.423  42.848 0.0000000000
77989  59.659  -9.017  43.118 0.0000000000
77980  59.974  -9.283  43.766 0.0000000000
76968  61.050  -9.837  44.997 0.0000000000
75920  57.077  -11.624  48.699 0.0000000000
153180  56.850  -11.341  50.250 0.0000000000
75898  57.499  -10.888  50.184 0.0000000000
68980  49.039  -18.333  45.759 0.0000000000
69907  49.399  -17.794  47.474 0.0000000000
70857  49.681  -17.280  47.983 0.0000000000
70834  50.705  -16.470  49.345 0.0000000000
144678  53.369  -18.561  55.290 0.0000000000
68874  53.244  -18.456  54.771 0.0000000000
61840  39.746  -24.633  53.176 0.0000000000
129806  40.379  -24.172  53.174 0.0000000000
62825  40.266  -24.571  53.839 0.0000000000
146625  42.193  -25.034  55.986 0.0000000000
61811  42.682  -25.769  55.666 0.0000000000
61802  42.791  -25.140  56.344 0.0000000000
61792  43.515  -25.126  56.848 0.0000000000
61791  44.170  -25.015  57.386 0.0000000000
61772  45.853  -24.986  58.770 0.0000000000
129082  41.363  -35.681  61.653 0.0000000000
50595  40.979  -35.300  60.849 0.0000000000
50570  41.862  -34.961  62.103 0.0000000000
51827  42.423  -34.420  62.544 0.0000000000
129320  44.447  -34.999  64.663 0.0000000000
51815  43.495  -34.300  63.606 0.0000000000
52907  43.008  -33.916  63.011 0.0000000000
52906  43.671  -33.506  63.387 0.0000000000
53939  44.771  -32.709  63.965 0.0000000000
53949  44.985  -32.046  63.955 0.0000000000
76032  52.717  -11.127  39.039 0.0000000000
76031  53.707  -11.153  38.918 0.0000000000
76016  54.221  -11.658  39.444 0.0000000000
76028  57.224  -12.122  38.983 0.0000000000
75003  56.566  -12.245  39.477 0.0000000000
74970  56.909  -12.011  41.361 0.0000000000
76003  57.641  -11.672  41.155 0.0000000000
139809  58.420  -10.015  41.229 0.0000000000
78009  58.631  -9.592  41.633 0.0000000000
133024  59.641  -7.464  34.751 0.0000000000
129789  60.297  -7.938  34.545 0.0000000000
78074  60.966  -9.501  34.364 0.0000000000
132340  61.896  -12.039  34.868 0.0000000000
76053  61.484  -12.070  35.535 0.0000000000
77073  60.410  -11.019  35.574 0.0000000000
76043  61.146  -12.132  36.284 0.0000000000
76037  60.646  -12.139  37.608 0.0000000000
47121  35.406  -38.960  65.192 0.0000000000
46048  36.778  -39.413  65.639 0.0000000000
46028  36.578  -39.453  66.309 0.0000000000
44931  38.000  -40.280  67.774 0.0000000000
44915  37.465  -40.582  68.409 0.0000000000
44914  38.268  -40.708  68.448 0.0000000000
43735  38.643  -41.113  69.077 0.0000000000
44879  39.732  -41.219  70.079 0.0000000000
44863  36.943  -41.217  71.649 0.0000000000
133142  37.540  -42.079  71.482 0.0000000000
42592  38.057  -42.552  71.869 0.0000000000
129533  38.769  -42.996  72.336 0.0000000000
42591  38.842  -42.710  71.528 0.0000000000
43805  27.245  -40.949  65.171 0.0000000000
44793  25.301  -40.078  76.561 0.0000000000
140223  24.931  -39.707  77.180 0.0000000000
45901  24.922  -39.481  77.981 0.0000000000
45895  24.871  -39.311  79.084 0.0000000000
44781  23.757  -39.676  77.257 0.0000000000
45902  24.119  -39.506  78.213 0.0000000000
45888  24.952  -39.166  80.240 0.0000000000
43609  21.625  -41.108  77.199 0.0000000000
43593  22.216  -40.676  78.718 0.0000000000
43576  22.406  -40.648  79.821 0.0000000000
44761  23.172  -40.074  80.512 0.0000000000
75976  54.355  -11.479  43.197 0.0000000000
75965  55.052  -11.204  43.623 0.0000000000
75966  54.476  -11.193  43.931 0.0000000000
140180  54.790  -11.267  44.477 0.0000000000
75958  53.940  -11.244  44.608 0.0000000000
74931  55.279  -11.719  44.805 0.0000000000
73915  56.450  -13.370  45.485 0.0000000000
74920  53.181  -12.499  45.551 0.0000000000
140992  55.980  -13.717  45.887 0.0000000000
73908  56.397  -13.471  46.514 0.0000000000
73899  56.249  -13.135  47.638 0.0000000000
150297  55.192  -13.596  48.480 0.0000000000
74871  55.186  -12.776  50.526 0.0000000000
151080  54.933  -13.035  51.117 0.0000000000
68006  47.673  -19.748  49.327 0.0000000000
68005  48.227  -19.337  49.636 0.0000000000
67989  48.596  -19.695  50.292 0.0000000000
67946  49.803  -19.785  52.256 0.0000000000
67944  51.075  -19.054  53.129 0.0000000000
66993  49.726  -20.584  54.441 0.0000000000
66992  50.308  -20.177  54.840 0.0000000000
131777  50.807  -19.840  55.134 0.0000000000
67907  51.268  -19.676  55.718 0.0000000000
145781  51.253  -19.550  54.959 0.0000000000
67917  51.896  -19.261  55.139 0.0000000000
68854  52.789  -18.867  55.386 0.0000000000
68853  53.504  -18.605  55.815 0.0000000000
58507  41.023  -28.813  55.037 0.0000000000
58493  42.016  -28.810  56.079 0.0000000000
58478  42.921  -28.741  57.239 0.0000000000
49268  47.165  -36.102  69.464 0.0000000000
50452  47.034  -35.797  68.491 0.0000000000
50433  47.633  -35.386  70.142 0.0000000000
129535  51.971  -11.336  39.441 0.0000000000
74974  53.524  -12.486  41.764 0.0000000000
74953  53.973  -12.152  42.445 0.0000000000
81130  57.720  -6.024  34.795 0.0000000000
81113  57.249  -6.686  35.122 0.0000000000
39218  17.204  -45.327  75.699 0.0000000000
39196  17.378  -45.368  76.615 0.0000000000
39181  16.766  -45.657  77.173 0.0000000000
39168  16.835  -45.727  78.031 0.0000000000
38059  16.134  -45.948  77.668 0.0000000000
150375  16.839  -45.673  79.470 0.0000000000
133659  15.979  -45.654  80.496 0.0000000000
37002  13.332  -47.240  76.949 0.0000000000
38062  13.988  -46.784  77.268 0.0000000000
38048  14.646  -46.218  79.624 0.0000000000
38039  14.795  -45.870  80.372 0.0000000000
39150  15.124  -45.469  81.098 0.0000000000
68983  47.103  -19.011  46.024 0.0000000000
68028  47.115  -19.074  47.758 0.0000000000
68020  47.328  -19.415  48.626 0.0000000000
67057  47.519  -20.482  49.650 0.0000000000
67038  47.892  -20.699  50.191 0.0000000000
66015  47.455  -21.220  50.042 0.0000000000
65998  48.405  -21.580  51.645 0.0000000000
65985  48.597  -21.689  52.548 0.0000000000
64976  45.792  -22.719  49.386 0.0000000000
63916  46.704  -23.231  50.723 0.0000000000
64960  47.295  -22.745  50.924 0.0000000000
64942  47.555  -22.849  51.714 0.0000000000
65976  48.653  -21.672  53.475 0.0000000000
65967  48.603  -21.627  54.397 0.0000000000
64899  48.004  -22.065  55.790 0.0000000000
131009  47.966  -21.578  59.079 0.0000000000
128418  38.824  -35.841  57.987 0.0000000000
49369  39.970  -36.063  59.824 0.0000000000
48273  38.615  -38.041  60.189 0.0000000000
48272  39.398  -37.670  60.459 0.0000000000
47195  39.953  -38.686  61.757 0.0000000000
48257  39.864  -38.082  61.179 0.0000000000
144228  40.124  -37.112  60.733 0.0000000000
147094  40.716  -36.284  61.008 0.0000000000
49335  41.624  -36.394  62.194 0.0000000000
49324  42.767  -36.834  63.218 0.0000000000
49314  43.960  -37.002  64.146 0.0000000000
47133  43.982  -38.650  64.305 0.0000000000
48211  44.372  -37.807  64.441 0.0000000000
49313  44.571  -36.860  64.705 0.0000000000
142127  45.708  -37.393  65.739 0.0000000000
48191  46.249  -37.233  66.427 0.0000000000
139422  46.983  -37.171  68.240 0.0000000000
46047  37.523  -39.365  65.360 0.0000000000
127055  38.081  -39.363  65.703 0.0000000000
148682  38.893  -39.167  65.564 0.0000000000
46007  39.308  -39.668  67.731 0.0000000000
46025  39.223  -39.311  66.412 0.0000000000
144256  39.791  -39.095  65.728 0.0000000000
47119  40.958  -38.904  66.421 0.0000000000
47103  41.733  -38.834  66.733 0.0000000000
45963  40.885  -39.248  70.333 0.0000000000
47050  41.284  -38.799  69.719 0.0000000000
143499  41.507  -38.559  68.352 0.0000000000
47084  42.252  -38.587  67.366 0.0000000000
47102  42.731  -38.986  66.777 0.0000000000
47101  43.754  -39.003  66.941 0.0000000000
47082  44.551  -38.728  67.543 0.0000000000
130149  44.299  -37.961  69.546 0.0000000000
47061  45.380  -38.482  68.058 0.0000000000
48179  46.207  -38.123  68.399 0.0000000000
141809  46.692  -37.582  68.727 0.0000000000
48168  47.054  -37.031  69.137 0.0000000000
43601  36.167  -40.926  77.431 0.0000000000
149012  33.969  -41.064  77.910 0.0000000000
42502  31.537  -42.262  77.744 0.0000000000
43666  31.885  -41.729  73.192 0.0000000000
43649  31.825  -42.079  73.927 0.0000000000
42547  31.315  -42.570  74.625 0.0000000000
42535  31.614  -42.624  75.565 0.0000000000
42519  31.515  -42.623  76.562 0.0000000000
42503  30.734  -42.257  77.842 0.0000000000
42504  30.037  -42.287  77.495 0.0000000000
43619  29.267  -42.015  77.100 0.0000000000
43620  28.460  -41.700  76.714 0.0000000000
43621  27.646  -41.343  76.346 0.0000000000
43622  26.797  -40.936  76.036 0.0000000000
44805  25.842  -40.560  75.745 0.0000000000
43790  27.168  -41.176  65.914 0.0000000000
43774  27.065  -41.388  66.725 0.0000000000
43757  27.017  -41.537  67.685 0.0000000000
146933  26.587  -41.585  68.540 0.0000000000
43741  26.317  -41.544  69.316 0.0000000000
132299  26.746  -41.660  70.801 0.0000000000
44949  23.574  -40.603  66.819 0.0000000000
44936  23.914  -40.725  67.617 0.0000000000
43760  24.481  -40.948  68.120 0.0000000000
132892  25.057  -41.203  68.770 0.0000000000
43721  26.070  -41.486  70.183 0.0000000000
137704  26.091  -41.505  71.000 0.0000000000
43705  26.507  -41.642  71.812 0.0000000000
131494  26.279  -41.486  72.784 0.0000000000
43669  25.574  -41.116  73.276 0.0000000000
43652  25.633  -40.985  74.144 0.0000000000
150314  25.361  -40.554  75.264 0.0000000000
134045  24.241  -40.314  75.078 0.0000000000
44820  23.436  -40.239  74.911 0.0000000000
44854  22.604  -40.581  72.687 0.0000000000
44837  22.641  -40.490  73.556 0.0000000000
44808  22.738  -40.282  75.150 0.0000000000
130204  22.080  -40.609  74.989 0.0000000000
43653  21.402  -41.179  74.696 0.0000000000
43654  20.838  -41.739  74.381 0.0000000000
43709  20.955  -41.855  71.002 0.0000000000
43691  20.824  -41.905  72.033 0.0000000000
43672  20.697  -41.973  72.968 0.0000000000
42567  20.520  -42.145  73.811 0.0000000000
42552  20.373  -42.309  74.613 0.0000000000
41442  19.842  -42.904  74.934 0.0000000000
41443  19.366  -43.455  74.428 0.0000000000
40340  18.879  -44.083  74.846 0.0000000000
40321  17.766  -44.898  74.730 0.0000000000
39240  17.219  -45.208  74.417 0.0000000000
38094  14.883  -46.171  73.776 0.0000000000
38081  15.121  -46.156  74.649 0.0000000000
38082  14.330  -46.538  74.305 0.0000000000
47239  35.239  -38.384  59.494 0.0000000000
150964  34.248  -38.461  59.982 0.0000000000
47201  34.913  -38.595  60.824 0.0000000000
47183  35.285  -38.627  62.027 0.0000000000
48274  32.473  -37.718  60.775 0.0000000000
48246  32.510  -37.520  62.379 0.0000000000
47185  33.348  -38.073  62.204 0.0000000000
47160  34.914  -38.630  63.532 0.0000000000
47138  35.022  -38.739  64.419 0.0000000000
47105  35.175  -38.852  66.012 0.0000000000
47087  35.311  -38.860  66.927 0.0000000000
45995  35.666  -38.939  68.259 0.0000000000
135244  35.596  -38.811  69.209 0.0000000000
47108  31.846  -37.703  66.763 0.0000000000
127881  33.233  -37.952  68.418 0.0000000000
45983  33.003  -38.778  69.908 0.0000000000
47053  33.639  -38.400  69.667 0.0000000000
47069  33.644  -38.079  69.010 0.0000000000
45982  34.470  -38.494  69.983 0.0000000000
45966  35.483  -39.236  70.868 0.0000000000
45938  35.966  -39.966  71.763 0.0000000000
45939  35.923  -39.922  72.334 0.0000000000
127696  36.319  -40.172  73.287 0.0000000000
149506  36.413  -40.168  74.122 0.0000000000
44815  35.933  -40.099  74.739 0.0000000000
44788  36.603  -40.686  76.335 0.0000000000
45894  26.881  -39.251  79.741 0.0000000000
39179  18.340  -44.991  77.762 0.0000000000
40284  18.615  -44.796  78.670 0.0000000000
40272  19.158  -44.293  79.333 0.0000000000
40263  18.202  -44.647  80.531 0.0000000000
40262  18.990  -44.193  80.248 0.0000000000
41355  20.104  -42.617  81.912 0.0000000000
76973  55.917  -10.684  43.958 0.0000000000
133055  58.101  -11.318  44.452 0.0000000000
74930  57.922  -12.060  44.663 0.0000000000
75955  58.864  -11.755  44.814 0.0000000000
76941  59.095  -10.462  47.936 0.0000000000
76940  59.899  -9.917  47.988 0.0000000000
72824  49.461  -14.292  44.847 0.0000000000
136630  50.676  -15.066  44.908 0.0000000000
71831  51.582  -15.656  44.998 0.0000000000
148450  50.307  -17.066  44.961 0.0000000000
69913  51.149  -17.382  46.148 0.0000000000
70877  51.074  -17.044  45.405 0.0000000000
131368  52.072  -16.297  45.357 0.0000000000
70875  52.558  -16.286  45.805 0.0000000000
71814  53.555  -15.810  47.235 0.0000000000
135324  53.661  -14.656  49.017 0.0000000000
72787  53.006  -15.151  49.147 0.0000000000
72776  53.996  -14.106  49.356 0.0000000000
68004  48.796  -18.925  49.970 0.0000000000
131951  48.979  -18.171  49.644 0.0000000000
68935  50.532  -18.428  51.449 0.0000000000
68943  50.199  -17.856  50.556 0.0000000000
69881  50.889  -17.144  50.504 0.0000000000
69880  51.481  -16.572  50.569 0.0000000000
71784  52.018  -15.946  50.682 0.0000000000
138639  52.949  -17.750  53.288 0.0000000000
69854  53.808  -16.905  53.417 0.0000000000
69861  53.186  -17.006  52.753 0.0000000000
70818  52.345  -16.282  51.453 0.0000000000
71773  53.975  -14.921  52.697 0.0000000000
72759  54.005  -14.049  51.777 0.0000000000
73860  54.651  -13.609  52.245 0.0000000000
74845  55.183  -12.974  51.891 0.0000000000
61871  42.948  -25.088  50.412 0.0000000000
143513  43.821  -24.703  51.550 0.0000000000
62845  44.215  -24.347  52.145 0.0000000000
62833  40.819  -23.957  53.650 0.0000000000
62832  41.713  -23.775  53.319 0.0000000000
137720  42.720  -23.396  55.109 0.0000000000
63890  42.692  -23.803  53.040 0.0000000000
63889  43.671  -23.910  52.951 0.0000000000
63888  44.842  -23.832  52.928 0.0000000000
63850  46.058  -22.889  55.179 0.0000000000
131888  46.332  -22.656  55.946 0.0000000000
64892  45.848  -22.614  56.765 0.0000000000
64891  46.675  -22.419  56.591 0.0000000000
65935  46.746  -21.963  58.064 0.0000000000
65889  47.176  -21.629  59.509 0.0000000000
51851  41.099  -34.606  60.647 0.0000000000
51875  40.994  -34.133  60.140 0.0000000000
54008  40.877  -32.881  59.006 0.0000000000
56268  40.954  -29.947  57.959 0.0000000000
56240  41.691  -30.792  59.392 0.0000000000
57362  41.646  -29.652  58.336 0.0000000000
57373  42.213  -29.066  57.840 0.0000000000
58467  42.930  -28.831  58.136 0.0000000000
58466  43.516  -28.691  58.423 0.0000000000
51739  46.924  -34.975  67.254 0.0000000000
51759  47.203  -34.264  66.878 0.0000000000
138973  47.895  -33.845  67.343 0.0000000000
150796  46.528  -33.523  65.691 0.0000000000
52881  46.467  -32.949  65.330 0.0000000000
53927  46.196  -32.234  64.849 0.0000000000
55051  45.660  -31.779  64.294 0.0000000000
55024  48.564  -31.347  66.632 0.0000000000
56176  48.739  -30.536  66.667 0.0000000000
56177  48.219  -30.837  66.205 0.0000000000
55025  47.969  -31.487  66.064 0.0000000000
55037  46.690  -31.515  65.070 0.0000000000
55063  45.902  -31.021  64.154 0.0000000000
55064  45.332  -31.345  63.720 0.0000000000
56213  44.981  -30.629  62.217 0.0000000000
126907  45.125  -30.096  61.671 0.0000000000
57333  44.798  -29.756  61.189 0.0000000000
57325  46.303  -29.524  62.468 0.0000000000
57332  45.445  -29.560  61.446 0.0000000000
57342  44.446  -29.284  60.647 0.0000000000
57352  44.126  -28.907  59.963 0.0000000000
133013  44.079  -28.450  58.289 0.0000000000
58476  44.621  -28.117  57.697 0.0000000000
59543  46.089  -27.501  58.105 0.0000000000
59557  46.502  -27.031  57.800 0.0000000000
59523  47.784  -27.191  59.701 0.0000000000
59541  47.359  -27.132  59.146 0.0000000000
60644  46.846  -26.421  58.091 0.0000000000
61780  47.141  -25.917  58.468 0.0000000000
61771  46.834  -25.396  58.833 0.0000000000
61763  47.049  -25.073  59.660 0.0000000000
138548  50.894  -27.412  63.702 0.0000000000
60604  51.227  -26.730  63.433 0.0000000000
60621  50.284  -26.208  61.965 0.0000000000
61736  50.756  -25.375  63.353 0.0000000000
61745  50.632  -25.816  62.546 0.0000000000
61752  49.846  -25.799  61.551 0.0000000000
61753  48.781  -25.337  60.902 0.0000000000
61754  48.015  -24.981  60.735 0.0000000000
62777  46.457  -24.307  60.184 0.0000000000
62762  46.694  -23.736  60.890 0.0000000000
63806  46.499  -22.993  60.605 0.0000000000
64824  46.905  -22.427  61.021 0.0000000000
64823  47.422  -22.250  61.833 0.0000000000
65845  47.178  -21.973  61.242 0.0000000000
142959  56.941  -7.205  35.449 0.0000000000
79133  57.119  -7.760  35.774 0.0000000000
79119  57.996  -8.671  36.149 0.0000000000
77059  58.316  -10.080  37.054 0.0000000000
77058  59.055  -10.697  36.970 0.0000000000
75014  58.667  -12.367  39.012 0.0000000000
76013  59.809  -11.870  39.970 0.0000000000
74999  60.152  -12.228  39.238 0.0000000000
74998  61.019  -12.049  38.914 0.0000000000
76025  61.831  -11.616  38.430 0.0000000000
77028  62.348  -10.602  38.670 0.0000000000
77018  62.656  -9.264  38.767 0.0000000000
79095  62.150  -7.986  39.572 0.0000000000
79094  62.887  -7.785  39.186 0.0000000000
38054  16.201  -45.979  78.521 0.0000000000
39195  18.092  -45.056  76.900 0.0000000000
41431  19.478  -43.606  76.155 0.0000000000
42551  27.643  -41.978  74.527 0.0000000000
42566  27.884  -42.252  73.686 0.0000000000
42578  30.766  -42.040  72.794 0.0000000000
43585  34.668  -41.360  78.515 0.0000000000
43614  37.556  -41.818  76.655 0.0000000000
43624  20.808  -41.797  75.912 0.0000000000
43631  37.141  -41.010  76.287 0.0000000000
43680  37.414  -41.687  73.108 0.0000000000
43689  24.888  -40.999  71.938 0.0000000000
43720  27.517  -41.755  70.522 0.0000000000
44806  24.844  -40.265  75.661 0.0000000000
44821  22.692  -40.382  74.435 0.0000000000
44866  33.342  -40.168  71.810 0.0000000000
44868  31.827  -40.817  71.212 0.0000000000
44900  30.769  -40.304  69.291 0.0000000000
45997  31.377  -39.207  68.500 0.0000000000
46019  45.296  -38.856  66.558 0.0000000000
46021  44.168  -39.383  66.115 0.0000000000
46040  44.429  -39.229  65.454 0.0000000000
46044  40.603  -39.115  65.798 0.0000000000
46080  42.978  -39.472  64.048 0.0000000000
46081  42.224  -39.658  63.794 0.0000000000
46082  41.322  -39.623  63.505 0.0000000000
47038  42.299  -38.169  70.978 0.0000000000
47070  32.857  -38.400  69.180 0.0000000000
47080  46.470  -37.923  66.930 0.0000000000
47099  45.887  -38.504  66.716 0.0000000000
47117  45.078  -38.669  65.503 0.0000000000
47118  41.428  -39.254  65.898 0.0000000000
47120  36.299  -39.266  65.042 0.0000000000
47154  42.647  -38.885  63.373 0.0000000000
47156  38.114  -38.950  62.841 0.0000000000
47158  36.280  -38.936  63.473 0.0000000000
47162  30.109  -37.634  63.771 0.0000000000
47199  36.503  -38.675  61.063 0.0000000000
47217  38.118  -38.537  60.713 0.0000000000
48158  44.650  -37.549  71.411 0.0000000000
48201  45.562  -38.137  65.673 0.0000000000
48204  31.653  -37.437  65.377 0.0000000000
48212  43.752  -37.869  63.911 0.0000000000
48226  42.427  -37.918  62.937 0.0000000000
48242  41.734  -38.080  62.484 0.0000000000
48305  37.983  -37.335  58.753 0.0000000000
48306  37.168  -37.547  58.525 0.0000000000
49281  46.897  -36.405  67.927 0.0000000000
49383  39.093  -36.164  58.725 0.0000000000
49384  38.414  -36.601  58.361 0.0000000000
50470  46.823  -35.619  67.651 0.0000000000
50611  39.698  -35.701  59.135 0.0000000000
51715  47.730  -34.737  68.629 0.0000000000
51801  44.029  -34.657  64.158 0.0000000000
51816  42.867  -34.780  63.195 0.0000000000
52869  46.852  -33.881  66.187 0.0000000000
52882  45.987  -33.556  65.283 0.0000000000
52905  44.266  -33.090  63.722 0.0000000000
52930  42.106  -33.429  61.509 0.0000000000
52961  40.962  -33.505  59.579 0.0000000000
53928  45.890  -32.993  64.920 0.0000000000
53950  44.455  -32.387  63.515 0.0000000000
53951  43.879  -32.761  63.166 0.0000000000
53964  43.012  -32.754  62.256 0.0000000000
55036  47.331  -31.524  65.539 0.0000000000
55076  45.110  -30.996  63.036 0.0000000000
55091  42.851  -31.843  61.283 0.0000000000
56187  47.024  -30.921  65.229 0.0000000000
56212  45.519  -30.456  62.795 0.0000000000
56230  43.381  -30.295  60.691 0.0000000000
56231  42.703  -30.695  60.371 0.0000000000
57305  47.345  -29.468  64.701 0.0000000000
57306  46.752  -29.947  64.366 0.0000000000
57331  46.112  -29.269  61.772 0.0000000000
57341  45.062  -29.159  60.966 0.0000000000
57383  41.315  -29.175  56.742 0.0000000000
58401  48.314  -28.146  62.725 0.0000000000
58420  45.711  -28.861  61.089 0.0000000000
58464  45.548  -27.871  58.541 0.0000000000
59468  51.436  -27.079  64.170 0.0000000000
59489  48.968  -27.765  62.326 0.0000000000
59490  48.387  -27.830  61.969 0.0000000000
59500  48.784  -27.465  61.347 0.0000000000
59512  48.928  -26.950  60.692 0.0000000000
59524  46.691  -27.560  59.218 0.0000000000
59558  45.882  -27.194  57.332 0.0000000000
59574  44.788  -27.415  56.538 0.0000000000
59600  42.090  -27.309  54.596 0.0000000000
60613  50.716  -26.539  62.608 0.0000000000
60628  49.261  -26.390  60.835 0.0000000000
60637  47.901  -26.533  59.343 0.0000000000
60654  46.296  -26.431  57.548 0.0000000000
61725  51.170  -25.296  64.244 0.0000000000
61735  51.464  -25.970  63.706 0.0000000000
61746  49.999  -25.477  62.125 0.0000000000
61760  49.413  -25.801  61.035 0.0000000000
61769  48.401  -26.031  59.844 0.0000000000
61781  46.427  -25.711  58.091 0.0000000000
61782  44.740  -24.808  57.900 0.0000000000
61803  42.420  -24.376  56.195 0.0000000000
61825  40.469  -25.212  54.281 0.0000000000
62746  47.710  -23.834  62.019 0.0000000000
62776  47.195  -24.658  60.499 0.0000000000
62786  46.213  -24.677  59.452 0.0000000000
62788  45.245  -23.842  58.644 0.0000000000
62801  44.304  -24.387  57.666 0.0000000000
63778  47.183  -22.741  61.550 0.0000000000
63793  46.841  -23.008  61.137 0.0000000000
63819  45.760  -23.528  59.217 0.0000000000
63843  44.021  -23.445  57.075 0.0000000000
64881  45.443  -22.687  57.590 0.0000000000
65868  46.867  -21.941  60.643 0.0000000000
65911  47.401  -21.724  58.591 0.0000000000
69872  50.880  -17.789  51.082 0.0000000000
71775  53.035  -15.674  51.954 0.0000000000
71791  51.931  -15.623  50.012 0.0000000000
71798  51.975  -15.665  49.764 0.0000000000
75001  58.522  -12.447  39.836 0.0000000000
76991  56.326  -10.571  43.168 0.0000000000
79082  59.869  -8.604  41.793 0.0000000000
126730  14.115  -46.612  78.044 0.0000000000
126791  16.921  -45.702  78.880 0.0000000000
128391  48.479  -25.555  60.314 0.0000000000
128683  45.857  -23.605  52.898 0.0000000000
129523  44.233  -27.562  56.171 0.0000000000
129619  50.233  -27.818  64.228 0.0000000000
131353  17.521  -45.455  78.846 0.0000000000
131477  45.333  -28.101  59.281 0.0000000000
133726  18.981  -44.477  77.904 0.0000000000
134854  34.989  -38.483  69.468 0.0000000000
134977  42.291  -35.259  62.740 0.0000000000
135598  34.939  -39.274  71.461 0.0000000000
135668  39.494  -39.370  67.110 0.0000000000
136064  36.092  -39.305  66.727 0.0000000000
138346  48.905  -31.824  67.159 0.0000000000
141185  15.149  -44.950  81.997 0.0000000000
143557  16.805  -45.410  74.999 0.0000000000
144570  41.053  -38.257  62.143 0.0000000000
145065  34.271  -38.415  63.376 0.0000000000
145551  21.631  -40.936  75.207 0.0000000000
147371  30.940  -42.831  76.019 0.0000000000
147443  17.347  -45.167  75.033 0.0000000000
147613  44.384  -23.127  56.858 0.0000000000
147669  45.380  -27.786  57.859 0.0000000000
148452  25.345  -41.277  70.089 0.0000000000
149541  43.559  -39.247  64.311 0.0000000000
149612  17.922  -45.084  79.810 0.0000000000
149622  56.350  -12.475  40.115 0.0000000000
150577  59.354  -11.322  44.743 0.0000000000
150700  19.738  -42.956  73.399 0.0000000000
151418  41.720  -33.937  61.279 0.0000000000
152018  45.116  -23.261  54.307 0.0000000000
152476  41.841  -35.668  62.318 0.0000000000
152564  35.481  -38.877  67.623 0.0000000000
152658  32.400  -37.656  67.152 0.0000000000
153046  46.284  -23.592  60.320 0.0000000000
