#!ascii label  , from subject sub-v1s17x0050232_ses-1 vox2ras=TkReg
1522
6293  -35.770  -92.970  3.635 0.1000000015
6292  -35.241  -93.100  3.140 0.1000000015
7044  -33.130  -91.906  1.947 0.1000000015
6309  -34.673  -93.023  2.439 0.1000000015
6332  -34.376  -93.202  1.479 0.1000000015
5637  -35.598  -93.812  1.580 0.1000000015
6353  -33.974  -93.459  0.414 0.1000000015
5675  -35.045  -93.824  -0.336 0.1000000015
5676  -35.773  -93.550  -0.639 0.1000000015
5709  -35.157  -93.688  -1.230 0.1000000015
5692  -34.434  -93.802  -1.949 0.1000000015
6406  -35.915  -92.861  -2.154 0.1000000015
7099  -36.817  -91.684  -3.156 0.1000000015
155364  -35.638  -92.515  -2.610 0.1000000015
6405  -34.941  -93.119  -2.426 0.1000000015
6295  -38.013  -92.880  3.505 0.1000000015
140815  -36.531  -93.214  3.512 0.1000000015
6294  -37.235  -93.115  3.513 0.1000000015
145374  -35.493  -93.584  2.588 0.1000000015
6310  -37.475  -93.110  2.974 0.1000000015
156765  -36.616  -93.496  2.872 0.1000000015
5624  -35.942  -93.836  2.303 0.1000000015
5625  -36.394  -93.688  2.160 0.1000000015
154802  -35.455  -93.772  0.760 0.1000000015
5656  -36.675  -93.270  0.417 0.1000000015
5677  -36.291  -93.417  -0.112 0.1000000015
5693  -36.086  -93.183  -1.451 0.1000000015
9164  -39.723  -88.260  -3.168 0.1000000015
9170  -39.050  -88.987  -3.796 0.1000000015
8474  -38.607  -89.761  -3.402 0.1000000015
7770  -37.847  -90.952  -3.426 0.1000000015
7100  -37.455  -91.436  -3.102 0.1000000015
7090  -36.459  -92.290  -2.616 0.1000000015
6981  -39.692  -91.432  4.939 0.1000000015
7012  -39.998  -91.210  3.244 0.2000000030
7011  -39.350  -91.941  3.632 0.2000000030
6994  -39.158  -91.990  4.424 0.1000000015
7722  -39.764  -90.800  2.663 0.1000000015
7028  -39.382  -91.602  2.827 0.1000000015
6283  -38.594  -92.498  3.947 0.1000000015
7027  -39.205  -91.164  2.253 0.1000000015
156916  -38.225  -92.720  2.894 0.1000000015
12684  -39.569  -83.933  2.168 0.1000000015
11940  -39.529  -84.390  1.547 0.1000000015
6335  -38.259  -92.133  1.477 0.1000000015
6334  -37.564  -92.804  1.418 0.1000000015
5639  -36.703  -93.435  1.338 0.1000000015
11957  -40.016  -84.679  0.934 0.1000000015
11160  -39.574  -85.205  0.340 0.1000000015
148654  -38.612  -85.242  0.417 0.1000000015
10436  -38.682  -86.209  -0.805 0.1000000015
10435  -37.725  -86.389  -0.766 0.1000000015
10454  -38.428  -86.843  -1.341 0.1000000015
6355  -37.878  -92.223  0.622 0.1000000015
6354  -37.288  -92.818  0.526 0.1000000015
5694  -36.465  -93.185  -0.814 0.1000000015
11172  -39.102  -85.685  -0.258 0.1000000015
10455  -39.218  -86.609  -1.280 0.1000000015
9802  -38.370  -87.642  -1.864 0.1000000015
9155  -38.392  -88.513  -2.371 0.1000000015
146400  -37.709  -89.631  -2.143 0.1000000015
6372  -37.060  -92.859  -0.398 0.1000000015
6388  -36.982  -92.719  -1.307 0.1000000015
9803  -39.408  -87.270  -1.868 0.1000000015
9156  -39.202  -88.073  -2.521 0.1000000015
7761  -37.742  -91.294  -2.661 0.1000000015
9163  -39.108  -88.876  -3.148 0.1000000015
8459  -38.320  -90.151  -2.755 0.1000000015
7091  -37.345  -91.993  -2.543 0.1000000015
6407  -36.774  -92.563  -2.012 0.1000000015
7715  -40.390  -90.425  3.015 0.1000000015
6996  -40.615  -90.797  3.683 0.2000000030
6982  -40.478  -90.967  4.588 0.1000000015
7696  -41.004  -90.507  5.153 0.2000000030
7684  -40.723  -90.339  5.963 0.2000000030
8424  -39.929  -90.181  2.640 0.1000000015
7721  -39.337  -90.566  2.345 0.1000000015
12672  -39.244  -83.166  2.578 0.1000000015
7045  -38.591  -91.394  1.728 0.1000000015
7058  -38.032  -91.556  0.928 0.1000000015
11955  -38.310  -84.825  1.054 0.1000000015
11171  -38.112  -85.749  -0.203 0.1000000015
10434  -36.825  -86.627  -0.618 0.1000000015
10453  -37.398  -87.194  -1.274 0.1000000015
9801  -37.552  -88.153  -1.745 0.1000000015
137230  -36.537  -89.276  -0.871 0.1000000015
7753  -37.551  -90.734  -1.412 0.1000000015
143767  -37.712  -91.524  -1.242 0.1000000015
150529  -37.626  -92.353  -0.148 0.1000000015
7080  -37.649  -91.802  -1.927 0.1000000015
6389  -37.390  -92.265  -1.824 0.1000000015
9110  -39.789  -88.427  3.901 0.1000000015
143549  -40.866  -88.648  3.823 0.1000000015
9118  -39.215  -88.899  3.417 0.1000000015
9119  -40.295  -89.100  3.310 0.1000000015
9120  -41.061  -89.388  3.494 0.1000000015
8401  -41.528  -89.680  4.026 0.2000000030
7697  -41.707  -89.883  4.929 0.2000000030
8414  -41.063  -90.092  3.403 0.2000000030
8391  -41.901  -89.613  5.788 0.2000000030
8390  -41.283  -89.810  6.316 0.2000000030
8423  -39.181  -89.993  2.456 0.1000000015
8412  -39.739  -89.568  2.867 0.1000000015
8430  -38.679  -90.428  2.038 0.1000000015
12671  -38.706  -83.766  2.483 0.1000000015
11926  -38.008  -84.145  2.401 0.1000000015
11938  -37.618  -84.699  1.603 0.1000000015
11937  -36.613  -84.914  1.846 0.1000000015
7729  -38.873  -90.870  1.977 0.1000000015
7728  -38.207  -90.892  1.391 0.1000000015
13425  -39.692  -82.496  2.520 0.1000000015
13424  -38.935  -82.366  2.778 0.1000000015
11939  -38.698  -84.385  1.800 0.1000000015
11170  -37.137  -85.941  -0.148 0.1000000015
10428  -36.282  -86.305  -0.003 0.1000000015
9783  -36.192  -87.645  -0.616 0.1000000015
8446  -35.997  -88.741  -0.248 0.1000000015
144339  -36.396  -89.569  -0.127 0.1000000015
7737  -36.988  -90.402  0.076 0.1000000015
7738  -37.712  -91.060  0.397 0.1000000015
14225  -40.144  -81.423  2.365 0.1000000015
9800  -36.760  -87.883  -1.210 0.1000000015
9145  -36.330  -88.400  -0.824 0.1000000015
7745  -36.966  -90.157  -0.764 0.1000000015
7746  -37.543  -90.978  -0.572 0.1000000015
15007  -40.610  -80.911  2.155 0.1000000015
144121  -40.361  -79.894  2.283 0.1000000015
15808  -41.351  -80.308  1.816 0.1000000015
15793  -41.095  -79.285  2.015 0.1000000015
9095  -38.104  -87.924  4.804 0.1000000015
9094  -37.053  -87.990  4.917 0.1000000015
9108  -37.597  -88.362  4.279 0.1000000015
9097  -40.427  -87.945  4.411 0.1000000015
9098  -41.630  -88.312  4.442 0.1000000015
9099  -42.485  -88.601  5.029 0.2000000030
134272  -37.188  -88.656  3.768 0.1000000015
9117  -38.099  -88.773  3.595 0.1000000015
8396  -42.197  -89.268  5.241 0.2000000030
141983  -36.343  -88.674  3.546 0.1000000015
8410  -37.364  -89.129  3.029 0.1000000015
14995  -38.095  -80.708  3.323 0.1000000015
14223  -38.555  -81.566  3.006 0.1000000015
13416  -38.162  -82.376  3.175 0.1000000015
12655  -37.822  -83.123  3.208 0.1000000015
144797  -38.143  -83.591  2.820 0.1000000015
12670  -37.557  -83.807  2.951 0.1000000015
11925  -37.183  -84.364  2.453 0.1000000015
9116  -35.323  -88.438  3.228 0.1000000015
9125  -36.113  -89.007  2.667 0.1000000015
8422  -38.154  -89.807  2.371 0.1000000015
12656  -38.529  -83.073  2.891 0.1000000015
134278  -36.126  -85.494  1.226 0.1000000015
11150  -35.418  -85.891  1.316 0.1000000015
10427  -35.613  -86.767  0.286 0.1000000015
8427  -35.976  -89.270  1.282 0.1000000015
8428  -36.786  -89.810  1.500 0.1000000015
8429  -37.734  -90.207  1.745 0.1000000015
15791  -38.652  -79.960  3.077 0.1000000015
11158  -36.596  -85.691  0.539 0.1000000015
11157  -35.762  -86.073  0.667 0.1000000015
9769  -35.168  -87.333  0.633 0.1000000015
9133  -35.450  -88.126  0.311 0.1000000015
8437  -35.850  -89.025  0.478 0.1000000015
8438  -36.511  -89.766  0.702 0.1000000015
7727  -37.300  -90.439  0.975 0.1000000015
15005  -38.975  -80.750  2.813 0.1000000015
15006  -39.818  -80.747  2.481 0.1000000015
15792  -39.428  -79.950  2.668 0.1000000015
16615  -41.590  -78.771  1.838 0.1000000015
16635  -42.303  -78.750  1.588 0.1000000015
9747  -39.820  -87.395  5.143 0.1000000015
9107  -36.602  -88.374  4.293 0.1000000015
9746  -38.659  -87.494  5.356 0.1000000015
9748  -41.118  -87.473  4.981 0.1000000015
9106  -35.566  -88.279  4.123 0.1000000015
9755  -34.949  -87.764  4.742 0.1000000015
9749  -42.230  -87.738  5.101 0.1000000015
152442  -34.551  -87.781  3.742 0.1000000015
9100  -42.836  -88.089  5.615 0.2000000030
14214  -37.744  -81.621  3.421 0.1000000015
12654  -37.039  -83.376  3.437 0.1000000015
12669  -36.927  -84.059  3.061 0.1000000015
9759  -34.436  -87.320  2.236 0.1000000015
142778  -35.208  -88.480  2.445 0.1000000015
9734  -42.733  -87.379  5.663 0.1000000015
9735  -43.236  -87.324  6.266 0.2000000030
14213  -36.989  -81.622  3.802 0.1000000015
11924  -36.233  -84.569  2.730 0.1000000015
11149  -34.852  -86.037  1.811 0.1000000015
10419  -35.049  -86.579  1.093 0.1000000015
9763  -34.714  -87.300  1.385 0.1000000015
9129  -35.365  -88.517  1.090 0.1000000015
15775  -39.072  -79.219  2.982 0.1000000015
144550  -39.804  -79.146  2.617 0.1000000015
16613  -40.090  -78.365  2.580 0.1000000015
144425  -40.469  -78.997  2.350 0.1000000015
16614  -40.930  -78.319  2.166 0.1000000015
141625  -41.773  -78.053  1.794 0.1000000015
9743  -35.439  -87.523  5.562 0.1000000015
9744  -36.522  -87.640  5.603 0.1000000015
9742  -34.483  -87.162  5.373 0.1000000015
9093  -35.981  -88.041  4.935 0.1000000015
9729  -37.120  -87.248  6.235 0.1000000015
9731  -39.214  -87.037  5.887 0.1000000015
9730  -38.164  -87.155  6.077 0.1000000015
10406  -34.187  -86.706  2.721 0.1000000015
9757  -33.926  -87.097  3.818 0.1000000015
10393  -39.629  -86.637  6.325 0.1000000015
14994  -37.375  -80.995  3.657 0.1000000015
13399  -36.503  -82.265  3.991 0.1000000015
13415  -37.284  -82.468  3.559 0.1000000015
12653  -35.795  -83.645  3.835 0.1000000015
11923  -35.215  -85.000  2.832 0.1000000015
11140  -34.422  -86.130  2.514 0.1000000015
145005  -34.161  -87.283  3.078 0.1000000015
147842  -40.356  -86.416  6.384 0.1000000015
9733  -41.816  -87.051  5.542 0.1000000015
14979  -37.333  -80.176  3.802 0.1000000015
11141  -35.589  -85.347  2.007 0.1000000015
10412  -34.534  -86.685  1.916 0.1000000015
10383  -43.362  -86.430  6.520 0.1000000015
15773  -37.679  -79.303  3.778 0.1000000015
16595  -38.100  -78.567  3.730 0.1000000015
16596  -38.769  -78.559  3.312 0.1000000015
16597  -39.398  -78.494  2.919 0.1000000015
17407  -39.670  -76.850  2.978 0.1000000015
17408  -40.321  -77.525  2.524 0.1000000015
19022  -40.663  -75.899  2.182 0.1000000015
9727  -34.963  -86.958  6.248 0.1000000015
10389  -35.684  -86.647  6.944 0.1000000015
9728  -36.052  -87.184  6.281 0.1000000015
10388  -34.021  -86.452  5.997 0.1000000015
10390  -36.723  -86.770  6.890 0.1000000015
10399  -33.859  -86.696  5.062 0.1000000015
10398  -33.539  -86.041  5.390 0.1000000015
10391  -37.753  -86.792  6.785 0.1000000015
142769  -33.950  -86.076  3.321 0.1000000015
10401  -33.586  -86.214  4.618 0.1000000015
10392  -38.776  -86.736  6.599 0.1000000015
145194  -36.534  -80.124  4.263 0.1000000015
143293  -36.390  -83.324  3.726 0.1000000015
11906  -34.685  -84.730  3.504 0.1000000015
11905  -33.980  -85.248  3.757 0.1000000015
11133  -33.646  -85.750  4.149 0.1000000015
10380  -39.602  -86.243  6.984 0.1000000015
10394  -41.423  -86.467  6.107 0.1000000015
15762  -36.943  -79.387  4.173 0.1000000015
14197  -36.305  -81.523  4.246 0.1000000015
12637  -35.954  -82.914  4.134 0.1000000015
11907  -35.576  -84.325  3.402 0.1000000015
10381  -40.928  -85.977  6.709 0.1000000015
16583  -37.364  -78.593  4.161 0.1000000015
17384  -38.421  -77.114  3.891 0.1000000015
17391  -37.873  -77.834  4.105 0.1000000015
18235  -38.504  -76.354  3.745 0.1000000015
17392  -39.072  -77.368  3.381 0.1000000015
146500  -38.988  -76.738  3.482 0.1000000015
18249  -39.938  -76.010  2.641 0.1000000015
18236  -39.149  -76.043  3.219 0.1000000015
11880  -33.401  -84.640  6.076 0.1000000015
11119  -33.505  -85.226  6.354 0.1000000015
11120  -33.851  -85.752  6.628 0.1000000015
10377  -36.382  -86.304  7.542 0.1000000015
12629  -33.523  -83.971  5.742 0.1000000015
10378  -37.388  -86.373  7.470 0.1000000015
13397  -35.041  -82.805  4.747 0.1000000015
12636  -34.576  -83.713  4.610 0.1000000015
12635  -33.823  -84.213  4.948 0.1000000015
11127  -33.483  -85.520  4.921 0.1000000015
15761  -36.195  -79.450  4.560 0.1000000015
13398  -35.775  -82.152  4.447 0.1000000015
151523  -35.305  -83.410  4.285 0.1000000015
12652  -35.035  -84.048  3.987 0.1000000015
10365  -39.104  -85.899  7.857 0.1000000015
16582  -36.591  -78.696  4.534 0.1000000015
10382  -42.381  -86.031  6.436 0.1000000015
17382  -37.013  -77.776  4.628 0.1000000015
17383  -37.677  -77.079  4.415 0.1000000015
18227  -37.508  -76.375  4.516 0.1000000015
18992  -37.940  -76.003  4.068 0.1000000015
19004  -38.406  -75.668  3.556 0.1000000015
19003  -37.732  -75.349  3.875 0.1000000015
19785  -37.418  -74.665  3.719 0.1000000015
19021  -39.449  -75.365  2.674 0.1000000015
10375  -34.658  -86.204  6.988 0.1000000015
10376  -35.501  -86.165  7.546 0.1000000015
10362  -35.996  -85.846  8.152 0.1000000015
10363  -37.016  -85.918  8.128 0.1000000015
15752  -35.331  -79.565  5.094 0.1000000015
13388  -35.142  -81.970  4.880 0.1000000015
13387  -34.424  -82.221  5.520 0.1000000015
12630  -34.123  -83.310  5.314 0.1000000015
17374  -36.318  -77.295  5.193 0.1000000015
16575  -36.135  -78.143  4.944 0.1000000015
16581  -35.923  -78.869  4.831 0.1000000015
14977  -35.900  -80.100  4.617 0.1000000015
14196  -35.615  -81.392  4.674 0.1000000015
10379  -38.431  -86.378  7.330 0.1000000015
17375  -37.005  -76.825  4.896 0.1000000015
18975  -36.940  -76.072  4.978 0.1000000015
18974  -36.314  -75.709  5.391 0.1000000015
18991  -37.357  -75.715  4.450 0.1000000015
18990  -36.758  -75.421  4.804 0.1000000015
19774  -37.130  -75.061  4.280 0.1000000015
19773  -36.152  -74.359  4.711 0.1000000015
19784  -36.781  -74.378  4.104 0.1000000015
20534  -36.816  -73.752  3.593 0.1000000015
12626  -33.386  -83.855  6.583 0.1000000015
11112  -34.124  -85.461  7.371 0.1000000015
11113  -34.949  -85.647  7.953 0.1000000015
146646  -34.865  -85.126  8.553 0.1000000015
17373  -35.600  -77.754  5.463 0.1000000015
18220  -36.358  -76.455  5.398 0.1000000015
19756  -36.208  -75.008  5.126 0.1000000015
20523  -36.194  -73.679  4.197 0.1000000015
21258  -36.251  -72.913  3.540 0.1000000015
147207  -33.466  -84.602  6.826 0.1000000015
11098  -34.277  -85.023  8.094 0.1000000015
132365  -33.649  -82.929  6.193 0.1000000015
16574  -35.465  -78.559  5.272 0.1000000015
16573  -34.772  -78.863  5.685 0.1000000015
14967  -34.737  -80.465  5.496 0.1000000015
13386  -33.842  -81.946  6.257 0.1000000015
136169  -35.653  -76.046  5.994 0.1000000015
18973  -35.687  -75.215  5.765 0.1000000015
20522  -35.545  -73.705  4.882 0.1000000015
21250  -35.585  -72.971  4.319 0.1000000015
21257  -35.543  -72.283  3.823 0.1000000015
12622  -33.433  -83.882  7.525 0.1000000015
14171  -33.607  -81.151  6.698 0.1000000015
13383  -33.442  -82.159  6.878 0.1000000015
141234  -33.339  -83.038  7.102 0.1000000015
17365  -34.984  -77.503  6.023 0.1000000015
16565  -35.027  -78.174  5.717 0.1000000015
15751  -34.450  -79.654  5.818 0.1000000015
14960  -34.044  -80.403  6.186 0.1000000015
18219  -35.657  -76.923  5.738 0.1000000015
21239  -34.973  -72.853  5.126 0.1000000015
21238  -34.585  -72.109  5.724 0.1000000015
21248  -34.783  -71.893  4.883 0.1000000015
141284  -34.167  -79.031  6.161 0.1000000015
15743  -33.830  -79.636  6.461 0.1000000015
14959  -33.566  -80.271  6.771 0.1000000015
146683  -35.023  -75.956  6.590 0.1000000015
19755  -35.607  -74.456  5.394 0.1000000015
150629  -34.475  -71.445  6.165 0.1000000015
18205  -34.956  -76.666  6.448 0.1000000015
18956  -35.182  -75.400  6.418 0.1000000015
19738  -35.093  -74.598  6.253 0.1000000015
20500  -34.724  -73.772  6.625 0.1000000015
20510  -34.654  -72.951  6.147 0.1000000015
22029  -34.465  -72.072  6.733 0.1000000015
139289  -34.441  -72.338  7.571 0.1000000015
19729  -34.838  -75.008  6.850 0.1000000015
144128  -34.606  -73.738  7.528 0.1000000015
21221  -34.528  -72.990  7.094 0.1000000015
21215  -34.478  -72.984  7.985 0.1000000015
155378  -34.101  -92.345  2.575 0.1000000015
6308  -33.828  -92.448  2.026 0.1000000015
6333  -35.256  -93.710  1.931 0.1000000015
5636  -34.981  -93.739  1.078 0.1000000015
5638  -35.987  -93.845  1.565 0.1000000015
5654  -34.796  -93.787  0.272 0.1000000015
130335  -34.195  -93.906  -0.497 0.1000000015
154613  -35.687  -93.695  0.107 0.1000000015
141313  -35.983  -93.586  3.040 0.1000000015
5626  -37.093  -93.318  2.248 0.1000000015
8486  -38.674  -89.365  -4.118 0.1000000015
8473  -38.193  -90.601  -3.108 0.1000000015
8485  -38.238  -90.230  -3.772 0.1000000015
6995  -39.935  -91.477  4.089 0.1000000015
6311  -38.778  -92.385  3.206 0.1000000015
136492  -37.944  -92.755  2.246 0.1000000015
11159  -37.602  -85.325  0.616 0.1000000015
9154  -37.738  -88.909  -2.125 0.1000000015
8460  -38.418  -89.395  -2.670 0.1000000015
9153  -37.014  -88.863  -1.530 0.1000000015
137679  -37.226  -89.851  -1.501 0.1000000015
138121  -37.863  -90.544  -2.222 0.1000000015
7068  -37.617  -92.217  -1.079 0.1000000015
7754  -37.776  -91.263  -1.955 0.1000000015
8413  -40.541  -89.801  2.997 0.1000000015
7705  -41.175  -90.374  4.240 0.2000000030
153600  -37.808  -91.724  -0.201 0.1000000015
144983  -36.617  -87.235  -0.846 0.1000000015
8411  -38.653  -89.360  2.923 0.1000000015
11151  -36.923  -85.238  1.172 0.1000000015
14224  -39.449  -81.609  2.612 0.1000000015
10433  -36.128  -86.967  -0.365 0.1000000015
9782  -35.669  -87.454  -0.051 0.1000000015
9144  -35.844  -88.061  -0.329 0.1000000015
15017  -41.298  -81.254  1.869 0.1000000015
9745  -37.588  -87.596  5.521 0.1000000015
9096  -39.214  -87.884  4.609 0.1000000015
9109  -38.647  -88.368  4.115 0.1000000015
9087  -42.949  -88.152  6.295 0.2000000030
8421  -37.050  -89.602  2.238 0.1000000015
9123  -34.620  -87.934  2.721 0.1000000015
9124  -35.551  -88.822  1.880 0.1000000015
8420  -36.242  -89.364  1.953 0.1000000015
9764  -34.995  -87.856  0.998 0.1000000015
9128  -34.841  -88.040  1.772 0.1000000015
10395  -42.639  -86.710  5.972 0.1000000015
145846  -39.606  -77.746  2.928 0.1000000015
17409  -41.174  -77.250  2.058 0.1000000015
10405  -33.715  -86.447  3.911 0.1000000015
143288  -38.562  -77.892  3.620 0.1000000015
18250  -40.465  -76.650  2.419 0.1000000015
11896  -34.212  -84.480  4.205 0.1000000015
11887  -33.482  -84.797  5.316 0.1000000015
20535  -37.546  -74.047  3.196 0.1000000015
14181  -34.290  -81.258  5.925 0.1000000015
14825  -45.747  -79.977  20.408 0.5000000000
10244  -43.109  -87.303  18.744 0.5000000000
10967  -43.121  -86.325  18.795 0.5000000000
14842  -45.290  -80.403  19.222 0.5000000000
14034  -46.167  -80.930  19.804 0.5000000000
14021  -46.437  -81.423  20.451 0.5000000000
135743  -43.617  -87.061  18.887 0.5000000000
14841  -44.302  -80.168  18.586 0.5000000000
10968  -44.095  -86.742  18.991 0.5000000000
14858  -44.883  -80.775  18.110 0.5000000000
14033  -45.685  -80.945  18.761 0.5000000000
14049  -46.424  -81.335  18.734 0.4000000060
9617  -43.892  -88.324  17.372 0.5000000000
9626  -43.385  -88.049  16.370 0.5000000000
10269  -43.791  -86.847  16.552 0.5000000000
11010  -43.271  -85.510  14.384 0.5000000000
10994  -43.463  -85.716  15.496 0.5000000000
11026  -44.447  -84.808  13.714 0.4000000060
147545  -44.893  -84.401  13.506 0.4000000060
12493  -40.737  -83.532  18.316 0.1000000015
140599  -41.910  -85.403  18.264 0.5000000000
15609  -44.911  -79.642  19.712 0.5000000000
14826  -46.119  -80.467  20.930 0.5000000000
13242  -46.103  -81.836  20.897 0.4000000060
131121  -43.986  -85.728  19.139 0.5000000000
15620  -43.322  -79.992  18.016 0.5000000000
15608  -43.905  -79.432  19.102 0.5000000000
15619  -42.475  -79.706  17.433 0.5000000000
15631  -41.725  -79.337  16.909 0.5000000000
14857  -43.927  -80.529  17.498 0.5000000000
15632  -42.382  -79.769  16.453 0.4000000060
14856  -43.026  -80.255  16.978 0.3000000119
14064  -45.754  -81.054  17.884 0.4000000060
14868  -43.700  -80.512  16.634 0.3000000119
13267  -47.108  -82.438  19.361 0.6999999881
12478  -47.027  -83.078  19.500 0.5000000000
14867  -43.082  -80.162  16.145 0.3000000119
14869  -44.823  -80.842  16.868 0.3000000119
14036  -47.241  -82.070  18.713 0.5000000000
12498  -47.307  -82.835  18.847 0.6000000238
12497  -46.611  -83.651  19.293 0.6000000238
11716  -45.463  -84.905  19.138 0.6000000238
10245  -43.974  -87.592  18.782 0.5000000000
9608  -44.109  -88.455  18.133 0.3000000119
14880  -43.975  -80.460  15.989 0.3000000119
14066  -47.591  -81.425  17.502 0.4000000060
12499  -47.530  -82.581  18.155 0.5000000000
11718  -46.627  -83.772  18.718 0.6000000238
11732  -45.440  -84.918  17.731 0.6000000238
10254  -44.813  -86.756  18.125 0.5000000000
10261  -44.413  -87.609  17.732 0.5000000000
133796  -45.770  -80.826  16.448 0.4000000060
14870  -46.991  -80.911  16.901 0.4000000060
14051  -47.597  -81.926  17.902 0.5000000000
12507  -47.279  -83.114  18.239 0.5000000000
11733  -46.071  -84.054  17.145 0.5000000000
10985  -44.915  -85.426  17.368 0.5000000000
10984  -44.348  -86.120  17.079 0.5000000000
14882  -46.245  -80.607  15.881 0.4000000060
14067  -48.149  -81.541  17.011 0.5000000000
144663  -47.382  -83.107  17.138 0.5000000000
156984  -46.208  -83.794  16.090 0.4000000060
136532  -44.601  -84.851  16.163 0.5000000000
10995  -43.945  -85.323  15.921 0.5000000000
14871  -48.196  -80.959  16.808 0.4000000060
13288  -48.306  -82.020  16.862 0.5000000000
12516  -47.322  -83.127  16.084 0.5000000000
11745  -46.636  -83.444  15.578 0.4000000060
10996  -44.583  -84.674  15.114 0.4000000060
12529  -47.752  -82.752  15.714 0.5000000000
12528  -47.053  -83.116  15.228 0.4000000060
11760  -45.576  -83.830  14.463 0.4000000060
12542  -46.679  -83.015  14.617 0.4000000060
11776  -45.297  -83.990  13.822 0.3000000119
11775  -44.965  -84.147  13.157 0.3000000119
13263  -39.396  -82.863  18.330 0.1000000015
12492  -39.924  -83.469  18.107 0.1000000015
13253  -40.183  -82.103  19.205 0.1000000015
13264  -40.257  -82.749  18.683 0.1000000015
13265  -41.240  -82.905  18.729 0.4000000060
12494  -41.615  -83.696  18.453 0.4000000060
130455  -41.998  -84.485  18.378 0.4000000060
12495  -42.531  -83.996  18.641 0.4000000060
11715  -42.855  -85.058  18.691 0.5000000000
15594  -44.596  -78.831  20.272 0.5000000000
15595  -45.375  -79.152  20.811 0.5000000000
15596  -45.817  -79.633  21.245 0.5000000000
14009  -46.234  -80.998  21.198 0.4000000060
12475  -43.910  -83.402  19.403 0.5000000000
12496  -43.672  -84.415  19.064 0.5000000000
140529  -42.915  -79.292  18.530 0.5000000000
15618  -42.002  -79.124  17.964 0.5000000000
12476  -45.140  -83.341  19.926 0.6000000238
15642  -41.796  -79.249  16.030 0.2000000030
16443  -42.187  -78.928  15.404 0.2000000030
15643  -42.574  -79.584  15.737 0.3000000119
14881  -45.020  -80.592  15.785 0.4000000060
15644  -43.387  -79.872  15.531 0.3000000119
15655  -42.992  -79.211  15.199 0.3000000119
15657  -44.800  -79.669  14.866 0.4000000060
148429  -44.869  -80.188  15.271 0.4000000060
14872  -48.692  -80.997  16.336 0.4000000060
14892  -45.551  -80.228  15.217 0.3000000119
14894  -48.175  -80.057  15.364 0.3000000119
14076  -49.083  -81.087  15.862 0.3000000119
13289  -48.655  -81.758  16.117 0.4000000060
13313  -48.515  -81.998  14.746 0.3000000119
11777  -45.869  -83.416  14.245 0.3000000119
14077  -49.287  -80.977  15.106 0.2000000030
14100  -48.745  -81.585  14.091 0.2000000030
13311  -47.237  -82.580  14.439 0.3000000119
135255  -45.431  -83.545  13.683 0.3000000119
14120  -48.691  -81.143  13.423 0.1000000015
14098  -47.090  -81.966  13.747 0.2000000030
12560  -46.351  -82.889  14.191 0.4000000060
143865  -47.945  -79.989  12.138 0.1000000015
13254  -40.907  -82.204  19.209 0.1000000015
140632  -41.883  -82.342  19.235 0.2000000030
13266  -42.198  -83.101  18.780 0.4000000060
148702  -43.037  -83.454  18.952 0.4000000060
15583  -44.955  -78.599  21.152 0.5000000000
14798  -45.641  -79.566  21.597 0.4000000060
142083  -45.408  -81.268  21.212 0.4000000060
130558  -44.220  -82.571  19.948 0.5000000000
15593  -43.615  -78.652  19.691 0.5000000000
16419  -41.212  -78.842  17.465 0.4000000060
16407  -41.602  -78.531  18.497 0.4000000060
16418  -40.512  -78.387  17.124 0.4000000060
16429  -41.082  -78.747  16.456 0.4000000060
16428  -40.126  -77.912  16.425 0.3000000119
155476  -40.594  -78.316  16.453 0.3000000119
16442  -41.423  -78.546  15.647 0.3000000119
17271  -41.115  -77.706  15.270 0.2000000030
150067  -42.567  -77.749  14.752 0.3000000119
16458  -42.749  -78.442  14.929 0.3000000119
152412  -44.315  -78.977  14.626 0.3000000119
17280  -43.466  -77.712  14.549 0.2000000030
16460  -45.115  -78.867  14.411 0.2000000030
15659  -47.036  -79.494  14.599 0.2000000030
16461  -46.140  -78.801  14.225 0.2000000030
133727  -48.169  -79.378  14.538 0.2000000030
15646  -48.785  -80.348  15.613 0.2000000030
16462  -47.214  -78.761  14.086 0.2000000030
16463  -48.987  -79.267  14.403 0.1000000015
14895  -49.328  -80.616  14.816 0.2000000030
16464  -49.246  -79.112  14.108 0.1000000015
15662  -49.322  -79.826  14.334 0.1000000015
156101  -48.282  -81.124  13.119 0.1000000015
15670  -49.450  -79.364  13.690 0.1000000015
15688  -49.080  -80.133  12.758 0.1000000015
133579  -48.676  -80.658  12.882 0.1000000015
15687  -48.540  -80.075  12.345 0.1000000015
15705  -48.221  -79.413  11.748 0.1000000015
16514  -47.483  -78.495  11.284 0.1000000015
14017  -41.527  -81.544  19.820 0.3000000119
14018  -42.575  -81.788  19.839 0.3000000119
14811  -42.144  -79.998  21.110 0.3000000119
154757  -42.562  -80.454  20.929 0.3000000119
14007  -42.461  -81.100  20.440 0.3000000119
12474  -43.015  -82.626  19.388 0.4000000060
15568  -43.847  -78.817  22.110 0.3000000119
139288  -43.495  -80.602  21.178 0.3000000119
155303  -43.204  -81.340  20.476 0.5000000000
14019  -43.576  -81.906  20.133 0.5000000000
16387  -44.395  -78.213  21.474 0.4000000060
16377  -44.924  -78.756  21.596 0.5000000000
14797  -45.234  -79.583  21.879 0.4000000060
14813  -44.798  -80.440  21.645 0.4000000060
14020  -44.529  -81.884  20.588 0.5000000000
17237  -41.184  -77.865  18.958 0.4000000060
16394  -42.152  -78.054  19.476 0.4000000060
16396  -44.229  -78.228  20.776 0.5000000000
17248  -39.624  -77.373  17.905 0.4000000060
16406  -40.887  -78.392  18.008 0.4000000060
16417  -39.941  -77.903  17.237 0.4000000060
17247  -38.910  -76.919  17.237 0.4000000060
17260  -39.466  -77.460  16.831 0.3000000119
17269  -39.642  -77.285  16.033 0.3000000119
17270  -40.299  -77.550  15.689 0.3000000119
18098  -39.359  -76.692  15.801 0.3000000119
18105  -40.433  -76.201  14.917 0.1000000015
17277  -41.253  -76.771  14.808 0.1000000015
17279  -42.818  -77.024  14.567 0.1000000015
16459  -44.378  -78.198  14.416 0.2000000030
144445  -43.700  -76.790  14.451 0.1000000015
17282  -45.413  -77.883  14.089 0.2000000030
17281  -44.479  -77.195  14.301 0.2000000030
139401  -47.331  -77.964  13.793 0.1000000015
16477  -48.991  -78.588  13.951 0.1000000015
17290  -48.333  -77.914  13.714 0.1000000015
15689  -49.436  -79.505  12.842 0.1000000015
16479  -49.839  -78.201  13.308 0.1000000015
16493  -49.727  -78.799  13.078 0.1000000015
156007  -49.013  -78.825  11.650 0.1000000015
17320  -48.906  -78.315  11.400 0.1000000015
16515  -48.324  -78.691  11.424 0.1000000015
16536  -47.192  -77.842  10.943 0.1000000015
140778  -46.605  -77.436  9.695 0.1000000015
17329  -46.870  -78.057  8.659 0.1000000015
17339  -46.780  -78.253  7.884 0.1000000015
15581  -41.840  -79.326  21.407 0.3000000119
14810  -41.001  -80.266  20.615 0.2000000030
15567  -42.874  -78.475  22.133 0.3000000119
16375  -43.575  -77.834  22.134 0.4000000060
17227  -41.039  -77.056  19.670 0.3000000119
17228  -42.314  -77.258  20.303 0.4000000060
136028  -43.363  -77.284  21.283 0.4000000060
16386  -43.737  -77.629  21.785 0.3000000119
18066  -39.929  -76.748  19.075 0.3000000119
17236  -40.380  -77.437  18.716 0.3000000119
17219  -42.800  -76.678  21.440 0.4000000060
17220  -43.276  -76.932  21.904 0.4000000060
17211  -43.094  -76.993  22.247 0.3000000119
18818  -38.285  -75.999  18.345 0.3000000119
154792  -38.957  -76.630  18.189 0.3000000119
18824  -37.698  -75.606  17.572 0.3000000119
18073  -38.342  -76.303  17.473 0.3000000119
18072  -38.049  -75.961  16.926 0.3000000119
18086  -39.073  -76.854  16.380 0.3000000119
18097  -38.806  -76.159  15.922 0.3000000119
18104  -39.522  -76.154  15.357 0.2000000030
148627  -39.835  -75.406  14.938 0.1000000015
18861  -40.698  -75.246  14.656 0.1000000015
138694  -42.228  -74.983  14.540 0.1000000015
142821  -42.385  -75.732  14.542 0.1000000015
18107  -43.092  -76.135  14.517 0.1000000015
18108  -44.001  -76.159  14.433 0.1000000015
145498  -45.318  -76.993  14.086 0.2000000030
18109  -44.790  -76.384  14.258 0.2000000030
18110  -45.703  -76.436  13.986 0.2000000030
17289  -47.449  -77.173  13.675 0.1000000015
18111  -46.652  -76.454  13.767 0.1000000015
17291  -49.128  -77.828  13.630 0.1000000015
18120  -48.457  -77.173  13.595 0.1000000015
17292  -49.720  -77.523  13.434 0.1000000015
17302  -50.009  -78.070  12.704 0.1000000015
17321  -49.622  -77.785  11.777 0.1000000015
16537  -47.985  -77.852  11.104 0.1000000015
17330  -47.312  -77.161  10.726 0.1000000015
17331  -48.602  -77.237  11.037 0.1000000015
18158  -47.839  -76.520  10.502 0.1000000015
134767  -46.939  -77.619  8.690 0.1000000015
18157  -47.448  -77.105  9.670 0.1000000015
18174  -46.798  -77.264  8.275 0.1000000015
18156  -47.055  -77.171  9.015 0.1000000015
18173  -46.125  -76.673  7.560 0.1000000015
15579  -39.594  -79.415  20.697 0.2000000030
14809  -39.872  -80.213  20.460 0.2000000030
16385  -40.317  -78.666  21.238 0.2000000030
15566  -41.629  -78.376  21.801 0.3000000119
17208  -40.459  -77.367  22.039 0.2000000030
134769  -39.966  -76.091  19.749 0.3000000119
18058  -40.784  -76.328  20.120 0.3000000119
18059  -41.861  -76.479  20.713 0.3000000119
18055  -42.822  -76.469  22.147 0.3000000119
149644  -38.328  -75.620  19.057 0.3000000119
18814  -38.758  -75.444  19.738 0.3000000119
18054  -42.338  -76.074  21.706 0.3000000119
17196  -42.526  -76.413  22.496 0.2000000030
17210  -42.606  -76.821  22.558 0.2000000030
132255  -37.318  -74.839  18.814 0.2000000030
18817  -37.731  -75.386  18.549 0.2000000030
19594  -37.138  -74.953  18.049 0.3000000119
18833  -37.745  -75.355  16.595 0.3000000119
18834  -38.280  -75.860  16.400 0.3000000119
18850  -38.321  -75.412  15.903 0.2000000030
19620  -38.488  -74.643  15.448 0.2000000030
19621  -39.332  -74.681  14.964 0.1000000015
19634  -40.166  -74.618  14.697 0.1000000015
20403  -41.150  -73.825  14.612 0.1000000015
20389  -40.567  -73.306  14.729 0.1000000015
21135  -41.522  -72.208  14.989 0.1000000015
19636  -41.677  -74.316  14.568 0.1000000015
20404  -41.831  -73.606  14.661 0.1000000015
21150  -42.284  -72.296  14.798 0.1000000015
21926  -41.893  -71.548  14.984 0.1000000015
22735  -42.782  -70.404  14.514 0.1000000015
19638  -43.197  -74.680  14.619 0.1000000015
20406  -43.123  -73.865  14.617 0.1000000015
21151  -43.139  -72.374  14.565 0.1000000015
21942  -43.619  -71.626  14.321 0.1000000015
146271  -43.363  -70.933  14.346 0.1000000015
148514  -43.642  -75.472  14.538 0.1000000015
18865  -45.288  -75.758  14.156 0.2000000030
18119  -47.710  -76.449  13.579 0.1000000015
144988  -48.764  -76.512  13.512 0.1000000015
148242  -49.217  -77.160  13.534 0.1000000015
18122  -50.219  -76.723  13.266 0.1000000015
17303  -50.344  -77.060  12.339 0.1000000015
18144  -49.814  -76.798  11.297 0.1000000015
18916  -47.383  -76.249  10.291 0.1000000015
135119  -46.828  -76.584  9.867 0.1000000015
18035  -38.997  -75.568  23.233 0.2000000030
17209  -41.828  -77.252  22.516 0.3000000119
16374  -42.790  -77.515  22.430 0.3000000119
18788  -40.230  -75.193  23.754 0.2000000030
18048  -39.240  -76.414  22.368 0.2000000030
18050  -41.367  -76.522  22.926 0.2000000030
18815  -39.608  -75.617  20.054 0.3000000119
18053  -40.517  -75.714  20.484 0.3000000119
151403  -41.086  -75.317  21.414 0.3000000119
18811  -41.903  -75.510  22.063 0.3000000119
18809  -39.282  -75.095  20.523 0.3000000119
155255  -40.738  -74.888  21.731 0.3000000119
18805  -41.383  -75.037  22.390 0.3000000119
19587  -37.307  -74.044  20.436 0.2000000030
136952  -37.906  -74.582  20.249 0.3000000119
18051  -42.364  -75.943  22.454 0.2000000030
17195  -42.181  -76.355  22.792 0.2000000030
19589  -37.157  -74.369  19.505 0.2000000030
19593  -36.816  -74.334  18.535 0.2000000030
19599  -36.708  -74.280  17.690 0.3000000119
19600  -37.144  -74.873  17.181 0.3000000119
18849  -37.894  -74.827  15.988 0.2000000030
19609  -36.861  -74.107  16.918 0.2000000030
152682  -37.222  -73.885  16.363 0.2000000030
19619  -37.793  -74.058  15.828 0.2000000030
20387  -38.980  -73.223  15.079 0.1000000015
141092  -43.852  -74.053  14.534 0.1000000015
145651  -43.527  -73.226  14.503 0.1000000015
21152  -44.001  -72.441  14.266 0.1000000015
18864  -44.129  -74.864  14.522 0.1000000015
145866  -44.643  -74.296  14.313 0.1000000015
21163  -44.825  -72.436  13.877 0.1000000015
19639  -44.938  -75.048  14.291 0.1000000015
148955  -45.275  -74.536  14.091 0.1000000015
19647  -45.822  -74.280  13.790 0.1000000015
153615  -45.744  -73.642  13.677 0.1000000015
18872  -45.820  -75.124  13.940 0.1000000015
19648  -46.596  -74.637  13.552 0.1000000015
19649  -47.618  -74.904  13.360 0.1000000015
18873  -46.907  -75.610  13.645 0.1000000015
18874  -48.159  -75.750  13.447 0.1000000015
19650  -48.750  -75.115  13.248 0.1000000015
18875  -49.275  -75.881  13.399 0.1000000015
18121  -49.663  -76.643  13.438 0.1000000015
18876  -50.199  -76.010  13.287 0.1000000015
18159  -49.099  -76.221  10.610 0.1000000015
19547  -37.706  -74.632  24.144 0.3000000119
18769  -39.785  -74.636  24.076 0.3000000119
18789  -40.906  -75.311  23.485 0.2000000030
154344  -40.992  -76.020  23.369 0.2000000030
18770  -40.504  -74.566  23.641 0.3000000119
18790  -41.176  -75.001  23.209 0.3000000119
136744  -38.802  -74.538  21.033 0.3000000119
19569  -39.672  -74.088  22.361 0.3000000119
19571  -40.740  -74.526  23.324 0.3000000119
18037  -41.652  -75.715  23.124 0.2000000030
19568  -38.495  -73.948  21.714 0.3000000119
20343  -36.807  -73.478  20.829 0.2000000030
20362  -36.610  -73.668  19.917 0.2000000030
20365  -36.514  -73.723  19.021 0.2000000030
138763  -36.394  -73.708  18.204 0.2000000030
20364  -36.113  -73.127  18.047 0.3000000119
20368  -36.423  -73.432  17.411 0.2000000030
20378  -36.848  -73.346  16.636 0.2000000030
19662  -48.249  -74.311  12.991 0.1000000015
19651  -49.810  -75.314  13.130 0.1000000015
131040  -50.638  -76.078  12.959 0.1000000015
19546  -36.626  -74.529  24.379 0.1000000015
152150  -38.579  -74.169  24.581 0.3000000119
19548  -39.333  -74.044  24.469 0.3000000119
19555  -39.844  -73.688  23.512 0.3000000119
20318  -39.706  -73.537  24.032 0.3000000119
20325  -38.062  -73.525  22.139 0.3000000119
20326  -38.984  -73.506  22.784 0.3000000119
20317  -39.236  -73.187  23.814 0.3000000119
20324  -37.182  -73.228  21.924 0.2000000030
21071  -36.238  -72.943  21.243 0.2000000030
21081  -36.083  -73.071  20.317 0.1000000015
157655  -36.155  -73.213  18.596 0.2000000030
21080  -35.562  -72.451  20.676 0.1000000015
20361  -36.000  -73.026  19.346 0.2000000030
21110  -35.831  -72.551  18.450 0.2000000030
21111  -36.094  -72.603  17.652 0.3000000119
19531  -37.941  -73.799  24.897 0.3000000119
19532  -38.810  -73.535  24.685 0.3000000119
20292  -38.763  -73.096  24.606 0.3000000119
20311  -39.082  -73.168  24.283 0.3000000119
21062  -37.776  -72.557  23.811 0.3000000119
20316  -38.198  -73.055  23.118 0.3000000119
21061  -37.218  -72.816  22.850 0.2000000030
136665  -36.434  -72.708  22.192 0.2000000030
155012  -35.883  -72.279  22.441 0.1000000015
138599  -35.097  -71.784  21.060 0.1000000015
21859  -35.129  -71.812  20.060 0.1000000015
21105  -35.509  -72.180  19.251 0.1000000015
20290  -37.793  -73.117  25.304 0.3000000119
20271  -36.514  -72.649  25.742 0.2000000030
21025  -38.181  -72.710  24.965 0.3000000119
21026  -38.616  -72.874  24.549 0.3000000119
21045  -37.366  -72.246  24.332 0.2000000030
20310  -38.646  -72.795  24.190 0.3000000119
21044  -36.492  -71.859  24.248 0.2000000030
21809  -35.241  -71.033  24.306 0.1000000015
153506  -35.525  -71.507  23.749 0.1000000015
22593  -35.062  -70.585  24.949 0.1000000015
139054  -34.880  -70.955  23.334 0.1000000015
156719  -35.177  -71.454  22.917 0.1000000015
21845  -35.225  -71.737  22.124 0.1000000015
21827  -34.761  -71.002  22.402 0.1000000015
21844  -34.731  -71.096  21.490 0.1000000015
21858  -34.748  -71.116  20.580 0.1000000015
20272  -37.382  -72.564  25.357 0.2000000030
146778  -36.770  -72.068  25.437 0.2000000030
21023  -36.547  -71.659  25.138 0.2000000030
21024  -37.420  -72.152  25.015 0.2000000030
21797  -35.769  -71.222  25.121 0.1000000015
21810  -35.946  -71.462  24.591 0.2000000030
22604  -34.618  -70.240  23.947 0.1000000015
22617  -34.468  -70.301  22.811 0.1000000015
22636  -34.461  -70.383  21.874 0.1000000015
23428  -34.654  -69.356  25.244 0.1000000015
141210  -34.656  -69.930  24.804 0.1000000015
23442  -34.492  -69.229  24.252 0.1000000015
23453  -34.355  -69.463  23.193 0.1000000015
157625  -34.816  -68.944  26.307 0.1000000015
24241  -34.879  -68.587  25.764 0.1000000015
134100  -34.671  -68.682  24.899 0.1000000015
13257  -46.865  -82.625  20.062 0.4000000060
146909  -46.556  -81.929  20.586 0.4000000060
14035  -46.797  -81.773  19.443 0.5000000000
14022  -46.842  -82.055  20.087 0.6000000238
13256  -46.237  -82.764  20.370 0.5000000000
12477  -46.577  -83.335  19.813 0.5000000000
144397  -44.785  -85.048  19.298 0.5000000000
10969  -44.824  -85.961  18.996 0.5000000000
152830  -43.964  -88.245  18.477 0.3000000119
9616  -43.314  -89.030  17.039 0.5000000000
11699  -45.446  -84.269  19.510 0.5000000000
146998  -42.423  -87.765  18.349 0.5000000000
14050  -47.140  -81.699  18.382 0.4000000060
11011  -44.120  -84.995  14.748 0.4000000060
11759  -44.966  -84.432  14.210 0.4000000060
14815  -45.980  -80.121  21.420 0.5000000000
14065  -46.738  -81.276  17.813 0.3000000119
13268  -47.436  -82.367  18.418 0.4000000060
153173  -47.034  -83.299  19.008 0.6000000238
136171  -46.003  -80.983  17.179 0.4000000060
11725  -45.919  -84.524  18.372 0.6000000238
11717  -46.049  -84.413  19.032 0.6000000238
11700  -46.066  -84.032  19.414 0.6000000238
156881  -46.007  -83.634  19.872 0.6000000238
10970  -45.394  -85.314  18.819 0.5000000000
10246  -44.480  -86.915  18.630 0.5000000000
12508  -47.741  -82.549  17.484 0.5000000000
11726  -46.708  -83.652  17.750 0.5000000000
140740  -45.170  -85.859  18.201 0.5000000000
10977  -45.370  -85.461  18.460 0.5000000000
10976  -45.016  -86.140  18.607 0.5000000000
13277  -47.830  -82.159  17.648 0.5000000000
152948  -46.772  -83.508  16.578 0.5000000000
138130  -45.421  -84.311  16.371 0.4000000060
14883  -47.644  -80.535  16.150 0.4000000060
14068  -48.627  -81.405  16.442 0.5000000000
12517  -47.876  -82.644  16.601 0.5000000000
137511  -48.270  -82.317  16.182 0.5000000000
11743  -45.201  -84.245  15.106 0.4000000060
11744  -45.902  -83.768  15.277 0.4000000060
12543  -47.496  -82.758  14.958 0.4000000060
13301  -48.267  -82.306  15.399 0.4000000060
15584  -45.406  -79.075  21.460 0.5000000000
14814  -45.708  -80.259  21.604 0.4000000060
11698  -44.606  -84.137  19.446 0.5000000000
13255  -45.348  -82.302  20.580 0.5000000000
16457  -41.947  -78.165  15.093 0.2000000030
15645  -44.264  -80.085  15.362 0.4000000060
15656  -43.849  -79.435  15.023 0.3000000119
142332  -43.598  -78.671  14.744 0.3000000119
15658  -45.870  -79.608  14.665 0.3000000119
14893  -46.738  -80.163  15.225 0.3000000119
14884  -48.650  -80.643  16.072 0.3000000119
14885  -48.959  -80.654  15.770 0.3000000119
13302  -48.796  -81.701  15.465 0.3000000119
14886  -49.150  -80.517  15.413 0.2000000030
13332  -47.968  -82.161  14.202 0.3000000119
14099  -48.018  -81.719  13.648 0.2000000030
13331  -47.214  -82.295  14.092 0.2000000030
14101  -49.112  -81.038  13.835 0.2000000030
15686  -47.240  -79.957  12.258 0.1000000015
15570  -45.290  -79.141  21.729 0.5000000000
14008  -44.157  -81.257  20.919 0.4000000060
15607  -42.565  -78.604  19.080 0.5000000000
17249  -40.352  -77.964  17.990 0.4000000060
16441  -40.713  -78.190  15.937 0.3000000119
17278  -41.939  -77.342  14.779 0.1000000015
154456  -40.558  -77.059  15.180 0.1000000015
15660  -48.954  -79.867  15.063 0.2000000030
154943  -46.441  -78.106  13.931 0.2000000030
15647  -49.099  -80.263  15.277 0.2000000030
16476  -48.237  -78.667  14.017 0.1000000015
15661  -49.176  -79.755  14.698 0.1000000015
15648  -49.262  -80.172  14.935 0.2000000030
16465  -49.248  -79.345  14.223 0.1000000015
14925  -49.351  -80.018  13.530 0.1000000015
14906  -49.334  -80.481  14.220 0.1000000015
14924  -49.099  -80.634  13.364 0.1000000015
14119  -47.571  -81.321  13.218 0.1000000015
16478  -49.484  -78.760  13.729 0.1000000015
14923  -48.000  -80.638  12.590 0.1000000015
15706  -48.948  -79.465  12.027 0.1000000015
14005  -40.917  -81.064  20.133 0.3000000119
15582  -42.773  -79.295  21.738 0.3000000119
14812  -43.173  -79.824  21.591 0.3000000119
14006  -41.720  -80.759  20.491 0.3000000119
14796  -44.308  -79.669  21.909 0.3000000119
15569  -44.807  -78.967  21.933 0.3000000119
130658  -43.904  -77.800  21.234 0.4000000060
16376  -44.290  -78.354  21.800 0.4000000060
16395  -43.271  -77.890  20.328 0.4000000060
18085  -38.513  -76.397  16.698 0.3000000119
132933  -39.913  -76.873  15.441 0.2000000030
18106  -42.160  -76.454  14.596 0.1000000015
156901  -44.261  -76.616  14.364 0.2000000030
17283  -46.298  -77.243  13.864 0.1000000015
136214  -49.430  -78.411  13.639 0.1000000015
149352  -49.702  -78.112  13.488 0.1000000015
16516  -49.488  -78.788  12.152 0.1000000015
15580  -40.697  -79.393  20.970 0.2000000030
14824  -40.042  -81.033  20.076 0.2000000030
18065  -39.070  -76.069  19.180 0.3000000119
19635  -40.938  -74.495  14.574 0.1000000015
18862  -41.411  -74.954  14.537 0.1000000015
149614  -41.502  -75.761  14.586 0.1000000015
18863  -42.917  -75.393  14.582 0.1000000015
17293  -50.090  -77.481  13.152 0.1000000015
17218  -39.543  -77.804  21.407 0.2000000030
156511  -40.050  -78.096  21.435 0.2000000030
16373  -40.850  -77.956  21.755 0.2000000030
130318  -41.481  -75.842  21.060 0.3000000119
19590  -37.907  -75.093  19.463 0.3000000119
19591  -38.507  -74.979  20.181 0.3000000119
18851  -38.997  -75.447  15.362 0.1000000015
20402  -40.513  -74.005  14.621 0.1000000015
20390  -41.290  -73.273  14.704 0.1000000015
21134  -41.074  -72.733  14.863 0.1000000015
21149  -41.776  -72.899  14.790 0.1000000015
19637  -42.446  -74.109  14.616 0.1000000015
20405  -42.598  -73.206  14.686 0.1000000015
21941  -42.757  -71.444  14.642 0.1000000015
22720  -42.174  -70.881  14.859 0.1000000015
22736  -43.581  -70.278  14.109 0.1000000015
140284  -44.466  -75.617  14.390 0.1000000015
18866  -46.046  -75.882  13.909 0.1000000015
18123  -50.478  -76.654  12.933 0.1000000015
18036  -40.183  -75.879  23.313 0.2000000030
18049  -40.294  -76.589  22.652 0.2000000030
146601  -38.739  -74.760  24.092 0.3000000119
18810  -40.191  -75.208  20.889 0.3000000119
19588  -39.953  -74.677  21.490 0.3000000119
19570  -40.745  -74.545  22.630 0.3000000119
156969  -41.273  -74.872  22.996 0.3000000119
18791  -41.805  -75.424  22.815 0.3000000119
155148  -37.991  -74.196  20.911 0.3000000119
19610  -37.397  -74.538  16.460 0.2000000030
144960  -38.952  -74.042  15.017 0.1000000015
20386  -38.131  -73.223  15.556 0.2000000030
20388  -39.741  -73.827  14.755 0.1000000015
20407  -44.478  -73.347  14.207 0.1000000015
21955  -44.402  -71.665  13.964 0.1000000015
20408  -45.207  -73.877  13.998 0.1000000015
18768  -37.717  -75.306  23.274 0.3000000119
19549  -39.955  -73.937  24.110 0.3000000119
19556  -40.251  -74.035  23.726 0.3000000119
136467  -40.382  -74.146  23.285 0.3000000119
20344  -37.605  -73.758  21.286 0.3000000119
20379  -37.432  -73.280  16.058 0.2000000030
18766  -35.750  -75.347  23.609 0.1000000015
135479  -37.104  -73.705  25.144 0.2000000030
19533  -39.331  -73.475  24.308 0.3000000119
21100  -35.597  -72.535  19.915 0.1000000015
20291  -38.415  -73.171  25.014 0.3000000119
141519  -36.653  -72.375  23.282 0.2000000030
21828  -35.746  -71.946  23.119 0.2000000030
21070  -35.671  -72.362  21.599 0.1000000015
21046  -38.107  -72.551  24.622 0.3000000119
147847  -36.224  -72.168  25.981 0.2000000030
22578  -35.398  -70.938  25.628 0.1000000015
8993  -42.838  -89.743  16.724 0.3000000119
152360  -41.680  -90.936  16.499 0.3000000119
8285  -42.226  -90.166  16.921 0.3000000119
6910  -38.680  -93.224  13.529 0.2000000030
6930  -37.716  -93.205  12.791 0.2000000030
147414  -41.155  -91.289  16.497 0.4000000060
7609  -40.924  -92.230  15.623 0.3000000119
7620  -39.850  -92.559  14.969 0.3000000119
143004  -43.103  -88.967  16.261 0.4000000060
152238  -41.733  -91.466  15.960 0.4000000060
6902  -39.965  -93.488  14.650 0.3000000119
6197  -39.175  -94.143  13.638 0.2000000030
9000  -42.766  -89.542  15.724 0.4000000060
8310  -42.314  -90.665  15.780 0.4000000060
6895  -40.967  -92.588  15.164 0.4000000060
7622  -41.618  -91.754  14.445 0.4000000060
6903  -40.488  -93.152  14.659 0.3000000119
5500  -39.228  -94.235  13.152 0.3000000119
8999  -42.336  -89.696  14.742 0.4000000060
8324  -42.067  -90.956  14.841 0.4000000060
7621  -41.218  -92.366  14.010 0.3000000119
6198  -39.681  -94.033  13.634 0.4000000060
9635  -42.779  -87.942  15.379 0.4000000060
8339  -41.779  -90.559  13.513 0.4000000060
6932  -40.787  -92.477  12.292 0.3000000119
10268  -43.071  -86.720  15.568 0.4000000060
153177  -42.049  -88.747  13.957 0.4000000060
9007  -41.965  -89.590  13.757 0.4000000060
7629  -41.554  -91.356  13.341 0.4000000060
10280  -42.197  -87.194  14.333 0.4000000060
7628  -41.214  -91.691  12.642 0.3000000119
10281  -42.583  -86.610  14.797 0.4000000060
143124  -41.591  -88.350  13.189 0.4000000060
130583  -41.337  -90.423  12.387 0.4000000060
9646  -41.841  -87.706  13.712 0.4000000060
9021  -41.419  -89.237  12.640 0.4000000060
152488  -41.046  -90.808  11.788 0.3000000119
9020  -40.912  -88.516  11.821 0.4000000060
8338  -40.940  -89.354  11.718 0.4000000060
8348  -40.867  -90.024  11.421 0.3000000119
7651  -40.427  -91.347  10.794 0.2000000030
10297  -42.380  -86.080  13.924 0.3000000119
9661  -41.385  -87.215  12.851 0.4000000060
145679  -41.784  -86.631  13.410 0.4000000060
153795  -40.640  -89.236  10.975 0.4000000060
130262  -40.675  -90.572  11.068 0.2000000030
7650  -40.276  -90.247  10.228 0.2000000030
7661  -39.848  -91.216  9.868 0.3000000119
11024  -43.100  -85.488  13.308 0.3000000119
11023  -42.385  -85.868  12.899 0.3000000119
10308  -41.714  -86.329  12.411 0.3000000119
9037  -40.671  -88.444  11.026 0.3000000119
8370  -40.281  -89.105  9.691 0.2000000030
8358  -40.512  -89.621  10.591 0.2000000030
8369  -39.869  -89.710  9.309 0.2000000030
6951  -38.446  -91.171  8.593 0.2000000030
11025  -44.052  -85.065  13.056 0.3000000119
9678  -40.852  -87.604  11.363 0.4000000060
9051  -40.563  -88.476  10.072 0.1000000015
11041  -42.671  -85.814  11.890 0.3000000119
10327  -42.064  -86.282  11.316 0.2000000030
9694  -41.095  -87.476  10.242 0.2000000030
7665  -38.641  -90.371  8.156 0.2000000030
10345  -43.114  -86.073  10.394 0.2000000030
145322  -42.236  -86.469  10.467 0.2000000030
9695  -41.909  -87.147  9.442 0.1000000015
9067  -40.853  -88.316  9.053 0.1000000015
8376  -39.777  -89.389  8.402 0.1000000015
8375  -39.176  -89.802  7.952 0.1000000015
11044  -44.644  -84.642  12.928 0.2000000030
11042  -43.574  -85.362  12.249 0.3000000119
152109  -43.142  -85.883  11.034 0.3000000119
11796  -44.739  -84.303  12.180 0.1000000015
11043  -44.410  -84.895  12.161 0.3000000119
140210  -43.876  -85.501  10.339 0.2000000030
10344  -41.976  -86.758  9.966 0.1000000015
8377  -40.596  -88.934  7.955 0.1000000015
140279  -44.241  -85.054  11.454 0.2000000030
11062  -44.349  -84.886  10.550 0.2000000030
11076  -43.866  -85.610  9.529 0.1000000015
133761  -43.032  -86.272  9.655 0.1000000015
9709  -42.510  -87.194  8.624 0.1000000015
9713  -41.913  -87.862  8.412 0.1000000015
8382  -40.008  -89.444  7.591 0.1000000015
7682  -38.829  -90.472  6.663 0.1000000015
11795  -44.523  -84.584  11.298 0.1000000015
10366  -43.458  -86.460  8.088 0.1000000015
9075  -42.358  -88.211  7.586 0.1000000015
9080  -41.624  -88.796  7.477 0.1000000015
8383  -41.134  -89.332  7.106 0.1000000015
7683  -39.820  -90.425  6.299 0.1000000015
6970  -38.316  -91.046  6.081 0.1000000015
10356  -43.737  -85.728  8.546 0.1000000015
9720  -43.131  -87.842  6.931 0.1000000015
9081  -42.427  -88.691  6.859 0.1000000015
7695  -40.197  -90.847  5.459 0.1000000015
6980  -38.826  -91.661  5.212 0.1000000015
9086  -42.521  -88.913  5.937 0.1000000015
147651  -35.774  -71.987  17.898 0.2000000030
12559  -45.070  -83.862  12.815 0.1000000015
11819  -44.798  -84.093  11.156 0.1000000015
11090  -44.146  -85.098  8.958 0.1000000015
11818  -44.607  -84.346  10.597 0.1000000015
10367  -43.611  -86.210  7.249 0.1000000015
8389  -40.400  -89.863  6.740 0.1000000015
154836  -41.831  -89.080  7.006 0.1000000015
9715  -43.553  -87.011  6.858 0.1000000015
8299  -42.417  -90.372  16.448 0.4000000060
6187  -39.464  -93.754  14.163 0.3000000119
7610  -41.364  -91.980  15.582 0.3000000119
6188  -39.677  -93.857  14.116 0.3000000119
6912  -40.805  -92.949  13.529 0.3000000119
9634  -42.374  -88.478  14.609 0.4000000060
9660  -41.116  -87.904  12.310 0.4000000060
10307  -41.141  -86.857  11.892 0.3000000119
7660  -39.239  -90.398  8.783 0.2000000030
9066  -40.313  -88.846  8.774 0.1000000015
10326  -41.426  -86.822  10.881 0.4000000060
9708  -41.393  -87.707  9.288 0.1000000015
7672  -38.638  -90.310  7.520 0.1000000015
11061  -43.725  -85.435  11.217 0.3000000119
10355  -42.845  -86.637  9.058 0.1000000015
9074  -41.220  -88.455  8.241 0.1000000015
7673  -39.425  -89.981  7.163 0.1000000015
11077  -44.297  -84.984  9.614 0.1000000015
7694  -39.294  -90.983  5.748 0.1000000015
9714  -43.175  -87.298  7.628 0.1000000015
157000  -43.676  -85.842  7.811 0.1000000015
11842  -44.359  -84.319  9.874 0.1000000015
10251  -40.857  -86.648  17.461 0.3000000119
10260  -40.525  -87.299  17.076 0.2000000030
9614  -40.145  -87.858  16.677 0.3000000119
8978  -40.492  -88.867  16.903 0.2000000030
10975  -41.279  -86.021  17.813 0.2000000030
9625  -39.842  -88.488  16.289 0.2000000030
10966  -42.205  -86.641  18.370 0.4000000060
9615  -40.937  -88.435  17.230 0.2000000030
8992  -40.488  -89.697  16.712 0.2000000030
8998  -38.977  -88.676  14.792 0.1000000015
139368  -39.713  -89.423  15.772 0.2000000030
9006  -39.282  -89.766  14.794 0.1000000015
8965  -41.864  -88.947  17.615 0.3000000119
9005  -38.682  -88.841  13.911 0.1000000015
8322  -38.946  -89.994  13.813 0.1000000015
7619  -39.157  -91.389  14.005 0.1000000015
9036  -38.212  -89.386  12.079 0.1000000015
8337  -38.659  -90.234  12.874 0.1000000015
145844  -37.787  -90.614  11.753 0.1000000015
8347  -38.263  -90.455  12.161 0.1000000015
146538  -42.366  -88.528  18.050 0.3000000119
8309  -39.987  -90.914  15.770 0.2000000030
8323  -39.594  -91.120  14.860 0.2000000030
7636  -38.090  -91.667  12.482 0.1000000015
8357  -37.254  -90.187  11.232 0.1000000015
8966  -42.800  -89.090  17.933 0.2000000030
8980  -42.139  -89.695  17.383 0.3000000119
8297  -40.592  -90.731  16.420 0.2000000030
7627  -38.697  -91.590  13.155 0.1000000015
7649  -36.701  -90.669  11.152 0.1000000015
7635  -37.273  -91.510  11.812 0.1000000015
8284  -41.713  -90.346  17.042 0.3000000119
7598  -40.790  -91.661  16.123 0.3000000119
9607  -43.505  -88.654  18.265 0.2000000030
6911  -39.331  -92.896  14.249 0.2000000030
135726  -35.979  -92.943  11.902 0.1000000015
8981  -42.741  -89.413  17.342 0.2000000030
136991  -37.155  -94.019  12.563 0.1000000015
6196  -38.446  -94.106  13.225 0.1000000015
8967  -43.455  -88.927  17.820 0.2000000030
5514  -38.552  -94.403  12.826 0.1000000015
6217  -37.826  -94.412  12.815 0.1000000015
5530  -39.118  -94.409  12.314 0.1000000015
6214  -34.448  -93.246  11.158 0.1000000015
6216  -36.376  -94.027  12.173 0.1000000015
141759  -37.254  -94.633  12.312 0.1000000015
5513  -37.833  -94.721  12.366 0.1000000015
6219  -40.298  -93.457  13.070 0.3000000119
5527  -36.416  -94.962  11.075 0.1000000015
9606  -42.929  -88.561  18.359 0.3000000119
10252  -41.614  -86.980  17.970 0.3000000119
9605  -41.500  -87.811  17.687 0.2000000030
8298  -41.180  -90.622  16.884 0.3000000119
6929  -36.725  -92.943  12.229 0.1000000015
7608  -40.389  -92.070  15.552 0.2000000030
8979  -41.255  -89.645  17.220 0.3000000119
6215  -35.531  -93.411  11.727 0.1000000015
151049  -35.108  -93.590  11.458 0.1000000015
5512  -36.668  -94.710  11.878 0.1000000015
6927  -34.834  -92.849  11.367 0.1000000015
6218  -39.753  -93.962  12.659 0.2000000030
5569  -37.096  -94.078  9.300 0.1000000015
5568  -36.540  -94.373  9.475 0.1000000015
146346  -35.796  -93.376  8.372 0.1000000015
6230  -39.027  -94.231  11.216 0.2000000030
6239  -37.880  -93.928  9.607 0.2000000030
6252  -36.507  -93.490  8.655 0.2000000030
6262  -35.232  -92.724  7.877 0.1000000015
6253  -37.411  -93.052  8.763 0.2000000030
6254  -38.288  -92.554  9.021 0.1000000015
6231  -39.718  -93.687  11.556 0.2000000030
6240  -38.911  -93.421  9.991 0.1000000015
6263  -36.098  -92.510  7.856 0.1000000015
6949  -36.896  -92.174  8.069 0.1000000015
6931  -40.279  -93.061  11.906 0.2000000030
6241  -39.553  -93.328  10.645 0.2000000030
6950  -37.683  -91.710  8.331 0.1000000015
6947  -39.584  -92.501  10.056 0.1000000015
6942  -40.081  -92.495  10.805 0.2000000030
6943  -40.533  -92.138  11.415 0.2000000030
6946  -39.093  -91.869  9.344 0.1000000015
7671  -37.318  -91.211  7.612 0.1000000015
5548  -38.159  -94.689  10.799 0.1000000015
10259  -39.787  -86.838  16.523 0.1000000015
14015  -39.761  -81.680  19.494 0.1000000015
18804  -37.623  -75.937  22.384 0.1000000015
15578  -38.583  -79.360  20.547 0.1000000015
17207  -39.402  -77.151  21.744 0.1000000015
18047  -38.305  -76.298  22.155 0.1000000015
16383  -38.187  -78.555  20.688 0.1000000015
17217  -38.726  -77.799  21.124 0.1000000015
11714  -41.237  -84.360  18.121 0.2000000030
14016  -40.528  -81.604  19.653 0.1000000015
16384  -39.271  -78.550  20.942 0.1000000015
17206  -38.324  -76.974  21.453 0.1000000015
143005  -37.485  -76.556  21.629 0.1000000015
11724  -40.876  -85.022  17.756 0.1000000015
10974  -40.341  -85.584  17.330 0.1000000015
19516  -35.730  -73.648  25.732 0.1000000015
19530  -36.088  -74.100  25.052 0.1000000015
18744  -34.652  -75.206  25.499 0.1000000015
20289  -36.843  -73.217  25.473 0.1000000015
19504  -34.594  -74.086  26.781 0.1000000015
154609  -34.478  -74.886  26.561 0.1000000015
18741  -34.475  -75.362  26.121 0.1000000015
20270  -35.102  -73.643  26.259 0.1000000015
19515  -34.796  -74.472  25.946 0.1000000015
17984  -34.462  -76.039  25.658 0.1000000015
20261  -35.697  -72.847  26.228 0.1000000015
18731  -34.743  -75.900  27.751 0.1000000015
20256  -34.523  -73.365  27.379 0.1000000015
19493  -34.470  -74.208  27.709 0.1000000015
153070  -34.445  -74.965  27.309 0.1000000015
20260  -34.971  -73.086  26.703 0.1000000015
17977  -34.626  -76.408  26.972 0.1000000015
20999  -35.466  -72.112  26.435 0.1000000015
19489  -34.949  -74.756  28.924 0.1000000015
18717  -34.642  -74.973  28.144 0.1000000015
20252  -34.415  -73.470  28.255 0.1000000015
20998  -34.711  -72.486  27.139 0.1000000015
21798  -36.040  -71.593  25.708 0.1000000015
21119  -36.503  -72.635  16.940 0.1000000015
21130  -37.790  -72.517  15.851 0.1000000015
20990  -34.413  -71.985  27.674 0.1000000015
21888  -35.508  -71.695  18.519 0.1000000015
21896  -36.251  -71.802  17.297 0.1000000015
21922  -38.856  -71.719  15.633 0.1000000015
21921  -38.183  -71.925  15.788 0.1000000015
150200  -34.580  -74.275  28.404 0.1000000015
18718  -35.158  -75.596  28.665 0.1000000015
18752  -35.447  -74.959  24.412 0.1000000015
21120  -37.104  -72.593  16.364 0.1000000015
19529  -35.139  -74.632  25.168 0.1000000015
18751  -34.718  -75.617  24.822 0.1000000015
137037  -34.380  -72.766  27.777 0.1000000015
21905  -36.792  -72.008  16.675 0.1000000015
21131  -38.559  -72.467  15.498 0.1000000015
13330  -45.887  -82.967  13.796 0.1000000015
147772  -46.572  -82.527  13.988 0.1000000015
11731  -38.576  -84.347  16.531 0.1000000015
11742  -38.401  -85.057  15.917 0.1000000015
131556  -38.905  -85.713  16.107 0.1000000015
11730  -38.041  -84.268  16.022 0.1000000015
10991  -37.898  -85.344  15.250 0.1000000015
10981  -39.106  -85.141  16.578 0.1000000015
12515  -37.933  -83.545  16.522 0.1000000015
12504  -38.753  -83.688  17.227 0.1000000015
11722  -39.123  -84.440  16.998 0.1000000015
12526  -36.766  -83.416  15.418 0.1000000015
12514  -37.127  -83.087  16.055 0.1000000015
13286  -36.602  -82.406  16.307 0.1000000015
13287  -37.384  -82.691  16.779 0.1000000015
10210  -34.482  -86.447  22.362 0.1000000015
10934  -33.879  -86.039  22.100 0.1000000015
10952  -32.214  -85.964  19.887 0.1000000015
10233  -32.210  -86.330  18.844 0.1000000015
10965  -31.783  -85.484  18.474 0.1000000015
11721  -31.596  -84.552  17.180 0.1000000015
152616  -39.702  -85.567  16.888 0.1000000015
10973  -31.742  -85.394  17.490 0.1000000015
12502  -31.665  -83.786  17.669 0.1000000015
13300  -36.461  -82.803  15.705 0.1000000015
13299  -35.751  -82.278  15.732 0.1000000015
10267  -39.437  -87.354  16.095 0.1000000015
11729  -31.527  -84.375  16.281 0.1000000015
12513  -31.789  -83.432  16.219 0.1000000015
13296  -32.988  -82.412  15.061 0.1000000015
13310  -35.244  -82.613  14.951 0.1000000015
13298  -34.807  -82.058  15.454 0.1000000015
141221  -31.464  -84.949  15.934 0.1000000015
12538  -32.277  -82.926  14.688 0.1000000015
13297  -33.862  -82.050  15.400 0.1000000015
14062  -35.121  -81.707  16.195 0.1000000015
152817  -33.543  -86.227  21.615 0.1000000015
10208  -33.028  -86.032  21.207 0.1000000015
154793  -31.934  -85.025  20.049 0.1000000015
12505  -39.589  -84.115  17.530 0.1000000015
11723  -39.643  -84.921  17.132 0.1000000015
153142  -31.901  -85.523  19.298 0.1000000015
11713  -31.580  -84.542  18.220 0.1000000015
11697  -31.687  -84.814  19.134 0.1000000015
10982  -39.458  -85.967  16.481 0.1000000015
13284  -32.359  -82.657  16.592 0.1000000015
13285  -33.084  -82.111  16.059 0.1000000015
14063  -35.992  -81.776  16.616 0.1000000015
14074  -33.870  -81.763  16.138 0.1000000015
14075  -34.410  -81.775  15.947 0.1000000015
10922  -33.611  -85.363  22.287 0.1000000015
10933  -33.311  -85.668  21.735 0.1000000015
11674  -33.947  -85.103  22.945 0.1000000015
11665  -34.263  -84.825  23.674 0.1000000015
13276  -39.275  -83.419  17.808 0.1000000015
10932  -32.810  -85.419  21.296 0.1000000015
130187  -32.366  -84.848  20.941 0.1000000015
12503  -38.123  -82.932  17.289 0.1000000015
149393  -40.140  -84.745  17.513 0.1000000015
141843  -31.641  -84.131  18.968 0.1000000015
13271  -32.020  -83.081  17.984 0.1000000015
13283  -31.955  -83.224  17.147 0.1000000015
13272  -32.397  -82.596  17.467 0.1000000015
14061  -34.416  -81.489  16.675 0.1000000015
14059  -32.896  -82.121  17.044 0.1000000015
14060  -33.576  -81.714  16.786 0.1000000015
11664  -33.589  -84.274  23.274 0.1000000015
13275  -38.750  -82.950  17.848 0.1000000015
11673  -33.325  -84.564  22.513 0.1000000015
12420  -33.850  -84.036  24.082 0.1000000015
12408  -34.172  -83.693  24.849 0.1000000015
13274  -37.615  -82.274  17.532 0.1000000015
142431  -38.241  -82.465  17.883 0.1000000015
11680  -32.402  -84.026  21.285 0.1000000015
11688  -32.037  -84.141  20.462 0.1000000015
14046  -35.330  -81.348  17.041 0.1000000015
13273  -36.840  -81.990  17.095 0.1000000015
11687  -31.770  -84.182  19.663 0.1000000015
14045  -33.941  -81.365  17.322 0.1000000015
12491  -31.745  -83.637  18.498 0.1000000015
13260  -32.468  -82.442  18.236 0.1000000015
14043  -32.825  -82.134  17.763 0.1000000015
149072  -33.058  -83.684  22.781 0.1000000015
14048  -37.166  -81.641  17.915 0.1000000015
12506  -40.395  -84.188  17.878 0.1000000015
14853  -34.638  -81.115  17.536 0.1000000015
14047  -36.232  -81.365  17.584 0.1000000015
143315  -32.550  -82.245  18.878 0.1000000015
12457  -31.992  -83.468  19.977 0.1000000015
12473  -31.847  -83.531  19.254 0.1000000015
13259  -32.137  -82.891  18.843 0.1000000015
13261  -37.940  -81.925  18.253 0.1000000015
12433  -32.755  -83.910  22.066 0.1000000015
14854  -35.449  -80.996  17.877 0.1000000015
14026  -33.039  -81.783  18.439 0.1000000015
14028  -33.914  -81.156  18.159 0.1000000015
12458  -32.205  -83.318  20.749 0.1000000015
13251  -32.421  -82.418  19.506 0.1000000015
14011  -32.858  -81.781  19.365 0.1000000015
150809  -32.109  -82.991  19.544 0.1000000015
14030  -37.535  -81.367  18.711 0.1000000015
14838  -35.561  -80.713  18.646 0.1000000015
14855  -36.056  -80.958  18.287 0.1000000015
155790  -32.694  -83.208  22.324 0.1000000015
14836  -34.369  -80.760  18.977 0.1000000015
14027  -33.552  -81.230  19.114 0.1000000015
13240  -32.249  -82.739  20.161 0.1000000015
14013  -37.921  -81.049  19.422 0.1000000015
14839  -36.323  -80.709  18.946 0.1000000015
156065  -35.062  -80.549  18.981 0.1000000015
12434  -32.851  -82.849  22.872 0.1000000015
13241  -32.386  -82.506  20.931 0.1000000015
145707  -37.553  -80.478  19.802 0.1000000015
12447  -32.444  -83.106  21.605 0.1000000015
11654  -34.579  -84.505  24.477 0.1000000015
13169  -36.081  -82.821  26.164 0.1000000015
12389  -34.610  -83.145  25.481 0.1000000015
12409  -34.955  -84.080  25.257 0.1000000015
135468  -31.647  -83.856  16.911 0.1000000015
132379  -31.477  -83.958  15.635 0.1000000015
13295  -32.321  -82.748  15.619 0.1000000015
13308  -33.623  -82.510  14.639 0.1000000015
13309  -34.429  -82.434  14.796 0.1000000015
12539  -34.811  -82.979  14.328 0.1000000015
10940  -32.451  -85.617  20.672 0.1000000015
11681  -32.925  -84.853  21.759 0.1000000015
14044  -33.353  -81.703  17.584 0.1000000015
14029  -36.741  -81.137  18.438 0.1000000015
14837  -34.827  -80.797  18.331 0.1000000015
14840  -37.133  -80.840  19.172 0.1000000015
12390  -35.520  -83.456  25.760 0.1000000015
2943  -32.482  -99.016  7.334 0.1000000015
2511  -32.514  -99.277  8.340 0.1000000015
148612  -28.748  -96.863  3.169 0.1000000015
3449  -29.890  -97.912  3.627 0.1000000015
3437  -30.544  -98.313  4.281 0.1000000015
133325  -31.683  -98.912  6.222 0.1000000015
3946  -28.617  -96.912  2.353 0.1000000015
149481  -27.943  -95.768  0.927 0.1000000015
137820  -28.101  -94.648  0.673 0.1000000015
2944  -32.899  -98.431  7.778 0.1000000015
2931  -32.933  -98.582  8.730 0.1000000015
2920  -33.041  -98.697  9.489 0.1000000015
137984  -32.898  -98.298  6.812 0.1000000015
3438  -31.350  -98.688  4.691 0.1000000015
2982  -32.219  -98.641  5.625 0.1000000015
2963  -32.310  -98.765  6.456 0.1000000015
2494  -32.774  -99.247  9.302 0.1000000015
3935  -29.301  -97.525  2.875 0.1000000015
2981  -31.548  -98.723  5.548 0.1000000015
3426  -30.246  -98.069  5.314 0.1000000015
149577  -28.460  -96.889  0.774 0.1000000015
4485  -28.585  -96.657  0.088 0.1000000015
138077  -28.329  -95.575  0.086 0.1000000015
5509  -30.373  -93.071  11.831 0.1000000015
148963  -30.173  -95.688  12.180 0.1000000015
4904  -30.333  -93.603  11.191 0.1000000015
3387  -33.010  -97.937  8.193 0.1000000015
3376  -32.213  -97.691  9.587 0.1000000015
3366  -31.965  -97.627  10.769 0.1000000015
3869  -30.710  -96.774  10.636 0.1000000015
3856  -30.252  -96.253  11.454 0.1000000015
3403  -33.004  -97.726  7.245 0.1000000015
3416  -33.145  -97.615  6.333 0.1000000015
3377  -32.846  -98.410  10.192 0.1000000015
2991  -32.140  -98.606  4.830 0.1000000015
2964  -32.845  -98.292  5.908 0.1000000015
135863  -28.912  -97.527  1.206 0.1000000015
5521  -30.753  -92.950  11.250 0.1000000015
4892  -30.112  -94.709  12.426 0.1000000015
6212  -30.640  -92.474  11.322 0.1000000015
3375  -31.263  -97.165  9.926 0.1000000015
3877  -30.468  -96.498  9.636 0.1000000015
3876  -29.896  -95.836  10.399 0.1000000015
3385  -31.288  -97.052  9.087 0.1000000015
3386  -32.366  -97.536  8.615 0.1000000015
3439  -32.066  -98.670  3.956 0.1000000015
3450  -30.839  -98.721  3.136 0.1000000015
3462  -30.248  -98.394  2.445 0.1000000015
3947  -29.565  -98.007  1.817 0.1000000015
3428  -33.121  -97.682  5.352 0.1000000015
4893  -30.175  -93.756  12.155 0.1000000015
4383  -29.877  -95.319  11.361 0.1000000015
3440  -32.635  -98.196  4.506 0.1000000015
3402  -32.551  -97.248  7.721 0.1000000015
3903  -32.782  -96.834  6.816 0.1000000015
4886  -29.884  -93.898  13.022 0.1000000015
4426  -32.193  -95.552  5.484 0.1000000015
142604  -31.432  -94.711  5.320 0.1000000015
140401  -29.690  -94.954  10.487 0.1000000015
3884  -31.514  -96.779  8.239 0.1000000015
4406  -31.923  -95.939  6.803 0.1000000015
3893  -30.821  -96.036  7.928 0.1000000015
3902  -32.603  -96.185  6.117 0.1000000015
4415  -31.860  -95.506  6.235 0.1000000015
135706  -30.159  -95.447  8.402 0.1000000015
153891  -29.704  -95.263  9.942 0.1000000015
4395  -29.899  -95.569  9.336 0.1000000015
150050  -30.080  -94.660  8.118 0.1000000015
3894  -31.813  -96.413  7.480 0.1000000015
4951  -31.821  -95.211  4.646 0.1000000015
4414  -30.991  -95.161  6.823 0.1000000015
2532  -31.547  -99.373  7.046 0.1000000015
3353  -31.164  -97.085  11.665 0.1000000015
3427  -30.834  -98.634  5.621 0.1000000015
3883  -30.543  -96.301  8.715 0.1000000015
4405  -30.475  -95.275  7.644 0.1000000015
4941  -31.330  -94.824  6.025 0.1000000015
5655  -36.097  -93.675  0.712 0.1000000015
6189  -40.117  -93.700  14.171 0.3000000119
6894  -40.504  -92.774  15.103 0.3000000119
6979  -37.902  -91.678  5.430 0.1000000015
7025  -33.514  -91.737  2.652 0.1000000015
7599  -41.281  -91.663  16.048 0.3000000119
7637  -40.826  -91.467  11.619 0.2000000030
7685  -41.363  -90.092  5.651 0.2000000030
8384  -41.913  -89.304  6.534 0.1000000015
8402  -42.019  -89.176  4.529 0.2000000030
9111  -41.506  -89.017  3.982 0.2000000030
9599  -43.369  -88.130  18.604 0.5000000000
9732  -40.451  -86.869  5.744 0.1000000015
9753  -33.794  -86.769  4.379 0.1000000015
9754  -34.185  -87.246  4.519 0.1000000015
10220  -32.759  -86.403  20.536 0.1000000015
10253  -44.348  -87.764  18.348 0.3000000119
11106  -43.575  -85.334  7.652 0.1000000015
11111  -33.655  -85.183  6.943 0.1000000015
11123  -33.448  -85.338  5.668 0.1000000015
11761  -46.267  -83.391  14.818 0.4000000060
11895  -33.658  -85.007  4.529 0.1000000015
11908  -36.373  -83.916  3.416 0.1000000015
11922  -34.471  -85.471  3.037 0.1000000015
11956  -39.108  -84.726  0.978 0.1000000015
12638  -36.658  -82.869  3.782 0.1000000015
13312  -47.897  -82.405  14.684 0.4000000060
14084  -49.072  -81.415  14.982 0.3000000119
14085  -49.256  -81.037  14.507 0.2000000030
14182  -34.942  -81.318  5.210 0.1000000015
14968  -35.419  -80.599  4.881 0.1000000015
14978  -36.766  -80.867  4.027 0.1000000015
15774  -38.388  -79.242  3.395 0.1000000015
16564  -34.367  -78.246  6.261 0.1000000015
18038  -42.203  -75.930  22.778 0.2000000030
18228  -38.023  -76.587  4.147 0.1000000015
19020  -38.832  -75.355  3.078 0.1000000015
20511  -35.048  -73.755  5.709 0.1000000015
21249  -35.162  -72.347  4.447 0.1000000015
134501  -32.919  -98.152  9.121 0.1000000015
135768  -31.375  -98.784  3.724 0.1000000015
137857  -38.733  -92.040  2.325 0.1000000015
138009  -40.891  -72.165  15.118 0.1000000015
143598  -38.440  -73.841  15.344 0.2000000030
143812  -40.099  -82.003  2.402 0.1000000015
146243  -41.052  -76.438  2.063 0.1000000015
147037  -36.099  -80.773  4.459 0.1000000015
148103  -35.333  -93.382  -1.840 0.1000000015
148684  -38.029  -79.879  3.480 0.1000000015
148821  -34.852  -85.595  2.408 0.1000000015
149566  -32.638  -98.333  5.196 0.1000000015
151774  -36.611  -74.853  4.605 0.1000000015
152264  -31.148  -95.766  7.321 0.1000000015
152325  -33.916  -86.733  3.354 0.1000000015
153845  -33.579  -85.795  6.019 0.1000000015
154661  -37.137  -74.223  3.643 0.1000000015
155576  -43.039  -87.747  5.945 0.2000000030
156629  -39.076  -77.994  3.217 0.1000000015
