#!ascii label  , from subject sub-v1s17x0050241_ses-1 vox2ras=TkReg
1273
49895  -10.358  -39.995  78.442 0.0000000000
59127  -32.856  -31.186  64.518 0.0000000000
63239  -35.391  -27.212  58.086 0.0000000000
59063  -28.147  -29.843  69.219 0.0000000000
70058  -41.121  -21.265  48.596 0.0000000000
70014  -36.381  -20.528  52.861 0.0000000000
58109  -35.029  -32.200  69.318 0.0000000000
56190  -30.566  -34.421  65.843 0.0000000000
75743  -47.312  -15.052  53.157 0.0000000000
80234  -48.474  -9.424  50.616 0.0000000000
81164  -50.236  -8.204  46.170 0.0000000000
66247  -39.952  -24.665  58.095 0.0000000000
65300  -37.218  -25.581  54.932 0.0000000000
70852  -40.226  -18.922  57.701 0.0000000000
70893  -43.831  -19.404  54.201 0.0000000000
146979  -20.251  -33.302  69.428 0.0000000000
47834  -7.067  -41.618  81.987 0.0000000000
64161  -32.531  -26.485  64.209 0.0000000000
126456  -38.252  -26.423  62.279 0.0000000000
148335  -22.833  -31.229  66.187 0.0000000000
57266  -27.078  -33.920  62.042 0.0000000000
77625  -45.664  -13.165  41.445 0.0000000000
79397  -51.403  -10.586  41.964 0.0000000000
128506  -39.863  -22.175  49.811 0.0000000000
151124  -46.008  -20.861  50.786 0.0000000000
50974  -12.616  -39.349  73.166 0.0000000000
44842  -4.580  -45.255  79.046 0.0000000000
77573  -47.991  -12.012  52.572 0.0000000000
137752  -39.530  -22.243  58.553 0.0000000000
54133  -20.324  -36.653  68.566 0.0000000000
132753  -8.689  -41.046  79.894 0.0000000000
62193  -30.943  -28.287  62.601 0.0000000000
61231  -32.436  -29.148  64.757 0.0000000000
129902  -25.387  -29.590  67.790 0.0000000000
145852  -25.284  -30.952  63.434 0.0000000000
59109  -27.517  -31.304  65.474 0.0000000000
56205  -32.468  -34.043  64.672 0.0000000000
55205  -30.550  -35.617  62.534 0.0000000000
56246  -32.096  -34.417  61.952 0.0000000000
60091  -26.757  -29.147  71.500 0.0000000000
60114  -23.863  -29.861  69.691 0.0000000000
77587  -42.350  -12.546  47.306 0.0000000000
77612  -44.528  -11.742  42.881 0.0000000000
80268  -51.342  -8.767  43.741 0.0000000000
68194  -35.694  -23.051  54.812 0.0000000000
69136  -37.964  -20.819  50.911 0.0000000000
69105  -44.876  -21.082  52.814 0.0000000000
130759  -18.896  -38.732  71.942 0.0000000000
50978  -16.907  -39.169  72.928 0.0000000000
50955  -15.287  -39.226  74.456 0.0000000000
49986  -14.531  -40.075  71.279 0.0000000000
145383  -6.075  -45.610  77.296 0.0000000000
58134  -34.040  -32.238  66.503 0.0000000000
61209  -34.021  -29.582  67.248 0.0000000000
61190  -35.041  -29.588  69.025 0.0000000000
59039  -30.928  -31.292  71.396 0.0000000000
58125  -29.288  -31.963  67.134 0.0000000000
137746  -31.649  -32.856  69.694 0.0000000000
55133  -33.155  -34.187  67.501 0.0000000000
71962  -44.052  -18.771  50.588 0.0000000000
74787  -44.484  -14.827  51.759 0.0000000000
78491  -44.674  -11.701  50.171 0.0000000000
79370  -45.540  -10.295  48.388 0.0000000000
125771  -46.401  -10.001  45.841 0.0000000000
81150  -49.500  -8.099  48.619 0.0000000000
63261  -38.554  -28.130  57.476 0.0000000000
62265  -37.860  -28.148  55.870 0.0000000000
128623  -38.843  -25.369  56.725 0.0000000000
68177  -37.949  -22.331  57.056 0.0000000000
70870  -38.064  -19.549  55.760 0.0000000000
70908  -39.967  -19.167  53.697 0.0000000000
147147  -41.570  -18.414  55.637 0.0000000000
56075  -19.049  -34.128  71.324 0.0000000000
52007  -19.618  -38.219  70.152 0.0000000000
79417  -48.447  -10.327  39.313 0.0000000000
47832  -6.060  -41.438  82.063 0.0000000000
65217  -31.609  -25.765  60.987 0.0000000000
65229  -34.231  -25.544  60.711 0.0000000000
64145  -33.808  -26.455  66.053 0.0000000000
64185  -36.000  -25.197  63.833 0.0000000000
64240  -37.113  -26.641  60.135 0.0000000000
63227  -39.531  -27.097  59.540 0.0000000000
57238  -28.630  -33.576  64.322 0.0000000000
59036  -22.769  -30.431  71.397 0.0000000000
58113  -21.537  -32.110  68.033 0.0000000000
78526  -47.882  -10.570  43.447 0.0000000000
77621  -48.641  -11.850  41.862 0.0000000000
146433  -48.595  -12.459  40.508 0.0000000000
78541  -51.719  -11.847  40.503 0.0000000000
49930  -9.593  -40.929  74.750 0.0000000000
48877  -8.313  -41.551  77.034 0.0000000000
141430  -41.027  -22.286  49.128 0.0000000000
69120  -41.684  -21.079  52.278 0.0000000000
143443  -42.777  -22.442  50.718 0.0000000000
69173  -44.434  -21.082  50.135 0.0000000000
72965  -47.366  -18.394  51.001 0.0000000000
50917  -11.595  -39.453  76.154 0.0000000000
46892  -6.706  -43.058  78.813 0.0000000000
46874  -5.968  -42.907  79.988 0.0000000000
47853  -4.988  -42.337  80.319 0.0000000000
135719  -9.268  -40.600  79.260 0.0000000000
60235  -32.034  -31.219  63.044 0.0000000000
61242  -31.926  -29.433  63.866 0.0000000000
60202  -32.473  -30.233  64.450 0.0000000000
143662  -26.666  -29.572  68.360 0.0000000000
127671  -26.338  -29.920  66.670 0.0000000000
59084  -28.055  -30.650  67.307 0.0000000000
58172  -32.923  -33.069  64.108 0.0000000000
56235  -32.172  -34.379  62.891 0.0000000000
58182  -32.357  -32.867  62.519 0.0000000000
58190  -31.748  -32.539  61.532 0.0000000000
60093  -29.541  -30.043  71.536 0.0000000000
60080  -28.665  -29.412  72.287 0.0000000000
143412  -27.665  -29.394  70.074 0.0000000000
60104  -26.323  -29.257  70.117 0.0000000000
125846  -43.772  -11.762  43.734 0.0000000000
65256  -34.012  -25.886  58.195 0.0000000000
63258  -35.060  -27.347  57.053 0.0000000000
69090  -35.864  -21.492  54.253 0.0000000000
69118  -35.107  -21.820  52.701 0.0000000000
70028  -36.547  -20.624  51.917 0.0000000000
51027  -17.413  -39.549  70.244 0.0000000000
128219  -18.067  -39.156  71.853 0.0000000000
51014  -16.755  -39.250  70.842 0.0000000000
50997  -15.608  -38.963  71.832 0.0000000000
49987  -15.326  -39.844  70.900 0.0000000000
59086  -34.512  -31.892  67.989 0.0000000000
142889  -34.636  -30.552  68.171 0.0000000000
135800  -35.170  -30.974  69.156 0.0000000000
58076  -31.588  -31.549  71.841 0.0000000000
57175  -31.235  -32.263  70.064 0.0000000000
132801  -32.288  -32.804  71.047 0.0000000000
56102  -35.384  -33.288  70.490 0.0000000000
56119  -33.544  -34.376  69.593 0.0000000000
56138  -34.705  -33.280  68.967 0.0000000000
129972  -33.659  -33.353  66.664 0.0000000000
73889  -45.445  -17.369  51.603 0.0000000000
141252  -43.326  -17.044  51.178 0.0000000000
75751  -45.836  -14.708  52.450 0.0000000000
79356  -48.700  -10.551  51.811 0.0000000000
78485  -46.670  -11.474  51.520 0.0000000000
79361  -46.731  -10.369  50.356 0.0000000000
78497  -45.106  -11.027  49.652 0.0000000000
79367  -47.126  -9.700  49.844 0.0000000000
80246  -47.406  -9.110  48.369 0.0000000000
81144  -49.197  -8.476  49.567 0.0000000000
65274  -39.459  -26.293  57.248 0.0000000000
146424  -39.068  -26.877  56.706 0.0000000000
66246  -39.363  -24.989  57.449 0.0000000000
69947  -39.904  -20.115  58.479 0.0000000000
132519  -38.559  -22.029  57.495 0.0000000000
69954  -38.792  -20.550  57.213 0.0000000000
69960  -37.731  -20.531  56.261 0.0000000000
134419  -38.721  -19.392  56.303 0.0000000000
71903  -39.810  -18.691  56.073 0.0000000000
71887  -40.677  -18.534  57.248 0.0000000000
58087  -20.631  -31.798  71.407 0.0000000000
58074  -19.578  -32.479  72.325 0.0000000000
57174  -19.598  -33.374  70.655 0.0000000000
53089  -19.994  -37.381  69.579 0.0000000000
80298  -49.937  -9.681  39.272 0.0000000000
80308  -49.946  -8.995  38.918 0.0000000000
47833  -6.372  -41.536  82.112 0.0000000000
63172  -31.857  -27.167  63.873 0.0000000000
63198  -30.860  -26.937  61.902 0.0000000000
64198  -32.429  -25.898  62.827 0.0000000000
65218  -32.607  -25.446  61.262 0.0000000000
65198  -33.228  -25.614  63.045 0.0000000000
62143  -34.439  -27.734  68.210 0.0000000000
63145  -33.740  -27.474  67.009 0.0000000000
63136  -34.366  -26.883  67.559 0.0000000000
126992  -37.770  -25.364  64.295 0.0000000000
129536  -36.063  -25.189  64.662 0.0000000000
129101  -37.349  -25.876  62.628 0.0000000000
64210  -36.717  -25.852  61.843 0.0000000000
64224  -37.781  -26.632  60.753 0.0000000000
63225  -38.442  -27.659  59.203 0.0000000000
63199  -39.311  -27.170  61.026 0.0000000000
59145  -26.316  -31.747  63.064 0.0000000000
57218  -29.884  -33.378  66.287 0.0000000000
57217  -29.364  -32.666  66.403 0.0000000000
57228  -29.678  -33.792  65.608 0.0000000000
55204  -29.664  -35.849  62.126 0.0000000000
60065  -24.401  -29.815  73.130 0.0000000000
59082  -22.999  -30.634  67.429 0.0000000000
59072  -22.189  -30.929  68.931 0.0000000000
142366  -22.448  -31.412  66.778 0.0000000000
145600  -21.510  -33.184  66.362 0.0000000000
80257  -48.803  -8.651  46.287 0.0000000000
79387  -47.424  -9.909  44.724 0.0000000000
148578  -48.705  -9.055  45.123 0.0000000000
131909  -51.102  -9.215  43.005 0.0000000000
79396  -49.219  -10.639  42.614 0.0000000000
77622  -49.454  -11.456  41.894 0.0000000000
146063  -48.630  -12.821  40.986 0.0000000000
134403  -50.100  -12.280  40.996 0.0000000000
77634  -50.114  -11.994  40.555 0.0000000000
131896  -52.018  -11.594  41.215 0.0000000000
64296  -37.469  -26.788  54.704 0.0000000000
62283  -36.472  -28.499  54.679 0.0000000000
67300  -39.484  -23.089  48.249 0.0000000000
68254  -40.382  -22.458  49.178 0.0000000000
70891  -41.376  -19.347  53.999 0.0000000000
69996  -40.370  -19.753  52.955 0.0000000000
134544  -42.043  -20.430  53.165 0.0000000000
68219  -45.664  -21.799  51.643 0.0000000000
69122  -43.981  -22.229  52.050 0.0000000000
68232  -44.808  -23.104  51.005 0.0000000000
68257  -43.884  -22.193  50.399 0.0000000000
69161  -45.218  -21.373  50.226 0.0000000000
71964  -45.962  -19.220  50.133 0.0000000000
70939  -46.699  -19.042  50.520 0.0000000000
126748  -13.673  -39.025  74.341 0.0000000000
50935  -13.419  -39.154  75.077 0.0000000000
50918  -12.405  -39.258  76.141 0.0000000000
144128  -12.337  -39.200  74.986 0.0000000000
128174  -10.910  -40.322  73.781 0.0000000000
49961  -11.527  -40.283  73.175 0.0000000000
46909  -7.196  -43.859  75.864 0.0000000000
146452  -7.320  -42.609  77.363 0.0000000000
45903  -6.855  -43.933  76.775 0.0000000000
44856  -5.163  -45.341  78.709 0.0000000000
133852  -5.752  -44.115  79.154 0.0000000000
45877  -5.120  -44.530  79.257 0.0000000000
46873  -5.380  -42.991  80.051 0.0000000000
45876  -4.472  -44.560  79.381 0.0000000000
57164  -33.356  -33.776  71.921 0.0000000000
76659  -49.789  -13.567  53.273 0.0000000000
76657  -47.443  -13.954  53.144 0.0000000000
78479  -49.582  -12.191  52.702 0.0000000000
67217  -39.808  -23.807  58.367 0.0000000000
56130  -20.367  -34.350  68.544 0.0000000000
131733  -20.032  -35.102  69.219 0.0000000000
48849  -9.305  -40.765  81.495 0.0000000000
48855  -8.195  -41.336  80.604 0.0000000000
60234  -30.871  -29.974  62.199 0.0000000000
62185  -31.949  -28.271  64.139 0.0000000000
63161  -32.270  -27.351  64.658 0.0000000000
146929  -39.757  -27.244  61.731 0.0000000000
60158  -23.789  -30.156  66.997 0.0000000000
60198  -23.968  -30.432  65.100 0.0000000000
60180  -24.664  -30.056  65.611 0.0000000000
60201  -26.118  -30.853  64.353 0.0000000000
59146  -26.960  -31.843  63.819 0.0000000000
55177  -31.478  -34.753  64.811 0.0000000000
55160  -30.384  -34.805  64.731 0.0000000000
55189  -31.321  -34.925  63.822 0.0000000000
56234  -31.796  -34.931  62.378 0.0000000000
57286  -31.196  -34.117  59.679 0.0000000000
60078  -25.971  -29.444  72.937 0.0000000000
147112  -24.361  -29.761  71.645 0.0000000000
60103  -25.358  -29.410  70.475 0.0000000000
60128  -24.745  -29.654  68.414 0.0000000000
76683  -42.033  -13.122  48.750 0.0000000000
77618  -44.995  -12.228  41.972 0.0000000000
82074  -52.407  -7.181  46.505 0.0000000000
81171  -51.297  -8.164  45.198 0.0000000000
66270  -36.720  -24.546  55.255 0.0000000000
69150  -37.251  -21.432  50.280 0.0000000000
69151  -38.381  -21.493  50.284 0.0000000000
70895  -45.670  -19.210  54.813 0.0000000000
69978  -43.884  -20.080  53.663 0.0000000000
70001  -46.089  -20.206  53.599 0.0000000000
53038  -19.320  -37.446  72.669 0.0000000000
51982  -19.123  -37.949  73.479 0.0000000000
49949  -17.650  -38.965  75.065 0.0000000000
152040  -16.436  -39.172  73.475 0.0000000000
126746  -14.699  -38.926  73.473 0.0000000000
50995  -13.572  -39.505  72.135 0.0000000000
49975  -12.941  -40.311  72.212 0.0000000000
48949  -14.253  -40.906  71.521 0.0000000000
59111  -33.667  -31.898  65.886 0.0000000000
61217  -33.273  -30.004  65.854 0.0000000000
60162  -34.182  -30.884  67.146 0.0000000000
61197  -34.416  -29.515  67.881 0.0000000000
133405  -29.512  -30.703  69.679 0.0000000000
59075  -28.965  -30.986  68.165 0.0000000000
59065  -29.929  -31.367  69.254 0.0000000000
57199  -30.888  -32.815  68.345 0.0000000000
56133  -31.065  -33.400  67.666 0.0000000000
56080  -33.005  -33.981  70.991 0.0000000000
56117  -32.251  -33.854  68.830 0.0000000000
55131  -31.985  -34.406  66.990 0.0000000000
55164  -32.716  -34.109  66.095 0.0000000000
56207  -33.296  -33.287  65.509 0.0000000000
130117  -30.372  -30.557  71.930 0.0000000000
70948  -42.428  -19.540  50.008 0.0000000000
150580  -40.924  -19.593  49.154 0.0000000000
72971  -42.323  -17.990  50.468 0.0000000000
72961  -42.628  -16.583  50.914 0.0000000000
75753  -42.656  -14.746  50.645 0.0000000000
76667  -45.845  -13.103  52.117 0.0000000000
76671  -44.768  -12.920  51.269 0.0000000000
149799  -42.980  -13.049  50.052 0.0000000000
77584  -43.525  -11.883  49.175 0.0000000000
78503  -43.982  -11.405  48.304 0.0000000000
78513  -44.638  -11.057  46.475 0.0000000000
78518  -45.046  -10.984  45.492 0.0000000000
79375  -46.694  -9.586  47.108 0.0000000000
80256  -48.044  -8.849  46.804 0.0000000000
126842  -50.147  -7.859  46.984 0.0000000000
81146  -50.720  -7.863  49.961 0.0000000000
82061  -52.327  -7.098  47.354 0.0000000000
150469  -37.227  -28.185  57.855 0.0000000000
149589  -36.674  -28.340  56.317 0.0000000000
62246  -38.287  -28.152  56.617 0.0000000000
144002  -38.203  -26.871  55.504 0.0000000000
64297  -37.996  -25.987  55.536 0.0000000000
67229  -38.774  -23.695  57.575 0.0000000000
67228  -38.187  -23.609  57.094 0.0000000000
67239  -37.104  -23.830  56.043 0.0000000000
68184  -36.830  -22.853  56.039 0.0000000000
69084  -36.324  -21.645  55.175 0.0000000000
69975  -36.926  -19.992  54.384 0.0000000000
70921  -37.828  -19.604  53.127 0.0000000000
70888  -38.377  -19.116  54.674 0.0000000000
70873  -41.056  -18.749  54.812 0.0000000000
70874  -42.354  -18.706  54.884 0.0000000000
71907  -43.876  -17.782  56.337 0.0000000000
71922  -44.633  -18.318  55.680 0.0000000000
55064  -18.925  -35.152  71.868 0.0000000000
55090  -19.684  -35.476  70.200 0.0000000000
54104  -19.550  -36.245  71.055 0.0000000000
130630  -19.412  -36.815  71.986 0.0000000000
136837  -19.360  -38.318  71.016 0.0000000000
134072  -33.693  -25.535  59.631 0.0000000000
65241  -34.869  -25.967  59.883 0.0000000000
132211  -32.902  -28.918  65.717 0.0000000000
62171  -32.847  -27.719  65.835 0.0000000000
64162  -33.400  -26.160  64.802 0.0000000000
64146  -34.453  -26.023  65.671 0.0000000000
64184  -34.258  -25.563  64.191 0.0000000000
65210  -34.938  -25.391  62.699 0.0000000000
65230  -35.313  -25.676  60.966 0.0000000000
63223  -36.616  -27.390  58.945 0.0000000000
136547  -37.965  -27.947  58.694 0.0000000000
63243  -39.335  -27.351  58.742 0.0000000000
64277  -40.415  -25.829  58.510 0.0000000000
62219  -40.318  -26.671  60.606 0.0000000000
64259  -40.755  -25.865  59.225 0.0000000000
58124  -28.407  -31.314  66.789 0.0000000000
58143  -27.941  -32.039  65.153 0.0000000000
57256  -28.163  -33.817  63.303 0.0000000000
56218  -29.473  -35.055  63.516 0.0000000000
56217  -28.573  -34.637  62.966 0.0000000000
59024  -22.019  -30.840  72.769 0.0000000000
59060  -21.424  -31.331  70.202 0.0000000000
60088  -23.304  -30.112  71.069 0.0000000000
59061  -22.133  -30.832  69.875 0.0000000000
132478  -21.205  -32.081  68.845 0.0000000000
140024  -20.972  -33.953  67.160 0.0000000000
78522  -45.511  -11.057  44.502 0.0000000000
131965  -46.358  -11.023  43.741 0.0000000000
78528  -46.424  -11.576  42.734 0.0000000000
79389  -48.997  -9.693  43.721 0.0000000000
78530  -48.054  -11.322  42.661 0.0000000000
77626  -46.719  -13.082  41.459 0.0000000000
76721  -47.216  -13.452  40.993 0.0000000000
76730  -47.357  -13.307  40.616 0.0000000000
77638  -46.830  -12.349  39.401 0.0000000000
126258  -48.390  -11.883  39.942 0.0000000000
79420  -50.607  -10.941  39.524 0.0000000000
49916  -9.652  -40.538  76.717 0.0000000000
48878  -9.060  -40.989  77.374 0.0000000000
48885  -8.469  -41.678  75.617 0.0000000000
62263  -35.875  -28.496  55.525 0.0000000000
69170  -41.383  -21.813  48.830 0.0000000000
137739  -38.979  -19.910  52.109 0.0000000000
70031  -39.621  -20.441  51.749 0.0000000000
69138  -40.333  -21.088  51.361 0.0000000000
69103  -43.133  -21.149  53.003 0.0000000000
69139  -41.822  -21.748  51.483 0.0000000000
68241  -40.902  -22.052  50.119 0.0000000000
127965  -42.416  -22.239  50.295 0.0000000000
140335  -42.284  -21.941  49.710 0.0000000000
131950  -42.990  -20.858  49.741 0.0000000000
70960  -43.874  -19.998  50.228 0.0000000000
71952  -45.314  -18.622  50.668 0.0000000000
73879  -47.125  -17.141  52.283 0.0000000000
49896  -11.102  -39.570  78.219 0.0000000000
50894  -12.004  -39.206  77.906 0.0000000000
132241  -10.431  -40.061  77.061 0.0000000000
49931  -10.228  -40.317  75.151 0.0000000000
48920  -10.512  -41.058  73.509 0.0000000000
48868  -8.399  -41.348  78.029 0.0000000000
47861  -7.880  -41.670  79.731 0.0000000000
47855  -7.122  -42.133  80.157 0.0000000000
46891  -6.258  -43.942  78.394 0.0000000000
46886  -6.538  -42.718  79.725 0.0000000000
47854  -6.426  -42.271  80.520 0.0000000000
46864  -5.895  -42.184  80.752 0.0000000000
47842  -5.411  -41.767  81.053 0.0000000000
44841  -4.017  -45.282  79.072 0.0000000000
45875  -3.983  -44.491  79.168 0.0000000000
144036  -9.702  -40.342  78.614 0.0000000000
151468  -32.383  -30.958  63.873 0.0000000000
127540  -27.377  -29.667  68.743 0.0000000000
60131  -27.519  -30.014  67.906 0.0000000000
59074  -28.291  -30.288  68.464 0.0000000000
147486  -32.952  -32.474  64.126 0.0000000000
57257  -32.654  -33.382  63.348 0.0000000000
59147  -32.644  -31.780  63.794 0.0000000000
59164  -32.334  -32.052  63.008 0.0000000000
126088  -28.455  -29.627  70.470 0.0000000000
60092  -28.595  -29.556  71.224 0.0000000000
143415  -27.175  -29.423  69.464 0.0000000000
77607  -43.992  -11.599  44.700 0.0000000000
64256  -34.493  -26.572  57.652 0.0000000000
69102  -35.728  -21.204  53.271 0.0000000000
69101  -35.290  -21.886  53.545 0.0000000000
69119  -35.712  -21.135  52.266 0.0000000000
49999  -17.212  -40.102  69.873 0.0000000000
51026  -16.815  -39.686  70.338 0.0000000000
49997  -16.153  -39.658  70.617 0.0000000000
58117  -34.710  -32.279  68.655 0.0000000000
59077  -34.903  -31.665  68.892 0.0000000000
136686  -35.264  -31.529  69.599 0.0000000000
58077  -32.142  -31.710  72.262 0.0000000000
57162  -32.073  -32.234  71.506 0.0000000000
125992  -32.529  -32.712  71.680 0.0000000000
129071  -35.185  -32.791  69.781 0.0000000000
56121  -35.044  -33.379  69.719 0.0000000000
57201  -34.742  -32.729  68.894 0.0000000000
57208  -34.474  -32.737  68.062 0.0000000000
58068  -32.431  -31.508  72.977 0.0000000000
74790  -46.551  -16.403  52.490 0.0000000000
73877  -45.265  -16.451  51.970 0.0000000000
75742  -46.539  -15.442  52.723 0.0000000000
79363  -48.302  -10.027  51.240 0.0000000000
78494  -47.092  -10.756  51.123 0.0000000000
79362  -47.601  -9.982  50.697 0.0000000000
80233  -47.819  -9.409  50.034 0.0000000000
80241  -48.395  -8.918  49.640 0.0000000000
80242  -48.971  -8.847  50.240 0.0000000000
65275  -39.877  -25.566  57.827 0.0000000000
143995  -39.369  -25.665  57.183 0.0000000000
70851  -39.719  -19.488  57.770 0.0000000000
69955  -39.345  -20.523  57.841 0.0000000000
70858  -39.100  -19.650  57.044 0.0000000000
71886  -39.821  -18.876  57.000 0.0000000000
58097  -20.744  -31.891  70.531 0.0000000000
58086  -20.047  -32.443  70.931 0.0000000000
58096  -20.240  -32.725  70.007 0.0000000000
80310  -51.341  -9.541  39.219 0.0000000000
138131  -50.336  -9.430  39.198 0.0000000000
80309  -50.678  -9.147  39.094 0.0000000000
48840  -8.004  -41.321  82.132 0.0000000000
48839  -6.742  -41.263  82.695 0.0000000000
64181  -32.074  -26.430  63.393 0.0000000000
64182  -32.689  -26.027  63.484 0.0000000000
65208  -32.957  -25.511  62.203 0.0000000000
63123  -34.975  -26.813  68.383 0.0000000000
126598  -38.162  -26.086  63.104 0.0000000000
128389  -37.544  -25.550  63.507 0.0000000000
64212  -38.411  -26.786  61.404 0.0000000000
64225  -38.498  -27.054  60.616 0.0000000000
59106  -22.507  -31.750  65.774 0.0000000000
59122  -22.783  -31.792  64.790 0.0000000000
56172  -30.302  -34.015  66.031 0.0000000000
56189  -30.099  -34.425  65.298 0.0000000000
59093  -23.166  -30.744  66.519 0.0000000000
58131  -21.899  -32.488  66.294 0.0000000000
76720  -45.745  -13.871  41.012 0.0000000000
81169  -49.558  -8.560  45.822 0.0000000000
80258  -48.928  -8.794  45.583 0.0000000000
80280  -51.586  -9.813  42.462 0.0000000000
79392  -50.670  -9.965  42.513 0.0000000000
78531  -50.759  -10.949  41.923 0.0000000000
146073  -50.004  -11.989  41.324 0.0000000000
151383  -50.799  -11.458  41.575 0.0000000000
77629  -50.759  -11.912  41.226 0.0000000000
79405  -52.047  -10.985  41.568 0.0000000000
65315  -36.672  -26.109  54.143 0.0000000000
68240  -38.795  -22.094  49.646 0.0000000000
68252  -38.169  -22.689  49.011 0.0000000000
68253  -39.279  -22.672  49.052 0.0000000000
70892  -42.830  -19.290  54.276 0.0000000000
69976  -42.245  -19.799  53.723 0.0000000000
69977  -43.184  -19.944  53.713 0.0000000000
69154  -46.111  -21.214  51.191 0.0000000000
68233  -45.302  -22.564  51.288 0.0000000000
145811  -45.490  -22.008  50.557 0.0000000000
68259  -45.117  -22.092  50.323 0.0000000000
69162  -45.799  -20.830  50.489 0.0000000000
70047  -46.042  -20.147  50.422 0.0000000000
69163  -46.155  -20.179  50.623 0.0000000000
127839  -13.082  -39.022  73.687 0.0000000000
50953  -12.945  -39.066  74.397 0.0000000000
50952  -12.386  -39.239  73.935 0.0000000000
50951  -11.568  -39.606  74.073 0.0000000000
49962  -12.036  -39.627  73.384 0.0000000000
47873  -7.188  -43.128  76.640 0.0000000000
43848  -4.727  -45.897  78.692 0.0000000000
45855  -4.932  -43.846  79.719 0.0000000000
144404  -40.528  -22.530  59.539 0.0000000000
55111  -20.345  -35.244  68.279 0.0000000000
48862  -9.356  -40.574  80.066 0.0000000000
49879  -9.684  -40.430  80.796 0.0000000000
48856  -8.966  -40.906  80.707 0.0000000000
48848  -8.514  -41.163  81.408 0.0000000000
60247  -30.992  -30.753  61.841 0.0000000000
62178  -32.492  -28.147  65.081 0.0000000000
60145  -24.603  -29.786  67.462 0.0000000000
60159  -24.608  -29.899  66.555 0.0000000000
60146  -25.456  -29.728  67.036 0.0000000000
59094  -27.130  -30.385  66.383 0.0000000000
60161  -26.332  -30.266  65.728 0.0000000000
59108  -26.695  -30.923  65.010 0.0000000000
59125  -26.561  -31.298  64.049 0.0000000000
59126  -27.232  -31.592  64.614 0.0000000000
55178  -32.158  -34.424  64.965 0.0000000000
55190  -31.947  -34.511  64.236 0.0000000000
57268  -32.415  -33.840  62.598 0.0000000000
56245  -31.624  -34.981  61.302 0.0000000000
57278  -31.795  -34.330  60.844 0.0000000000
133276  -31.422  -33.266  60.496 0.0000000000
60079  -27.675  -29.180  71.819 0.0000000000
61162  -28.261  -29.232  73.110 0.0000000000
61161  -27.627  -29.183  72.720 0.0000000000
61153  -26.809  -29.252  73.248 0.0000000000
61160  -26.773  -29.202  72.374 0.0000000000
132987  -25.901  -29.359  72.066 0.0000000000
126882  -25.829  -29.273  71.118 0.0000000000
60129  -25.789  -29.492  68.395 0.0000000000
60116  -25.349  -29.484  69.011 0.0000000000
76690  -41.827  -13.072  47.794 0.0000000000
67255  -35.672  -24.183  54.609 0.0000000000
69135  -36.852  -20.931  51.047 0.0000000000
70860  -46.480  -19.134  55.495 0.0000000000
69980  -45.484  -19.783  54.097 0.0000000000
70020  -47.868  -20.339  53.008 0.0000000000
51017  -19.135  -38.381  71.984 0.0000000000
51992  -19.280  -38.027  72.440 0.0000000000
51001  -18.914  -38.593  72.573 0.0000000000
50999  -17.491  -39.163  72.379 0.0000000000
51000  -18.195  -39.077  72.903 0.0000000000
50979  -17.691  -39.218  73.425 0.0000000000
125845  -17.151  -39.285  73.936 0.0000000000
125881  -14.925  -39.292  71.527 0.0000000000
126399  -14.997  -38.878  72.458 0.0000000000
50996  -14.317  -39.176  72.029 0.0000000000
50976  -14.077  -38.940  72.705 0.0000000000
51012  -14.192  -39.631  71.665 0.0000000000
48948  -13.786  -40.192  71.693 0.0000000000
59096  -33.931  -31.389  66.546 0.0000000000
60132  -34.968  -30.432  68.765 0.0000000000
61198  -34.719  -29.900  68.295 0.0000000000
59038  -30.254  -30.816  70.929 0.0000000000
59050  -30.125  -31.120  70.037 0.0000000000
57189  -31.074  -32.503  69.216 0.0000000000
57200  -31.357  -33.312  68.243 0.0000000000
150449  -34.008  -34.119  72.061 0.0000000000
55104  -33.775  -34.420  68.872 0.0000000000
56118  -32.820  -34.200  69.202 0.0000000000
56136  -32.625  -34.190  68.392 0.0000000000
56154  -31.736  -34.155  67.398 0.0000000000
55132  -32.634  -34.303  67.261 0.0000000000
55147  -32.338  -34.381  66.536 0.0000000000
55148  -32.931  -34.126  66.811 0.0000000000
138380  -33.988  -32.777  66.467 0.0000000000
145254  -33.690  -33.121  66.123 0.0000000000
58145  -33.757  -32.633  65.936 0.0000000000
59027  -31.063  -30.936  72.324 0.0000000000
70949  -43.374  -19.360  50.314 0.0000000000
71961  -42.452  -18.836  50.276 0.0000000000
146254  -43.163  -18.426  50.585 0.0000000000
73888  -43.790  -16.317  51.448 0.0000000000
73887  -43.093  -16.172  51.165 0.0000000000
74794  -42.597  -15.642  50.830 0.0000000000
74795  -43.247  -15.267  51.158 0.0000000000
77562  -47.548  -12.908  52.839 0.0000000000
151931  -46.876  -13.556  52.823 0.0000000000
77561  -46.613  -12.897  52.473 0.0000000000
78484  -45.854  -11.700  51.124 0.0000000000
77570  -45.475  -12.556  51.534 0.0000000000
77577  -45.050  -12.079  50.918 0.0000000000
76669  -43.383  -13.615  50.677 0.0000000000
77575  -43.640  -12.789  50.382 0.0000000000
149691  -43.344  -12.416  49.757 0.0000000000
77580  -43.930  -12.043  49.942 0.0000000000
79365  -45.644  -10.460  49.150 0.0000000000
78504  -44.876  -10.778  48.619 0.0000000000
78507  -44.642  -10.885  47.563 0.0000000000
78506  -44.006  -11.427  47.246 0.0000000000
79373  -45.241  -10.452  47.835 0.0000000000
79380  -45.393  -10.499  46.932 0.0000000000
79374  -45.919  -9.973  47.666 0.0000000000
81149  -48.723  -8.379  48.122 0.0000000000
80250  -48.000  -8.693  47.771 0.0000000000
81153  -48.721  -8.453  47.187 0.0000000000
81155  -50.156  -7.759  47.874 0.0000000000
82060  -51.558  -7.357  47.908 0.0000000000
63260  -37.768  -28.325  57.245 0.0000000000
64286  -38.655  -26.332  56.119 0.0000000000
65288  -38.338  -25.427  56.103 0.0000000000
68170  -39.586  -22.974  58.533 0.0000000000
67216  -39.135  -23.319  58.043 0.0000000000
67227  -37.501  -23.136  56.567 0.0000000000
66259  -37.717  -24.024  56.486 0.0000000000
68176  -37.208  -22.117  56.414 0.0000000000
69968  -37.394  -20.128  55.617 0.0000000000
69967  -36.964  -21.051  55.809 0.0000000000
69974  -36.498  -20.782  54.810 0.0000000000
70887  -37.498  -19.618  54.946 0.0000000000
70907  -37.634  -19.488  54.046 0.0000000000
71919  -40.559  -18.538  55.634 0.0000000000
70872  -39.993  -18.662  55.168 0.0000000000
150609  -41.748  -18.712  54.912 0.0000000000
71920  -42.645  -18.318  55.572 0.0000000000
71889  -44.256  -17.370  57.035 0.0000000000
71908  -44.683  -17.836  56.408 0.0000000000
70877  -45.573  -18.701  55.534 0.0000000000
57160  -19.429  -32.965  71.458 0.0000000000
56074  -18.954  -33.431  72.071 0.0000000000
56062  -18.598  -33.904  72.746 0.0000000000
144814  -18.728  -34.350  72.098 0.0000000000
55100  -20.184  -35.964  68.815 0.0000000000
149773  -19.967  -36.003  69.532 0.0000000000
52022  -19.988  -38.048  69.419 0.0000000000
136247  -19.818  -36.688  70.120 0.0000000000
128919  -19.735  -37.613  70.195 0.0000000000
139251  -19.586  -37.164  71.007 0.0000000000
52000  -19.538  -37.848  70.906 0.0000000000
51030  -19.410  -38.696  70.174 0.0000000000
48837  -5.907  -41.013  82.541 0.0000000000
63197  -30.376  -27.182  61.149 0.0000000000
65226  -31.534  -25.699  59.935 0.0000000000
65219  -33.596  -25.417  61.481 0.0000000000
65228  -33.212  -25.356  60.513 0.0000000000
65240  -34.219  -25.859  59.053 0.0000000000
60184  -33.783  -30.354  66.634 0.0000000000
61208  -33.515  -29.282  66.506 0.0000000000
62162  -33.262  -28.163  66.499 0.0000000000
63144  -33.336  -27.088  66.391 0.0000000000
63152  -33.113  -26.728  65.628 0.0000000000
64164  -35.205  -25.502  65.207 0.0000000000
129766  -35.157  -25.299  64.432 0.0000000000
64163  -34.321  -25.730  65.006 0.0000000000
64199  -35.094  -25.310  63.590 0.0000000000
64223  -36.942  -26.139  60.947 0.0000000000
64222  -36.169  -25.824  61.212 0.0000000000
131931  -36.066  -26.194  60.315 0.0000000000
64239  -36.427  -26.858  59.515 0.0000000000
63241  -37.227  -27.845  58.540 0.0000000000
63224  -37.385  -27.375  59.292 0.0000000000
129613  -39.178  -27.563  59.225 0.0000000000
63263  -39.629  -26.914  58.335 0.0000000000
63244  -39.854  -26.765  59.113 0.0000000000
63201  -40.575  -27.104  61.612 0.0000000000
62209  -40.116  -27.019  60.955 0.0000000000
62210  -40.743  -26.783  61.309 0.0000000000
65258  -41.203  -25.381  59.361 0.0000000000
60216  -24.151  -30.637  64.326 0.0000000000
134736  -23.537  -31.548  63.511 0.0000000000
59142  -24.171  -31.317  63.110 0.0000000000
58115  -29.337  -31.605  67.838 0.0000000000
59085  -28.752  -31.219  67.518 0.0000000000
57227  -29.015  -33.361  65.231 0.0000000000
58144  -28.769  -32.526  65.694 0.0000000000
58157  -28.299  -32.791  64.748 0.0000000000
57237  -27.832  -33.004  63.729 0.0000000000
55188  -30.691  -35.271  63.429 0.0000000000
55175  -30.219  -35.099  63.903 0.0000000000
55187  -30.041  -35.459  63.042 0.0000000000
59035  -22.039  -30.802  71.741 0.0000000000
59047  -21.353  -31.301  71.104 0.0000000000
59048  -22.070  -30.829  70.794 0.0000000000
60089  -24.012  -29.823  71.074 0.0000000000
60101  -23.548  -29.983  70.372 0.0000000000
58114  -22.178  -31.260  67.922 0.0000000000
140044  -21.702  -31.543  68.600 0.0000000000
59071  -21.554  -31.423  69.329 0.0000000000
57198  -21.016  -32.824  68.340 0.0000000000
58122  -21.354  -33.011  67.223 0.0000000000
78519  -45.882  -10.538  45.382 0.0000000000
145928  -44.722  -11.319  44.885 0.0000000000
78523  -47.118  -10.447  44.101 0.0000000000
137175  -47.216  -11.080  43.207 0.0000000000
81178  -50.938  -8.571  44.562 0.0000000000
80263  -50.228  -8.826  44.593 0.0000000000
80267  -50.579  -8.928  43.971 0.0000000000
131235  -48.785  -11.176  42.409 0.0000000000
79395  -48.544  -10.636  42.976 0.0000000000
77620  -47.875  -12.176  41.979 0.0000000000
77627  -47.600  -12.926  41.388 0.0000000000
77628  -48.381  -12.670  41.324 0.0000000000
77633  -48.299  -12.909  40.789 0.0000000000
126062  -46.943  -13.197  39.898 0.0000000000
77639  -47.778  -12.717  40.156 0.0000000000
131301  -47.588  -11.871  39.585 0.0000000000
126383  -50.024  -11.412  39.871 0.0000000000
78540  -50.975  -11.611  39.980 0.0000000000
78549  -51.793  -11.469  39.838 0.0000000000
132624  -9.567  -40.698  75.697 0.0000000000
48886  -8.892  -41.209  76.281 0.0000000000
48893  -8.979  -41.343  75.251 0.0000000000
62264  -37.047  -28.359  55.677 0.0000000000
68267  -40.213  -22.733  48.240 0.0000000000
138626  -40.330  -22.584  47.869 0.0000000000
68268  -41.090  -22.215  48.775 0.0000000000
135943  -38.466  -19.271  53.645 0.0000000000
70922  -38.751  -19.557  52.787 0.0000000000
146453  -39.418  -19.371  53.213 0.0000000000
125797  -41.326  -20.303  52.908 0.0000000000
70018  -40.641  -20.533  52.187 0.0000000000
130995  -41.124  -21.240  51.681 0.0000000000
137124  -44.310  -20.598  53.338 0.0000000000
69999  -43.522  -20.644  53.333 0.0000000000
69104  -43.941  -21.388  52.827 0.0000000000
68215  -43.280  -22.363  51.680 0.0000000000
69140  -42.631  -22.274  51.209 0.0000000000
68229  -41.939  -22.147  50.630 0.0000000000
68242  -41.497  -22.174  49.869 0.0000000000
68270  -44.199  -21.692  50.261 0.0000000000
132443  -43.118  -22.096  50.238 0.0000000000
68269  -43.317  -21.754  50.079 0.0000000000
69171  -42.475  -21.437  49.574 0.0000000000
69172  -43.591  -21.253  49.975 0.0000000000
70060  -43.786  -20.618  50.080 0.0000000000
149267  -46.219  -18.818  50.246 0.0000000000
146335  -45.696  -18.898  50.328 0.0000000000
127390  -46.643  -18.596  50.642 0.0000000000
72964  -46.074  -18.061  51.252 0.0000000000
72954  -47.093  -18.011  51.441 0.0000000000
50908  -11.831  -39.342  76.886 0.0000000000
49907  -11.152  -39.588  77.395 0.0000000000
49918  -11.049  -39.707  76.544 0.0000000000
49917  -10.303  -40.154  76.127 0.0000000000
49932  -11.032  -39.786  75.594 0.0000000000
149357  -11.017  -40.704  73.315 0.0000000000
48869  -9.117  -40.794  78.341 0.0000000000
47867  -7.250  -42.483  78.242 0.0000000000
47868  -7.858  -41.855  78.662 0.0000000000
47860  -7.195  -42.294  79.229 0.0000000000
45902  -6.164  -44.820  77.606 0.0000000000
46885  -6.115  -43.435  79.339 0.0000000000
46872  -4.940  -43.098  80.002 0.0000000000
46863  -5.414  -42.313  80.501 0.0000000000
44840  -3.643  -45.207  78.790 0.0000000000
60218  -31.428  -30.525  62.658 0.0000000000
60219  -31.892  -30.363  63.507 0.0000000000
60130  -26.344  -29.677  67.612 0.0000000000
59083  -27.232  -30.130  67.099 0.0000000000
135435  -27.756  -30.686  66.771 0.0000000000
57258  -32.731  -33.484  64.144 0.0000000000
56219  -32.236  -34.198  63.784 0.0000000000
58191  -32.124  -33.609  61.624 0.0000000000
59163  -31.909  -31.868  62.314 0.0000000000
60081  -29.689  -29.889  72.557 0.0000000000
130156  -27.667  -29.241  70.950 0.0000000000
128771  -26.821  -29.142  70.740 0.0000000000
60117  -26.280  -29.382  69.132 0.0000000000
144355  -42.806  -12.170  46.947 0.0000000000
64255  -33.564  -26.099  57.240 0.0000000000
141274  -35.885  -22.195  54.796 0.0000000000
67254  -35.009  -23.567  53.968 0.0000000000
68193  -35.334  -22.438  54.151 0.0000000000
68206  -34.816  -22.716  53.232 0.0000000000
70029  -37.525  -20.340  51.689 0.0000000000
137544  -18.639  -39.073  71.227 0.0000000000
147392  -18.595  -38.894  72.337 0.0000000000
51015  -17.730  -39.244  70.869 0.0000000000
151149  -17.303  -39.137  71.462 0.0000000000
50998  -16.512  -39.018  71.788 0.0000000000
126745  -15.979  -38.957  72.608 0.0000000000
51013  -15.836  -39.205  71.163 0.0000000000
131140  -15.129  -40.953  71.118 0.0000000000
58135  -34.246  -32.540  67.109 0.0000000000
59097  -34.293  -31.710  67.100 0.0000000000
59076  -34.760  -31.107  68.477 0.0000000000
60133  -35.293  -30.231  69.436 0.0000000000
58088  -30.787  -31.601  70.475 0.0000000000
57161  -31.440  -31.926  70.937 0.0000000000
128558  -31.817  -32.595  70.571 0.0000000000
133218  -34.175  -34.315  70.256 0.0000000000
145296  -35.064  -33.679  70.058 0.0000000000
55105  -34.233  -34.174  68.900 0.0000000000
55119  -33.891  -34.126  68.317 0.0000000000
56175  -33.597  -33.637  67.168 0.0000000000
56156  -34.312  -33.321  68.046 0.0000000000
57220  -34.205  -33.042  67.402 0.0000000000
58067  -31.741  -31.143  72.793 0.0000000000
72973  -44.564  -18.366  50.860 0.0000000000
72972  -43.697  -17.974  50.907 0.0000000000
135056  -44.677  -16.953  51.581 0.0000000000
74788  -44.525  -15.863  51.751 0.0000000000
78487  -48.222  -11.249  52.201 0.0000000000
77572  -47.135  -11.996  52.284 0.0000000000
78486  -47.433  -11.236  51.840 0.0000000000
143409  -45.904  -11.249  50.588 0.0000000000
78498  -45.930  -10.798  50.064 0.0000000000
79366  -46.375  -10.087  49.519 0.0000000000
80239  -46.859  -9.539  48.959 0.0000000000
80245  -46.679  -9.483  48.034 0.0000000000
80240  -47.616  -9.236  49.263 0.0000000000
151323  -48.771  -8.504  48.928 0.0000000000
64275  -39.376  -26.996  57.484 0.0000000000
125907  -38.885  -27.636  56.972 0.0000000000
65289  -39.099  -26.129  56.758 0.0000000000
69070  -39.396  -21.553  58.217 0.0000000000
68169  -39.050  -22.348  58.055 0.0000000000
69069  -38.928  -21.403  57.627 0.0000000000
69068  -38.274  -21.191  56.980 0.0000000000
69077  -37.608  -21.429  56.557 0.0000000000
69961  -38.379  -20.093  56.625 0.0000000000
70871  -39.015  -18.921  55.595 0.0000000000
70859  -39.258  -19.055  56.406 0.0000000000
71904  -40.579  -18.469  56.421 0.0000000000
71905  -41.384  -18.223  56.706 0.0000000000
58075  -20.452  -31.787  72.227 0.0000000000
134869  -19.978  -32.233  71.653 0.0000000000
56092  -19.478  -34.429  70.496 0.0000000000
53105  -20.326  -37.501  68.769 0.0000000000
51041  -19.424  -39.316  69.306 0.0000000000
79418  -49.201  -10.019  39.347 0.0000000000
79428  -47.627  -10.275  38.938 0.0000000000
79429  -48.453  -9.527  38.903 0.0000000000
80307  -49.050  -8.840  38.585 0.0000000000
81207  -48.812  -8.374  37.830 0.0000000000
131337  -31.405  -27.779  63.315 0.0000000000
63184  -31.068  -27.388  62.589 0.0000000000
63171  -31.511  -26.916  63.118 0.0000000000
64197  -31.762  -26.317  62.663 0.0000000000
65207  -32.092  -25.794  62.003 0.0000000000
65209  -33.911  -25.416  62.430 0.0000000000
129812  -34.203  -28.692  67.759 0.0000000000
62163  -33.768  -28.515  67.097 0.0000000000
134278  -34.021  -27.830  67.563 0.0000000000
64132  -34.030  -26.663  66.730 0.0000000000
64165  -36.960  -25.232  65.047 0.0000000000
64186  -36.892  -25.179  64.087 0.0000000000
64201  -36.727  -25.380  63.273 0.0000000000
64200  -35.871  -25.358  63.013 0.0000000000
140927  -36.506  -25.568  62.575 0.0000000000
63213  -38.035  -27.195  59.975 0.0000000000
63214  -39.094  -27.318  59.940 0.0000000000
63226  -39.455  -27.258  59.839 0.0000000000
63216  -41.015  -26.416  60.858 0.0000000000
59144  -25.521  -31.422  62.882 0.0000000000
57207  -30.007  -32.796  67.021 0.0000000000
140448  -29.352  -33.183  65.878 0.0000000000
56188  -29.359  -34.125  64.834 0.0000000000
60075  -23.580  -30.077  71.842 0.0000000000
60127  -23.789  -29.964  68.900 0.0000000000
59062  -22.991  -30.314  69.529 0.0000000000
59073  -22.927  -30.468  68.443 0.0000000000
58123  -21.862  -32.033  67.263 0.0000000000
58130  -21.605  -33.338  65.626 0.0000000000
80260  -47.263  -9.607  45.562 0.0000000000
80261  -48.154  -9.051  45.790 0.0000000000
79384  -48.106  -9.479  44.845 0.0000000000
131681  -47.895  -9.995  44.132 0.0000000000
80272  -50.404  -9.263  43.275 0.0000000000
128744  -50.002  -10.709  42.273 0.0000000000
130261  -49.250  -12.354  41.201 0.0000000000
126208  -49.203  -12.498  40.838 0.0000000000
77640  -49.233  -11.899  40.289 0.0000000000
77635  -50.921  -12.073  40.768 0.0000000000
77631  -52.376  -11.787  40.914 0.0000000000
48919  -9.568  -42.063  73.806 0.0000000000
48904  -9.133  -41.673  74.426 0.0000000000
63293  -37.809  -27.590  55.319 0.0000000000
63292  -37.343  -28.161  55.209 0.0000000000
63307  -37.128  -27.829  54.444 0.0000000000
70909  -40.872  -19.563  53.523 0.0000000000
149158  -41.886  -20.744  52.785 0.0000000000
69124  -45.442  -21.537  52.266 0.0000000000
69123  -44.697  -21.881  52.212 0.0000000000
68218  -45.189  -22.172  51.755 0.0000000000
68216  -44.075  -23.016  51.380 0.0000000000
68231  -44.133  -23.081  50.693 0.0000000000
68243  -43.367  -22.512  50.509 0.0000000000
127868  -44.231  -22.716  50.411 0.0000000000
68258  -44.565  -22.254  50.289 0.0000000000
70045  -44.664  -20.260  50.213 0.0000000000
70046  -45.076  -20.895  50.187 0.0000000000
70952  -46.201  -19.629  50.280 0.0000000000
139522  -46.896  -18.729  50.632 0.0000000000
146109  -14.386  -39.048  74.196 0.0000000000
50936  -14.441  -39.264  75.044 0.0000000000
126943  -13.973  -39.306  75.838 0.0000000000
127895  -13.127  -39.191  75.717 0.0000000000
50934  -11.742  -39.392  75.572 0.0000000000
49947  -10.900  -40.029  74.627 0.0000000000
47882  -7.717  -42.282  76.592 0.0000000000
47874  -7.835  -42.041  77.677 0.0000000000
46901  -6.832  -43.293  77.675 0.0000000000
44857  -5.683  -45.463  77.993 0.0000000000
45889  -5.698  -44.715  78.569 0.0000000000
45856  -5.468  -43.652  79.621 0.0000000000
45854  -4.467  -43.807  79.555 0.0000000000
57144  -32.986  -33.036  72.177 0.0000000000
141677  -35.721  -32.966  71.269 0.0000000000
75744  -48.274  -14.502  53.363 0.0000000000
76658  -48.936  -13.541  53.268 0.0000000000
77563  -48.636  -12.678  52.925 0.0000000000
78478  -48.739  -11.862  52.578 0.0000000000
79364  -49.038  -9.862  51.396 0.0000000000
80235  -49.357  -9.194  50.873 0.0000000000
66234  -40.602  -24.296  58.750 0.0000000000
133615  -40.223  -23.452  58.918 0.0000000000
68162  -40.014  -22.585  59.066 0.0000000000
69063  -39.834  -21.694  58.795 0.0000000000
69948  -40.232  -20.870  59.086 0.0000000000
69956  -39.767  -20.939  58.435 0.0000000000
71874  -40.811  -18.647  58.023 0.0000000000
57197  -20.513  -33.457  68.779 0.0000000000
141845  -20.096  -34.078  69.295 0.0000000000
47835  -7.708  -41.565  81.309 0.0000000000
61252  -30.907  -29.162  62.486 0.0000000000
61241  -31.367  -29.733  63.020 0.0000000000
62184  -31.383  -28.779  63.268 0.0000000000
63185  -39.033  -27.079  62.093 0.0000000000
59107  -23.198  -31.006  65.570 0.0000000000
60179  -23.847  -30.277  66.068 0.0000000000
60199  -24.718  -30.316  64.671 0.0000000000
60160  -25.481  -29.894  66.124 0.0000000000
60181  -25.442  -30.191  65.202 0.0000000000
60200  -25.444  -30.582  64.249 0.0000000000
59124  -25.884  -31.091  63.633 0.0000000000
58170  -27.056  -32.432  63.250 0.0000000000
55161  -30.662  -34.641  65.430 0.0000000000
134118  -30.865  -34.814  64.980 0.0000000000
55176  -30.777  -34.950  64.279 0.0000000000
55206  -31.288  -35.241  62.917 0.0000000000
55207  -31.829  -34.723  63.290 0.0000000000
55222  -31.158  -35.467  61.889 0.0000000000
60077  -25.138  -29.595  72.631 0.0000000000
141509  -25.054  -29.570  71.817 0.0000000000
60090  -24.853  -29.593  71.084 0.0000000000
60102  -24.508  -29.642  70.268 0.0000000000
131122  -25.387  -29.430  69.735 0.0000000000
60115  -24.598  -29.649  69.344 0.0000000000
60144  -23.769  -30.043  67.940 0.0000000000
76673  -41.691  -13.859  49.236 0.0000000000
82082  -51.665  -7.630  45.930 0.0000000000
81165  -50.901  -8.061  45.813 0.0000000000
81172  -52.133  -7.798  45.090 0.0000000000
137252  -52.040  -10.290  41.968 0.0000000000
66288  -36.179  -25.206  54.393 0.0000000000
69152  -39.305  -21.688  50.277 0.0000000000
70894  -44.810  -19.273  54.436 0.0000000000
69979  -44.579  -19.902  53.840 0.0000000000
70000  -45.169  -20.378  53.431 0.0000000000
69106  -45.732  -20.751  52.873 0.0000000000
69125  -46.264  -21.041  52.341 0.0000000000
69126  -46.914  -20.712  52.360 0.0000000000
69143  -47.154  -20.125  51.725 0.0000000000
144065  -47.225  -19.423  51.552 0.0000000000
51981  -18.765  -38.370  73.840 0.0000000000
50956  -16.412  -39.309  74.419 0.0000000000
50977  -15.638  -39.050  73.487 0.0000000000
50954  -13.843  -38.909  73.537 0.0000000000
50975  -13.293  -39.103  72.909 0.0000000000
50994  -12.885  -39.600  72.560 0.0000000000
48935  -13.508  -41.012  71.902 0.0000000000
43856  -4.670  -46.830  78.287 0.0000000000
59110  -33.303  -31.528  65.215 0.0000000000
139089  -33.063  -30.626  65.187 0.0000000000
60183  -33.479  -30.984  65.892 0.0000000000
151043  -34.083  -30.301  67.203 0.0000000000
60147  -34.359  -30.273  67.666 0.0000000000
60118  -35.554  -30.045  70.094 0.0000000000
60105  -28.775  -30.044  69.787 0.0000000000
59064  -29.113  -30.658  68.972 0.0000000000
58107  -29.651  -31.524  68.493 0.0000000000
58098  -30.625  -31.863  69.621 0.0000000000
58108  -30.405  -32.083  68.808 0.0000000000
58116  -30.042  -32.273  67.918 0.0000000000
130388  -30.578  -32.980  67.580 0.0000000000
56152  -30.584  -33.563  66.862 0.0000000000
56173  -30.838  -34.193  66.416 0.0000000000
57163  -32.707  -33.276  71.347 0.0000000000
57177  -32.285  -33.405  70.325 0.0000000000
56098  -32.909  -34.109  70.068 0.0000000000
56097  -32.401  -33.848  69.563 0.0000000000
57176  -31.931  -33.427  69.295 0.0000000000
56134  -31.540  -33.709  67.815 0.0000000000
55130  -31.383  -34.325  66.692 0.0000000000
55146  -31.623  -34.497  66.264 0.0000000000
55163  -32.064  -34.528  65.672 0.0000000000
55179  -32.553  -34.100  65.395 0.0000000000
151677  -33.407  -33.602  66.682 0.0000000000
56191  -33.010  -33.688  65.694 0.0000000000
56206  -32.872  -33.557  64.887 0.0000000000
57239  -33.145  -33.235  64.786 0.0000000000
58158  -33.238  -32.761  64.716 0.0000000000
59037  -29.355  -30.254  70.495 0.0000000000
70059  -41.968  -20.838  49.351 0.0000000000
130615  -40.972  -20.379  48.813 0.0000000000
70959  -41.760  -19.959  49.508 0.0000000000
70947  -41.511  -19.108  49.782 0.0000000000
144738  -42.879  -17.525  50.817 0.0000000000
149139  -41.769  -17.743  50.312 0.0000000000
72970  -41.057  -17.581  49.989 0.0000000000
133785  -46.673  -14.393  52.849 0.0000000000
76656  -46.210  -13.738  52.519 0.0000000000
75750  -45.103  -14.310  52.042 0.0000000000
77571  -46.231  -12.250  51.877 0.0000000000
76666  -45.203  -13.425  51.807 0.0000000000
76665  -44.552  -13.842  51.560 0.0000000000
75754  -43.172  -14.367  50.835 0.0000000000
76675  -42.769  -13.877  50.356 0.0000000000
75762  -42.127  -14.239  50.043 0.0000000000
76674  -42.369  -13.406  49.622 0.0000000000
77579  -42.773  -12.534  49.175 0.0000000000
77583  -42.524  -12.556  48.168 0.0000000000
78496  -44.309  -11.406  49.334 0.0000000000
78502  -43.168  -11.979  48.376 0.0000000000
139305  -42.946  -12.116  47.584 0.0000000000
77588  -43.372  -11.838  47.039 0.0000000000
77598  -43.812  -11.614  46.368 0.0000000000
78517  -44.289  -11.432  45.584 0.0000000000
78515  -45.813  -10.322  46.179 0.0000000000
151804  -46.751  -9.653  46.320 0.0000000000
80249  -47.356  -9.164  47.432 0.0000000000
79382  -47.378  -9.305  46.495 0.0000000000
81163  -49.473  -8.276  46.646 0.0000000000
81138  -49.658  -8.598  50.293 0.0000000000
81145  -50.023  -8.075  49.553 0.0000000000
148394  -50.647  -7.696  49.286 0.0000000000
82059  -50.789  -7.578  48.103 0.0000000000
82072  -50.851  -7.600  47.361 0.0000000000
135461  -51.596  -7.399  46.906 0.0000000000
63240  -36.381  -27.733  58.214 0.0000000000
135071  -35.866  -27.798  57.500 0.0000000000
63259  -36.776  -28.247  57.204 0.0000000000
62245  -37.486  -28.344  56.484 0.0000000000
131695  -38.499  -27.449  56.099 0.0000000000
131255  -39.291  -24.160  57.817 0.0000000000
66261  -38.792  -24.428  57.209 0.0000000000
68178  -38.594  -22.878  57.598 0.0000000000
66260  -38.240  -24.646  56.582 0.0000000000
66271  -37.661  -24.859  55.846 0.0000000000
67238  -36.356  -23.495  55.455 0.0000000000
68183  -36.272  -22.526  55.415 0.0000000000
138399  -36.660  -22.009  55.845 0.0000000000
69994  -36.332  -20.583  53.855 0.0000000000
69995  -36.997  -19.918  53.461 0.0000000000
150777  -39.090  -19.021  53.949 0.0000000000
70889  -39.419  -18.837  54.582 0.0000000000
70890  -40.442  -18.961  54.249 0.0000000000
144836  -41.950  -19.103  54.406 0.0000000000
70875  -43.267  -18.715  54.832 0.0000000000
71888  -41.450  -18.206  57.532 0.0000000000
71906  -42.212  -17.885  56.983 0.0000000000
144898  -42.130  -18.104  56.265 0.0000000000
134372  -42.912  -17.893  56.321 0.0000000000
71921  -43.603  -18.271  55.569 0.0000000000
70876  -44.215  -18.727  54.885 0.0000000000
129578  -45.022  -18.757  54.994 0.0000000000
57187  -19.837  -33.731  69.936 0.0000000000
55078  -19.279  -35.260  71.126 0.0000000000
125840  -19.267  -35.972  71.850 0.0000000000
53055  -19.432  -37.597  71.768 0.0000000000
144320  -19.356  -38.076  71.619 0.0000000000
51016  -19.126  -38.713  71.143 0.0000000000
51029  -19.041  -39.121  70.234 0.0000000000
51028  -18.203  -39.379  70.152 0.0000000000
81210  -51.212  -8.630  38.832 0.0000000000
81208  -49.632  -8.341  38.213 0.0000000000
141380  -32.827  -25.343  59.681 0.0000000000
65239  -32.910  -25.404  58.882 0.0000000000
133683  -33.580  -25.615  58.728 0.0000000000
64237  -34.923  -26.450  58.779 0.0000000000
144617  -32.864  -29.798  65.186 0.0000000000
62170  -32.617  -27.320  65.280 0.0000000000
63162  -32.731  -26.785  64.952 0.0000000000
148075  -34.441  -26.257  66.276 0.0000000000
64147  -35.294  -25.884  66.011 0.0000000000
126146  -33.776  -26.194  65.465 0.0000000000
64183  -33.364  -25.859  63.874 0.0000000000
65199  -34.124  -25.436  63.333 0.0000000000
65220  -34.645  -25.455  61.706 0.0000000000
64209  -35.761  -25.533  62.000 0.0000000000
64238  -35.619  -26.520  59.467 0.0000000000
64257  -35.834  -27.102  58.907 0.0000000000
136002  -37.953  -28.196  58.011 0.0000000000
63242  -38.753  -27.996  58.422 0.0000000000
63262  -39.150  -27.561  57.870 0.0000000000
64276  -39.805  -26.324  58.034 0.0000000000
63200  -40.076  -27.208  61.216 0.0000000000
62208  -39.738  -27.022  60.256 0.0000000000
132729  -40.075  -26.682  59.851 0.0000000000
63229  -41.126  -26.086  60.463 0.0000000000
63228  -40.628  -26.305  60.191 0.0000000000
63245  -40.382  -26.277  59.495 0.0000000000
65257  -40.899  -25.482  58.866 0.0000000000
66248  -40.548  -25.156  58.481 0.0000000000
133606  -28.359  -30.623  67.859 0.0000000000
59095  -27.748  -30.986  66.217 0.0000000000
58133  -28.872  -32.003  66.403 0.0000000000
58132  -28.246  -31.682  65.970 0.0000000000
58156  -27.574  -32.260  64.215 0.0000000000
57255  -27.232  -33.303  62.596 0.0000000000
56204  -29.756  -34.712  64.405 0.0000000000
56203  -28.941  -34.409  63.963 0.0000000000
56233  -29.124  -35.429  62.606 0.0000000000
57267  -27.697  -34.149  62.390 0.0000000000
59034  -21.266  -31.288  72.037 0.0000000000
60076  -24.332  -29.811  72.325 0.0000000000
59049  -22.783  -30.401  70.516 0.0000000000
58106  -20.928  -31.991  69.662 0.0000000000
57188  -20.681  -32.718  69.177 0.0000000000
57206  -20.794  -33.669  67.947 0.0000000000
78521  -44.664  -11.460  44.009 0.0000000000
141364  -46.326  -10.632  44.545 0.0000000000
78525  -45.507  -11.403  43.391 0.0000000000
77613  -45.483  -11.754  42.545 0.0000000000
136389  -46.042  -12.264  41.976 0.0000000000
80262  -49.480  -8.849  44.977 0.0000000000
80265  -48.912  -9.320  44.480 0.0000000000
79391  -48.437  -10.098  43.595 0.0000000000
131544  -48.956  -10.169  43.182 0.0000000000
78529  -47.334  -11.665  42.524 0.0000000000
77619  -47.025  -12.291  41.999 0.0000000000
132261  -46.423  -13.698  41.027 0.0000000000
76725  -46.576  -13.710  40.597 0.0000000000
76722  -47.976  -13.128  40.983 0.0000000000
76729  -46.492  -13.766  40.034 0.0000000000
78547  -47.974  -11.061  39.452 0.0000000000
78548  -49.035  -11.047  39.634 0.0000000000
79419  -49.924  -10.523  39.500 0.0000000000
80299  -50.627  -9.957  39.356 0.0000000000
131573  -52.117  -9.961  39.256 0.0000000000
49905  -9.824  -40.354  77.761 0.0000000000
150842  -8.257  -41.765  76.223 0.0000000000
48892  -8.467  -41.997  74.910 0.0000000000
47889  -8.042  -42.232  75.619 0.0000000000
63280  -35.847  -28.109  56.607 0.0000000000
64306  -36.536  -27.070  53.505 0.0000000000
70015  -37.197  -20.030  52.532 0.0000000000
70016  -38.131  -19.852  52.269 0.0000000000
70030  -38.586  -20.348  51.582 0.0000000000
70017  -39.687  -19.863  52.451 0.0000000000
69137  -39.213  -21.067  50.981 0.0000000000
69153  -40.144  -21.637  50.588 0.0000000000
69998  -42.749  -20.542  53.304 0.0000000000
70019  -42.439  -21.092  52.761 0.0000000000
129295  -43.179  -21.722  52.468 0.0000000000
69121  -42.486  -21.759  52.017 0.0000000000
68228  -41.067  -21.677  50.977 0.0000000000
68255  -41.871  -22.112  49.716 0.0000000000
68256  -42.635  -22.188  50.140 0.0000000000
150579  -41.727  -21.420  49.130 0.0000000000
134217  -42.913  -20.182  49.906 0.0000000000
136685  -45.218  -19.466  50.272 0.0000000000
71963  -44.913  -18.926  50.508 0.0000000000
72963  -45.142  -18.021  51.152 0.0000000000
73878  -46.146  -17.168  52.049 0.0000000000
74782  -47.220  -16.158  52.813 0.0000000000
70039  -46.856  -18.973  51.028 0.0000000000
49887  -11.640  -39.299  78.793 0.0000000000
49906  -10.565  -39.908  77.773 0.0000000000
48905  -10.262  -40.602  74.257 0.0000000000
147085  -9.817  -41.316  73.998 0.0000000000
49974  -12.285  -39.979  72.741 0.0000000000
143791  -12.084  -40.766  72.609 0.0000000000
48861  -8.488  -41.174  78.990 0.0000000000
47856  -7.598  -41.750  80.571 0.0000000000
47845  -7.066  -41.936  81.026 0.0000000000
144920  -6.542  -44.571  76.892 0.0000000000
46900  -6.514  -44.097  77.461 0.0000000000
47844  -6.414  -41.873  81.405 0.0000000000
133682  -6.095  -41.745  81.612 0.0000000000
47843  -5.787  -41.754  81.339 0.0000000000
47831  -5.680  -41.306  81.868 0.0000000000
43847  -4.211  -46.058  78.805 0.0000000000
46871  -4.594  -42.991  79.742 0.0000000000
50981  -18.643  -38.675  73.308 0.0000000000
51002  -19.021  -38.366  72.993 0.0000000000
54124  -20.116  -36.724  69.258 0.0000000000
55103  -33.224  -34.382  68.706 0.0000000000
55116  -32.340  -34.247  67.662 0.0000000000
55117  -32.942  -34.305  67.962 0.0000000000
55118  -33.435  -34.299  68.189 0.0000000000
55134  -33.516  -33.979  67.676 0.0000000000
55145  -30.995  -34.530  66.054 0.0000000000
55149  -33.284  -33.892  67.039 0.0000000000
55162  -31.241  -34.685  65.562 0.0000000000
56112  -19.783  -34.560  69.824 0.0000000000
56116  -31.743  -33.555  68.512 0.0000000000
56120  -34.247  -34.316  69.503 0.0000000000
56135  -32.017  -33.981  68.091 0.0000000000
56137  -34.343  -33.793  68.532 0.0000000000
56153  -31.224  -33.896  67.108 0.0000000000
56155  -33.928  -33.729  67.812 0.0000000000
56174  -33.150  -33.795  66.432 0.0000000000
56176  -33.937  -33.356  67.265 0.0000000000
56192  -33.402  -33.450  66.187 0.0000000000
56220  -32.541  -33.799  64.194 0.0000000000
56236  -32.461  -33.857  63.450 0.0000000000
57190  -31.465  -33.051  68.868 0.0000000000
57219  -33.972  -33.046  66.783 0.0000000000
58159  -33.487  -32.971  65.353 0.0000000000
58171  -32.674  -32.627  63.464 0.0000000000
59123  -23.485  -31.114  64.417 0.0000000000
59128  -33.114  -32.024  64.609 0.0000000000
59129  -33.482  -32.359  65.258 0.0000000000
60163  -34.428  -31.073  67.718 0.0000000000
60182  -25.997  -30.494  64.897 0.0000000000
60217  -24.655  -30.750  63.716 0.0000000000
63215  -39.726  -27.197  60.448 0.0000000000
63217  -41.620  -26.079  61.074 0.0000000000
64187  -38.217  -25.803  63.759 0.0000000000
64211  -37.602  -26.242  61.621 0.0000000000
64258  -40.128  -26.307  58.792 0.0000000000
68217  -44.734  -22.734  51.658 0.0000000000
68230  -43.407  -22.805  51.021 0.0000000000
68234  -45.726  -21.983  51.069 0.0000000000
68244  -44.741  -22.873  50.397 0.0000000000
68245  -45.272  -22.642  50.693 0.0000000000
68246  -45.750  -21.462  50.676 0.0000000000
69107  -46.515  -20.547  53.078 0.0000000000
69141  -46.257  -21.359  51.705 0.0000000000
69142  -46.714  -20.780  51.767 0.0000000000
69155  -46.426  -20.463  51.156 0.0000000000
69160  -44.832  -21.592  50.218 0.0000000000
69997  -41.586  -19.890  53.434 0.0000000000
70038  -46.559  -19.561  50.948 0.0000000000
70048  -46.411  -19.520  50.491 0.0000000000
70950  -44.389  -19.478  50.352 0.0000000000
70951  -45.478  -20.038  50.184 0.0000000000
71953  -45.924  -18.625  50.598 0.0000000000
71954  -46.515  -18.952  50.267 0.0000000000
72962  -44.146  -17.506  51.267 0.0000000000
74789  -45.853  -15.939  52.402 0.0000000000
74796  -43.929  -15.322  51.508 0.0000000000
75755  -43.790  -14.351  51.272 0.0000000000
75773  -41.035  -14.323  48.855 0.0000000000
76670  -44.037  -13.306  51.032 0.0000000000
76682  -41.281  -13.716  48.304 0.0000000000
77576  -44.339  -12.453  50.642 0.0000000000
77630  -51.567  -11.913  41.068 0.0000000000
78492  -45.420  -11.415  50.421 0.0000000000
78493  -46.363  -11.052  50.793 0.0000000000
78514  -45.328  -10.642  46.087 0.0000000000
78532  -51.348  -11.405  41.485 0.0000000000
78535  -50.300  -11.441  41.694 0.0000000000
79355  -47.871  -10.589  51.507 0.0000000000
79371  -46.113  -9.900  48.638 0.0000000000
79381  -46.140  -9.997  46.675 0.0000000000
79386  -46.735  -10.177  45.014 0.0000000000
79388  -48.455  -9.697  44.150 0.0000000000
80247  -48.115  -8.765  48.697 0.0000000000
80266  -49.756  -9.245  44.025 0.0000000000
80271  -49.655  -9.810  42.975 0.0000000000
80297  -49.348  -9.363  39.063 0.0000000000
80300  -51.406  -10.710  39.430 0.0000000000
81139  -50.309  -8.328  50.333 0.0000000000
81154  -49.430  -8.078  47.559 0.0000000000
81170  -50.381  -8.488  45.311 0.0000000000
81209  -50.453  -8.429  38.552 0.0000000000
82073  -50.895  -7.780  46.504 0.0000000000
126369  -45.609  -20.668  50.279 0.0000000000
130045  -11.471  -39.523  74.966 0.0000000000
130598  -41.946  -17.133  50.518 0.0000000000
132983  -34.736  -34.058  70.106 0.0000000000
136132  -45.144  -15.341  52.132 0.0000000000
139346  -27.102  -30.743  65.777 0.0000000000
139403  -45.495  -21.456  50.331 0.0000000000
143907  -34.706  -33.851  69.363 0.0000000000
143943  -31.294  -26.733  62.487 0.0000000000
146072  -45.592  -13.844  52.229 0.0000000000
147485  -36.985  -20.238  55.150 0.0000000000
148381  -35.420  -32.432  70.283 0.0000000000
148448  -23.969  -31.000  63.772 0.0000000000
148485  -43.495  -11.731  47.715 0.0000000000
148576  -34.555  -33.032  68.486 0.0000000000
149287  -47.691  -11.594  52.259 0.0000000000
149710  -32.740  -33.820  65.187 0.0000000000
150412  -48.163  -13.467  53.192 0.0000000000
150771  -46.555  -19.194  50.553 0.0000000000
