#!ascii label  , from subject sub-v1s17x0050241_ses-1 vox2ras=TkReg
1188
54277  18.755  -34.781  70.709 0.0000000000
56215  32.298  -32.673  76.861 0.0000000000
71123  37.997  -18.826  54.028 0.0000000000
64198  30.609  -25.726  61.896 0.0000000000
57420  36.355  -31.134  66.190 0.0000000000
79563  48.054  -9.343  45.662 0.0000000000
141585  40.662  -21.322  56.231 0.0000000000
137120  35.361  -20.417  55.845 0.0000000000
51099  15.144  -38.350  71.567 0.0000000000
53127  25.872  -35.657  72.164 0.0000000000
58395  28.497  -30.853  71.450 0.0000000000
133562  23.015  -36.354  67.027 0.0000000000
73806  42.818  -15.007  49.449 0.0000000000
53076  22.044  -36.037  75.220 0.0000000000
147083  17.239  -34.865  75.687 0.0000000000
73757  43.187  -15.592  53.615 0.0000000000
50098  13.217  -38.138  75.752 0.0000000000
48042  8.611  -41.628  74.778 0.0000000000
67129  34.630  -21.605  61.957 0.0000000000
61418  33.612  -29.234  64.203 0.0000000000
56420  32.494  -33.425  61.532 0.0000000000
57408  31.075  -32.016  66.513 0.0000000000
68083  41.211  -21.052  58.641 0.0000000000
68124  37.769  -21.153  56.200 0.0000000000
69085  38.011  -20.022  58.484 0.0000000000
69068  43.429  -19.748  59.107 0.0000000000
53195  18.067  -36.174  68.152 0.0000000000
51118  16.361  -38.823  69.465 0.0000000000
139685  16.812  -36.102  70.906 0.0000000000
53148  22.732  -35.627  70.791 0.0000000000
53189  24.469  -35.720  69.548 0.0000000000
53173  21.143  -35.128  68.937 0.0000000000
145656  19.551  -36.955  66.657 0.0000000000
72850  36.585  -17.021  52.177 0.0000000000
142246  41.221  -17.345  56.545 0.0000000000
73731  39.735  -15.549  54.976 0.0000000000
73785  39.962  -15.933  51.906 0.0000000000
53023  16.428  -35.711  78.553 0.0000000000
51989  15.252  -36.321  76.143 0.0000000000
146013  14.187  -37.162  78.350 0.0000000000
50070  9.130  -38.590  80.399 0.0000000000
49078  10.122  -39.591  77.164 0.0000000000
48008  7.761  -40.783  76.952 0.0000000000
46123  6.155  -43.327  77.156 0.0000000000
46108  5.501  -43.196  79.071 0.0000000000
62261  34.228  -27.654  67.310 0.0000000000
60511  35.324  -30.362  65.191 0.0000000000
58504  34.404  -31.417  61.715 0.0000000000
57454  34.383  -32.249  63.425 0.0000000000
58421  26.576  -30.947  68.846 0.0000000000
59492  30.572  -30.242  69.174 0.0000000000
60501  27.823  -29.708  66.212 0.0000000000
58462  28.599  -31.270  63.970 0.0000000000
66184  32.217  -23.312  61.637 0.0000000000
134797  31.967  -22.112  59.301 0.0000000000
65214  30.304  -24.194  59.449 0.0000000000
82930  49.741  -5.334  44.073 0.0000000000
80460  47.408  -8.453  43.348 0.0000000000
69140  39.587  -20.499  54.456 0.0000000000
135776  38.053  -22.361  53.980 0.0000000000
132385  42.783  -19.126  56.546 0.0000000000
55262  29.703  -34.150  74.390 0.0000000000
57316  30.815  -31.807  74.190 0.0000000000
56254  27.334  -33.616  72.027 0.0000000000
56306  25.396  -32.929  69.185 0.0000000000
55310  24.454  -34.373  66.243 0.0000000000
73794  45.898  -14.953  50.890 0.0000000000
76689  45.749  -13.169  49.873 0.0000000000
77594  45.250  -11.297  48.555 0.0000000000
78569  44.834  -10.788  45.969 0.0000000000
53111  21.007  -35.007  72.085 0.0000000000
128628  18.373  -34.534  72.944 0.0000000000
54204  19.457  -34.692  75.686 0.0000000000
52035  23.817  -36.253  73.267 0.0000000000
72873  42.591  -16.118  50.825 0.0000000000
52036  15.379  -36.618  73.269 0.0000000000
50112  14.111  -38.028  73.610 0.0000000000
49134  12.305  -39.870  73.375 0.0000000000
146574  12.275  -38.391  77.887 0.0000000000
49106  11.346  -39.865  75.418 0.0000000000
44120  3.786  -45.126  81.117 0.0000000000
69053  37.309  -19.651  61.760 0.0000000000
65154  33.082  -24.171  64.084 0.0000000000
63178  33.147  -25.818  65.881 0.0000000000
141352  31.696  -27.315  63.360 0.0000000000
60556  33.312  -29.962  61.443 0.0000000000
57541  33.359  -32.312  58.794 0.0000000000
56456  30.336  -33.156  58.805 0.0000000000
58393  31.927  -30.821  71.741 0.0000000000
57374  32.950  -31.863  69.202 0.0000000000
56338  33.335  -33.037  66.382 0.0000000000
56388  30.846  -33.292  63.824 0.0000000000
57486  29.300  -32.337  61.267 0.0000000000
69077  34.847  -19.861  59.366 0.0000000000
68128  32.087  -21.290  56.353 0.0000000000
69060  40.592  -19.932  59.606 0.0000000000
68085  39.551  -20.774  58.719 0.0000000000
69073  39.162  -19.762  59.474 0.0000000000
126216  42.230  -20.100  59.420 0.0000000000
135247  18.450  -35.046  69.494 0.0000000000
53174  17.214  -36.373  69.422 0.0000000000
54267  17.339  -35.496  70.681 0.0000000000
54276  20.603  -34.955  70.324 0.0000000000
53172  21.950  -35.403  69.492 0.0000000000
54287  20.359  -34.945  69.400 0.0000000000
54300  19.348  -35.166  68.138 0.0000000000
71125  36.587  -18.137  53.169 0.0000000000
71102  39.259  -17.896  55.199 0.0000000000
72807  40.099  -16.274  56.024 0.0000000000
71936  38.101  -17.213  54.606 0.0000000000
72828  38.170  -15.976  53.828 0.0000000000
49043  7.638  -39.712  79.717 0.0000000000
49062  8.094  -39.845  78.392 0.0000000000
152270  7.288  -40.468  78.489 0.0000000000
148962  7.055  -41.625  76.880 0.0000000000
47992  6.701  -41.273  78.401 0.0000000000
46116  5.873  -43.472  77.917 0.0000000000
147152  35.661  -29.698  66.617 0.0000000000
59536  35.879  -30.897  65.320 0.0000000000
145429  35.256  -31.030  64.035 0.0000000000
57437  35.095  -31.899  64.613 0.0000000000
56219  32.760  -31.984  76.448 0.0000000000
147465  25.411  -31.170  66.619 0.0000000000
60478  27.539  -29.594  67.607 0.0000000000
60492  25.860  -29.774  65.906 0.0000000000
60514  26.689  -29.672  64.915 0.0000000000
65182  31.726  -24.063  62.055 0.0000000000
65197  31.474  -23.694  61.211 0.0000000000
79554  48.461  -9.539  46.774 0.0000000000
148321  49.935  -8.694  46.591 0.0000000000
140103  49.725  -8.060  45.952 0.0000000000
81238  49.178  -7.347  45.235 0.0000000000
79565  47.721  -9.252  45.014 0.0000000000
68155  40.488  -20.989  55.561 0.0000000000
68169  39.072  -21.076  54.148 0.0000000000
67201  39.063  -21.497  55.176 0.0000000000
68125  36.843  -20.766  56.058 0.0000000000
67183  36.524  -21.911  54.778 0.0000000000
67184  35.562  -21.606  54.723 0.0000000000
69093  42.656  -20.662  57.603 0.0000000000
69109  42.387  -20.435  56.497 0.0000000000
70170  41.500  -19.540  55.645 0.0000000000
51109  16.029  -38.415  70.361 0.0000000000
50149  14.546  -39.595  71.519 0.0000000000
54247  27.339  -35.048  73.526 0.0000000000
56241  27.911  -33.787  72.760 0.0000000000
54275  26.282  -34.805  71.569 0.0000000000
53209  23.877  -36.022  68.092 0.0000000000
54307  24.793  -34.573  68.949 0.0000000000
132125  24.374  -35.071  67.532 0.0000000000
55305  24.579  -34.157  67.142 0.0000000000
132509  24.154  -35.482  66.661 0.0000000000
53230  23.181  -36.471  66.374 0.0000000000
133214  32.435  -29.848  59.516 0.0000000000
74758  44.323  -14.927  49.955 0.0000000000
75722  45.831  -14.082  50.179 0.0000000000
74762  44.260  -14.019  49.601 0.0000000000
76694  43.710  -12.198  48.165 0.0000000000
77606  43.722  -11.728  46.969 0.0000000000
78558  44.951  -10.669  46.922 0.0000000000
54231  21.317  -35.362  73.945 0.0000000000
133109  20.435  -34.907  73.629 0.0000000000
54216  21.277  -35.517  74.893 0.0000000000
53075  23.305  -36.247  73.755 0.0000000000
128901  22.291  -35.577  72.695 0.0000000000
72844  43.860  -16.245  52.016 0.0000000000
72845  42.978  -16.192  52.184 0.0000000000
128353  39.797  -16.011  50.974 0.0000000000
54220  17.256  -34.769  74.435 0.0000000000
145777  16.522  -35.472  73.338 0.0000000000
53078  15.810  -35.773  74.559 0.0000000000
51042  14.414  -37.089  75.865 0.0000000000
51055  14.350  -37.213  74.842 0.0000000000
50105  13.371  -38.255  74.821 0.0000000000
50128  13.221  -38.835  73.564 0.0000000000
49118  12.689  -39.168  73.920 0.0000000000
50075  11.624  -38.051  79.175 0.0000000000
49108  9.724  -40.358  75.798 0.0000000000
49094  10.370  -39.928  76.441 0.0000000000
48040  9.963  -40.684  75.038 0.0000000000
48055  10.923  -40.643  73.970 0.0000000000
66157  34.181  -23.113  63.894 0.0000000000
62269  33.606  -28.019  66.242 0.0000000000
62262  33.787  -27.253  66.898 0.0000000000
62276  32.972  -27.358  65.732 0.0000000000
63179  32.688  -26.097  65.270 0.0000000000
61419  32.757  -28.340  64.442 0.0000000000
61445  32.109  -28.627  62.170 0.0000000000
149262  33.384  -29.478  63.220 0.0000000000
57484  33.996  -32.647  61.289 0.0000000000
58519  34.040  -31.814  60.175 0.0000000000
57503  33.200  -33.164  60.002 0.0000000000
56474  32.159  -33.237  58.806 0.0000000000
56439  31.510  -33.485  60.348 0.0000000000
58384  29.690  -30.942  72.723 0.0000000000
58382  31.701  -30.873  72.826 0.0000000000
59474  30.476  -30.224  71.743 0.0000000000
131462  31.167  -30.903  67.769 0.0000000000
58411  31.929  -31.159  68.991 0.0000000000
131018  32.067  -31.989  67.637 0.0000000000
127988  33.461  -32.649  67.884 0.0000000000
138249  31.730  -32.726  66.262 0.0000000000
56371  31.972  -33.379  64.696 0.0000000000
57424  30.747  -32.750  65.265 0.0000000000
58490  28.102  -31.534  62.277 0.0000000000
57473  29.324  -32.365  62.459 0.0000000000
68074  35.788  -20.384  61.272 0.0000000000
69064  35.727  -19.988  60.442 0.0000000000
68076  34.445  -20.942  60.701 0.0000000000
148554  31.079  -22.791  57.719 0.0000000000
67149  32.026  -21.724  58.265 0.0000000000
82031  49.403  -6.008  42.665 0.0000000000
68105  40.867  -21.612  57.596 0.0000000000
67165  39.172  -21.609  56.294 0.0000000000
67154  39.637  -21.684  57.524 0.0000000000
68107  38.040  -20.847  57.147 0.0000000000
69110  36.355  -20.157  56.771 0.0000000000
70138  43.552  -19.461  60.070 0.0000000000
69069  42.325  -20.402  58.913 0.0000000000
52105  16.978  -37.283  69.163 0.0000000000
51108  16.481  -37.748  69.883 0.0000000000
52069  15.891  -37.078  71.493 0.0000000000
52086  23.917  -36.007  71.068 0.0000000000
52101  24.645  -35.997  70.554 0.0000000000
52104  23.307  -35.901  69.797 0.0000000000
128304  22.567  -35.762  69.090 0.0000000000
53192  22.039  -35.816  68.086 0.0000000000
53231  21.007  -36.350  66.273 0.0000000000
54309  19.847  -35.501  67.465 0.0000000000
53215  18.467  -36.759  67.537 0.0000000000
74770  41.531  -15.004  48.561 0.0000000000
53056  22.055  -36.141  76.142 0.0000000000
132808  41.901  -15.545  56.871 0.0000000000
73729  41.098  -15.138  55.718 0.0000000000
73759  41.036  -15.259  53.797 0.0000000000
72847  41.064  -15.781  52.786 0.0000000000
73761  39.476  -15.510  53.422 0.0000000000
150580  37.910  -15.920  52.529 0.0000000000
53033  16.773  -35.291  76.833 0.0000000000
53043  15.868  -35.743  76.349 0.0000000000
53034  16.121  -35.721  77.409 0.0000000000
51979  14.786  -36.665  77.360 0.0000000000
51036  13.710  -37.620  77.213 0.0000000000
50076  10.999  -38.144  79.489 0.0000000000
50087  9.521  -39.012  78.662 0.0000000000
49079  9.217  -39.788  77.311 0.0000000000
48026  8.355  -41.237  75.568 0.0000000000
149212  7.412  -42.158  75.703 0.0000000000
61406  34.946  -29.307  66.395 0.0000000000
61417  34.372  -29.551  64.899 0.0000000000
60531  33.954  -30.072  63.221 0.0000000000
60530  34.902  -30.783  63.645 0.0000000000
58489  34.599  -31.459  62.574 0.0000000000
56402  33.450  -33.113  62.657 0.0000000000
59487  27.727  -30.729  70.259 0.0000000000
59485  29.263  -29.783  70.483 0.0000000000
60455  28.591  -29.649  69.333 0.0000000000
60476  29.315  -29.807  68.050 0.0000000000
58443  29.475  -30.467  66.527 0.0000000000
58442  29.989  -31.588  65.626 0.0000000000
151749  28.223  -30.424  64.945 0.0000000000
58477  27.635  -30.815  63.534 0.0000000000
67131  33.413  -22.293  61.605 0.0000000000
67137  33.146  -21.965  60.793 0.0000000000
66196  31.892  -23.011  60.812 0.0000000000
66205  30.877  -23.441  59.438 0.0000000000
82023  49.727  -5.619  44.830 0.0000000000
82025  48.429  -6.845  43.688 0.0000000000
137158  38.884  -19.084  54.244 0.0000000000
70196  37.798  -19.727  53.426 0.0000000000
69154  38.583  -21.026  53.552 0.0000000000
130695  37.954  -22.066  54.728 0.0000000000
67204  36.863  -22.549  54.219 0.0000000000
71090  44.506  -18.915  59.262 0.0000000000
71921  44.438  -17.887  58.710 0.0000000000
71925  43.372  -17.395  57.817 0.0000000000
71930  41.792  -18.113  56.482 0.0000000000
71110  40.292  -19.149  55.006 0.0000000000
56221  31.408  -33.271  75.900 0.0000000000
57301  31.426  -32.436  75.288 0.0000000000
56228  30.246  -33.390  74.422 0.0000000000
139378  28.626  -33.083  72.846 0.0000000000
57348  28.211  -31.957  71.684 0.0000000000
54285  25.908  -34.552  70.851 0.0000000000
56272  26.384  -33.477  70.836 0.0000000000
57376  26.594  -32.357  70.002 0.0000000000
57387  25.781  -32.435  68.853 0.0000000000
57410  25.074  -32.540  67.582 0.0000000000
56341  24.724  -33.174  66.115 0.0000000000
77588  46.518  -11.918  49.601 0.0000000000
75728  43.694  -12.756  48.679 0.0000000000
76692  45.087  -11.888  49.019 0.0000000000
77593  46.582  -11.158  48.997 0.0000000000
78542  46.682  -10.601  48.246 0.0000000000
78556  46.636  -10.058  46.760 0.0000000000
130395  46.528  -9.975  45.930 0.0000000000
132699  46.536  -10.007  44.650 0.0000000000
54264  20.052  -34.857  71.810 0.0000000000
54250  18.146  -34.705  72.215 0.0000000000
54249  19.160  -34.631  72.435 0.0000000000
55261  18.863  -34.357  74.214 0.0000000000
134717  18.260  -34.562  75.723 0.0000000000
148572  20.684  -35.392  76.305 0.0000000000
128444  18.614  -34.788  77.246 0.0000000000
129838  18.086  -35.022  78.036 0.0000000000
55249  31.664  -33.491  77.279 0.0000000000
55255  30.355  -34.754  75.681 0.0000000000
54229  28.392  -35.373  74.606 0.0000000000
53108  26.522  -35.666  73.509 0.0000000000
52033  25.753  -36.135  73.949 0.0000000000
52065  24.636  -36.135  72.151 0.0000000000
52067  23.338  -35.814  71.852 0.0000000000
53110  21.958  -35.340  71.944 0.0000000000
149872  45.903  -15.427  51.654 0.0000000000
72871  44.161  -15.564  50.598 0.0000000000
73796  42.872  -15.705  50.142 0.0000000000
72864  41.393  -16.224  51.855 0.0000000000
73798  40.576  -15.981  50.396 0.0000000000
73808  41.254  -15.494  49.181 0.0000000000
54251  17.432  -35.097  72.112 0.0000000000
53113  16.234  -36.293  72.069 0.0000000000
134872  15.273  -37.541  72.000 0.0000000000
52005  15.331  -36.220  74.914 0.0000000000
51082  14.918  -37.045  73.614 0.0000000000
51091  14.780  -37.900  72.409 0.0000000000
50140  14.105  -38.964  72.354 0.0000000000
49151  13.222  -40.064  72.180 0.0000000000
132505  13.182  -37.742  78.437 0.0000000000
50093  12.611  -38.433  77.233 0.0000000000
49076  11.616  -39.134  76.828 0.0000000000
49091  12.370  -38.945  75.662 0.0000000000
49135  11.627  -40.248  73.676 0.0000000000
45142  4.835  -44.263  80.185 0.0000000000
133018  38.746  -18.754  60.963 0.0000000000
136490  34.935  -21.805  62.697 0.0000000000
66169  34.026  -22.730  63.150 0.0000000000
65168  32.804  -23.909  63.299 0.0000000000
64183  31.567  -25.460  63.204 0.0000000000
64156  33.219  -24.982  65.235 0.0000000000
63201  31.742  -26.344  63.823 0.0000000000
63202  31.366  -26.564  63.042 0.0000000000
128071  31.489  -28.192  61.738 0.0000000000
60557  31.961  -28.990  61.103 0.0000000000
59584  33.106  -30.336  59.836 0.0000000000
59572  33.778  -30.598  61.140 0.0000000000
59583  33.729  -30.987  60.155 0.0000000000
58549  33.208  -31.561  58.324 0.0000000000
57542  32.176  -32.945  57.807 0.0000000000
142292  31.395  -33.262  57.277 0.0000000000
56318  36.231  -31.768  67.774 0.0000000000
57300  32.272  -31.516  74.973 0.0000000000
57331  33.257  -31.034  72.723 0.0000000000
57347  33.489  -31.148  71.704 0.0000000000
58402  31.256  -30.477  70.492 0.0000000000
57363  32.525  -31.161  70.189 0.0000000000
136961  34.093  -31.592  70.676 0.0000000000
56286  34.385  -32.416  69.114 0.0000000000
127881  34.741  -32.678  67.943 0.0000000000
148182  35.100  -32.174  65.807 0.0000000000
56368  34.205  -32.683  64.761 0.0000000000
147423  32.882  -33.334  63.123 0.0000000000
56404  31.693  -33.503  62.240 0.0000000000
57440  29.796  -32.347  64.345 0.0000000000
57472  30.064  -32.938  62.859 0.0000000000
56422  30.779  -33.307  60.985 0.0000000000
56440  30.629  -33.186  59.970 0.0000000000
69074  37.481  -19.448  59.558 0.0000000000
69086  36.548  -19.574  58.650 0.0000000000
69097  34.691  -19.819  57.386 0.0000000000
129966  33.410  -20.868  59.524 0.0000000000
130187  33.265  -20.387  57.759 0.0000000000
69113  33.603  -20.395  56.191 0.0000000000
78571  46.505  -10.011  43.932 0.0000000000
69072  40.151  -20.390  59.244 0.0000000000
69061  39.524  -19.433  59.924 0.0000000000
69050  41.027  -19.499  60.040 0.0000000000
150194  18.654  -34.892  70.140 0.0000000000
54278  18.061  -35.039  70.352 0.0000000000
141068  19.818  -34.839  70.933 0.0000000000
141067  19.460  -34.835  69.977 0.0000000000
54288  19.398  -34.912  68.940 0.0000000000
71124  37.269  -18.045  53.806 0.0000000000
70205  36.332  -18.961  52.719 0.0000000000
70197  37.082  -18.926  53.396 0.0000000000
71112  38.592  -18.152  54.664 0.0000000000
71933  38.747  -17.177  55.130 0.0000000000
71113  37.850  -17.898  54.306 0.0000000000
71937  37.509  -17.208  54.043 0.0000000000
139822  7.667  -39.944  79.029 0.0000000000
49044  7.176  -40.294  79.332 0.0000000000
137499  6.851  -40.877  79.023 0.0000000000
47002  6.192  -42.077  78.440 0.0000000000
58440  36.618  -30.784  66.696 0.0000000000
59526  36.247  -30.691  66.113 0.0000000000
58451  36.206  -30.980  65.747 0.0000000000
58460  35.767  -31.111  65.064 0.0000000000
57435  35.994  -31.223  65.482 0.0000000000
130133  32.680  -32.267  77.532 0.0000000000
56214  32.780  -32.181  77.087 0.0000000000
131198  25.281  -30.800  65.919 0.0000000000
59521  25.703  -30.278  66.498 0.0000000000
133745  25.556  -30.130  65.725 0.0000000000
60504  25.714  -29.795  65.241 0.0000000000
64197  31.287  -24.998  62.407 0.0000000000
65198  30.863  -24.572  61.488 0.0000000000
78554  47.967  -9.527  46.154 0.0000000000
79562  48.594  -9.274  46.154 0.0000000000
80453  49.199  -8.830  46.028 0.0000000000
80454  48.404  -8.968  45.479 0.0000000000
80456  48.836  -8.254  45.312 0.0000000000
68156  39.626  -21.077  54.909 0.0000000000
67181  39.863  -21.355  55.716 0.0000000000
68139  36.161  -21.057  55.377 0.0000000000
151000  35.217  -20.902  55.185 0.0000000000
68140  34.432  -21.210  54.657 0.0000000000
68121  41.406  -21.170  56.670 0.0000000000
69108  42.755  -20.492  57.028 0.0000000000
151318  41.878  -20.855  56.404 0.0000000000
147805  41.289  -20.966  56.010 0.0000000000
50147  15.587  -38.865  70.822 0.0000000000
50148  15.095  -39.238  71.190 0.0000000000
53126  26.279  -35.534  72.669 0.0000000000
54262  27.010  -34.779  72.746 0.0000000000
53145  26.030  -35.371  71.878 0.0000000000
53210  23.310  -36.162  67.798 0.0000000000
54318  24.029  -35.771  67.406 0.0000000000
129357  23.631  -36.184  67.199 0.0000000000
60586  32.325  -30.059  58.634 0.0000000000
129635  43.499  -14.495  49.483 0.0000000000
132482  22.049  -35.852  74.312 0.0000000000
142377  22.973  -36.307  74.566 0.0000000000
53093  22.115  -35.672  73.456 0.0000000000
141508  42.612  -15.020  54.289 0.0000000000
73756  44.043  -15.765  53.681 0.0000000000
147165  43.720  -16.109  52.874 0.0000000000
72826  42.694  -15.903  52.962 0.0000000000
54205  17.484  -34.686  75.152 0.0000000000
53057  16.628  -35.180  75.081 0.0000000000
50097  13.779  -37.685  75.285 0.0000000000
50114  13.028  -38.702  74.394 0.0000000000
50106  12.862  -38.626  75.263 0.0000000000
50067  11.733  -37.671  80.050 0.0000000000
48041  9.149  -40.949  75.265 0.0000000000
48057  9.386  -41.283  74.477 0.0000000000
48073  9.638  -41.612  73.684 0.0000000000
61408  33.630  -28.715  65.362 0.0000000000
136562  33.007  -28.339  65.035 0.0000000000
61432  32.787  -28.773  63.627 0.0000000000
56438  33.270  -33.150  60.907 0.0000000000
57502  33.864  -32.561  60.412 0.0000000000
135046  32.401  -33.481  60.626 0.0000000000
56454  32.297  -33.429  59.727 0.0000000000
58394  28.965  -30.940  72.086 0.0000000000
59465  30.293  -30.484  72.392 0.0000000000
59475  29.712  -30.269  72.031 0.0000000000
58430  30.888  -31.137  66.943 0.0000000000
57385  31.792  -31.367  68.113 0.0000000000
57397  31.490  -31.572  67.271 0.0000000000
57396  31.736  -32.132  66.917 0.0000000000
57423  31.084  -32.559  65.881 0.0000000000
57409  30.542  -32.124  65.819 0.0000000000
68068  35.201  -21.008  61.642 0.0000000000
68075  35.133  -20.633  60.962 0.0000000000
146901  34.702  -21.188  61.306 0.0000000000
68093  40.737  -21.510  58.220 0.0000000000
67148  40.321  -21.750  57.773 0.0000000000
68094  40.015  -21.509  58.234 0.0000000000
68095  38.762  -20.744  58.271 0.0000000000
68096  38.232  -20.648  57.829 0.0000000000
68108  37.233  -20.440  56.884 0.0000000000
69094  37.457  -20.125  57.849 0.0000000000
70126  44.195  -19.110  60.642 0.0000000000
69070  41.696  -20.574  59.025 0.0000000000
68082  41.862  -20.854  58.474 0.0000000000
53151  17.052  -36.215  70.238 0.0000000000
148617  16.826  -36.919  69.893 0.0000000000
52088  16.499  -36.889  70.653 0.0000000000
52089  16.089  -37.637  70.706 0.0000000000
52068  16.443  -36.407  71.348 0.0000000000
52087  23.361  -35.847  70.547 0.0000000000
52103  23.889  -35.977  70.365 0.0000000000
53171  22.681  -35.675  70.009 0.0000000000
141189  21.798  -35.461  68.679 0.0000000000
53193  21.040  -35.364  67.848 0.0000000000
54301  18.609  -35.306  68.502 0.0000000000
53194  18.842  -35.783  67.734 0.0000000000
72804  41.506  -16.458  56.862 0.0000000000
72808  39.570  -16.036  55.466 0.0000000000
73730  40.286  -15.471  55.449 0.0000000000
73742  41.030  -15.017  54.799 0.0000000000
73743  40.290  -15.274  54.511 0.0000000000
73760  40.264  -15.394  53.567 0.0000000000
73744  39.598  -15.461  54.283 0.0000000000
72829  37.467  -16.455  53.472 0.0000000000
136606  37.960  -15.858  53.050 0.0000000000
147845  37.484  -16.191  52.633 0.0000000000
53022  17.063  -35.295  77.766 0.0000000000
51967  15.413  -36.234  78.035 0.0000000000
51968  14.661  -36.751  78.170 0.0000000000
129601  14.287  -37.151  76.834 0.0000000000
51035  14.238  -37.180  77.667 0.0000000000
132458  9.771  -38.401  79.908 0.0000000000
140214  10.004  -38.558  79.257 0.0000000000
49081  7.677  -40.383  77.772 0.0000000000
49061  8.943  -39.500  78.066 0.0000000000
49080  8.346  -40.075  77.514 0.0000000000
49096  8.608  -40.307  76.727 0.0000000000
147287  8.228  -40.872  76.248 0.0000000000
47018  7.619  -41.548  76.070 0.0000000000
46122  6.512  -42.476  76.968 0.0000000000
46130  6.517  -43.212  76.381 0.0000000000
135915  5.876  -42.918  78.498 0.0000000000
151567  5.577  -43.519  78.474 0.0000000000
45164  5.285  -43.955  78.832 0.0000000000
60499  35.502  -30.017  65.990 0.0000000000
60500  34.921  -29.756  65.489 0.0000000000
60512  34.889  -30.139  64.761 0.0000000000
60513  34.556  -30.190  63.992 0.0000000000
60529  35.166  -30.652  64.360 0.0000000000
57453  34.793  -31.751  63.878 0.0000000000
58475  34.933  -31.232  63.543 0.0000000000
57470  34.388  -32.173  62.607 0.0000000000
57471  34.038  -32.713  62.135 0.0000000000
56401  33.978  -32.709  62.993 0.0000000000
149650  27.082  -30.622  69.197 0.0000000000
59494  28.332  -29.875  69.952 0.0000000000
59502  27.182  -30.080  68.799 0.0000000000
60490  28.076  -29.625  67.015 0.0000000000
60477  28.335  -29.581  67.843 0.0000000000
59510  28.917  -29.920  67.188 0.0000000000
59509  29.680  -30.275  67.224 0.0000000000
59519  28.675  -30.056  66.346 0.0000000000
58453  29.289  -30.818  65.650 0.0000000000
59528  28.334  -30.218  65.517 0.0000000000
59537  27.197  -30.103  64.239 0.0000000000
66183  32.920  -22.873  62.053 0.0000000000
66195  32.663  -22.639  61.222 0.0000000000
65213  30.671  -23.887  60.095 0.0000000000
66197  31.219  -23.437  60.383 0.0000000000
81239  48.504  -7.545  44.484 0.0000000000
140829  48.894  -6.679  44.495 0.0000000000
81241  47.927  -7.637  43.543 0.0000000000
81242  47.690  -7.827  42.536 0.0000000000
70185  39.339  -19.784  54.257 0.0000000000
150793  38.439  -20.370  53.529 0.0000000000
69141  38.998  -20.465  53.938 0.0000000000
68170  38.518  -21.750  53.854 0.0000000000
67226  37.538  -22.654  53.477 0.0000000000
67166  38.484  -21.497  56.138 0.0000000000
67182  38.552  -21.646  55.435 0.0000000000
67167  37.864  -21.680  55.396 0.0000000000
67205  35.960  -22.358  54.253 0.0000000000
66242  36.286  -22.890  53.672 0.0000000000
70142  44.082  -19.365  59.508 0.0000000000
130539  43.897  -19.360  58.765 0.0000000000
71094  43.262  -19.131  57.154 0.0000000000
143150  43.627  -18.638  57.792 0.0000000000
71924  43.871  -17.810  58.157 0.0000000000
139326  43.374  -18.285  57.475 0.0000000000
71926  42.821  -17.665  57.325 0.0000000000
126045  42.498  -18.405  56.712 0.0000000000
70171  40.710  -19.758  55.128 0.0000000000
71100  40.816  -19.004  55.325 0.0000000000
71111  39.532  -18.882  54.743 0.0000000000
138923  30.335  -34.001  74.812 0.0000000000
56227  30.817  -33.338  75.081 0.0000000000
56253  28.107  -32.985  72.202 0.0000000000
57332  28.952  -32.023  72.683 0.0000000000
132521  27.476  -33.020  71.506 0.0000000000
53170  24.369  -35.937  69.897 0.0000000000
53168  25.226  -35.599  70.630 0.0000000000
53188  24.958  -35.469  69.962 0.0000000000
137081  25.071  -34.084  69.412 0.0000000000
55290  25.387  -33.571  69.806 0.0000000000
56288  25.842  -33.214  70.147 0.0000000000
139831  26.362  -32.968  70.413 0.0000000000
56305  25.990  -32.706  69.669 0.0000000000
142789  24.592  -33.737  66.458 0.0000000000
56340  24.724  -33.210  67.144 0.0000000000
57411  24.959  -32.561  66.630 0.0000000000
56357  24.522  -33.829  65.694 0.0000000000
53232  20.198  -36.574  66.363 0.0000000000
73793  46.480  -14.716  51.213 0.0000000000
74761  45.051  -13.594  49.745 0.0000000000
75725  46.278  -13.494  50.246 0.0000000000
76688  46.410  -12.765  50.012 0.0000000000
76687  47.225  -12.429  50.203 0.0000000000
77589  45.778  -12.301  49.530 0.0000000000
74768  42.700  -13.592  48.292 0.0000000000
126815  43.378  -13.508  48.949 0.0000000000
77595  44.463  -11.579  48.255 0.0000000000
76693  44.346  -12.333  48.832 0.0000000000
128323  45.852  -11.526  49.059 0.0000000000
78543  45.891  -10.900  48.407 0.0000000000
78552  45.954  -10.418  47.454 0.0000000000
78557  45.715  -10.291  46.237 0.0000000000
78568  45.344  -10.571  45.447 0.0000000000
54248  20.257  -34.824  72.695 0.0000000000
145500  19.847  -34.815  74.989 0.0000000000
54218  19.702  -34.643  74.282 0.0000000000
55256  19.094  -34.371  74.954 0.0000000000
54192  21.304  -35.799  76.676 0.0000000000
54186  19.515  -34.980  77.192 0.0000000000
133987  19.088  -34.971  77.955 0.0000000000
55250  31.175  -34.125  76.820 0.0000000000
53107  27.052  -35.464  73.929 0.0000000000
134805  24.701  -36.319  73.622 0.0000000000
52049  24.956  -36.243  72.898 0.0000000000
52048  25.346  -36.187  73.143 0.0000000000
52050  24.288  -36.189  72.685 0.0000000000
52066  23.955  -35.975  71.844 0.0000000000
52051  23.565  -35.971  72.468 0.0000000000
53094  21.395  -35.194  72.911 0.0000000000
53130  21.047  -34.996  71.230 0.0000000000
69155  37.749  -20.715  52.987 0.0000000000
72862  43.206  -16.146  51.445 0.0000000000
72861  44.050  -15.963  51.352 0.0000000000
72872  43.407  -15.898  50.794 0.0000000000
73774  40.140  -15.680  52.721 0.0000000000
72848  40.659  -16.025  52.132 0.0000000000
129550  39.545  -15.891  49.920 0.0000000000
73797  41.342  -15.848  49.915 0.0000000000
73809  40.481  -15.710  49.347 0.0000000000
54234  17.432  -34.889  72.949 0.0000000000
53096  15.798  -35.930  73.707 0.0000000000
136794  15.951  -36.105  72.901 0.0000000000
52052  15.553  -36.812  72.449 0.0000000000
141816  15.442  -36.104  75.654 0.0000000000
53058  15.879  -35.682  75.435 0.0000000000
51054  14.920  -36.595  75.387 0.0000000000
51069  14.454  -37.442  73.984 0.0000000000
51083  14.578  -37.636  73.214 0.0000000000
50126  14.321  -38.257  72.836 0.0000000000
50127  13.790  -38.552  73.211 0.0000000000
49133  12.882  -39.469  73.021 0.0000000000
50141  13.497  -39.197  72.695 0.0000000000
49152  12.512  -40.326  72.486 0.0000000000
127801  12.653  -37.837  78.726 0.0000000000
50082  12.693  -38.149  78.083 0.0000000000
136634  13.193  -37.991  77.639 0.0000000000
50086  10.331  -38.748  78.541 0.0000000000
49059  10.658  -39.024  77.770 0.0000000000
49093  11.145  -39.666  76.251 0.0000000000
49092  11.810  -39.309  75.995 0.0000000000
49105  12.018  -39.464  75.138 0.0000000000
49120  11.512  -40.049  74.565 0.0000000000
46098  4.964  -43.411  80.390 0.0000000000
44119  4.356  -44.710  80.644 0.0000000000
68060  36.291  -20.752  62.644 0.0000000000
67104  35.172  -22.046  63.366 0.0000000000
67116  34.631  -22.277  63.093 0.0000000000
65153  33.720  -23.705  64.314 0.0000000000
65167  33.532  -23.434  63.586 0.0000000000
65169  31.976  -24.414  62.941 0.0000000000
64172  32.253  -24.964  63.896 0.0000000000
63171  33.374  -26.674  66.443 0.0000000000
62287  32.143  -27.592  64.056 0.0000000000
63191  32.279  -26.207  64.541 0.0000000000
62301  31.458  -27.636  62.554 0.0000000000
61458  32.741  -29.364  61.764 0.0000000000
126347  32.777  -29.649  61.106 0.0000000000
60572  32.591  -29.695  60.395 0.0000000000
60571  33.258  -30.204  60.685 0.0000000000
60545  34.128  -30.489  62.412 0.0000000000
59571  34.191  -30.825  61.735 0.0000000000
57521  33.658  -32.443  59.584 0.0000000000
58534  33.660  -31.683  59.355 0.0000000000
142953  32.949  -32.299  57.961 0.0000000000
142534  32.848  -32.826  58.493 0.0000000000
56475  31.105  -33.253  58.116 0.0000000000
56476  29.904  -33.412  57.672 0.0000000000
149356  31.389  -31.894  74.733 0.0000000000
58369  31.721  -31.340  74.235 0.0000000000
131348  32.495  -31.067  73.041 0.0000000000
58381  32.663  -31.018  72.182 0.0000000000
59493  29.717  -29.770  69.602 0.0000000000
59484  30.382  -29.992  70.267 0.0000000000
57375  32.533  -31.421  69.417 0.0000000000
130510  33.155  -31.532  69.971 0.0000000000
127633  33.659  -31.399  70.761 0.0000000000
57373  33.404  -31.998  69.429 0.0000000000
56270  34.416  -32.076  69.871 0.0000000000
56287  33.842  -32.256  69.287 0.0000000000
56323  33.021  -32.846  67.126 0.0000000000
128248  34.112  -32.857  67.889 0.0000000000
56321  34.341  -32.746  67.203 0.0000000000
56320  34.876  -32.412  67.318 0.0000000000
143992  34.160  -32.711  65.966 0.0000000000
56353  34.437  -32.572  65.521 0.0000000000
56354  33.729  -32.917  65.522 0.0000000000
56386  32.640  -33.361  63.943 0.0000000000
56387  31.667  -33.440  63.868 0.0000000000
56403  32.147  -33.436  63.109 0.0000000000
130686  31.267  -33.457  63.118 0.0000000000
58452  29.484  -31.608  64.890 0.0000000000
57441  29.228  -31.853  64.113 0.0000000000
57485  30.121  -33.006  61.791 0.0000000000
130815  30.958  -33.429  61.764 0.0000000000
57504  29.940  -32.836  60.625 0.0000000000
69062  38.230  -19.050  60.612 0.0000000000
69063  37.321  -19.428  60.731 0.0000000000
69076  35.675  -19.634  59.558 0.0000000000
69087  35.674  -19.538  58.527 0.0000000000
69096  35.625  -19.749  57.540 0.0000000000
69088  34.796  -19.693  58.364 0.0000000000
67143  32.835  -21.625  59.922 0.0000000000
68077  33.668  -21.272  60.384 0.0000000000
68099  32.617  -21.245  58.976 0.0000000000
67156  32.065  -21.421  57.316 0.0000000000
127833  32.624  -20.940  57.984 0.0000000000
68109  32.824  -20.675  56.949 0.0000000000
69098  33.778  -20.117  57.141 0.0000000000
68127  32.779  -20.852  55.875 0.0000000000
82937  50.956  -5.061  42.813 0.0000000000
82030  50.328  -5.809  42.335 0.0000000000
82029  51.269  -5.686  41.994 0.0000000000
78576  46.192  -10.632  43.510 0.0000000000
69071  40.991  -20.622  59.113 0.0000000000
68084  40.475  -21.094  58.747 0.0000000000
69084  38.593  -19.970  58.996 0.0000000000
135651  41.498  -20.168  59.449 0.0000000000
54289  17.779  -35.754  68.939 0.0000000000
54279  17.579  -35.557  69.826 0.0000000000
142674  21.432  -35.129  70.554 0.0000000000
53149  22.040  -35.369  70.300 0.0000000000
53150  21.282  -35.124  69.857 0.0000000000
54299  20.192  -35.031  68.399 0.0000000000
71948  36.461  -17.444  52.689 0.0000000000
71931  40.408  -17.278  56.133 0.0000000000
72805  40.784  -16.415  56.446 0.0000000000
71932  39.514  -17.038  55.667 0.0000000000
72809  39.042  -16.442  55.236 0.0000000000
72814  39.160  -15.823  54.858 0.0000000000
73745  38.866  -15.658  54.108 0.0000000000
72816  37.877  -16.573  54.193 0.0000000000
71947  36.913  -17.268  53.407 0.0000000000
53008  17.265  -35.523  79.381 0.0000000000
51958  15.619  -36.162  79.079 0.0000000000
132235  7.139  -41.007  77.663 0.0000000000
47008  6.591  -41.828  77.664 0.0000000000
47009  6.162  -42.670  77.762 0.0000000000
46998  5.833  -42.406  79.173 0.0000000000
60498  36.009  -30.114  66.489 0.0000000000
59527  35.819  -30.558  65.677 0.0000000000
147352  35.556  -30.754  64.979 0.0000000000
58461  35.469  -30.939  64.529 0.0000000000
57452  35.319  -31.298  64.365 0.0000000000
57438  34.544  -32.325  64.277 0.0000000000
58433  25.726  -31.067  67.281 0.0000000000
60467  27.121  -29.744  68.109 0.0000000000
59511  26.170  -30.198  67.352 0.0000000000
59520  26.392  -29.640  66.491 0.0000000000
60491  27.257  -29.535  66.776 0.0000000000
150200  27.692  -29.790  65.666 0.0000000000
60503  26.241  -29.562  65.510 0.0000000000
60515  26.018  -29.630  64.701 0.0000000000
144655  30.847  -23.970  60.764 0.0000000000
79551  48.840  -9.568  47.394 0.0000000000
79550  49.385  -9.246  46.867 0.0000000000
136825  50.305  -6.638  45.956 0.0000000000
80457  47.979  -8.499  44.509 0.0000000000
80458  47.276  -9.126  44.072 0.0000000000
69139  40.284  -20.475  55.004 0.0000000000
68157  38.899  -21.474  54.522 0.0000000000
67202  38.396  -21.937  54.574 0.0000000000
68138  37.121  -21.498  55.388 0.0000000000
69092  42.936  -20.377  58.083 0.0000000000
70145  43.309  -19.876  58.346 0.0000000000
70159  42.896  -19.861  56.696 0.0000000000
70160  42.358  -19.721  56.146 0.0000000000
69123  41.062  -20.428  55.506 0.0000000000
49161  15.085  -40.168  70.860 0.0000000000
54246  28.148  -34.866  73.886 0.0000000000
55263  28.863  -34.212  73.915 0.0000000000
55267  27.564  -34.495  73.150 0.0000000000
55273  27.175  -34.207  72.428 0.0000000000
55278  26.865  -33.991  71.848 0.0000000000
53190  24.080  -35.952  69.069 0.0000000000
54298  24.674  -35.262  69.212 0.0000000000
53208  24.241  -35.608  68.478 0.0000000000
54308  24.553  -35.009  68.445 0.0000000000
151667  24.792  -33.946  68.695 0.0000000000
56325  24.891  -32.947  68.226 0.0000000000
55304  24.676  -33.586  68.026 0.0000000000
54317  24.361  -34.849  66.713 0.0000000000
53248  24.060  -35.902  65.609 0.0000000000
53229  23.825  -36.067  66.510 0.0000000000
53250  22.552  -36.831  65.573 0.0000000000
60573  31.891  -29.254  59.996 0.0000000000
73795  45.178  -15.189  50.544 0.0000000000
137398  45.698  -14.739  50.355 0.0000000000
74757  45.103  -14.487  50.001 0.0000000000
75729  43.048  -12.856  48.051 0.0000000000
75736  42.926  -12.864  47.210 0.0000000000
77602  43.845  -11.760  47.637 0.0000000000
77600  45.073  -10.864  47.891 0.0000000000
77601  44.322  -11.238  47.374 0.0000000000
77605  44.262  -11.249  46.490 0.0000000000
77615  44.373  -11.484  45.668 0.0000000000
54217  20.509  -35.072  74.545 0.0000000000
54203  20.434  -35.161  75.514 0.0000000000
53092  22.967  -35.921  73.075 0.0000000000
144888  44.428  -16.230  52.502 0.0000000000
72863  42.309  -16.263  51.579 0.0000000000
54233  18.012  -34.459  73.759 0.0000000000
53095  17.090  -34.920  73.724 0.0000000000
53077  16.443  -35.343  74.146 0.0000000000
50104  13.907  -37.834  74.376 0.0000000000
50113  13.551  -38.355  73.990 0.0000000000
50074  12.310  -37.707  79.429 0.0000000000
50083  12.209  -38.106  78.564 0.0000000000
49095  9.483  -40.082  76.565 0.0000000000
49107  10.564  -40.155  75.634 0.0000000000
49121  10.751  -40.382  74.810 0.0000000000
48056  10.187  -41.008  74.244 0.0000000000
66168  34.687  -22.595  63.633 0.0000000000
144358  34.725  -22.924  64.183 0.0000000000
65152  34.350  -23.417  64.592 0.0000000000
61399  34.212  -28.391  66.659 0.0000000000
62277  32.533  -27.368  64.942 0.0000000000
62300  32.123  -28.251  63.116 0.0000000000
61444  32.863  -29.210  62.630 0.0000000000
135062  33.311  -29.738  62.034 0.0000000000
58518  34.103  -31.281  60.976 0.0000000000
57501  34.267  -31.966  60.989 0.0000000000
57522  33.064  -33.051  59.158 0.0000000000
56455  31.351  -33.375  59.341 0.0000000000
143610  30.031  -31.664  73.470 0.0000000000
58375  31.104  -31.148  73.640 0.0000000000
58383  30.615  -30.874  72.974 0.0000000000
59464  31.059  -30.508  72.238 0.0000000000
58420  30.699  -30.466  68.359 0.0000000000
58412  31.263  -30.588  69.554 0.0000000000
131127  31.289  -30.776  68.624 0.0000000000
127447  32.469  -31.822  68.561 0.0000000000
56304  33.249  -32.264  68.694 0.0000000000
57384  32.790  -32.311  67.809 0.0000000000
56324  32.350  -32.480  66.983 0.0000000000
56339  32.574  -33.013  66.336 0.0000000000
56355  32.979  -33.139  65.628 0.0000000000
128691  32.230  -33.199  65.565 0.0000000000
56356  31.436  -33.077  65.428 0.0000000000
56372  31.142  -33.238  64.591 0.0000000000
58476  28.252  -31.479  63.101 0.0000000000
57457  28.912  -31.925  63.322 0.0000000000
141002  28.653  -31.869  62.620 0.0000000000
143852  28.682  -31.872  61.796 0.0000000000
57505  29.115  -32.186  60.111 0.0000000000
57506  28.188  -31.797  59.666 0.0000000000
68066  36.529  -20.130  61.702 0.0000000000
68073  36.503  -19.699  60.623 0.0000000000
68086  34.976  -20.268  60.216 0.0000000000
68087  34.209  -20.533  59.947 0.0000000000
67150  31.436  -22.468  58.396 0.0000000000
67157  31.527  -22.191  57.564 0.0000000000
82027  49.245  -5.800  43.510 0.0000000000
82933  49.966  -5.392  43.159 0.0000000000
68122  40.796  -21.518  56.923 0.0000000000
67164  39.988  -21.631  56.453 0.0000000000
67153  40.244  -21.779  57.181 0.0000000000
67155  39.055  -21.582  56.850 0.0000000000
68123  38.455  -21.316  56.752 0.0000000000
146922  39.339  -21.302  58.085 0.0000000000
68106  38.781  -21.249  57.510 0.0000000000
68126  36.094  -20.441  56.107 0.0000000000
70137  44.216  -19.314  60.117 0.0000000000
146733  43.611  -19.538  59.679 0.0000000000
70139  42.833  -19.621  59.936 0.0000000000
69058  42.927  -19.864  59.431 0.0000000000
69082  42.873  -20.199  58.708 0.0000000000
69083  42.464  -20.625  58.269 0.0000000000
68091  42.058  -21.018  57.809 0.0000000000
51117  16.849  -38.267  68.905 0.0000000000
51098  15.625  -37.990  71.162 0.0000000000
52084  24.867  -36.083  71.263 0.0000000000
53147  25.019  -35.947  70.914 0.0000000000
52085  24.426  -36.059  70.937 0.0000000000
52102  24.287  -35.979  70.257 0.0000000000
52120  23.851  -35.993  69.607 0.0000000000
52121  23.276  -36.007  69.121 0.0000000000
126191  22.864  -36.003  68.387 0.0000000000
53211  22.471  -36.119  67.458 0.0000000000
139572  22.132  -36.390  66.429 0.0000000000
53212  21.498  -35.978  67.124 0.0000000000
53213  20.538  -35.947  66.946 0.0000000000
151391  19.804  -36.225  66.858 0.0000000000
74764  42.206  -14.735  48.892 0.0000000000
53040  22.946  -36.512  76.504 0.0000000000
73716  42.636  -15.520  57.256 0.0000000000
73720  42.462  -14.865  56.542 0.0000000000
73721  41.212  -15.593  56.446 0.0000000000
130696  41.778  -14.932  56.124 0.0000000000
73741  41.906  -14.743  55.134 0.0000000000
73758  41.790  -15.038  54.118 0.0000000000
148215  42.420  -15.401  53.618 0.0000000000
72827  41.841  -15.580  53.236 0.0000000000
73775  39.322  -15.698  52.554 0.0000000000
73762  38.683  -15.656  53.246 0.0000000000
73776  38.452  -15.814  52.357 0.0000000000
73787  38.369  -16.009  51.390 0.0000000000
54196  17.453  -34.892  76.350 0.0000000000
53042  16.620  -35.278  75.981 0.0000000000
51978  15.375  -36.197  76.966 0.0000000000
51990  14.839  -36.651  76.527 0.0000000000
51043  13.728  -37.638  76.278 0.0000000000
50077  10.410  -38.197  79.778 0.0000000000
146665  10.634  -38.399  79.146 0.0000000000
49060  9.825  -39.248  77.898 0.0000000000
48025  8.888  -40.568  75.988 0.0000000000
46134  7.587  -42.978  74.721 0.0000000000
47019  7.030  -42.394  76.167 0.0000000000
130094  34.653  -28.629  67.049 0.0000000000
61407  34.306  -29.035  65.827 0.0000000000
60544  34.514  -30.687  63.103 0.0000000000
59559  34.521  -30.979  62.397 0.0000000000
59548  35.117  -30.931  63.845 0.0000000000
59549  34.778  -31.016  63.156 0.0000000000
57483  34.375  -32.070  61.810 0.0000000000
56419  33.357  -33.141  61.791 0.0000000000
59486  28.449  -30.302  70.815 0.0000000000
59476  29.104  -30.174  71.427 0.0000000000
60448  29.004  -29.615  69.724 0.0000000000
60466  27.730  -29.645  68.400 0.0000000000
60464  29.186  -29.639  69.042 0.0000000000
59501  29.978  -30.008  68.667 0.0000000000
58431  30.326  -30.450  67.661 0.0000000000
128892  30.201  -30.775  66.740 0.0000000000
58441  30.488  -31.458  66.249 0.0000000000
148403  29.989  -30.977  66.064 0.0000000000
128778  28.761  -30.899  64.824 0.0000000000
59529  27.608  -29.953  65.071 0.0000000000
58463  28.038  -30.582  64.428 0.0000000000
134409  27.646  -31.170  62.722 0.0000000000
67130  34.003  -22.048  61.953 0.0000000000
136394  34.008  -21.632  61.234 0.0000000000
67138  32.332  -22.348  60.352 0.0000000000
66204  31.585  -22.845  59.910 0.0000000000
67144  31.317  -22.811  59.090 0.0000000000
82929  50.352  -5.008  44.791 0.0000000000
82018  49.523  -6.392  45.230 0.0000000000
82024  49.230  -5.935  44.363 0.0000000000
145522  48.833  -6.252  43.823 0.0000000000
68171  38.120  -21.549  53.231 0.0000000000
141602  39.313  -21.539  55.849 0.0000000000
150586  37.997  -22.263  54.347 0.0000000000
128016  37.362  -22.103  54.753 0.0000000000
67203  37.614  -22.480  54.158 0.0000000000
67227  37.045  -22.860  53.548 0.0000000000
70149  43.578  -19.277  57.951 0.0000000000
71093  44.123  -18.600  58.505 0.0000000000
72800  43.018  -16.462  57.682 0.0000000000
71928  41.985  -17.436  56.964 0.0000000000
71097  42.122  -18.903  56.143 0.0000000000
71099  41.140  -18.339  55.952 0.0000000000
71101  40.107  -18.252  55.493 0.0000000000
55253  31.700  -33.415  76.724 0.0000000000
56220  32.045  -32.751  76.440 0.0000000000
57302  30.770  -32.570  74.637 0.0000000000
57317  30.149  -32.624  73.960 0.0000000000
56234  28.741  -33.605  73.355 0.0000000000
57318  29.331  -32.763  73.375 0.0000000000
53167  25.735  -35.202  71.102 0.0000000000
55279  26.443  -34.103  71.306 0.0000000000
54297  25.092  -34.832  69.699 0.0000000000
55284  25.924  -33.852  70.547 0.0000000000
56271  26.857  -33.553  71.443 0.0000000000
57365  26.859  -33.071  70.994 0.0000000000
57364  27.487  -32.403  70.965 0.0000000000
58403  27.989  -31.360  70.903 0.0000000000
58404  27.296  -31.861  70.387 0.0000000000
58413  27.052  -31.304  69.612 0.0000000000
132949  26.143  -31.782  68.576 0.0000000000
57398  25.304  -32.568  68.384 0.0000000000
58432  25.701  -32.010  67.958 0.0000000000
58422  26.148  -30.985  68.037 0.0000000000
58444  25.339  -31.947  67.067 0.0000000000
58445  25.145  -31.780  66.226 0.0000000000
57426  24.862  -32.412  65.710 0.0000000000
53251  21.496  -36.851  65.626 0.0000000000
63212  30.427  -26.679  61.491 0.0000000000
76686  47.908  -11.769  50.029 0.0000000000
74763  42.724  -14.195  48.864 0.0000000000
75726  44.268  -13.115  49.255 0.0000000000
76690  45.038  -12.700  49.417 0.0000000000
77587  47.215  -11.530  49.549 0.0000000000
77586  47.757  -11.158  49.437 0.0000000000
77591  48.059  -10.614  48.897 0.0000000000
78541  47.461  -10.267  48.090 0.0000000000
78551  46.847  -10.240  47.543 0.0000000000
78550  47.350  -9.949  47.141 0.0000000000
126212  47.825  -9.715  46.738 0.0000000000
78555  47.276  -9.779  46.204 0.0000000000
78565  47.539  -9.579  45.478 0.0000000000
78566  46.894  -9.855  45.319 0.0000000000
54265  18.931  -34.676  71.564 0.0000000000
54232  19.272  -34.515  73.407 0.0000000000
54219  18.158  -34.421  74.712 0.0000000000
54202  21.289  -35.668  75.795 0.0000000000
54185  20.495  -35.369  77.152 0.0000000000
54193  19.916  -35.059  76.383 0.0000000000
54194  19.012  -34.643  76.487 0.0000000000
54195  18.211  -34.730  76.594 0.0000000000
54187  17.688  -34.944  77.148 0.0000000000
145667  17.368  -35.331  78.544 0.0000000000
54177  18.063  -35.216  78.930 0.0000000000
56208  32.605  -32.337  78.036 0.0000000000
55248  32.188  -32.824  77.234 0.0000000000
55254  31.030  -34.163  76.162 0.0000000000
55259  29.946  -34.733  74.975 0.0000000000
54214  29.723  -35.210  75.387 0.0000000000
55260  29.062  -34.852  74.463 0.0000000000
54230  27.692  -35.378  74.253 0.0000000000
53125  26.782  -35.266  73.114 0.0000000000
52062  26.050  -35.943  72.995 0.0000000000
52047  25.748  -36.115  73.364 0.0000000000
129974  25.303  -36.159  72.691 0.0000000000
52064  25.089  -36.135  72.034 0.0000000000
132144  24.360  -36.062  71.518 0.0000000000
129704  23.381  -35.821  71.269 0.0000000000
53128  22.747  -35.628  71.523 0.0000000000
53109  22.848  -35.715  72.231 0.0000000000
53129  22.026  -35.334  71.063 0.0000000000
70204  36.835  -19.770  52.815 0.0000000000
73782  46.251  -15.120  51.541 0.0000000000
73783  45.649  -15.399  51.256 0.0000000000
130376  44.672  -16.122  51.911 0.0000000000
73784  44.927  -15.713  51.242 0.0000000000
73807  42.028  -15.427  49.468 0.0000000000
72846  42.036  -16.132  52.415 0.0000000000
72875  40.674  -16.140  51.352 0.0000000000
72874  41.579  -16.195  50.869 0.0000000000
148739  42.098  -15.948  50.232 0.0000000000
54266  17.857  -34.908  71.294 0.0000000000
135244  16.988  -35.685  71.586 0.0000000000
53112  16.768  -35.596  72.517 0.0000000000
52022  15.327  -36.436  74.076 0.0000000000
51068  14.859  -36.816  74.428 0.0000000000
51090  15.027  -37.241  72.829 0.0000000000
50139  14.636  -38.671  71.976 0.0000000000
49150  13.903  -39.860  71.835 0.0000000000
49163  13.583  -40.791  71.444 0.0000000000
51032  13.718  -37.526  78.044 0.0000000000
50092  13.180  -38.110  76.735 0.0000000000
50099  12.695  -38.514  76.205 0.0000000000
50084  11.800  -38.432  78.195 0.0000000000
49077  10.941  -39.418  77.028 0.0000000000
145302  12.008  -38.695  77.395 0.0000000000
49075  12.196  -38.836  76.569 0.0000000000
49104  12.556  -39.055  74.786 0.0000000000
49119  12.155  -39.603  74.268 0.0000000000
48070  11.795  -40.598  72.792 0.0000000000
46097  5.357  -42.744  79.868 0.0000000000
46109  5.124  -43.678  79.609 0.0000000000
45165  5.041  -44.541  79.371 0.0000000000
45120  4.610  -43.909  80.918 0.0000000000
126380  39.911  -19.060  60.323 0.0000000000
68067  35.756  -20.824  62.087 0.0000000000
67128  35.235  -21.343  62.254 0.0000000000
67117  34.306  -22.167  62.550 0.0000000000
66182  33.649  -22.530  62.371 0.0000000000
66170  33.233  -23.143  62.835 0.0000000000
65181  32.516  -23.597  62.472 0.0000000000
64184  31.107  -25.866  62.638 0.0000000000
64170  33.846  -24.110  65.069 0.0000000000
147041  33.325  -24.343  64.683 0.0000000000
64171  32.777  -25.065  64.669 0.0000000000
63211  30.882  -26.687  62.309 0.0000000000
62312  30.920  -27.482  61.705 0.0000000000
59596  32.871  -30.396  59.110 0.0000000000
60546  33.595  -29.895  62.510 0.0000000000
60555  33.784  -30.228  61.861 0.0000000000
59595  33.362  -30.976  59.173 0.0000000000
141457  32.542  -32.483  57.223 0.0000000000
57559  31.979  -33.011  56.831 0.0000000000
147940  36.507  -31.226  66.681 0.0000000000
57287  32.154  -32.196  75.848 0.0000000000
57299  33.038  -31.457  75.511 0.0000000000
130623  33.393  -31.034  74.462 0.0000000000
58374  31.923  -31.080  73.572 0.0000000000
57315  32.735  -31.048  73.824 0.0000000000
57345  34.867  -31.423  71.733 0.0000000000
128675  29.928  -29.930  71.237 0.0000000000
59473  31.232  -30.454  71.369 0.0000000000
139351  31.953  -30.857  70.787 0.0000000000
131047  31.921  -30.973  69.889 0.0000000000
58392  32.804  -31.137  71.051 0.0000000000
57346  34.176  -31.360  71.270 0.0000000000
57361  34.558  -31.730  70.731 0.0000000000
56303  33.889  -32.616  68.571 0.0000000000
56302  34.430  -32.669  68.462 0.0000000000
132283  35.271  -32.345  68.057 0.0000000000
146136  35.312  -32.114  67.476 0.0000000000
56335  35.774  -31.831  67.156 0.0000000000
56352  35.548  -31.840  66.368 0.0000000000
57422  35.329  -31.952  65.179 0.0000000000
56367  34.834  -32.376  64.977 0.0000000000
56384  34.034  -32.744  63.895 0.0000000000
149813  33.220  -33.087  65.126 0.0000000000
56369  33.463  -33.061  64.516 0.0000000000
56385  33.438  -33.102  63.512 0.0000000000
141060  32.660  -33.363  62.405 0.0000000000
57425  30.120  -32.259  65.118 0.0000000000
57439  30.429  -32.891  64.478 0.0000000000
57455  30.181  -32.925  63.708 0.0000000000
57456  29.562  -32.429  63.487 0.0000000000
129630  30.590  -33.259  63.200 0.0000000000
56405  30.746  -33.357  62.497 0.0000000000
56421  31.625  -33.528  61.260 0.0000000000
57523  29.695  -32.714  59.467 0.0000000000
56457  29.248  -32.886  58.410 0.0000000000
136935  38.185  -19.362  59.834 0.0000000000
141652  37.221  -19.659  58.796 0.0000000000
69075  36.503  -19.492  59.631 0.0000000000
69095  36.544  -19.851  57.649 0.0000000000
69111  35.475  -20.022  56.675 0.0000000000
68097  34.046  -20.184  59.049 0.0000000000
68098  33.268  -20.528  58.602 0.0000000000
69089  33.936  -19.960  58.079 0.0000000000
69112  34.545  -20.091  56.452 0.0000000000
69124  34.452  -20.531  55.550 0.0000000000
79566  47.049  -9.628  44.622 0.0000000000
145683  46.819  -9.588  43.745 0.0000000000
78575  46.713  -10.052  43.071 0.0000000000
47029  7.278  -42.701  75.436 0.0000000000
52046  26.290  -35.954  73.921 0.0000000000
52063  25.516  -36.041  72.493 0.0000000000
52083  25.252  -35.974  71.701 0.0000000000
53090  27.344  -35.688  74.653 0.0000000000
53146  25.474  -35.674  71.397 0.0000000000
53169  24.771  -35.837  70.244 0.0000000000
53191  23.592  -36.080  68.678 0.0000000000
54200  30.580  -34.688  76.330 0.0000000000
54215  29.153  -35.360  75.009 0.0000000000
54263  26.555  -35.059  72.321 0.0000000000
54274  26.720  -34.485  72.037 0.0000000000
54286  25.435  -35.047  70.380 0.0000000000
54296  25.441  -34.306  70.170 0.0000000000
54327  24.305  -35.118  66.032 0.0000000000
55243  32.151  -32.833  77.724 0.0000000000
55258  30.697  -34.126  75.407 0.0000000000
55266  28.190  -34.217  73.426 0.0000000000
55296  24.978  -33.428  68.925 0.0000000000
55297  24.614  -34.350  68.112 0.0000000000
56233  29.528  -33.488  73.876 0.0000000000
56322  33.697  -32.904  67.174 0.0000000000
56336  35.117  -32.086  66.764 0.0000000000
56337  34.545  -32.497  66.426 0.0000000000
56370  32.768  -33.247  64.911 0.0000000000
57362  33.871  -31.841  70.086 0.0000000000
57386  26.364  -32.064  69.243 0.0000000000
57406  36.555  -31.443  67.219 0.0000000000
57407  36.126  -31.525  66.507 0.0000000000
57421  35.769  -31.624  65.731 0.0000000000
57436  35.614  -31.492  65.030 0.0000000000
57469  34.653  -31.724  63.129 0.0000000000
59495  27.530  -30.315  69.522 0.0000000000
59503  26.620  -30.179  68.137 0.0000000000
59530  25.240  -30.400  65.025 0.0000000000
60456  27.931  -29.760  69.166 0.0000000000
60465  28.513  -29.590  68.665 0.0000000000
60479  26.793  -29.691  67.451 0.0000000000
60502  27.069  -29.546  65.815 0.0000000000
60516  25.603  -29.953  64.583 0.0000000000
68092  41.402  -21.302  58.049 0.0000000000
68103  42.190  -20.949  57.028 0.0000000000
68104  41.484  -21.303  57.362 0.0000000000
69122  41.834  -20.404  55.958 0.0000000000
70184  40.015  -19.809  54.706 0.0000000000
70186  38.643  -19.731  53.880 0.0000000000
72815  38.484  -16.331  54.659 0.0000000000
72830  36.888  -16.722  52.750 0.0000000000
73722  40.632  -15.701  56.101 0.0000000000
73777  37.811  -16.055  51.998 0.0000000000
73781  46.973  -14.831  51.786 0.0000000000
74759  43.547  -15.302  49.977 0.0000000000
77592  47.283  -10.843  48.899 0.0000000000
82032  48.698  -6.318  43.074 0.0000000000
129280  24.902  -36.195  72.466 0.0000000000
130012  24.761  -36.117  71.709 0.0000000000
134623  33.977  -32.837  66.449 0.0000000000
134783  30.650  -30.154  71.061 0.0000000000
141105  39.656  -21.722  56.870 0.0000000000
146047  29.078  -31.394  64.454 0.0000000000
147885  22.670  -36.016  73.832 0.0000000000
148698  43.502  -15.641  50.402 0.0000000000
150272  43.019  -18.589  56.972 0.0000000000
152124  26.870  -32.645  70.568 0.0000000000
152213  14.885  -36.647  75.982 0.0000000000
