#!ascii label  , from subject sub-v1s17x0050248_ses-1 vox2ras=TkReg
1800
22894  -20.096  -62.774  10.179 0.5000000000
22895  -21.095  -62.641  10.698 0.4000000060
118817  -20.366  -61.924  10.392 0.6000000238
131930  -19.505  -60.142  9.554 0.6000000238
23708  -19.732  -61.244  10.070 0.5000000000
25306  -19.669  -59.775  9.389 0.6000000238
23709  -20.559  -61.102  10.578 0.6999999881
22896  -21.935  -62.538  11.175 0.6999999881
24506  -19.960  -60.605  10.322 0.6999999881
24513  -19.573  -60.562  9.967 0.6999999881
25293  -19.500  -59.631  9.595 0.6999999881
24521  -20.066  -59.556  9.263 0.5000000000
26047  -19.502  -59.039  9.592 0.6999999881
22029  -16.516  -63.736  14.248 0.5000000000
23710  -21.397  -61.742  10.917 0.6999999881
24507  -20.535  -60.315  10.730 0.6999999881
25287  -19.454  -59.688  9.967 0.6999999881
131439  -20.298  -59.433  10.895 0.6999999881
112205  -18.985  -58.413  9.790 0.6999999881
112871  -19.384  -59.165  10.325 0.6999999881
114091  -18.712  -58.346  10.232 0.6999999881
26807  -20.497  -57.794  9.526 0.6000000238
22856  -24.625  -62.466  14.347 0.6999999881
22887  -24.347  -62.192  13.365 0.6999999881
23698  -22.055  -61.277  11.358 0.6999999881
23699  -22.719  -61.722  11.638 0.6999999881
116057  -16.607  -62.806  14.128 0.6000000238
22043  -15.000  -63.627  13.170 0.4000000060
24508  -21.326  -60.837  11.039 0.6999999881
26806  -19.197  -58.062  9.480 0.6999999881
119706  -18.539  -57.148  9.754 0.6999999881
26808  -21.872  -57.463  9.619 0.6000000238
23664  -24.881  -61.738  15.650 0.6999999881
22840  -24.692  -62.560  15.271 0.6999999881
23701  -24.046  -61.517  12.620 0.6999999881
23678  -24.841  -61.726  14.100 0.6999999881
119502  -24.860  -61.963  14.854 0.6999999881
22855  -18.039  -61.894  15.005 0.6000000238
122827  -22.255  -59.983  11.519 0.6999999881
24499  -23.632  -60.899  12.046 0.6999999881
24500  -24.370  -60.824  12.578 0.6999999881
24488  -24.924  -60.756  13.161 0.6999999881
22868  -15.078  -61.913  12.918 0.5000000000
125293  -15.317  -62.740  13.203 0.5000000000
26035  -19.460  -58.621  10.893 0.6999999881
25262  -24.856  -60.217  12.628 0.6999999881
22057  -14.220  -63.319  12.654 0.4000000060
26799  -18.398  -57.797  9.899 0.6999999881
25269  -21.369  -59.279  11.391 0.6999999881
25270  -23.038  -59.740  11.625 0.6999999881
25271  -23.917  -60.132  11.938 0.6999999881
22056  -12.766  -62.724  12.401 0.4000000060
26022  -19.878  -58.051  11.383 0.6999999881
120139  -23.504  -59.239  11.636 0.6999999881
120557  -18.114  -57.626  10.415 0.6999999881
124904  -21.016  -56.899  11.622 0.6999999881
114481  -22.223  -58.240  11.549 0.6999999881
27636  -19.789  -57.055  9.615 0.6999999881
26779  -20.485  -57.490  11.567 0.6999999881
27638  -22.516  -56.550  9.500 0.6000000238
121487  -20.408  -56.170  9.651 0.6999999881
123717  -19.168  -56.237  9.818 0.6999999881
28511  -23.881  -55.072  8.202 0.5000000000
27650  -23.609  -55.965  9.045 0.5000000000
125741  -25.531  -56.784  8.543 0.4000000060
28501  -24.904  -56.201  8.342 0.5000000000
24478  -25.441  -60.428  14.629 0.6999999881
24475  -17.380  -60.432  14.330 0.6000000238
22869  -15.907  -62.191  13.518 0.5000000000
118298  -18.706  -57.784  11.002 0.6999999881
128347  -20.814  -58.071  11.534 0.6999999881
27624  -18.021  -56.281  10.156 0.6999999881
27599  -18.710  -56.908  11.380 0.6999999881
29346  -22.670  -54.663  8.738 0.6999999881
27637  -21.530  -56.340  9.554 0.6999999881
28498  -22.638  -55.286  9.128 0.6999999881
28486  -20.981  -55.242  9.478 0.6999999881
29347  -23.374  -54.526  8.255 0.6999999881
24452  -20.953  -60.452  16.669 0.6999999881
24438  -21.918  -60.400  17.155 0.6999999881
25214  -22.909  -59.915  17.233 0.8000000119
124978  -23.908  -59.963  17.112 0.8000000119
24451  -20.194  -60.447  16.232 0.6000000238
122743  -20.565  -59.817  16.291 0.6000000238
25213  -22.090  -59.477  16.885 0.6000000238
125588  -24.650  -59.870  16.587 0.8000000119
25224  -19.978  -59.570  15.816 0.6000000238
25241  -19.115  -59.145  15.292 0.6000000238
24468  -25.397  -60.185  15.477 0.6999999881
24465  -18.785  -60.305  15.275 0.6000000238
23676  -16.709  -60.950  13.917 0.6000000238
129951  -17.725  -59.652  14.505 0.6000000238
24489  -25.355  -60.295  13.524 0.6999999881
23687  -15.449  -61.133  13.086 0.5000000000
23688  -15.913  -60.406  13.337 0.6000000238
114961  -25.792  -59.674  14.002 0.6999999881
122286  -24.561  -59.489  12.015 0.6999999881
134560  -17.454  -56.098  10.577 0.6999999881
26778  -19.526  -57.441  11.466 0.6999999881
26025  -23.053  -58.427  11.534 0.6999999881
29336  -21.039  -54.227  9.258 0.8000000119
129055  -17.821  -56.164  11.224 0.6999999881
27602  -21.996  -56.956  11.566 0.6999999881
29345  -21.919  -54.063  8.821 0.8000000119
27635  -18.502  -55.432  10.127 0.6999999881
127822  -17.320  -55.560  11.033 0.6999999881
28512  -24.589  -55.283  7.827 0.5000000000
28514  -26.149  -55.909  7.351 0.5000000000
28522  -25.816  -55.255  7.146 0.5000000000
27671  -26.884  -56.175  7.075 0.4000000060
25226  -21.700  -58.643  16.496 0.6000000238
116931  -23.542  -58.464  16.774 0.8000000119
25229  -24.152  -59.232  16.845 0.8999999762
25225  -20.509  -58.977  16.015 0.6000000238
130226  -24.744  -59.195  16.451 0.8000000119
24456  -25.275  -59.550  15.952 0.8000000119
25253  -25.685  -59.614  15.036 0.8000000119
25240  -18.315  -59.402  14.835 0.6000000238
25252  -17.522  -58.490  14.441 0.6000000238
24486  -14.941  -59.894  12.684 0.6000000238
24474  -16.498  -59.824  13.728 0.6000000238
25250  -16.169  -58.666  13.711 0.6000000238
26028  -25.843  -58.811  12.627 0.6999999881
23696  -13.960  -61.126  12.375 0.5000000000
26027  -25.152  -58.845  12.032 0.6999999881
22882  -13.240  -61.929  12.428 0.5000000000
23695  -13.379  -60.986  12.611 0.5000000000
26026  -24.085  -58.659  11.633 0.6999999881
30208  -21.117  -53.550  8.874 0.8000000119
28485  -19.631  -55.286  9.759 0.8000000119
28473  -17.252  -55.499  10.880 0.6999999881
28440  -19.048  -55.929  11.612 0.6999999881
121410  -20.488  -56.154  11.641 0.6999999881
29334  -18.720  -54.489  10.124 0.6999999881
28513  -25.386  -55.691  7.630 0.5000000000
131903  -21.010  -58.544  16.198 0.6999999881
25978  -21.171  -57.539  16.054 0.6999999881
124051  -22.787  -57.866  16.609 0.8000000119
25242  -19.794  -58.375  15.512 0.6999999881
25979  -22.022  -57.643  16.420 0.8000000119
116162  -24.733  -57.864  16.328 0.8000000119
25995  -18.961  -57.623  15.182 0.6000000238
25997  -25.629  -58.801  15.435 0.8000000119
25994  -18.302  -58.122  14.809 0.6000000238
26009  -25.999  -58.934  14.524 0.6999999881
24487  -15.553  -59.225  13.247 0.6000000238
25261  -15.385  -58.415  13.516 0.6000000238
26016  -26.076  -58.981  13.483 0.8000000119
26010  -26.365  -58.299  14.031 0.6999999881
24485  -14.198  -59.377  12.631 0.6000000238
26771  -26.323  -58.319  12.975 0.8000000119
23694  -12.789  -61.545  12.767 0.4000000060
26781  -22.564  -57.657  11.538 0.6999999881
26782  -23.561  -57.815  11.511 0.6999999881
26783  -24.663  -58.053  11.618 0.6999999881
22866  -11.278  -62.076  13.445 0.4000000060
135184  -22.268  -56.338  11.503 0.6999999881
27604  -24.119  -57.234  11.445 0.6999999881
29335  -19.685  -54.185  9.554 0.8000000119
29323  -17.476  -54.796  10.886 0.8000000119
27601  -21.487  -56.278  11.583 0.6999999881
28441  -20.140  -55.300  11.679 0.6999999881
30218  -22.694  -53.872  8.271 0.8000000119
124622  -23.487  -53.799  7.770 0.6999999881
29355  -24.058  -54.500  7.741 0.5000000000
120353  -27.504  -55.030  6.548 0.5000000000
29357  -25.194  -55.096  7.354 0.5000000000
120835  -27.447  -55.854  6.677 0.4000000060
26739  -20.373  -56.297  15.660 0.6000000238
26741  -22.480  -56.628  16.423 0.6999999881
25980  -23.246  -57.531  16.604 0.8000000119
25981  -23.966  -57.733  16.610 0.8000000119
25996  -19.654  -56.978  15.412 0.6999999881
117986  -18.214  -57.105  15.002 0.6999999881
120766  -25.444  -57.875  15.759 0.8000000119
26008  -17.559  -57.361  14.732 0.6000000238
26762  -16.555  -57.413  14.670 0.6000000238
26765  -26.432  -57.528  14.539 0.8000000119
25260  -14.745  -58.811  12.949 0.6000000238
26004  -14.755  -58.434  13.478 0.6000000238
26784  -25.770  -58.126  12.027 0.8999999762
26772  -26.657  -57.658  13.549 0.8000000119
27614  -23.837  -56.415  11.357 0.8000000119
27615  -24.625  -56.769  11.388 0.8000000119
24494  -13.360  -60.327  12.922 0.5000000000
28457  -22.931  -55.097  11.258 0.8000000119
27603  -23.021  -56.902  11.478 0.6999999881
22867  -12.526  -61.448  13.392 0.4000000060
30216  -20.471  -52.824  8.603 0.8000000119
123922  -18.671  -53.603  10.084 0.8000000119
29324  -18.165  -54.000  10.653 0.8000000119
125327  -18.704  -53.879  11.413 0.8000000119
28443  -21.909  -55.632  11.489 0.6999999881
30217  -21.726  -53.166  8.320 0.8000000119
29286  -17.939  -54.363  11.247 0.8000000119
28442  -21.069  -55.672  11.628 0.6999999881
120028  -18.353  -53.438  10.879 0.8000000119
30227  -22.769  -53.036  7.712 0.8000000119
30195  -18.642  -52.861  10.196 0.8000000119
29363  -25.173  -53.931  6.961 0.6000000238
30229  -24.299  -53.700  7.262 0.6000000238
29365  -26.649  -54.549  6.763 0.5000000000
26742  -23.434  -56.718  16.540 0.6999999881
26754  -18.851  -56.479  15.434 0.6000000238
26744  -25.002  -57.110  16.187 0.6999999881
26753  -17.749  -56.813  15.208 0.6000000238
26755  -19.660  -55.970  15.630 0.6000000238
27577  -19.978  -55.450  15.797 0.6000000238
26752  -17.158  -56.877  15.210 0.6000000238
26756  -25.979  -57.336  15.302 0.8000000119
26005  -15.478  -58.162  13.983 0.6000000238
26763  -17.039  -57.017  14.843 0.6000000238
132299  -25.500  -57.077  15.788 0.6999999881
25249  -13.816  -58.911  13.723 0.5000000000
24462  -13.378  -59.669  14.004 0.3000000119
27617  -26.301  -56.476  11.653 0.8000000119
26785  -26.504  -57.621  12.506 0.8000000119
28458  -23.790  -55.561  11.237 0.8000000119
122811  -24.658  -56.075  11.291 0.8000000119
29307  -21.664  -53.976  11.242 0.8000000119
30206  -18.995  -53.033  9.572 0.8000000119
29287  -20.000  -54.304  11.618 0.8000000119
29289  -21.989  -54.823  11.356 0.8000000119
134194  -22.442  -55.365  11.379 0.6999999881
30171  -18.640  -53.230  11.093 0.8000000119
30182  -18.770  -52.571  10.452 0.8000000119
30228  -23.616  -53.163  7.400 0.6999999881
30243  -25.689  -53.386  6.750 0.6000000238
29367  -28.947  -54.469  6.461 0.3000000119
27566  -20.469  -55.509  15.929 0.6000000238
27567  -21.653  -55.326  16.449 0.6999999881
27568  -22.845  -55.398  16.612 0.6999999881
135464  -23.778  -56.081  16.531 0.6999999881
22820  -16.350  -62.417  16.816 0.5000000000
27564  -18.553  -56.342  15.814 0.6000000238
27576  -19.575  -55.585  15.882 0.6000000238
27571  -25.304  -56.435  16.089 0.6999999881
25238  -15.125  -58.534  14.857 0.5000000000
26735  -16.735  -57.138  15.389 0.5000000000
118309  -17.911  -56.593  15.870 0.6000000238
27578  -25.866  -56.585  15.566 0.6999999881
23661  -14.748  -60.936  15.586 0.3000000119
25237  -14.344  -58.798  14.427 0.5000000000
27579  -26.418  -56.769  14.971 0.8000000119
28431  -27.245  -56.302  13.657 0.8000000119
27585  -26.836  -56.917  14.118 0.8000000119
28459  -24.676  -55.237  11.185 0.8999999762
28460  -25.648  -55.746  11.366 0.8999999762
132014  -26.956  -56.296  11.929 0.8000000119
27593  -27.204  -56.360  12.651 0.8000000119
23675  -12.824  -61.118  14.089 0.4000000060
29308  -22.662  -54.325  11.046 0.8999999762
31025  -20.916  -52.386  8.144 0.8000000119
30215  -19.339  -52.460  9.014 0.8000000119
30173  -20.560  -53.661  11.404 0.8000000119
29288  -21.100  -54.335  11.513 0.8000000119
30226  -21.794  -52.402  7.723 0.8000000119
31034  -23.315  -52.507  7.220 0.6999999881
30242  -24.884  -53.132  6.803 0.6000000238
30230  -28.195  -53.100  7.223 0.6000000238
127569  -27.297  -54.137  6.816 0.6000000238
28391  -20.212  -55.274  16.236 0.6000000238
27565  -19.845  -55.296  16.134 0.6000000238
27569  -23.730  -55.298  16.718 0.6999999881
26737  -18.647  -56.199  16.256 0.6000000238
28406  -24.498  -55.233  16.660 0.8000000119
132530  -16.228  -59.534  16.257 0.6000000238
25222  -16.250  -58.660  16.007 0.5000000000
25976  -17.846  -56.908  16.200 0.6000000238
27570  -24.552  -56.158  16.435 0.6999999881
28412  -26.473  -55.489  15.465 0.8000000119
24448  -15.269  -60.241  15.780 0.4000000060
28420  -26.855  -56.057  14.686 0.6999999881
24463  -13.846  -59.428  14.421 0.4000000060
116210  -25.418  -54.938  11.231 0.8000000119
28445  -27.285  -55.704  12.178 0.8000000119
30184  -22.294  -53.562  10.853 0.8999999762
29310  -24.810  -54.465  11.030 0.8000000119
28461  -26.665  -55.729  11.663 0.8000000119
30185  -23.305  -53.788  10.766 0.8000000119
30997  -18.652  -51.997  9.902 0.8000000119
30998  -19.532  -52.112  10.399 0.8000000119
31024  -19.707  -51.820  8.429 0.8000000119
30999  -20.815  -52.465  10.624 0.8000000119
30986  -19.754  -52.877  11.016 0.8000000119
134304  -22.560  -52.297  7.393 0.8000000119
31023  -18.887  -51.793  8.970 0.8000000119
31048  -25.447  -52.568  6.611 0.6999999881
118674  -26.267  -52.809  6.761 0.6999999881
31852  -29.295  -51.544  7.471 0.6000000238
31038  -30.202  -51.857  7.380 0.6000000238
31052  -30.495  -52.666  6.901 0.6000000238
26738  -19.540  -55.638  16.379 0.6000000238
28405  -23.014  -54.773  16.954 0.8000000119
23631  -17.952  -62.205  17.932 0.5000000000
25965  -17.954  -58.117  16.778 0.5000000000
117633  -25.086  -55.748  16.363 0.8000000119
28407  -25.736  -55.766  15.921 0.6999999881
24434  -17.171  -60.816  17.028 0.5000000000
135110  -17.416  -58.345  16.615 0.5000000000
117276  -25.249  -54.993  16.525 0.8000000119
28408  -26.062  -54.961  16.083 0.8000000119
23645  -16.680  -61.524  16.857 0.5000000000
29260  -27.095  -55.199  14.952 0.8000000119
29261  -27.559  -54.737  14.476 0.8000000119
28421  -27.430  -55.514  14.114 0.8000000119
28432  -27.516  -55.659  13.118 0.8000000119
115431  -26.253  -54.995  11.417 0.8000000119
30186  -24.280  -53.862  10.808 0.8000000119
29290  -27.127  -54.997  11.778 0.8000000119
31827  -19.005  -51.245  9.367 0.8000000119
31000  -21.783  -52.245  10.148 0.8000000119
31033  -21.867  -51.695  7.295 0.8000000119
31848  -19.639  -50.796  7.898 0.8000000119
31047  -24.666  -52.316  6.645 0.6999999881
31046  -23.816  -51.948  6.753 0.6999999881
31035  -27.739  -52.491  7.258 0.6999999881
117879  -25.229  -51.789  6.440 0.6999999881
31049  -25.987  -51.993  6.528 0.6999999881
31865  -27.121  -51.232  6.731 0.6999999881
31850  -27.743  -51.777  7.255 0.6999999881
27542  -22.277  -55.448  17.779 0.8000000119
27556  -21.304  -55.298  17.196 0.6000000238
28379  -22.064  -54.916  17.132 0.6000000238
28394  -22.739  -54.807  17.300 0.8000000119
125522  -18.290  -60.342  20.611 0.6000000238
23604  -19.193  -61.300  19.685 0.5000000000
26728  -19.346  -56.533  16.848 0.6000000238
25967  -20.314  -57.290  17.522 0.6000000238
29242  -23.827  -54.708  17.024 0.8000000119
25919  -16.824  -58.696  20.406 0.6000000238
25164  -17.572  -59.517  20.619 0.6000000238
126279  -19.165  -60.282  20.467 0.6000000238
24418  -19.789  -60.395  18.690 0.5000000000
25194  -19.881  -59.373  18.010 0.5000000000
28377  -15.616  -55.652  19.130 0.5000000000
26695  -16.086  -57.311  19.806 0.5000000000
26684  -17.635  -57.702  20.497 0.6000000238
25165  -18.657  -59.430  20.678 0.6000000238
23630  -18.201  -61.299  17.772 0.5000000000
29244  -25.751  -54.443  16.572 0.8000000119
29251  -26.751  -54.730  15.621 0.8000000119
129425  -16.421  -56.564  19.793 0.5000000000
25211  -18.418  -59.249  17.246 0.5000000000
28376  -14.889  -55.593  18.604 0.4000000060
25210  -17.657  -59.213  16.917 0.5000000000
134632  -27.280  -54.540  15.175 0.6999999881
29291  -27.536  -54.133  12.085 0.8000000119
131736  -27.751  -54.907  13.567 0.8000000119
31001  -23.429  -52.686  10.169 0.8000000119
112439  -25.035  -53.887  10.889 0.8000000119
29312  -26.692  -54.242  11.509 0.8000000119
30188  -26.225  -53.567  11.199 0.8000000119
31849  -20.847  -50.797  7.152 0.8999999762
121301  -20.524  -51.684  10.016 0.8000000119
120617  -22.607  -52.631  10.249 0.8000000119
112193  -19.781  -51.065  9.474 1.0000000000
31012  -21.740  -51.556  9.600 0.8000000119
31045  -22.864  -51.813  7.038 0.8000000119
32698  -23.950  -51.131  6.455 0.6999999881
27543  -22.671  -56.190  18.780 0.8000000119
28380  -22.811  -55.073  18.047 0.8000000119
29223  -23.206  -54.619  17.969 0.8000000119
25921  -18.569  -58.369  20.736 0.6000000238
26712  -21.880  -57.750  18.852 0.6000000238
118940  -22.055  -56.466  18.264 0.6000000238
28395  -23.390  -54.617  17.452 0.8000000119
29225  -24.138  -54.227  17.518 0.8000000119
27510  -16.932  -57.015  20.149 0.5000000000
25920  -17.736  -58.644  20.602 0.6000000238
25166  -19.538  -59.640  20.537 0.6000000238
25195  -21.186  -59.010  19.135 0.6000000238
29234  -25.106  -54.162  17.119 0.8000000119
30116  -25.935  -53.801  16.857 0.6999999881
27511  -17.794  -56.578  20.453 0.5000000000
25167  -20.705  -59.313  20.138 0.6000000238
26711  -21.220  -58.082  18.365 0.6000000238
28365  -16.877  -55.458  19.763 0.4000000060
27528  -16.972  -56.172  19.994 0.4000000060
30125  -27.173  -53.916  15.750 0.6999999881
29211  -16.732  -54.060  19.277 0.4000000060
29212  -17.234  -54.738  19.791 0.4000000060
118991  -20.193  -57.074  21.043 0.4000000060
29252  -27.675  -54.019  14.901 0.6999999881
29213  -17.878  -54.220  20.137 0.4000000060
119302  -18.622  -54.611  20.657 0.5000000000
29270  -27.975  -54.229  13.036 0.6999999881
30079  -17.168  -53.320  19.209 0.3000000119
28346  -19.189  -55.345  20.976 0.5000000000
31002  -24.379  -52.727  10.175 0.8000000119
30199  -24.886  -53.286  10.615 0.8000000119
30189  -27.075  -53.491  11.531 0.8000000119
112573  -27.990  -53.475  12.639 0.8000000119
30174  -27.641  -53.328  11.981 0.8000000119
32695  -20.552  -49.947  6.815 0.8000000119
32664  -19.410  -50.597  8.793 1.0000000000
32655  -20.815  -51.112  9.491 0.8000000119
120676  -21.534  -50.840  9.106 0.8000000119
31013  -22.821  -52.115  9.682 0.8000000119
31014  -23.902  -52.251  9.649 0.8000000119
31015  -24.844  -52.230  9.666 0.8000000119
131068  -19.418  -50.012  7.836 1.0000000000
31828  -23.512  -51.718  9.212 0.8000000119
31860  -22.224  -51.113  6.836 0.8000000119
33509  -19.859  -49.840  8.454 0.8000000119
119839  -22.677  -51.252  9.053 0.8000000119
31861  -23.183  -51.334  6.689 0.8999999762
32700  -25.963  -50.784  6.073 0.6999999881
31864  -26.387  -51.334  6.436 0.6999999881
118110  -27.355  -50.614  6.539 0.6999999881
32686  -28.605  -50.824  7.291 0.6999999881
32687  -29.474  -50.646  7.398 0.6999999881
31868  -31.495  -51.580  6.932 0.6000000238
32688  -30.403  -50.479  7.400 0.6999999881
32703  -28.798  -50.044  7.032 0.6999999881
119401  -32.146  -51.017  6.633 0.6000000238
31854  -31.335  -50.642  7.166 0.6000000238
28381  -23.305  -55.069  18.700 0.8000000119
118915  -19.433  -58.941  20.734 0.5000000000
26689  -22.291  -57.345  20.023 0.8000000119
27529  -22.651  -56.682  19.755 0.8000000119
28367  -23.095  -55.786  19.336 0.8000000119
29224  -23.646  -54.250  18.057 0.8000000119
25922  -20.051  -58.633  20.767 0.6000000238
26687  -20.337  -57.933  20.894 0.5000000000
26713  -22.356  -57.181  19.332 0.8000000119
28366  -17.511  -55.587  20.193 0.4000000060
27513  -19.474  -56.270  21.017 0.5000000000
26688  -21.756  -57.631  20.421 0.6999999881
25924  -21.337  -58.528  20.173 0.6999999881
30106  -24.727  -53.653  17.876 0.6999999881
30117  -26.693  -53.462  16.528 0.6999999881
120961  -17.384  -53.934  19.639 0.3000000119
131129  -26.418  -54.240  16.262 0.6999999881
30126  -27.781  -53.250  15.347 0.6999999881
30062  -19.149  -53.679  20.841 0.5000000000
30135  -28.114  -53.392  14.475 0.6999999881
30895  -18.347  -52.440  19.804 0.4000000060
30879  -19.124  -52.625  20.574 0.4000000060
30988  -26.607  -52.906  11.083 0.8000000119
119975  -28.203  -53.477  13.530 0.6999999881
31003  -25.300  -52.645  10.278 0.8000000119
31817  -25.730  -52.059  9.837 0.8000000119
31818  -26.590  -51.862  10.053 0.6999999881
33510  -21.149  -50.045  8.567 0.8000000119
31829  -24.356  -51.726  9.114 0.8000000119
32696  -21.618  -50.312  6.620 0.8999999762
32697  -22.953  -50.553  6.479 0.8999999762
33541  -21.123  -49.364  6.497 0.8999999762
33532  -19.633  -49.275  7.580 0.8000000119
33519  -19.724  -49.200  7.943 0.8000000119
33511  -22.452  -49.949  8.269 0.8000000119
32709  -24.069  -50.301  6.230 0.8999999762
33543  -23.176  -49.645  6.198 0.8000000119
32699  -25.021  -50.895  6.248 0.8999999762
32711  -26.254  -50.250  5.848 0.8000000119
31053  -31.388  -52.453  6.610 0.4000000060
32701  -26.702  -50.574  6.194 0.8000000119
33545  -28.158  -49.587  6.365 0.6999999881
33533  -29.698  -49.849  7.260 0.6999999881
131979  -33.206  -49.852  5.546 0.5000000000
124063  -23.235  -55.591  20.069 0.6999999881
28368  -23.464  -55.137  19.502 0.8000000119
28348  -22.239  -55.967  21.003 0.6999999881
127813  -24.249  -53.608  19.375 0.6999999881
29192  -17.902  -54.957  20.329 0.4000000060
29180  -21.060  -54.366  21.481 0.6000000238
28350  -23.408  -54.975  20.346 0.6999999881
30107  -25.503  -53.426  17.553 0.6999999881
30108  -26.267  -53.100  17.237 0.6999999881
30933  -26.960  -52.673  16.875 0.6999999881
30048  -20.247  -53.875  21.323 0.5000000000
30118  -27.367  -52.995  16.132 0.6999999881
30880  -19.905  -52.321  20.990 0.4000000060
30951  -28.272  -52.634  14.934 0.6999999881
31716  -18.826  -51.097  19.699 0.3000000119
124845  -19.437  -51.923  20.592 0.3000000119
30866  -20.672  -52.861  21.350 0.5000000000
31004  -26.174  -52.484  10.492 0.6999999881
30989  -27.476  -52.698  11.489 0.6999999881
30136  -28.482  -52.657  13.997 0.6999999881
31005  -27.002  -52.281  10.750 0.6999999881
30975  -28.052  -52.795  12.233 0.6999999881
31808  -27.710  -51.949  11.066 0.6999999881
31831  -26.166  -51.449  9.354 0.6999999881
33520  -20.317  -49.314  8.212 0.8000000119
32666  -22.207  -50.568  8.709 0.8000000119
117392  -23.737  -51.094  8.643 0.8000000119
124769  -21.323  -48.546  6.394 0.8000000119
33557  -24.177  -49.469  5.897 0.8000000119
33556  -22.176  -49.015  6.228 0.8999999762
132706  -24.867  -50.062  5.978 0.8999999762
33560  -26.243  -49.661  5.543 0.8000000119
135238  -28.392  -48.935  6.015 0.8000000119
120926  -31.434  -49.921  7.019 0.6999999881
117070  -32.662  -50.247  6.194 0.6000000238
33546  -29.082  -49.206  6.671 0.6999999881
33547  -30.039  -49.163  7.017 0.6999999881
35330  -30.061  -47.512  5.505 0.6999999881
29214  -23.825  -54.400  19.709 0.6999999881
30051  -22.896  -53.364  21.542 0.6000000238
131663  -23.238  -53.992  21.300 0.6000000238
29196  -23.593  -54.228  20.730 0.6999999881
30913  -24.829  -52.750  19.330 0.6999999881
30097  -24.601  -53.382  18.626 0.6999999881
30098  -25.169  -53.054  18.329 0.6999999881
29194  -20.572  -54.896  21.381 0.5000000000
28333  -21.572  -55.097  21.427 0.6000000238
30923  -25.888  -52.744  17.961 0.6999999881
29181  -21.826  -54.319  21.534 0.6000000238
123920  -18.437  -51.650  19.534 0.3000000119
30049  -21.209  -53.661  21.505 0.5000000000
30881  -23.936  -52.351  21.126 0.6000000238
30934  -27.598  -52.180  16.486 0.6999999881
32526  -21.008  -50.924  21.215 0.4000000060
31682  -21.480  -51.495  21.432 0.5000000000
31683  -22.380  -51.659  21.582 0.6000000238
30942  -27.945  -52.441  15.729 0.6999999881
30965  -28.614  -52.205  13.346 0.6999999881
132182  -28.565  -52.041  14.586 0.6999999881
30976  -28.487  -52.191  12.587 0.6999999881
33393  -20.803  -49.417  20.729 0.3000000119
134906  -27.984  -51.443  10.640 0.6999999881
32677  -23.538  -50.280  8.217 0.8000000119
32667  -24.759  -51.124  8.598 0.8000000119
32668  -25.682  -50.986  8.685 0.6999999881
32669  -26.580  -50.796  8.886 0.6999999881
32656  -27.921  -51.018  9.943 0.6999999881
34466  -21.664  -48.476  7.724 0.8000000119
33523  -24.339  -49.790  7.852 0.8000000119
34480  -19.988  -48.609  7.180 0.8000000119
34465  -20.395  -48.637  7.749 0.8000000119
114853  -22.379  -49.169  7.907 0.8000000119
33558  -24.352  -48.661  5.620 0.8000000119
131401  -22.712  -46.747  5.768 0.8000000119
36167  -22.061  -46.905  7.115 0.8000000119
36168  -22.986  -46.440  7.173 0.8000000119
36979  -23.748  -45.748  6.761 0.8000000119
33564  -32.707  -49.293  5.957 0.6000000238
34485  -32.135  -48.682  6.204 0.6999999881
33563  -29.049  -48.454  6.046 0.8000000119
34483  -30.421  -48.543  6.610 0.6000000238
114802  -29.978  -47.130  4.736 0.6999999881
35331  -30.974  -47.145  5.382 0.6000000238
34497  -31.667  -47.911  5.957 0.6000000238
30064  -23.656  -53.301  21.117 0.6000000238
30869  -23.278  -52.295  21.522 0.6000000238
30914  -25.546  -52.339  18.745 0.6999999881
30882  -24.353  -51.749  20.858 0.6000000238
31751  -26.814  -51.589  17.946 0.6999999881
30924  -26.583  -52.366  17.607 0.6999999881
32527  -21.903  -50.842  21.459 0.4000000060
31702  -24.404  -50.808  20.995 0.5000000000
31736  -26.425  -51.358  18.520 0.6999999881
31684  -23.416  -51.211  21.493 0.5000000000
32547  -24.361  -50.410  21.019 0.5000000000
31768  -28.152  -51.663  16.079 0.6999999881
30943  -28.407  -51.851  15.300 0.6999999881
32546  -21.398  -50.131  21.211 0.3000000119
33394  -21.857  -49.376  21.060 0.3000000119
33371  -22.458  -50.137  21.426 0.4000000060
31819  -27.376  -51.638  10.326 0.6999999881
115123  -28.821  -51.211  14.700 0.6999999881
34337  -21.350  -48.628  20.504 0.3000000119
34338  -22.343  -48.685  20.676 0.3000000119
31800  -28.693  -51.560  12.088 0.6999999881
31789  -28.903  -51.503  13.075 0.6999999881
31820  -28.519  -51.010  10.676 0.6999999881
32637  -29.177  -50.873  12.378 0.6999999881
33522  -23.297  -49.484  7.891 0.8000000119
32681  -26.950  -50.077  8.520 0.6999999881
31832  -27.038  -51.252  9.588 0.6999999881
32648  -29.404  -50.292  11.738 0.6999999881
32670  -27.428  -50.553  9.203 0.6999999881
33503  -28.948  -49.961  9.895 0.6999999881
35317  -21.193  -47.334  6.699 0.8000000119
35301  -22.091  -47.600  7.431 0.8000000119
32680  -26.058  -50.287  8.247 0.6999999881
33513  -28.529  -49.537  9.268 0.6999999881
126660  -28.802  -48.915  9.116 0.6999999881
34490  -21.117  -47.868  6.535 0.8000000119
35300  -20.943  -47.845  7.363 0.8000000119
34467  -22.972  -48.523  7.674 0.8000000119
115269  -23.903  -48.990  7.711 0.8000000119
115268  -24.744  -48.880  7.655 0.8000000119
33526  -27.272  -49.300  8.293 0.8000000119
34459  -28.637  -48.425  8.843 0.6999999881
34492  -23.680  -47.799  5.534 0.8000000119
35302  -23.224  -47.575  7.508 0.8000000119
114935  -24.743  -46.849  7.690 0.8000000119
35304  -26.149  -47.858  7.793 0.8000000119
113849  -23.154  -48.592  5.825 0.8000000119
131811  -24.559  -47.986  5.495 0.8000000119
36187  -22.545  -46.417  6.440 0.8000000119
130189  -23.387  -46.861  7.417 0.8000000119
114664  -25.592  -46.977  7.842 0.8000000119
34493  -25.977  -48.929  5.365 0.8000000119
35327  -24.244  -47.107  5.501 0.8000000119
36970  -23.746  -45.814  7.197 0.8000000119
36169  -24.043  -46.298  7.498 0.8000000119
36972  -25.760  -45.438  8.097 0.8000000119
34505  -26.475  -48.436  5.072 0.8000000119
36988  -24.458  -45.450  6.724 0.8000000119
34506  -27.308  -48.747  4.960 0.8000000119
34499  -33.411  -48.684  4.649 0.5000000000
34498  -32.653  -48.414  5.537 0.6000000238
121946  -27.746  -47.996  4.482 0.8000000119
35342  -28.502  -47.767  4.410 0.8000000119
35347  -33.276  -47.700  4.348 0.6000000238
35345  -31.676  -46.695  4.768 0.6000000238
35346  -32.600  -47.061  4.747 0.6000000238
30897  -24.732  -52.073  20.215 0.6999999881
31701  -24.007  -51.490  21.278 0.6000000238
31718  -25.566  -50.877  19.752 0.6999999881
31737  -26.815  -50.816  18.309 0.6999999881
32562  -25.208  -50.109  20.404 0.5000000000
31719  -26.245  -50.685  19.023 0.6999999881
33395  -22.993  -49.470  21.246 0.4000000060
126796  -23.933  -49.644  21.131 0.4000000060
119738  -24.469  -50.069  20.917 0.5000000000
31761  -28.257  -50.963  16.325 0.6999999881
31769  -28.552  -51.043  15.649 0.6999999881
34360  -22.794  -48.083  20.075 0.3000000119
34361  -23.778  -48.249  20.028 0.3000000119
34341  -25.176  -49.190  20.163 0.5000000000
32598  -28.534  -50.312  16.125 0.6999999881
32610  -29.247  -50.337  14.223 0.6999999881
34359  -21.865  -47.981  20.048 0.3000000119
130479  -24.033  -47.844  19.027 0.3000000119
35193  -23.478  -47.455  18.263 0.3000000119
33488  -29.726  -49.358  12.785 0.6999999881
33524  -25.418  -49.640  7.820 0.8000000119
33512  -27.771  -49.809  8.871 0.6999999881
33504  -29.517  -49.546  10.486 0.6999999881
33525  -26.398  -49.490  7.976 0.6999999881
33527  -28.115  -48.993  8.660 0.6999999881
34460  -29.321  -48.308  9.412 0.6999999881
36186  -21.923  -46.785  6.387 0.8000000119
113376  -24.007  -48.196  7.595 0.8000000119
34469  -26.738  -48.655  7.890 0.6999999881
34458  -28.027  -48.123  8.455 0.8000000119
35324  -21.712  -47.258  6.146 0.8000000119
36160  -27.857  -47.147  8.472 0.8000000119
35326  -23.266  -47.032  5.572 0.8000000119
36170  -25.102  -46.030  7.828 0.8000000119
36171  -26.062  -46.225  8.175 0.8000000119
35328  -25.205  -47.717  5.424 0.8000000119
36198  -23.393  -46.398  5.849 0.8000000119
36980  -24.438  -45.452  7.151 0.8000000119
37756  -25.631  -44.911  7.522 0.8000000119
36961  -26.276  -44.975  8.230 0.8000000119
117924  -26.938  -47.879  4.659 0.8000000119
35329  -26.041  -47.406  5.158 0.8000000119
37000  -24.740  -45.634  6.190 0.8000000119
131157  -25.390  -45.598  6.109 0.8000000119
37747  -27.053  -44.492  7.959 0.8000000119
35343  -29.222  -47.443  4.369 0.8000000119
31717  -24.902  -51.060  20.464 0.6000000238
33372  -23.755  -50.323  21.384 0.5000000000
33397  -25.312  -49.443  20.202 0.5000000000
32575  -26.686  -50.217  18.632 0.6999999881
32576  -27.192  -50.139  18.150 0.6999999881
32597  -28.025  -50.396  16.883 0.6999999881
33414  -25.766  -49.445  19.642 0.6000000238
33430  -27.274  -49.285  17.853 0.6999999881
32590  -27.626  -50.029  17.557 0.6999999881
33451  -28.340  -49.726  16.527 0.6999999881
129741  -23.177  -47.716  19.210 0.3000000119
34362  -24.699  -48.451  19.792 0.3000000119
33450  -27.909  -49.473  17.096 0.6999999881
129221  -22.081  -47.278  18.740 0.3000000119
35219  -24.934  -47.286  16.363 0.3000000119
33457  -28.698  -49.520  15.905 0.6999999881
33462  -29.061  -49.246  15.070 0.6999999881
36097  -23.089  -47.169  15.194 0.3000000119
35231  -23.598  -47.244  15.673 0.3000000119
35218  -24.074  -47.360  16.282 0.3000000119
35232  -24.493  -47.086  15.709 0.3000000119
36912  -22.584  -46.202  14.550 0.3000000119
33496  -29.763  -49.578  11.965 0.6999999881
34454  -29.961  -49.118  11.230 0.6999999881
35293  -28.726  -47.679  8.855 0.8000000119
36172  -27.052  -46.416  8.368 0.8000000119
36962  -26.996  -45.042  8.505 0.8000000119
116471  -25.145  -46.946  5.441 0.8000000119
36199  -24.569  -46.228  5.778 0.8000000119
36201  -26.378  -46.495  5.157 0.8000000119
37001  -25.951  -45.880  5.700 0.8000000119
36990  -26.741  -45.441  5.998 0.8000000119
37770  -26.497  -44.908  6.734 0.8000000119
37757  -26.316  -44.711  7.437 0.8000000119
35355  -27.992  -47.411  4.052 0.8000000119
129772  -26.350  -45.654  5.806 0.8000000119
36211  -29.467  -46.906  3.810 0.6999999881
35344  -30.526  -46.615  4.178 0.6000000238
119298  -26.284  -49.870  19.107 0.6000000238
35195  -25.141  -47.612  17.902 0.4000000060
34397  -27.571  -48.529  17.030 0.6000000238
34398  -28.279  -49.001  16.474 0.6999999881
34406  -28.628  -48.700  15.734 0.6999999881
113930  -27.455  -47.768  16.504 0.4000000060
33478  -29.595  -49.183  13.467 0.6999999881
37675  -25.591  -45.302  15.395 0.3000000119
134842  -27.503  -46.846  15.657 0.4000000060
35235  -28.462  -47.917  15.533 0.6000000238
123972  -29.652  -47.942  13.565 0.6999999881
34449  -30.016  -48.786  12.150 0.6999999881
35265  -30.064  -47.821  12.583 0.6999999881
35281  -30.196  -48.105  11.298 0.6999999881
118978  -30.216  -47.259  10.906 0.6999999881
35305  -27.170  -47.815  8.066 0.8000000119
125792  -26.546  -47.074  8.036 0.8000000119
121391  -27.876  -46.103  8.792 0.8000000119
37745  -25.636  -44.983  7.906 0.8000000119
112382  -27.570  -44.552  8.604 0.8000000119
37769  -25.689  -44.871  6.976 0.8000000119
37758  -27.703  -44.360  7.660 0.8000000119
36218  -27.784  -46.678  3.863 0.8000000119
37002  -26.726  -45.837  5.265 0.8000000119
37003  -27.384  -45.481  5.372 0.8000000119
37771  -27.362  -45.079  6.326 0.8000000119
37004  -27.893  -45.360  4.413 0.8000000119
35356  -28.574  -47.075  3.732 0.8000000119
37023  -31.469  -45.788  3.299 0.6000000238
119678  -29.713  -46.418  3.322 0.6999999881
37035  -29.881  -45.409  2.399 0.6999999881
34374  -26.612  -48.968  18.485 0.6000000238
34388  -26.832  -48.409  17.791 0.6000000238
35220  -25.875  -47.330  16.670 0.3000000119
36101  -26.016  -46.567  15.744 0.3000000119
121931  -26.785  -46.572  15.716 0.3000000119
122357  -27.818  -47.465  15.944 0.5000000000
36102  -27.355  -46.239  15.494 0.3000000119
119156  -29.276  -48.077  14.339 0.6999999881
37691  -24.698  -44.234  15.116 0.3000000119
36915  -29.172  -46.474  14.259 0.4000000060
35260  -29.777  -47.285  13.351 0.6999999881
38598  -24.435  -43.454  14.740 0.3000000119
36131  -30.080  -46.853  12.801 0.6000000238
126600  -30.281  -46.440  11.097 0.6000000238
36146  -30.285  -47.103  11.816 0.6000000238
36162  -29.355  -46.456  9.611 0.8000000119
36153  -29.884  -46.840  10.222 0.6999999881
36945  -30.250  -45.545  11.319 0.6000000238
36161  -28.710  -46.714  9.034 0.8000000119
36954  -29.751  -45.796  10.269 0.6999999881
36963  -27.753  -45.207  8.884 0.8000000119
36964  -28.733  -45.633  9.370 0.8000000119
37739  -28.383  -44.608  9.256 0.6999999881
36953  -29.214  -44.868  9.955 0.6999999881
130280  -29.542  -44.352  10.412 0.6999999881
37738  -26.795  -44.699  8.245 0.8000000119
37740  -29.054  -44.021  9.777 0.6999999881
37748  -27.942  -44.207  8.316 0.8000000119
38650  -29.366  -43.385  8.577 0.6999999881
38642  -29.120  -43.457  9.294 0.6999999881
35340  -26.766  -47.108  4.713 0.8000000119
36210  -27.122  -46.442  4.534 0.8000000119
122532  -27.139  -44.610  7.200 0.8000000119
37759  -28.453  -44.137  7.700 0.8000000119
125911  -27.304  -45.771  4.694 0.8000000119
37783  -28.133  -45.101  5.636 0.8000000119
130077  -28.107  -44.649  6.808 0.8000000119
35341  -27.381  -47.281  4.299 0.8000000119
37020  -27.858  -45.951  3.719 0.8000000119
37784  -28.937  -44.750  5.016 0.8000000119
36219  -28.292  -46.331  3.526 0.8000000119
37022  -28.832  -45.572  2.835 0.6999999881
36222  -31.441  -46.246  3.940 0.6000000238
37037  -32.553  -45.302  2.758 0.6000000238
36220  -28.912  -46.310  3.219 0.8000000119
36235  -29.413  -45.873  2.798 0.6999999881
128907  -28.263  -47.185  15.350 0.5000000000
35245  -28.837  -47.587  14.861 0.5000000000
36895  -25.751  -46.050  15.469 0.3000000119
36897  -27.934  -45.892  15.265 0.4000000060
36116  -28.710  -46.810  14.763 0.5000000000
35246  -29.316  -47.238  14.133 0.6000000238
37677  -27.046  -44.770  15.388 0.3000000119
36928  -29.449  -45.813  13.906 0.5000000000
36129  -29.630  -46.626  13.605 0.6000000238
119899  -26.277  -43.534  15.239 0.3000000119
122833  -27.702  -44.185  15.277 0.3000000119
115574  -29.982  -46.175  13.146 0.6000000238
39453  -24.886  -42.663  14.548 0.3000000119
39454  -25.829  -42.620  14.788 0.3000000119
38601  -28.420  -43.718  14.820 0.3000000119
40288  -25.385  -41.871  14.354 0.3000000119
115174  -30.288  -45.136  12.211 0.6000000238
40297  -24.162  -41.319  13.500 0.3000000119
37729  -29.874  -44.952  10.745 0.6999999881
37760  -29.048  -44.389  6.842 0.8000000119
38659  -29.415  -43.788  7.722 0.6999999881
38670  -29.911  -44.177  6.640 0.6999999881
37772  -29.401  -44.555  6.021 0.8000000119
37773  -30.016  -44.351  5.630 0.6999999881
37794  -28.364  -44.880  3.927 0.6999999881
38696  -29.919  -44.248  4.568 0.6000000238
37042  -33.991  -45.471  1.797 0.6000000238
37021  -28.335  -45.495  3.364 0.6999999881
37811  -28.877  -44.493  2.282 0.6999999881
37033  -28.645  -44.900  2.725 0.6999999881
37813  -30.653  -44.896  2.105 0.6999999881
37814  -31.908  -44.806  2.300 0.6999999881
37034  -29.102  -45.135  2.452 0.6999999881
40416  -30.033  -41.230  -0.055 0.5000000000
39587  -30.655  -41.547  -0.063 0.5000000000
36933  -30.057  -45.460  13.082 0.6000000238
37713  -30.136  -44.598  13.043 0.6000000238
37722  -30.267  -44.234  12.111 0.6000000238
38634  -29.657  -43.758  10.564 0.6999999881
39495  -29.880  -43.000  10.802 0.6999999881
114361  -29.435  -43.423  10.038 0.6999999881
41170  -22.510  -40.755  12.321 0.3000000119
39515  -29.715  -42.899  9.070 0.6999999881
38660  -30.428  -43.596  7.347 0.6999999881
114235  -30.815  -43.879  6.299 0.6999999881
37806  -28.584  -44.663  3.228 0.6999999881
38695  -29.279  -43.930  3.543 0.6999999881
131169  -29.482  -43.416  3.145 0.6000000238
38704  -28.803  -44.131  2.565 0.6999999881
37824  -32.427  -44.364  1.924 0.6000000238
37816  -33.480  -45.038  1.966 0.5000000000
37812  -29.407  -44.533  1.923 0.6999999881
37821  -29.327  -43.633  1.465 0.6999999881
37822  -30.152  -44.094  1.474 0.6999999881
38726  -30.843  -43.005  0.682 0.6000000238
37705  -29.663  -43.997  13.699 0.5000000000
38612  -29.821  -43.031  13.510 0.4000000060
124275  -30.180  -43.835  13.041 0.5000000000
38619  -30.237  -43.300  12.451 0.6000000238
115353  -30.211  -42.880  11.788 0.6000000238
41185  -23.082  -40.210  12.015 0.3000000119
117754  -23.805  -40.240  12.315 0.3000000119
39506  -29.670  -42.892  9.888 0.6999999881
39516  -30.497  -42.572  8.722 0.6000000238
39507  -30.293  -42.267  9.625 0.6000000238
38651  -30.044  -43.206  8.247 0.6000000238
38697  -30.943  -43.749  4.672 0.6000000238
38661  -31.270  -43.269  7.108 0.6000000238
113076  -28.786  -44.137  3.158 0.6999999881
38706  -30.204  -43.684  3.816 0.6000000238
38682  -31.390  -43.598  5.601 0.6000000238
39562  -29.302  -43.028  2.541 0.6999999881
39571  -29.763  -42.446  2.321 0.6000000238
38716  -29.131  -43.275  1.540 0.6999999881
38718  -31.018  -43.631  1.207 0.6999999881
37830  -33.717  -43.939  0.930 0.5000000000
38719  -32.120  -43.805  1.463 0.6000000238
115835  -32.863  -43.472  1.088 0.6000000238
38734  -33.904  -42.916  -0.123 0.5000000000
114811  -29.261  -42.946  0.996 0.6000000238
39582  -31.831  -42.681  0.449 0.5000000000
38717  -29.896  -43.345  0.970 0.5000000000
39588  -31.906  -41.928  -0.075 0.5000000000
39589  -32.872  -42.610  0.175 0.5000000000
40418  -31.275  -41.061  -0.428 0.5000000000
39467  -29.633  -42.156  13.597 0.4000000060
39475  -30.169  -42.253  12.711 0.4000000060
130905  -30.090  -41.348  12.718 0.4000000060
120598  -27.678  -40.851  14.283 0.4000000060
39487  -30.262  -42.260  11.565 0.6000000238
42142  -23.681  -39.719  11.747 0.3000000119
42163  -25.123  -39.303  11.812 0.3000000119
42145  -26.609  -39.461  12.868 0.3000000119
43130  -24.588  -38.535  10.332 0.3000000119
40349  -30.931  -41.959  9.087 0.6000000238
39532  -31.946  -42.815  6.823 0.5000000000
39517  -31.275  -42.270  8.415 0.6000000238
39557  -31.869  -43.104  4.895 0.6000000238
39564  -31.164  -43.278  3.937 0.6000000238
39547  -32.077  -43.025  5.960 0.6000000238
39563  -30.211  -42.973  3.119 0.6000000238
39565  -31.904  -42.629  4.039 0.6000000238
38712  -28.999  -43.302  2.055 0.6999999881
39572  -30.805  -42.315  2.746 0.6000000238
39580  -30.064  -41.937  0.314 0.5000000000
39581  -30.843  -42.298  0.306 0.5000000000
40417  -30.331  -40.870  -0.274 0.5000000000
40302  -29.109  -41.641  13.992 0.4000000060
40303  -29.701  -41.446  13.335 0.4000000060
40320  -30.285  -41.633  12.139 0.5000000000
42147  -29.585  -39.681  12.673 0.4000000060
39496  -30.193  -42.305  10.569 0.5000000000
43109  -24.838  -38.807  11.060 0.3000000119
112875  -26.176  -38.264  10.723 0.3000000119
43088  -26.095  -39.062  12.047 0.4000000060
40331  -30.531  -41.594  10.321 0.4000000060
43112  -27.515  -38.375  11.751 0.4000000060
39524  -31.649  -42.553  7.650 0.5000000000
39533  -32.487  -42.291  6.428 0.5000000000
124328  -32.745  -41.646  6.833 0.5000000000
129779  -31.227  -42.722  3.406 0.6000000238
40392  -31.780  -42.153  3.309 0.6000000238
40397  -29.545  -42.083  1.653 0.6000000238
124666  -30.250  -41.800  2.055 0.6000000238
40403  -29.546  -41.662  1.048 0.5000000000
38724  -29.518  -42.118  0.734 0.5000000000
40415  -29.793  -41.085  0.325 0.5000000000
41287  -30.028  -40.505  -0.051 0.5000000000
42278  -30.431  -39.647  -0.370 0.5000000000
41297  -31.324  -39.851  -0.978 0.5000000000
41162  -29.080  -40.812  13.689 0.4000000060
41186  -30.455  -40.438  11.561 0.4000000060
40321  -30.413  -41.416  11.302 0.4000000060
41177  -30.165  -40.046  12.268 0.4000000060
41199  -30.650  -40.774  10.743 0.4000000060
41210  -30.981  -40.988  9.995 0.4000000060
135164  -25.817  -38.033  10.093 0.3000000119
40351  -32.276  -40.927  8.320 0.4000000060
40340  -31.297  -41.307  9.335 0.5000000000
44060  -25.278  -37.690  8.849 0.3000000119
40360  -32.613  -41.170  7.574 0.4000000060
39548  -32.543  -42.390  5.516 0.5000000000
40367  -33.102  -41.005  6.790 0.4000000060
40393  -32.546  -41.847  4.073 0.6000000238
39558  -32.428  -42.371  4.703 0.5000000000
40382  -33.284  -41.056  5.459 0.5000000000
40398  -31.459  -41.563  2.536 0.6000000238
132415  -32.309  -41.524  3.289 0.5000000000
41258  -32.961  -40.910  3.836 0.5000000000
40404  -29.872  -41.413  1.392 0.6000000238
40405  -30.668  -41.169  1.717 0.6000000238
117944  -30.124  -40.883  1.175 0.6000000238
41281  -29.909  -40.716  0.403 0.5000000000
42285  -31.456  -39.280  -1.267 0.5000000000
42263  -30.139  -40.485  0.673 0.5000000000
121967  -25.722  -36.497  6.260 0.3000000119
124909  -27.096  -36.594  7.261 0.4000000060
45028  -27.372  -36.277  6.497 0.4000000060
41266  -31.662  -40.776  2.041 0.5000000000
45975  -26.284  -35.779  5.429 0.4000000060
41273  -30.838  -40.522  1.284 0.5000000000
42259  -33.198  -38.876  2.654 0.5000000000
121934  -33.445  -39.031  3.537 0.5000000000
42264  -30.859  -39.783  0.668 0.5000000000
43227  -32.755  -38.708  1.820 0.5000000000
42271  -30.170  -39.930  0.076 0.5000000000
42272  -30.484  -39.209  0.047 0.6000000238
133103  -31.146  -37.942  -1.553 0.5000000000
42284  -30.586  -38.860  -0.851 0.6000000238
43245  -30.578  -38.209  -0.868 0.5000000000
43250  -30.721  -38.140  -1.270 0.6000000238
44178  -30.960  -37.344  -1.651 0.4000000060
45953  -26.906  -36.089  5.870 0.4000000060
112353  -28.451  -36.557  7.564 0.4000000060
42265  -31.974  -39.260  1.232 0.5000000000
43232  -31.241  -38.872  0.424 0.5000000000
43240  -31.631  -38.058  0.316 0.5000000000
120785  -32.427  -37.798  0.911 0.5000000000
43238  -30.522  -39.094  -0.395 0.5000000000
43239  -30.745  -38.378  -0.367 0.5000000000
45104  -30.701  -36.640  -1.585 0.4000000060
44171  -30.585  -37.495  -0.877 0.5000000000
44170  -30.636  -37.405  -1.201 0.5000000000
113250  -28.215  -35.298  6.324 0.4000000060
46879  -26.741  -34.255  5.393 0.4000000060
43233  -32.223  -38.477  1.009 0.5000000000
43221  -33.503  -38.197  3.193 0.4000000060
44163  -31.173  -37.458  -0.331 0.4000000060
45099  -30.851  -36.683  -0.777 0.4000000060
120492  -30.569  -36.744  -1.227 0.5000000000
131482  -30.567  -36.100  -1.554 0.3000000119
44158  -33.306  -37.487  1.985 0.4000000060
45098  -30.624  -35.926  -1.208 0.5000000000
46034  -30.402  -35.276  -1.646 0.4000000060
46027  -30.531  -34.845  -1.126 0.4000000060
45091  -31.769  -36.587  -0.077 0.4000000060
47853  -30.825  -33.292  -2.621 0.4000000060
126414  -31.434  -35.573  -0.421 0.4000000060
46939  -30.087  -33.752  -0.978 0.4000000060
46922  -32.544  -34.585  1.205 0.4000000060
47842  -29.793  -33.469  -1.601 0.4000000060
47848  -30.006  -33.347  -2.148 0.4000000060
47849  -30.395  -32.752  -2.098 0.4000000060
48853  -31.493  -32.791  -2.507 0.4000000060
46021  -32.068  -34.975  0.325 0.4000000060
46929  -31.035  -34.311  -0.330 0.3000000119
46930  -31.597  -33.915  0.639 0.4000000060
47829  -32.237  -33.665  1.516 0.4000000060
128143  -30.430  -33.134  0.007 0.3000000119
47835  -29.754  -32.928  -0.931 0.4000000060
48845  -30.164  -32.350  -1.196 0.4000000060
48846  -32.393  -32.405  -1.949 0.4000000060
49770  -30.694  -31.641  0.149 0.4000000060
134220  -30.517  -31.861  -0.537 0.5000000000
47828  -31.264  -32.956  1.056 0.4000000060
48831  -30.685  -32.224  0.586 0.4000000060
25268  -21.277  -60.068  11.240 0.6999999881
24455  -25.072  -60.415  16.112 0.6999999881
133235  -16.174  -61.365  13.579 0.6000000238
25227  -22.648  -58.790  16.819 0.6999999881
25982  -25.098  -58.664  16.130 0.8000000119
26740  -21.363  -56.228  16.016 0.6000000238
27592  -27.006  -57.041  13.083 0.8000000119
23644  -15.691  -61.423  16.225 0.4000000060
31011  -18.737  -52.175  9.475 0.8000000119
135108  -18.911  -61.822  18.947 0.5000000000
116300  -27.612  -54.964  12.576 0.8000000119
29243  -24.537  -54.619  16.952 0.8000000119
28364  -16.324  -55.868  19.583 0.4000000060
25935  -21.552  -58.523  19.538 0.6000000238
27512  -18.705  -56.606  20.770 0.5000000000
120264  -21.070  -57.427  20.930 0.6000000238
31830  -25.278  -51.640  9.169 0.6999999881
30898  -25.270  -51.806  19.610 0.6999999881
134970  -25.225  -45.366  7.753 0.8000000119
31752  -27.389  -50.895  17.571 0.6999999881
115653  -29.831  -48.709  10.328 0.6999999881
35294  -29.403  -47.295  9.478 0.6999999881
34387  -26.291  -48.426  18.388 0.6000000238
36914  -28.637  -45.975  14.753 0.5000000000
39523  -30.909  -42.980  7.954 0.6000000238
41176  -29.775  -40.558  12.977 0.4000000060
42279  -30.742  -39.406  -0.933 0.5000000000
118427  -30.662  -40.056  11.013 0.4000000060
44164  -32.138  -37.288  0.433 0.4000000060
22904  -19.526  -62.059  9.716 0.5000000000
24520  -19.410  -60.714  9.288 0.5000000000
22068  -22.444  -63.153  11.562 0.6999999881
115131  -21.263  -58.480  9.520 0.5000000000
22030  -17.218  -63.263  14.670 0.5000000000
122669  -20.883  -56.943  9.625 0.6999999881
23665  -25.107  -61.293  14.806 0.6999999881
24477  -25.112  -60.988  13.925 0.6999999881
119012  -22.418  -59.041  11.528 0.6999999881
27600  -19.891  -56.824  11.587 0.6999999881
26024  -21.501  -58.486  11.512 0.6999999881
28487  -22.137  -55.712  9.380 0.6999999881
27651  -24.162  -56.438  9.041 0.5000000000
28499  -23.336  -55.294  8.771 0.6000000238
29356  -24.785  -54.537  7.330 0.5000000000
29337  -21.947  -54.877  9.200 0.6999999881
24466  -19.519  -60.347  15.706 0.6000000238
25272  -25.521  -59.555  12.834 0.6999999881
28523  -26.629  -55.375  6.825 0.4000000060
131770  -24.400  -58.558  16.569 0.8000000119
134119  -16.669  -58.252  14.132 0.6000000238
26006  -16.117  -57.919  14.081 0.6000000238
30207  -20.104  -53.402  9.136 0.8000000119
25977  -20.443  -57.794  15.713 0.6999999881
26764  -26.061  -58.147  14.995 0.6999999881
120354  -13.639  -59.467  13.125 0.5000000000
26792  -26.056  -57.267  11.763 0.8000000119
117888  -25.925  -54.166  6.822 0.5000000000
26743  -24.284  -56.989  16.478 0.6999999881
25992  -15.693  -57.972  14.616 0.6000000238
30241  -24.116  -52.787  7.018 0.6999999881
30244  -26.489  -53.703  6.808 0.6000000238
25975  -17.179  -57.527  16.178 0.6000000238
30183  -21.200  -53.204  11.043 0.8999999762
30985  -18.831  -51.910  10.089 0.8000000119
30245  -27.228  -53.160  7.047 0.6000000238
30247  -29.371  -53.804  6.681 0.4000000060
25239  -15.707  -58.313  15.288 0.5000000000
25221  -15.627  -59.279  15.761 0.5000000000
24464  -14.425  -59.842  15.150 0.5000000000
22836  -14.991  -61.826  15.875 0.4000000060
29309  -23.779  -54.624  11.017 0.8999999762
31032  -20.751  -51.657  7.728 0.8000000119
28393  -21.116  -55.252  16.632 0.6000000238
27554  -20.090  -55.333  16.438 0.6000000238
28404  -22.165  -54.879  16.850 0.6000000238
26727  -18.611  -57.249  16.766 0.5000000000
24449  -16.212  -60.389  16.401 0.4000000060
24450  -16.871  -59.663  16.633 0.5000000000
29311  -25.698  -54.228  11.186 0.8000000119
31050  -26.877  -52.094  6.949 0.6999999881
117604  -30.043  -51.169  7.471 0.6000000238
118273  -20.018  -56.163  17.052 0.6000000238
23618  -18.331  -62.527  18.781 0.5000000000
128319  -17.441  -61.660  17.389 0.5000000000
25212  -18.948  -58.678  17.286 0.5000000000
24436  -18.402  -60.194  17.478 0.5000000000
26729  -21.103  -56.512  17.617 0.6000000238
24389  -18.726  -60.997  20.396 0.5000000000
24402  -19.816  -60.493  19.631 0.6000000238
23619  -19.472  -61.095  19.121 0.5000000000
24390  -19.325  -60.801  20.120 0.6000000238
135771  -18.565  -62.280  19.330 0.5000000000
25966  -19.606  -57.982  17.393 0.5000000000
26683  -16.783  -57.842  20.231 0.6000000238
127869  -17.230  -58.205  20.427 0.6000000238
24417  -19.096  -60.893  18.306 0.5000000000
24419  -20.475  -59.746  19.109 0.6000000238
24403  -20.408  -59.837  19.840 0.6000000238
24437  -19.183  -59.907  17.774 0.5000000000
25952  -20.586  -58.742  18.192 0.5000000000
28378  -16.324  -54.956  19.297 0.4000000060
118399  -27.958  -54.158  14.011 0.6999999881
32665  -20.336  -50.515  9.039 0.8999999762
26686  -19.431  -57.218  20.925 0.5000000000
25923  -20.686  -58.691  20.553 0.6000000238
24391  -19.935  -59.996  20.213 0.6000000238
25168  -21.187  -59.047  19.805 0.6000000238
112908  -21.144  -58.124  20.649 0.6000000238
28345  -18.425  -55.690  20.652 0.4000000060
27514  -20.614  -56.510  21.142 0.5000000000
121471  -20.055  -55.578  21.221 0.5000000000
30878  -18.554  -53.172  20.310 0.4000000060
29193  -19.588  -54.652  21.135 0.5000000000
32676  -19.454  -49.822  8.158 0.8000000119
33548  -30.955  -49.301  7.003 0.6999999881
132735  -23.902  -54.123  18.779 0.6999999881
27516  -22.323  -56.843  20.427 0.6999999881
28349  -22.948  -55.458  20.738 0.6999999881
30063  -19.786  -53.070  21.088 0.5000000000
30154  -28.336  -52.815  13.054 0.6999999881
30896  -18.901  -51.814  20.117 0.4000000060
32712  -26.708  -50.002  5.767 0.8000000119
29195  -23.125  -54.696  21.097 0.6000000238
29182  -22.628  -54.177  21.458 0.6000000238
30081  -23.994  -53.731  20.345 0.6999999881
28347  -21.142  -55.833  21.276 0.6000000238
128736  -19.911  -51.659  20.823 0.3000000119
131269  -28.179  -52.160  11.765 0.6999999881
130078  -28.790  -51.812  13.943 0.6999999881
31700  -20.209  -51.056  20.829 0.3000000119
33559  -25.236  -49.395  5.635 0.8999999762
33562  -27.723  -49.220  5.592 0.8000000119
33572  -26.663  -49.107  5.228 0.8000000119
34495  -29.841  -48.042  6.126 0.6000000238
34484  -31.320  -48.562  6.495 0.6000000238
34496  -30.699  -47.840  6.116 0.6000000238
34507  -29.212  -47.871  5.215 0.8000000119
30868  -22.274  -52.695  21.620 0.6000000238
30082  -24.290  -52.842  20.435 0.6999999881
30867  -21.500  -52.262  21.502 0.5000000000
32528  -22.795  -50.804  21.535 0.4000000060
31809  -28.354  -51.536  11.283 0.6999999881
32679  -25.112  -50.435  8.163 0.8000000119
32657  -28.589  -50.557  10.111 0.6999999881
113360  -25.218  -48.522  5.475 0.8000000119
34494  -28.277  -48.473  5.159 0.8000000119
30925  -27.228  -51.871  17.235 0.6999999881
32548  -24.664  -50.224  20.795 0.5000000000
125869  -29.086  -51.129  13.864 0.6999999881
35176  -22.346  -47.603  19.357 0.3000000119
32647  -28.928  -50.967  11.474 0.6999999881
32627  -29.292  -50.645  13.280 0.6999999881
32658  -29.124  -50.337  10.773 0.6999999881
32638  -29.537  -50.112  12.609 0.6999999881
33514  -29.240  -49.201  9.671 0.6999999881
35303  -25.015  -47.827  7.647 0.8000000119
34468  -25.754  -48.739  7.725 0.8000000119
31760  -27.794  -51.341  16.772 0.6999999881
34339  -23.390  -48.840  20.747 0.3000000119
34340  -24.468  -49.188  20.631 0.5000000000
32604  -28.943  -50.215  15.231 0.6999999881
33398  -25.518  -49.130  19.785 0.5000000000
34363  -25.416  -48.599  19.484 0.4000000060
133592  -29.208  -49.806  14.700 0.6999999881
32611  -29.517  -49.851  13.438 0.6999999881
113675  -23.036  -47.183  17.769 0.3000000119
33429  -26.747  -49.617  18.542 0.6000000238
35233  -25.485  -46.995  15.968 0.3000000119
33463  -29.381  -49.407  14.193 0.6999999881
36099  -24.378  -46.562  15.361 0.3000000119
36100  -25.161  -46.576  15.596 0.3000000119
36221  -30.453  -46.063  3.138 0.6999999881
35221  -26.795  -47.760  17.000 0.6000000238
35222  -28.088  -48.231  16.225 0.6000000238
35234  -26.705  -47.095  16.160 0.4000000060
34412  -28.946  -48.368  15.024 0.6999999881
34413  -29.255  -48.747  14.507 0.6999999881
34426  -29.502  -48.660  13.857 0.6999999881
34436  -29.787  -48.628  13.066 0.6999999881
38641  -28.324  -43.966  9.032 0.8000000119
115994  -28.797  -44.787  6.058 0.8000000119
122018  -30.798  -45.525  2.690 0.6000000238
37036  -31.616  -45.341  2.733 0.6000000238
127974  -26.045  -47.774  17.684 0.5000000000
128781  -26.550  -46.090  15.518 0.3000000119
38599  -25.253  -43.461  14.978 0.3000000119
37693  -26.255  -44.586  15.394 0.3000000119
113835  -30.293  -46.106  12.219 0.6000000238
116258  -30.190  -44.842  11.492 0.6000000238
38649  -28.720  -43.771  8.511 0.6999999881
37694  -28.358  -44.572  14.947 0.3000000119
39464  -24.464  -41.939  14.117 0.3000000119
40289  -26.380  -41.768  14.563 0.3000000119
112372  -30.004  -44.291  11.100 0.6000000238
38711  -28.917  -43.874  1.919 0.6999999881
38629  -30.104  -43.575  11.438 0.6000000238
38720  -33.088  -44.060  1.558 0.5000000000
39570  -29.236  -42.671  1.945 0.6000000238
40419  -32.479  -41.226  -0.523 0.4000000060
42120  -27.423  -39.736  13.450 0.4000000060
42144  -25.640  -39.626  12.527 0.3000000119
43131  -25.362  -38.411  10.534 0.3000000119
134677  -31.472  -41.662  8.765 0.5000000000
39525  -32.303  -42.077  7.288 0.5000000000
39576  -29.298  -42.599  1.390 0.5000000000
43111  -26.575  -38.544  11.502 0.4000000060
43132  -27.059  -38.066  10.943 0.4000000060
40359  -31.994  -41.716  8.173 0.5000000000
41200  -31.021  -40.172  10.335 0.4000000060
40389  -33.252  -40.935  4.764 0.5000000000
45027  -26.511  -36.490  6.582 0.3000000119
45007  -27.885  -36.449  7.056 0.4000000060
42258  -32.595  -39.475  2.118 0.5000000000
45029  -28.073  -36.038  6.560 0.4000000060
49781  -30.882  -31.848  -1.009 0.4000000060
49782  -31.911  -31.778  -1.166 0.3000000119
19564  -23.257  -66.490  16.458 0.5000000000
19578  -23.477  -66.442  15.060 0.5000000000
19525  -20.472  -66.598  18.375 0.4000000060
19548  -21.890  -66.299  18.033 0.5000000000
19549  -22.534  -66.383  17.493 0.5000000000
19563  -22.843  -66.817  17.016 0.5000000000
116231  -23.512  -66.236  15.809 0.6000000238
132081  -23.650  -65.258  14.367 0.6000000238
20336  -20.995  -65.804  18.361 0.5000000000
130416  -21.211  -64.975  18.178 0.5000000000
20357  -22.487  -65.697  17.680 0.5000000000
20358  -23.080  -65.226  17.301 0.5000000000
20355  -20.296  -64.977  18.088 0.5000000000
21198  -23.902  -64.790  16.001 0.6000000238
21210  -24.023  -64.588  14.930 0.6000000238
22045  -23.782  -63.647  13.360 0.6000000238
21235  -23.290  -64.120  12.794 0.6000000238
22059  -22.875  -63.662  12.113 0.6000000238
22060  -23.402  -63.337  12.616 0.6000000238
21158  -21.827  -64.546  18.028 0.5000000000
21159  -22.460  -64.901  17.775 0.5000000000
21179  -23.564  -64.659  16.845 0.6000000238
21980  -20.146  -64.021  17.642 0.5000000000
21157  -21.056  -64.232  17.989 0.5000000000
21211  -24.333  -63.819  15.069 0.6000000238
21996  -18.777  -63.622  16.320 0.5000000000
21178  -19.335  -63.858  17.014 0.5000000000
22046  -24.274  -63.064  13.806 0.6000000238
131572  -23.451  -62.722  12.449 0.6000000238
23711  -22.163  -61.931  11.329 0.6000000238
121025  -22.422  -64.224  17.768 0.5000000000
21160  -23.047  -64.405  17.448 0.5000000000
21981  -20.879  -63.276  17.629 0.5000000000
21982  -21.907  -63.654  17.816 0.5000000000
21983  -22.845  -63.632  17.552 0.5000000000
21180  -23.954  -64.156  16.468 0.6000000238
133444  -19.315  -63.246  16.624 0.5000000000
21997  -19.920  -63.253  17.153 0.5000000000
22032  -24.468  -63.193  14.721 0.6000000238
22821  -18.957  -62.861  16.119 0.5000000000
22870  -23.856  -62.872  13.025 0.6000000238
22897  -22.606  -62.422  11.603 0.6000000238
119418  -23.190  -62.266  12.016 0.6000000238
22806  -21.688  -62.781  17.595 0.5000000000
22808  -23.408  -62.844  17.331 0.5000000000
22824  -24.034  -63.016  16.830 0.6000000238
117759  -24.066  -62.310  16.932 0.6000000238
22805  -21.045  -62.510  17.422 0.5000000000
21998  -24.194  -63.491  16.384 0.6000000238
129321  -24.496  -62.610  16.217 0.6000000238
22015  -18.353  -63.253  15.680 0.5000000000
22854  -17.322  -62.381  14.570 0.5000000000
22886  -23.729  -62.196  12.578 0.6000000238
24498  -22.743  -60.906  11.650 0.6000000238
23633  -21.533  -62.027  17.422 0.5000000000
129818  -22.175  -62.274  17.557 0.5000000000
123535  -22.863  -62.173  17.537 0.5000000000
124956  -23.521  -62.067  17.313 0.6000000238
118954  -20.014  -61.906  16.626 0.5000000000
22838  -18.526  -62.436  15.553 0.5000000000
22839  -19.253  -62.002  15.978 0.6000000238
23647  -21.301  -61.234  17.134 0.6000000238
23634  -22.242  -61.473  17.475 0.5000000000
23648  -23.944  -61.520  17.108 0.5000000000
121280  -24.909  -61.121  16.130 0.6000000238
124653  -20.481  -61.191  16.655 0.6000000238
23649  -24.528  -61.700  16.482 0.6000000238
23662  -18.448  -61.125  15.183 0.5000000000
23663  -19.105  -61.151  15.599 0.5000000000
23646  -19.755  -61.187  16.133 0.6000000238
22853  -16.696  -61.897  14.054 0.4000000060
24439  -22.761  -60.790  17.408 0.6000000238
24440  -23.554  -60.736  17.285 0.5000000000
24454  -24.435  -60.779  16.738 0.6000000238
24467  -25.176  -60.864  15.501 0.6000000238
31036  -28.595  -52.295  7.402 0.5000000000
32563  -25.725  -50.031  19.746 0.5000000000
36223  -32.728  -46.193  3.739 0.5000000000
37823  -31.359  -44.278  1.734 0.5000000000
49771  -31.333  -31.408  -0.367 0.4000000060
49772  -32.598  -31.297  -0.562 0.3000000119
50717  -33.140  -30.635  -0.034 0.3000000119
50709  -33.833  -30.025  0.233 0.3000000119
18716  -20.035  -67.317  18.425 0.4000000060
18735  -21.634  -67.198  18.066 0.5000000000
20426  -23.299  -65.525  13.588 0.5000000000
20335  -20.011  -65.936  18.252 0.4000000060
20410  -23.452  -65.987  14.367 0.6000000238
21222  -23.654  -64.581  13.717 0.6000000238
19547  -19.240  -66.269  17.968 0.4000000060
21156  -19.414  -64.639  17.460 0.5000000000
20389  -17.978  -64.897  15.972 0.5000000000
21177  -18.658  -64.510  16.639 0.5000000000
21197  -18.198  -64.081  15.841 0.3000000119
21209  -17.126  -64.104  14.789 0.4000000060
22044  -15.864  -63.258  13.669 0.4000000060
30246  -28.604  -53.779  6.910 0.4000000060
31051  -29.824  -53.205  6.850 0.4000000060
30231  -29.040  -53.122  7.181 0.4000000060
33415  -26.005  -48.813  19.136 0.5000000000
36224  -33.418  -46.584  3.454 0.5000000000
37038  -33.468  -45.513  2.467 0.5000000000
129802  -29.561  -44.882  13.793 0.4000000060
51683  -34.251  -29.304  0.546 0.3000000119
19524  -19.767  -66.646  18.293 0.4000000060
22016  -24.469  -63.304  15.617 0.6000000238
23677  -17.370  -61.484  14.445 0.5000000000
22837  -17.859  -62.819  15.131 0.5000000000
134276  -18.680  -61.739  15.466 0.6000000238
36213  -33.060  -46.830  4.122 0.5000000000
22014  -17.716  -63.668  15.254 0.4000000060
18717  -20.883  -67.325  18.380 0.4000000060
19550  -23.000  -66.040  17.099 0.5000000000
20373  -23.500  -65.587  16.448 0.6000000238
20354  -19.393  -65.455  17.784 0.5000000000
22807  -22.496  -62.895  17.575 0.5000000000
22822  -19.621  -62.636  16.605 0.5000000000
23632  -20.774  -61.900  17.111 0.5000000000
129343  -32.105  -30.916  0.037 0.4000000060
20353  -18.696  -65.850  17.372 0.4000000060
20440  -23.090  -64.957  12.863 0.4000000060
21234  -22.727  -64.438  12.206 0.4000000060
20372  -18.279  -65.443  16.570 0.4000000060
22792  -17.920  -63.206  19.110 0.4000000060
21979  -17.693  -62.979  18.222 0.3000000119
22804  -17.208  -62.392  17.416 0.4000000060
22767  -18.055  -62.437  20.141 0.4000000060
22793  -18.238  -62.629  19.573 0.4000000060
25178  -15.235  -59.548  20.130 0.4000000060
124936  -16.384  -60.384  20.541 0.4000000060
23587  -17.616  -61.947  20.459 0.4000000060
23588  -18.384  -61.706  20.303 0.4000000060
25951  -13.909  -57.823  18.974 0.3000000119
127689  -15.175  -58.789  19.824 0.3000000119
27526  -14.481  -57.025  18.971 0.4000000060
121919  -17.314  -60.377  20.600 0.4000000060
25932  -14.525  -58.388  19.463 0.4000000060
133851  -15.626  -58.488  19.918 0.5000000000
123687  -15.231  -57.118  19.396 0.4000000060
25934  -16.089  -58.210  20.031 0.5000000000
27541  -15.049  -56.345  19.020 0.4000000060
34372  -24.902  -47.947  18.849 0.3000000119
132365  -27.731  -44.864  15.283 0.3000000119
36913  -28.186  -45.314  15.119 0.3000000119
120761  -28.885  -45.135  14.512 0.3000000119
37704  -29.058  -44.272  14.398 0.3000000119
41267  -32.444  -40.223  2.445 0.4000000060
39465  -28.464  -41.987  14.486 0.3000000119
40301  -28.388  -41.158  14.245 0.3000000119
41262  -32.868  -40.336  3.164 0.4000000060
42253  -33.043  -39.657  2.939 0.4000000060
41161  -28.192  -40.298  13.817 0.3000000119
43089  -27.050  -38.834  12.316 0.3000000119
41248  -33.486  -40.250  5.362 0.4000000060
42248  -33.582  -39.273  4.513 0.3000000119
41263  -33.306  -39.911  3.743 0.4000000060
43234  -32.879  -37.962  1.559 0.4000000060
44157  -32.943  -37.160  1.243 0.3000000119
41175  -29.037  -39.932  13.330 0.3000000119
135174  -27.516  -39.211  12.932 0.3000000119
41174  -28.251  -39.463  13.246 0.3000000119
42164  -29.452  -39.069  12.359 0.3000000119
42165  -30.000  -39.291  12.082 0.3000000119
42179  -30.415  -39.642  11.558 0.3000000119
43113  -29.012  -38.543  12.278 0.3000000119
43114  -29.679  -38.607  11.850 0.3000000119
43115  -30.298  -38.871  11.406 0.3000000119
42180  -30.773  -39.355  10.737 0.3000000119
41211  -31.510  -40.409  9.495 0.3000000119
114959  -28.379  -38.274  11.913 0.3000000119
40350  -31.810  -41.055  8.820 0.3000000119
44048  -27.600  -37.621  10.419 0.3000000119
44063  -27.428  -37.337  9.586 0.3000000119
44062  -26.702  -37.330  9.092 0.3000000119
44079  -27.508  -37.018  8.714 0.3000000119
41228  -32.938  -40.332  7.308 0.3000000119
41235  -33.249  -40.315  6.680 0.3000000119
42225  -33.471  -39.861  6.183 0.3000000119
45051  -26.250  -36.245  5.864 0.3000000119
40368  -33.356  -40.691  6.103 0.3000000119
134550  -33.576  -39.742  4.975 0.3000000119
45976  -27.011  -35.311  5.542 0.3000000119
45990  -26.233  -35.067  5.027 0.3000000119
43228  -33.287  -38.112  2.333 0.3000000119
45092  -32.529  -36.596  0.660 0.3000000119
43134  -29.081  -37.906  11.532 0.3000000119
43135  -29.986  -38.098  11.171 0.3000000119
43137  -31.052  -38.867  10.193 0.3000000119
41220  -32.090  -40.295  8.752 0.3000000119
43133  -28.019  -37.878  11.255 0.3000000119
44050  -29.460  -37.525  10.646 0.3000000119
43136  -30.574  -38.507  10.658 0.3000000119
43152  -31.415  -38.802  9.548 0.3000000119
42202  -31.781  -39.549  9.183 0.3000000119
130400  -28.087  -37.338  9.968 0.3000000119
114837  -28.832  -37.182  9.930 0.3000000119
44051  -30.262  -37.777  10.348 0.3000000119
41221  -32.536  -40.293  8.052 0.3000000119
44078  -26.777  -36.940  8.158 0.3000000119
44064  -28.184  -37.052  9.276 0.3000000119
42224  -33.181  -39.631  6.927 0.3000000119
44997  -27.683  -36.728  7.832 0.3000000119
43210  -33.693  -38.554  5.059 0.3000000119
45954  -27.559  -35.753  6.053 0.3000000119
122500  -27.632  -35.140  5.895 0.3000000119
46863  -27.895  -34.489  6.093 0.3000000119
43217  -33.665  -38.217  4.213 0.3000000119
44151  -33.501  -37.356  2.793 0.3000000119
45084  -33.413  -36.787  2.033 0.3000000119
46012  -32.729  -35.357  0.983 0.3000000119
45083  -33.080  -36.132  1.285 0.3000000119
43151  -30.876  -38.233  9.904 0.3000000119
43163  -31.869  -38.737  8.812 0.3000000119
44987  -29.042  -36.860  9.088 0.3000000119
44066  -30.529  -37.503  9.495 0.3000000119
44067  -31.320  -37.962  9.089 0.3000000119
42203  -32.298  -39.494  8.459 0.3000000119
44998  -28.340  -36.804  8.397 0.3000000119
44999  -29.246  -36.675  8.096 0.3000000119
43178  -32.973  -38.798  7.170 0.3000000119
44114  -33.495  -37.539  6.052 0.3000000119
43195  -33.254  -38.161  6.598 0.3000000119
45008  -28.482  -36.300  6.981 0.3000000119
45955  -28.846  -35.823  6.791 0.3000000119
43196  -33.587  -38.369  5.819 0.3000000119
45956  -28.954  -35.046  6.658 0.3000000119
46864  -28.525  -34.414  6.494 0.3000000119
46865  -29.091  -34.317  6.830 0.3000000119
115148  -33.689  -37.241  4.340 0.3000000119
132846  -33.609  -37.555  3.629 0.3000000119
45079  -33.537  -36.561  2.770 0.3000000119
46013  -33.200  -35.231  1.701 0.3000000119
127957  -31.878  -38.070  8.465 0.3000000119
45000  -30.183  -36.703  8.148 0.3000000119
45001  -30.979  -36.830  7.994 0.3000000119
44081  -31.492  -37.457  8.331 0.3000000119
43164  -32.414  -38.590  8.009 0.3000000119
45009  -29.075  -36.331  7.306 0.3000000119
44092  -31.723  -36.978  7.708 0.3000000119
44082  -32.148  -37.679  7.896 0.3000000119
124782  -32.706  -37.943  7.288 0.3000000119
130068  -29.722  -36.401  7.628 0.3000000119
45010  -30.411  -36.325  7.591 0.3000000119
123653  -29.439  -35.398  6.902 0.3000000119
47750  -29.649  -33.719  7.154 0.3000000119
115751  -33.573  -36.962  5.625 0.3000000119
44131  -33.699  -37.658  5.181 0.3000000119
47768  -28.850  -33.621  6.811 0.3000000119
45067  -33.686  -36.530  4.361 0.3000000119
45074  -33.622  -36.738  3.584 0.3000000119
117740  -33.595  -35.937  3.154 0.3000000119
117201  -33.464  -35.955  2.258 0.3000000119
44093  -32.408  -37.130  7.268 0.3000000119
45937  -29.735  -35.924  7.200 0.3000000119
45938  -30.663  -35.776  7.276 0.3000000119
45939  -31.510  -35.735  7.158 0.3000000119
44113  -33.032  -37.333  6.705 0.3000000119
114891  -30.122  -35.219  7.131 0.3000000119
47751  -30.360  -34.324  7.197 0.3000000119
45031  -33.323  -36.766  6.189 0.3000000119
49692  -28.619  -31.583  6.667 0.3000000119
46852  -29.588  -34.707  6.976 0.3000000119
48752  -30.562  -33.382  7.315 0.3000000119
48769  -28.549  -32.676  6.705 0.3000000119
125833  -29.273  -32.936  7.118 0.3000000119
48770  -30.000  -32.740  7.363 0.3000000119
122068  -33.707  -35.973  4.800 0.3000000119
117192  -33.680  -35.950  3.993 0.3000000119
46005  -33.489  -35.059  2.721 0.3000000119
46915  -33.024  -34.343  2.040 0.3000000119
45012  -32.013  -36.384  7.224 0.3000000119
45030  -32.778  -36.459  6.685 0.3000000119
45940  -32.290  -35.726  6.824 0.3000000119
46853  -31.084  -34.960  7.152 0.3000000119
123440  -31.854  -35.170  6.949 0.3000000119
46854  -32.456  -34.972  6.590 0.3000000119
45957  -33.016  -35.611  6.309 0.3000000119
115899  -29.434  -31.976  7.172 0.3000000119
47752  -31.242  -33.938  7.186 0.3000000119
128628  -33.593  -35.374  5.164 0.3000000119
48771  -30.449  -31.930  7.268 0.3000000119
48753  -31.393  -33.037  7.128 0.3000000119
121233  -31.903  -34.448  6.913 0.3000000119
45991  -33.634  -35.177  4.411 0.3000000119
46000  -33.603  -35.335  3.595 0.3000000119
46895  -33.493  -34.521  3.683 0.3000000119
46905  -33.282  -34.167  2.831 0.3000000119
48824  -31.428  -32.127  1.542 0.3000000119
48825  -31.963  -32.900  1.779 0.3000000119
49693  -29.305  -31.037  6.844 0.3000000119
46866  -32.562  -34.155  6.413 0.3000000119
46867  -32.941  -34.798  6.171 0.3000000119
45958  -33.331  -35.099  5.715 0.3000000119
126790  -30.091  -31.168  7.068 0.3000000119
47770  -32.474  -33.410  6.295 0.3000000119
135081  -32.770  -33.786  6.075 0.3000000119
46882  -33.508  -34.555  5.064 0.3000000119
47796  -33.056  -33.102  4.924 0.3000000119
134274  -33.528  -34.522  4.413 0.3000000119
117864  -32.955  -32.923  4.050 0.3000000119
47797  -33.358  -33.840  4.410 0.3000000119
117476  -32.092  -31.889  2.928 0.3000000119
47808  -32.604  -32.723  3.152 0.3000000119
47820  -32.691  -33.404  2.433 0.3000000119
48816  -31.764  -31.767  2.224 0.3000000119
48817  -32.096  -32.461  2.348 0.3000000119
50643  -29.201  -30.241  6.523 0.3000000119
132946  -29.837  -30.545  6.808 0.3000000119
50644  -30.530  -30.488  6.787 0.3000000119
119442  -31.440  -32.086  6.914 0.3000000119
49695  -32.217  -32.054  6.092 0.3000000119
48773  -32.474  -32.830  6.044 0.3000000119
47784  -33.252  -33.802  5.206 0.3000000119
48785  -32.633  -32.568  5.445 0.3000000119
49715  -32.429  -31.544  4.379 0.3000000119
48794  -32.636  -32.335  4.615 0.3000000119
49727  -32.275  -31.277  3.489 0.3000000119
48804  -32.455  -32.099  3.762 0.3000000119
49761  -31.127  -31.492  0.939 0.3000000119
49762  -31.423  -31.076  0.435 0.3000000119
121839  -30.034  -29.874  6.625 0.3000000119
49694  -30.975  -31.200  6.946 0.3000000119
50645  -31.340  -30.470  6.551 0.3000000119
50657  -32.024  -30.461  6.067 0.3000000119
49707  -32.182  -31.194  5.687 0.3000000119
116260  -32.369  -31.119  4.970 0.3000000119
49708  -32.411  -31.801  5.195 0.3000000119
49740  -31.952  -31.087  2.505 0.3000000119
50698  -31.646  -30.852  1.161 0.3000000119
116586  -22.293  -63.963  11.565 0.4000000060
130046  -14.381  -59.348  19.672 0.3000000119
24388  -17.962  -61.150  20.580 0.4000000060
23589  -18.896  -61.401  20.094 0.4000000060
25918  -15.906  -58.991  20.198 0.4000000060
27527  -15.776  -56.463  19.476 0.4000000060
34373  -25.676  -48.160  18.614 0.3000000119
43090  -28.124  -38.779  12.540 0.3000000119
40310  -30.273  -40.879  12.224 0.3000000119
41259  -33.427  -40.177  4.528 0.4000000060
46880  -27.375  -34.613  5.703 0.3000000119
42192  -31.298  -39.519  9.931 0.3000000119
24401  -14.637  -60.189  20.107 0.4000000060
24386  -15.505  -60.317  20.415 0.4000000060
113454  -16.018  -61.135  20.587 0.4000000060
24387  -17.011  -61.187  20.576 0.4000000060
25933  -15.348  -57.990  19.669 0.4000000060
42146  -28.939  -39.223  12.787 0.3000000119
118432  -33.434  -39.014  6.397 0.3000000119
44049  -28.520  -37.512  10.668 0.3000000119
44065  -29.714  -37.216  9.778 0.3000000119
42214  -32.733  -39.511  7.672 0.3000000119
44988  -29.936  -36.934  8.906 0.3000000119
44080  -30.769  -37.199  8.690 0.3000000119
45011  -31.218  -36.327  7.498 0.3000000119
45052  -33.502  -36.090  5.659 0.3000000119
49691  -27.876  -32.056  6.303 0.3000000119
133623  -33.218  -36.224  6.238 0.3000000119
46881  -33.086  -34.217  5.786 0.3000000119
47769  -31.981  -33.600  6.813 0.3000000119
47809  -33.169  -33.576  3.413 0.3000000119
48772  -32.043  -32.808  6.584 0.3000000119
126358  -31.731  -31.245  6.381 0.3000000119
49753  -31.533  -31.322  1.719 0.3000000119
50658  -32.376  -30.448  5.309 0.3000000119
119671  -13.925  -60.096  19.725 0.4000000060
29366  -28.123  -54.398  6.671 0.4000000060
23685  -12.127  -61.861  13.061 0.3000000119
22881  -12.400  -62.148  12.617 0.3000000119
132327  -12.019  -61.962  13.489 0.3000000119
22883  -14.026  -62.290  12.422 0.3000000119
27540  -14.298  -56.282  18.511 0.3000000119
22766  -17.214  -62.857  20.331 0.3000000119
23586  -16.649  -62.010  20.568 0.3000000119
22781  -17.710  -63.117  19.825 0.3000000119
24385  -15.001  -61.022  20.428 0.3000000119
18736  -22.302  -67.049  17.560 0.5000000000
19526  -21.185  -66.637  18.317 0.4000000060
20356  -21.832  -65.359  18.101 0.5000000000
20390  -23.701  -65.569  15.286 0.6000000238
21155  -18.839  -65.158  17.216 0.5000000000
21199  -24.230  -64.049  15.785 0.6000000238
21984  -23.647  -63.754  17.052 0.5000000000
22031  -24.124  -63.834  14.254 0.6000000238
22058  -14.694  -62.620  12.772 0.4000000060
22067  -21.735  -63.364  11.063 0.6000000238
22823  -20.359  -62.570  17.139 0.5000000000
22884  -14.485  -61.771  12.537 0.5000000000
22885  -23.036  -62.934  12.016 0.6000000238
23603  -18.641  -61.980  19.797 0.4000000060
23635  -23.175  -61.462  17.434 0.5000000000
23659  -13.229  -60.524  14.317 0.3000000119
23660  -13.820  -60.448  14.887 0.4000000060
23686  -12.964  -60.928  13.152 0.5000000000
23689  -24.647  -61.351  13.272 0.6999999881
23697  -14.676  -60.964  12.551 0.5000000000
23700  -23.384  -61.587  12.050 0.6000000238
23717  -19.341  -61.343  9.390 0.5000000000
24435  -17.657  -60.264  17.150 0.5000000000
24453  -21.252  -59.511  16.537 0.6000000238
24476  -18.123  -60.388  14.834 0.6000000238
24495  -13.787  -60.154  12.571 0.6000000238
24496  -14.283  -60.215  12.454 0.6000000238
24497  -21.935  -60.599  11.390 0.6999999881
24534  -19.519  -60.212  9.301 0.5000000000
24535  -19.877  -60.199  9.001 0.5000000000
25162  -15.906  -59.746  20.398 0.4000000060
25163  -16.629  -59.602  20.495 0.4000000060
25179  -20.844  -59.453  19.674 0.6000000238
25223  -16.959  -58.522  16.435 0.5000000000
25228  -23.453  -59.285  17.044 0.8999999762
25251  -17.022  -59.230  14.121 0.6000000238
25259  -14.202  -58.777  13.169 0.6000000238
25279  -19.777  -59.933  10.336 0.6999999881
25974  -16.586  -57.798  15.894 0.5000000000
25991  -14.886  -58.309  14.070 0.6000000238
25993  -16.173  -57.727  15.296 0.5000000000
26007  -16.841  -57.596  14.473 0.6000000238
26023  -20.530  -58.674  11.332 0.6999999881
26041  -19.245  -58.997  9.876 0.6999999881
26685  -18.565  -57.405  20.739 0.5000000000
26694  -14.686  -57.655  19.321 0.4000000060
26696  -21.949  -57.919  19.827 0.6000000238
26736  -17.361  -56.857  15.656 0.6000000238
26750  -16.091  -57.788  14.454 0.6000000238
26751  -16.334  -57.385  14.870 0.6000000238
26780  -21.542  -57.672  11.579 0.6999999881
26791  -25.143  -57.396  11.542 0.8000000119
27515  -21.650  -56.786  20.940 0.6000000238
27555  -20.607  -55.554  17.122 0.6000000238
27563  -17.638  -56.749  15.519 0.6000000238
27605  -26.768  -56.920  12.148 0.8000000119
27612  -17.415  -56.191  10.797 0.6999999881
27613  -17.907  -56.972  10.839 0.6999999881
27616  -25.421  -56.649  11.457 0.8000000119
27625  -17.782  -56.931  10.299 0.6999999881
27652  -25.774  -56.344  7.968 0.4000000060
28334  -22.442  -54.995  21.280 0.6000000238
28392  -20.521  -55.291  16.605 0.6000000238
28403  -19.991  -55.214  15.986 0.6000000238
28444  -22.886  -55.905  11.387 0.6999999881
28500  -24.083  -55.709  8.543 0.5000000000
29285  -17.841  -55.225  11.334 0.6999999881
29305  -17.414  -54.908  11.069 0.6999999881
29306  -17.844  -54.239  11.106 0.8000000119
29333  -17.994  -54.797  10.491 0.6999999881
29364  -25.493  -54.632  7.050 0.5000000000
30050  -22.058  -53.542  21.604 0.6000000238
30061  -18.397  -53.800  20.376 0.4000000060
30080  -17.902  -53.354  19.811 0.4000000060
30172  -19.471  -53.517  11.389 0.8000000119
30187  -25.520  -53.594  10.935 0.8000000119
30196  -21.963  -52.882  10.601 0.8000000119
30197  -22.923  -53.131  10.528 0.8000000119
30198  -23.874  -53.239  10.508 0.8000000119
30915  -26.231  -52.036  18.316 0.6999999881
30987  -25.780  -53.068  10.784 0.8000000119
31037  -29.590  -52.458  7.310 0.4000000060
31681  -20.655  -51.799  21.201 0.4000000060
31735  -25.906  -51.546  18.999 0.6999999881
31815  -18.776  -51.619  9.749 0.8000000119
31816  -19.254  -51.547  9.889 1.0000000000
31826  -18.760  -51.626  9.367 0.8000000119
31840  -19.080  -51.166  8.768 0.8000000119
31851  -28.425  -51.507  7.372 0.6999999881
31853  -30.751  -51.294  7.336 0.6000000238
31862  -24.543  -51.619  6.497 0.6999999881
31863  -25.727  -51.357  6.298 0.6999999881
31866  -27.828  -51.029  7.046 0.6999999881
31867  -30.895  -51.988  7.139 0.6000000238
32545  -20.538  -50.294  20.848 0.3000000119
32671  -28.218  -50.262  9.515 0.6999999881
32678  -24.304  -50.564  8.255 0.8000000119
32694  -19.870  -49.950  7.350 1.0000000000
32702  -27.960  -50.320  6.748 0.6999999881
32704  -31.914  -50.249  6.768 0.6000000238
32710  -25.628  -50.188  5.863 0.8000000119
33396  -25.021  -49.773  20.498 0.5000000000
33413  -25.323  -49.515  20.274 0.5000000000
33521  -21.354  -49.235  8.123 0.8000000119
33534  -30.417  -49.744  7.247 0.6999999881
33535  -30.939  -50.012  7.257 0.6999999881
33540  -20.011  -49.227  6.929 0.8999999762
33542  -22.228  -49.822  6.368 0.8000000119
33544  -27.321  -49.952  6.070 0.8000000119
33549  -31.927  -49.440  6.600 0.6999999881
33555  -20.473  -48.512  6.722 0.8000000119
33561  -27.020  -49.499  5.437 0.8000000119
33565  -33.207  -49.225  5.298 0.6000000238
34474  -19.894  -48.793  7.506 0.8000000119
34475  -20.299  -48.223  7.222 0.8000000119
34481  -20.493  -47.929  6.941 0.8000000119
34482  -29.679  -48.641  6.551 0.6000000238
34491  -21.915  -48.060  6.005 0.8000000119
34508  -32.856  -47.842  4.972 0.6000000238
35192  -22.733  -47.368  18.519 0.3000000119
35288  -29.944  -47.767  10.212 0.6999999881
35311  -20.851  -47.535  7.022 0.8000000119
35325  -22.177  -46.809  5.910 0.8000000119
35332  -32.103  -47.382  5.368 0.6000000238
36103  -28.101  -46.483  15.264 0.4000000060
36178  -21.499  -47.009  6.877 0.8000000119
36179  -22.286  -46.608  6.783 0.8000000119
36180  -23.042  -46.168  6.784 0.8000000119
36188  -23.138  -46.129  6.356 0.8000000119
36197  -22.550  -46.455  6.051 0.8000000119
36200  -25.573  -46.416  5.496 0.8000000119
36212  -32.284  -46.428  4.266 0.5000000000
36971  -24.580  -45.600  7.488 0.8000000119
36973  -26.536  -45.581  8.381 0.8000000119
36987  -23.927  -45.809  6.260 0.8000000119
36989  -25.964  -45.343  6.271 0.8000000119
37010  -27.491  -45.986  4.128 0.8000000119
37024  -32.289  -45.698  3.308 0.6000000238
37025  -33.111  -45.838  3.186 0.5000000000
37746  -26.244  -44.763  7.914 0.8000000119
37755  -25.100  -45.213  7.500 0.8000000119
37768  -25.029  -45.096  7.121 0.8000000119
37782  -25.164  -45.259  6.585 0.8000000119
37795  -28.899  -44.466  3.876 0.6999999881
37815  -32.871  -44.876  2.292 0.5000000000
38671  -31.548  -43.363  6.378 0.6000000238
38681  -30.681  -44.044  5.343 0.6999999881
38705  -28.990  -43.636  2.786 0.6999999881
38725  -29.911  -42.617  0.624 0.5000000000
38727  -31.885  -43.252  0.936 0.6000000238
38728  -33.422  -43.247  0.504 0.5000000000
39583  -32.605  -43.023  0.642 0.6000000238
40339  -30.794  -41.640  9.673 0.5000000000
40381  -33.045  -41.592  6.045 0.5000000000
40388  -32.958  -41.699  5.002 0.5000000000
40399  -32.382  -40.940  2.840 0.4000000060
40409  -29.673  -41.485  0.660 0.5000000000
40410  -29.839  -41.705  0.324 0.5000000000
41271  -29.729  -41.118  0.697 0.5000000000
41272  -29.868  -40.935  0.988 0.5000000000
41274  -31.784  -40.025  1.616 0.5000000000
41288  -30.672  -40.220  -0.583 0.5000000000
42161  -22.911  -39.597  11.359 0.3000000119
42239  -33.609  -39.289  5.490 0.3000000119
47766  -27.442  -33.710  5.866 0.3000000119
47783  -32.837  -33.387  5.692 0.3000000119
48837  -30.247  -32.332  -0.323 0.4000000060
48844  -29.795  -32.921  -1.639 0.4000000060
49754  -31.919  -30.793  1.781 0.3000000119
112166  -19.386  -50.482  8.330 0.8999999762
112894  -13.153  -60.287  13.591 0.4000000060
113463  -22.848  -56.150  20.266 0.8000000119
114529  -24.064  -47.249  7.568 0.8000000119
115146  -19.410  -58.093  20.850 0.5000000000
115312  -26.101  -54.795  6.875 0.5000000000
115810  -20.101  -58.749  9.438 0.5000000000
115847  -13.458  -63.016  12.424 0.4000000060
116474  -33.732  -36.740  5.024 0.3000000119
117057  -30.869  -29.733  6.585 0.3000000119
117215  -22.573  -47.398  5.692 0.8000000119
119676  -20.136  -59.269  20.538 0.6000000238
119711  -23.593  -54.590  18.728 0.6999999881
119914  -29.596  -49.783  11.239 0.6999999881
119959  -18.873  -54.778  11.587 0.8000000119
120716  -32.318  -35.811  0.405 0.4000000060
121035  -31.523  -38.519  -1.498 0.5000000000
121270  -30.015  -53.793  6.412 0.4000000060
123351  -17.900  -61.104  14.764 0.5000000000
123442  -22.723  -47.015  7.341 0.8000000119
123916  -23.125  -60.334  11.723 0.6999999881
124073  -33.185  -44.574  1.887 0.5000000000
124135  -21.078  -55.000  11.614 0.8000000119
124469  -21.534  -53.010  21.568 0.5000000000
125322  -16.749  -57.032  14.964 0.6000000238
125659  -14.914  -59.321  15.253 0.5000000000
125717  -26.279  -56.135  15.355 0.6999999881
127668  -24.153  -53.839  18.327 0.6999999881
127778  -21.356  -47.269  7.140 0.8000000119
127873  -17.610  -55.500  10.532 0.6999999881
128250  -31.119  -32.241  -1.732 0.4000000060
128466  -25.809  -48.232  5.308 0.8000000119
129893  -27.481  -48.592  8.228 0.8000000119
130177  -22.959  -50.650  8.562 0.8000000119
130399  -19.346  -55.661  16.145 0.6000000238
131104  -25.303  -47.457  17.092 0.4000000060
131591  -30.817  -38.823  -1.211 0.5000000000
131734  -18.159  -53.771  11.189 0.8000000119
131932  -32.072  -45.999  3.791 0.6000000238
132149  -31.994  -35.458  0.121 0.4000000060
132650  -21.549  -58.456  19.000 0.6000000238
132702  -27.229  -45.642  8.597 0.8000000119
132790  -29.616  -47.475  4.958 0.6999999881
132832  -27.178  -47.131  8.211 0.8000000119
132952  -27.896  -53.734  6.993 0.6000000238
133406  -14.318  -58.510  13.660 0.6000000238
133637  -32.956  -41.358  4.424 0.5000000000
133893  -30.775  -32.611  7.307 0.3000000119
134138  -18.406  -62.016  18.349 0.5000000000
134624  -26.292  -49.312  18.994 0.6000000238
135562  -25.229  -45.913  5.834 0.8000000119
135711  -24.128  -50.769  21.281 0.5000000000
