#!ascii label  , from subject sub-v1s17x0050248_ses-1 vox2ras=TkReg
1707
4327  -0.558  -89.723  6.892 0.5000000000
3330  0.686  -91.091  10.848 0.5000000000
3790  0.310  -91.181  11.681 0.5000000000
3313  0.714  -91.818  12.280 0.5000000000
4363  -2.404  -89.422  4.912 0.5000000000
4346  -1.783  -89.481  5.650 0.5000000000
4348  -2.744  -89.168  5.828 0.5000000000
125269  -1.355  -89.335  6.811 0.5000000000
4347  -2.279  -89.108  6.787 0.6000000238
4328  -0.989  -89.301  7.723 0.5000000000
2869  0.436  -92.593  12.537 0.5000000000
114967  0.375  -90.339  9.283 0.5000000000
2495  -0.544  -92.866  12.485 0.5000000000
3808  -0.094  -90.486  10.814 0.6000000238
3283  -0.545  -91.988  13.066 0.6000000238
3809  -0.857  -90.068  11.151 0.6000000238
3770  -0.529  -91.523  12.804 0.6000000238
2860  -1.609  -92.120  13.223 0.6999999881
4257  -1.708  -90.093  12.274 0.6999999881
3284  -1.251  -91.703  13.208 0.6999999881
4241  -2.628  -90.510  13.441 0.6999999881
3285  -2.670  -91.228  13.615 0.6999999881
127179  -2.068  -91.697  13.369 0.6999999881
4364  -3.102  -89.138  4.857 0.5000000000
4908  -3.308  -88.825  6.806 0.6000000238
4922  -3.894  -88.696  4.800 0.6000000238
4909  -4.094  -88.348  6.139 0.6000000238
4311  -0.789  -89.458  9.174 0.5000000000
2885  -1.884  -92.720  12.045 0.5000000000
2899  -1.617  -92.903  11.256 0.5000000000
2901  -3.321  -92.243  10.335 0.6999999881
2886  -2.709  -92.410  12.151 0.6999999881
116457  -3.279  -92.259  11.324 0.6999999881
3823  -0.214  -89.982  9.745 0.6000000238
134553  -1.793  -89.108  10.217 0.6999999881
131926  -3.660  -92.002  12.271 0.6999999881
4270  -2.194  -89.464  11.693 0.6999999881
4271  -2.823  -89.168  12.037 0.6999999881
3300  -4.413  -91.586  12.945 0.6999999881
4243  -3.976  -89.581  13.779 0.6999999881
3755  -3.345  -90.765  13.897 0.6999999881
3286  -3.417  -91.245  13.786 0.6999999881
3275  -5.305  -90.867  14.171 0.6999999881
4224  -4.546  -89.706  14.356 0.6999999881
4225  -5.162  -89.787  14.805 0.6999999881
3730  -5.193  -90.357  14.673 0.6999999881
4212  -6.445  -89.422  15.201 0.6999999881
128008  -3.858  -88.658  4.028 0.5000000000
4923  -4.662  -88.029  4.984 0.6000000238
120627  -5.165  -87.210  5.491 0.6000000238
5458  -4.655  -87.578  6.112 0.6000000238
122324  -5.003  -86.910  6.696 0.6000000238
4890  -3.449  -88.555  7.867 0.6000000238
120727  -4.479  -87.600  7.039 0.6000000238
4313  -2.250  -88.848  8.331 0.6000000238
3332  -4.715  -91.590  10.004 0.6999999881
4296  -2.355  -88.735  9.147 0.6999999881
3315  -4.677  -91.583  11.777 0.6999999881
129378  -5.373  -91.439  10.069 0.6999999881
3352  -6.076  -91.503  9.676 0.6999999881
4854  -2.983  -88.472  9.810 0.6999999881
124678  -5.022  -91.440  10.756 0.6999999881
3353  -7.054  -91.643  9.540 0.6999999881
117434  -2.246  -88.791  10.026 0.6999999881
4835  -3.639  -88.356  10.440 0.6999999881
3316  -5.536  -91.258  11.479 0.6999999881
3333  -5.845  -91.301  10.571 0.6999999881
3335  -7.686  -91.373  10.212 0.6999999881
4817  -2.663  -88.949  11.277 0.6999999881
4819  -4.146  -88.437  12.069 0.6999999881
133695  -5.565  -91.128  12.844 0.6999999881
3318  -7.316  -90.984  11.022 0.6999999881
4791  -4.570  -88.954  13.722 0.6999999881
3756  -6.379  -90.526  14.118 0.6999999881
3302  -6.037  -90.949  12.265 0.6999999881
134198  -5.679  -88.717  14.809 0.6999999881
3757  -7.367  -90.190  13.523 0.6999999881
4758  -6.602  -88.638  15.254 0.6999999881
3732  -7.123  -89.998  14.546 0.6999999881
4213  -7.238  -88.865  15.312 0.6999999881
5482  -4.896  -87.759  3.616 0.5000000000
5483  -5.584  -87.184  3.647 0.6000000238
6040  -6.488  -86.098  5.110 0.6000000238
6064  -6.511  -86.111  3.054 0.5000000000
6654  -6.859  -85.389  6.329 0.6000000238
6705  -5.133  -85.961  3.133 0.5000000000
126798  -5.706  -86.581  3.101 0.5000000000
6028  -6.128  -85.853  6.636 0.6000000238
7256  -8.127  -84.434  6.302 0.6000000238
6012  -5.628  -86.409  7.247 0.6000000238
6634  -6.603  -85.717  7.407 0.6000000238
125473  -4.034  -88.293  8.122 0.6000000238
4872  -3.632  -88.406  8.642 0.6999999881
4873  -4.567  -87.828  7.963 0.6999999881
122033  -3.857  -88.324  9.492 0.6999999881
115963  -4.360  -88.232  8.721 0.6999999881
3354  -7.966  -91.773  9.388 0.6999999881
119888  -4.368  -88.219  11.101 0.6999999881
126604  -5.310  -88.117  10.237 0.6999999881
3336  -8.681  -91.499  10.040 0.6999999881
3355  -9.370  -91.913  9.599 0.6999999881
5381  -5.675  -87.747  11.683 0.6999999881
3810  -8.337  -90.943  10.915 0.6999999881
3337  -9.595  -91.508  10.281 0.6999999881
133773  -8.889  -92.339  8.294 0.6999999881
5344  -5.949  -87.655  13.427 0.6000000238
131889  -8.508  -90.419  11.661 0.6999999881
3319  -9.147  -91.086  10.666 0.6999999881
3356  -10.031  -91.965  9.942 0.6999999881
2916  -10.042  -92.226  9.258 0.6999999881
2936  -10.085  -92.400  8.413 0.6999999881
4774  -5.682  -88.259  14.343 0.6999999881
3758  -8.292  -89.802  13.030 0.6999999881
3777  -9.641  -90.017  12.337 0.6000000238
124690  -10.456  -91.333  11.473 0.6999999881
3338  -10.427  -91.740  10.659 0.6999999881
4759  -7.328  -88.047  15.391 0.6000000238
4226  -6.955  -89.627  15.130 0.6999999881
4228  -8.712  -89.042  14.303 0.6999999881
4245  -8.736  -89.388  13.473 0.6999999881
4261  -9.180  -89.596  12.883 0.6000000238
3778  -10.377  -90.569  12.691 0.6000000238
130733  -7.863  -88.208  15.416 0.6000000238
4214  -8.175  -88.649  15.158 0.6000000238
4246  -9.443  -89.293  13.600 0.6000000238
4247  -10.150  -89.643  13.989 0.5000000000
3759  -9.946  -89.775  13.088 0.5000000000
3288  -10.877  -90.994  13.381 0.5000000000
4761  -9.567  -87.889  15.283 0.6000000238
4777  -10.095  -88.569  15.054 0.5000000000
4229  -9.762  -88.955  14.395 0.5000000000
119301  -7.837  -85.078  4.038 0.6000000238
7304  -7.643  -84.534  3.178 0.6000000238
7257  -8.759  -83.897  6.123 0.5000000000
7938  -10.226  -82.835  6.315 0.6999999881
7303  -6.460  -85.084  2.924 0.5000000000
7968  -6.991  -83.888  3.851 0.6000000238
7969  -7.930  -83.933  3.513 0.6000000238
7274  -5.222  -84.324  4.512 0.6000000238
7287  -5.873  -84.718  3.449 0.6000000238
7245  -9.335  -84.520  7.696 0.4000000060
7954  -6.688  -83.296  5.082 0.6000000238
6635  -7.601  -85.361  7.711 0.5000000000
6013  -6.944  -86.270  7.804 0.6000000238
116454  -6.343  -87.443  8.249 0.6000000238
4856  -5.642  -88.101  9.375 0.6999999881
5435  -5.772  -87.656  8.469 0.6000000238
4837  -6.177  -88.010  9.995 0.6999999881
5366  -6.158  -87.460  12.356 0.6000000238
5382  -6.446  -87.474  11.484 0.6000000238
5345  -6.553  -87.205  13.787 0.6000000238
3321  -11.024  -91.666  12.036 0.6000000238
2902  -11.232  -92.229  10.782 0.6000000238
2917  -10.799  -92.266  9.866 0.6999999881
114748  -10.804  -92.495  8.913 0.6999999881
114569  -10.877  -92.656  8.078 0.6999999881
5320  -7.492  -87.249  15.206 0.6000000238
3303  -10.972  -91.347  12.764 0.6000000238
2955  -11.049  -92.785  7.246 0.6999999881
5322  -9.072  -87.301  15.466 0.6000000238
3761  -11.112  -90.827  14.116 0.4000000060
3289  -11.521  -91.427  13.508 0.4000000060
3304  -11.601  -91.816  12.625 0.5000000000
118283  -11.680  -92.195  11.701 0.6000000238
2919  -12.316  -92.861  9.944 0.6000000238
2541  -11.672  -93.013  7.836 0.6000000238
5323  -9.907  -87.162  15.353 0.5000000000
5324  -11.321  -88.032  15.318 0.5000000000
4762  -10.941  -88.772  15.350 0.5000000000
4230  -10.580  -89.503  14.946 0.5000000000
2875  -13.247  -92.399  12.450 0.4000000060
2888  -12.757  -92.583  11.575 0.6000000238
7957  -9.458  -82.774  4.978 0.6000000238
7956  -9.005  -83.452  4.724 0.6000000238
8637  -11.170  -82.524  6.411 0.6000000238
7955  -7.777  -83.309  4.204 0.6000000238
8652  -8.328  -82.742  4.637 0.5000000000
9322  -8.827  -81.871  5.450 0.6000000238
9302  -8.586  -81.757  6.750 0.6000000238
7919  -9.861  -83.600  7.318 0.6000000238
7936  -5.678  -83.065  5.986 0.6999999881
8617  -6.822  -82.332  6.946 0.6000000238
113525  -7.913  -81.880  7.772 0.6000000238
6637  -8.753  -85.484  7.768 0.5000000000
7246  -10.329  -84.628  7.480 0.6000000238
128706  -5.565  -82.440  6.433 0.6000000238
9280  -7.352  -81.061  8.105 0.6999999881
122167  -7.795  -86.075  7.824 0.5000000000
9300  -6.362  -81.185  7.313 0.6999999881
128919  -6.704  -87.190  7.967 0.6000000238
9937  -5.547  -79.649  6.913 0.6000000238
4857  -6.433  -88.037  9.184 0.6000000238
5436  -6.687  -87.866  8.565 0.6000000238
4858  -7.258  -88.106  8.884 0.6000000238
4838  -6.980  -87.902  9.737 0.6000000238
5967  -7.748  -86.633  12.059 0.6000000238
5953  -7.791  -86.244  13.124 0.6000000238
6573  -11.114  -85.887  13.175 0.6000000238
5921  -8.515  -86.172  14.887 0.6000000238
5934  -11.664  -86.515  13.539 0.6000000238
5915  -10.032  -86.437  15.105 0.6000000238
2904  -12.757  -92.841  10.723 0.6000000238
2518  -13.203  -93.202  10.227 0.6000000238
2542  -12.808  -93.451  8.564 0.6000000238
5331  -10.822  -87.048  15.163 0.5000000000
4763  -11.835  -88.969  15.475 0.5000000000
3715  -11.959  -89.924  15.499 0.5000000000
2558  -13.501  -93.760  8.055 0.6000000238
2876  -14.146  -92.480  12.489 0.4000000060
2519  -13.983  -93.376  10.474 0.6000000238
2531  -13.781  -93.509  9.731 0.6000000238
129144  -10.472  -81.459  5.533 0.6000000238
9950  -10.601  -80.567  6.076 0.5000000000
9338  -11.374  -81.197  5.572 0.6000000238
113065  -12.884  -80.580  5.595 0.5000000000
9337  -9.604  -81.874  5.153 0.6000000238
9939  -10.386  -80.483  7.073 0.6000000238
133334  -11.050  -81.677  5.629 0.5000000000
8655  -11.850  -81.917  5.906 0.5000000000
8638  -11.850  -82.716  6.327 0.5000000000
130130  -9.185  -81.382  6.884 0.5000000000
9961  -10.144  -81.147  5.582 0.6000000238
125563  -8.721  -81.652  7.861 0.5000000000
7247  -10.872  -83.805  7.284 0.6000000238
9938  -6.567  -79.506  7.636 0.6999999881
9925  -7.937  -80.558  8.844 0.6000000238
122317  -7.633  -79.349  8.905 0.6000000238
6014  -7.776  -87.430  7.156 0.5000000000
118186  -5.607  -78.534  7.331 0.5000000000
129680  -6.292  -78.350  7.784 0.6999999881
133596  -7.525  -88.160  8.189 0.5000000000
5419  -7.846  -87.878  9.525 0.5000000000
5384  -8.103  -86.886  11.093 0.6000000238
5970  -10.396  -86.159  11.473 0.6000000238
5954  -9.093  -85.842  12.256 0.5000000000
5955  -10.843  -85.915  12.260 0.6000000238
6571  -9.479  -85.579  12.960 0.6000000238
114066  -12.155  -87.218  14.180 0.5000000000
2890  -14.647  -92.849  11.862 0.5000000000
2508  -15.118  -93.208  11.236 0.5000000000
2532  -14.470  -93.682  9.324 0.6000000238
2544  -14.474  -93.854  8.394 0.6000000238
10538  -11.191  -79.999  6.676 0.6000000238
9951  -11.390  -80.234  5.982 0.6000000238
10515  -11.082  -79.932  7.794 0.6000000238
8639  -12.676  -81.953  5.497 0.5000000000
9927  -10.275  -80.637  8.462 0.6000000238
9917  -10.032  -80.445  9.522 0.6999999881
7259  -12.159  -83.830  5.799 0.6000000238
9916  -8.311  -80.107  9.465 0.6000000238
9263  -8.621  -80.989  9.189 0.6000000238
7258  -11.296  -84.307  6.831 0.6000000238
11081  -7.271  -78.648  9.146 0.6000000238
10504  -7.931  -79.328  9.581 0.6000000238
6015  -8.332  -86.675  7.251 0.5000000000
4859  -8.120  -88.327  8.512 0.5000000000
11089  -4.734  -77.887  8.002 0.5000000000
11091  -6.385  -78.149  8.319 0.6000000238
5402  -8.459  -87.305  10.270 0.5000000000
5404  -10.269  -86.936  10.098 0.6000000238
5980  -9.897  -86.531  10.790 0.5000000000
5385  -11.843  -87.426  11.719 0.5000000000
5956  -11.509  -86.515  12.493 0.5000000000
2509  -15.911  -93.087  11.164 0.6000000238
2521  -15.527  -93.391  10.529 0.6000000238
10528  -11.825  -79.228  7.205 0.6000000238
10529  -12.715  -78.696  6.798 0.5000000000
134159  -13.067  -79.711  5.913 0.5000000000
10516  -11.619  -78.975  8.302 0.6999999881
115575  -13.768  -80.590  5.466 0.5000000000
131715  -10.439  -79.799  9.776 0.6999999881
117872  -10.836  -79.934  8.983 0.6000000238
9341  -14.337  -81.030  5.368 0.5000000000
10505  -9.757  -79.911  10.241 0.6000000238
7940  -12.733  -82.775  5.484 0.5000000000
7276  -11.583  -84.837  5.682 0.6000000238
11065  -8.744  -78.914  11.018 0.6999999881
6675  -10.919  -85.894  5.155 0.6000000238
11064  -7.798  -78.522  11.037 0.6000000238
132098  -9.354  -86.718  6.252 0.6000000238
11080  -6.191  -78.543  10.160 0.6999999881
112443  -7.096  -78.663  10.154 0.6999999881
4910  -8.133  -88.521  6.672 0.5000000000
5460  -8.598  -88.027  5.835 0.5000000000
11079  -5.622  -78.409  9.361 0.6000000238
4876  -9.370  -88.587  7.743 0.5000000000
126102  -5.552  -78.733  10.238 0.5000000000
5438  -10.193  -87.967  8.641 0.6000000238
5420  -8.796  -87.780  9.432 0.5000000000
117716  -5.546  -79.766  10.663 0.6000000238
5421  -9.781  -87.489  9.396 0.5000000000
5405  -11.398  -87.141  10.737 0.6000000238
5406  -12.073  -87.961  10.631 0.5000000000
11093  -12.768  -77.475  7.708 0.6999999881
11106  -13.505  -78.153  6.989 0.5000000000
11107  -14.010  -78.349  6.699 0.5000000000
11631  -11.356  -77.265  9.040 0.8000000119
11640  -12.234  -77.035  8.262 0.6999999881
10547  -14.263  -79.619  6.080 0.5000000000
9966  -14.500  -80.251  6.039 0.5000000000
12279  -10.245  -76.647  9.993 0.6999999881
11082  -10.885  -78.269  9.730 0.6999999881
11092  -11.567  -78.078  8.831 0.8000000119
11067  -10.198  -78.363  10.543 0.6999999881
9324  -14.862  -81.493  5.578 0.5000000000
11611  -9.090  -77.469  11.437 0.6999999881
11066  -9.399  -78.323  11.163 0.6999999881
115773  -13.173  -83.378  4.411 0.6000000238
8657  -14.722  -81.896  4.789 0.5000000000
11609  -6.838  -77.259  11.746 0.6000000238
11051  -8.477  -78.165  11.490 0.6000000238
6041  -10.179  -86.970  4.454 0.6000000238
128386  -6.191  -78.027  11.412 0.6999999881
11050  -7.400  -77.981  11.504 0.6999999881
4911  -8.732  -88.518  6.034 0.6000000238
5469  -9.341  -87.522  5.258 0.6000000238
11049  -5.515  -78.626  11.323 0.6000000238
4895  -9.321  -88.783  6.838 0.6000000238
5422  -10.690  -87.402  9.486 0.6000000238
9888  -6.149  -81.140  11.421 0.6000000238
5423  -11.516  -87.596  9.806 0.6000000238
133582  -12.123  -88.015  9.858 0.5000000000
12309  -12.304  -75.574  8.493 0.6000000238
11641  -12.954  -76.660  7.957 0.5000000000
12311  -13.270  -76.882  8.033 0.5000000000
9940  -14.490  -79.649  7.204 0.5000000000
120986  -10.626  -75.750  9.193 0.8000000119
9284  -14.424  -80.561  7.398 0.5000000000
12278  -9.486  -76.656  10.792 0.6999999881
7277  -12.421  -84.360  4.462 0.6000000238
11006  -6.538  -78.470  15.786 0.6000000238
12256  -7.711  -76.540  11.675 0.8000000119
125372  -6.838  -78.031  14.896 0.6000000238
12255  -5.564  -77.226  11.588 0.6999999881
132593  -7.042  -76.494  11.694 0.8000000119
6676  -11.689  -85.305  4.271 0.6000000238
10456  -6.426  -80.168  14.045 0.6000000238
11608  -5.134  -78.084  11.701 0.6000000238
4912  -9.697  -88.494  5.253 0.6000000238
116155  -9.984  -88.746  6.310 0.6000000238
131202  -5.580  -79.243  12.668 0.6000000238
10479  -5.731  -79.966  11.554 0.6000000238
11048  -5.463  -79.284  11.581 0.6000000238
4877  -10.501  -88.486  7.658 0.6000000238
4896  -11.309  -88.772  7.032 0.6000000238
11062  -5.489  -78.868  10.936 0.5000000000
4860  -12.047  -88.266  9.127 0.5000000000
114382  -12.881  -89.192  9.080 0.5000000000
4314  -12.777  -89.340  7.978 0.5000000000
12917  -12.630  -75.330  9.179 0.5000000000
12297  -13.304  -76.747  8.913 0.5000000000
12308  -11.515  -75.598  8.593 0.6000000238
12937  -12.356  -75.037  8.732 0.5000000000
12293  -9.804  -75.823  9.935 0.8000000119
12926  -10.254  -74.933  9.223 0.6999999881
12915  -8.502  -75.020  10.466 0.8000000119
12906  -8.130  -75.762  11.202 0.8000000119
7971  -14.039  -83.288  3.446 0.6000000238
8619  -14.912  -82.147  5.882 0.5000000000
11553  -7.115  -77.112  16.455 0.6000000238
12905  -7.075  -75.791  11.433 0.8000000119
7973  -15.005  -83.124  3.875 0.5000000000
114344  -6.963  -77.205  14.648 0.6999999881
11576  -7.171  -77.534  15.450 0.6000000238
122156  -5.088  -76.456  11.415 0.8000000119
6693  -11.087  -86.269  3.718 0.6000000238
6694  -12.479  -84.997  3.217 0.6000000238
7292  -14.220  -83.818  3.090 0.6000000238
11575  -6.087  -77.725  14.110 0.6000000238
4935  -10.493  -88.256  3.803 0.6000000238
5470  -10.019  -87.813  4.168 0.6000000238
6709  -11.879  -85.990  2.892 0.6000000238
11024  -5.832  -79.017  13.403 0.6000000238
11607  -4.519  -77.220  11.623 0.5000000000
113296  -10.536  -88.592  4.643 0.6000000238
11598  -5.068  -78.404  12.515 0.6000000238
4897  -12.251  -89.204  7.108 0.6000000238
4349  -11.727  -89.251  5.203 0.6000000238
4350  -12.475  -89.679  6.324 0.5000000000
4351  -13.380  -90.093  6.633 0.5000000000
4315  -13.420  -89.746  8.527 0.5000000000
4332  -13.932  -90.127  7.449 0.5000000000
14226  -11.712  -73.804  8.754 0.6000000238
13573  -9.890  -74.119  9.332 0.6999999881
12853  -6.325  -76.186  17.211 0.6000000238
12174  -6.875  -76.779  16.934 0.6000000238
12914  -7.594  -74.979  10.947 0.8000000119
7942  -15.007  -82.784  5.435 0.5000000000
12175  -7.519  -76.529  16.574 0.6000000238
13559  -6.393  -74.239  11.200 0.8000000119
120500  -14.856  -83.529  5.217 0.5000000000
11577  -7.418  -76.818  15.253 0.6999999881
13557  -4.135  -74.749  11.330 0.8000000119
7305  -13.554  -84.664  2.885 0.6000000238
7293  -14.578  -83.787  3.489 0.6000000238
12206  -6.080  -76.619  14.073 0.8000000119
12904  -4.024  -76.462  11.550 0.6999999881
5484  -10.758  -87.716  3.226 0.6000000238
6067  -13.169  -86.219  2.674 0.6000000238
120016  -4.781  -76.518  13.659 0.6999999881
11586  -4.368  -77.614  12.747 0.6999999881
12254  -3.868  -77.056  11.822 0.6000000238
4936  -11.278  -88.347  3.042 0.6000000238
117959  -12.831  -87.146  2.542 0.6000000238
4945  -12.144  -88.502  2.637 0.5000000000
126740  -12.862  -90.099  5.186 0.5000000000
135471  -10.425  -73.389  9.132 0.6000000238
14903  -11.253  -72.825  9.518 0.5000000000
132312  -5.590  -74.174  17.707 0.6000000238
13572  -9.649  -73.309  9.653 0.6999999881
131773  -5.916  -75.015  17.558 0.6000000238
13566  -8.156  -74.240  10.609 0.6999999881
128605  -8.420  -72.578  10.688 0.6000000238
12855  -7.861  -75.900  16.969 0.6000000238
12839  -7.659  -75.426  17.499 0.6000000238
14210  -7.810  -73.491  10.825 0.6000000238
14209  -6.781  -73.528  11.200 0.6999999881
115738  -7.710  -75.184  14.915 0.8000000119
128828  -5.865  -73.920  11.277 0.6999999881
14875  -5.099  -72.617  11.717 0.6000000238
12877  -6.805  -75.596  14.313 0.8000000119
13556  -3.137  -74.617  11.729 0.8000000119
14201  -3.176  -73.744  11.856 0.6999999881
13528  -4.786  -74.932  13.880 0.6999999881
12884  -4.143  -75.831  13.546 0.6999999881
12883  -3.191  -75.620  12.771 0.6000000238
13548  -2.804  -74.709  12.400 0.8000000119
116133  -4.973  -72.995  17.669 0.6000000238
13496  -7.318  -74.838  18.016 0.6000000238
13511  -8.271  -75.125  16.928 0.6999999881
15570  -5.679  -71.690  12.013 0.6000000238
13521  -8.190  -74.732  15.744 0.6999999881
13530  -7.509  -74.196  14.864 0.6999999881
14874  -3.864  -73.037  11.840 0.6999999881
14868  -3.336  -72.337  12.298 0.6000000238
130221  -6.987  -74.681  14.359 0.8000000119
14169  -5.145  -73.414  14.379 0.6000000238
14168  -3.981  -74.147  13.974 0.5000000000
14861  -2.565  -72.938  12.849 0.6999999881
14860  -2.445  -72.066  12.923 0.6999999881
15557  -2.863  -71.635  12.658 0.6000000238
13529  -6.065  -74.773  14.026 0.8000000119
14184  -3.116  -73.540  13.407 0.6000000238
14183  -2.810  -73.940  12.745 0.6000000238
14792  -5.786  -72.877  18.164 0.6000000238
13482  -7.920  -74.244  18.304 0.6999999881
14128  -6.982  -74.104  18.364 0.6000000238
13497  -8.134  -74.798  17.808 0.6999999881
14140  -8.443  -74.185  16.464 0.6999999881
122580  -8.004  -73.728  15.544 0.6999999881
131296  -7.175  -73.271  14.983 0.6000000238
127784  -3.801  -71.610  12.358 0.6000000238
14826  -6.152  -72.864  14.766 0.6000000238
113379  -3.922  -73.051  14.184 0.6000000238
16350  -3.765  -70.767  12.532 0.5000000000
129666  -2.339  -70.768  13.237 0.6000000238
17139  -3.214  -70.040  12.846 0.5000000000
17954  -3.677  -68.639  13.307 0.5000000000
16326  -2.220  -70.347  13.689 0.6000000238
17121  -2.116  -69.568  13.667 0.5000000000
15459  -4.750  -71.291  18.061 0.6000000238
15476  -5.315  -72.158  18.042 0.6000000238
14793  -6.640  -73.245  18.557 0.6999999881
14776  -6.210  -72.398  18.618 0.6999999881
14112  -8.539  -73.515  18.393 0.6999999881
14130  -8.718  -73.673  17.651 0.6999999881
126844  -8.489  -72.540  16.551 0.6000000238
14155  -7.725  -72.945  15.543 0.5000000000
124659  -6.981  -72.305  15.332 0.6999999881
15516  -6.301  -71.373  15.588 0.6000000238
14825  -5.962  -72.105  15.131 0.6000000238
15537  -4.480  -71.742  14.876 0.6000000238
16305  -3.788  -70.271  15.374 0.6000000238
128676  -2.852  -71.546  14.107 0.6000000238
17089  -2.611  -69.971  15.058 0.5000000000
17922  -1.834  -68.715  15.145 0.5000000000
18759  -1.777  -67.975  14.935 0.5000000000
17843  -3.514  -68.212  20.360 0.6999999881
17011  -4.333  -69.440  20.455 0.6999999881
18679  -3.554  -68.005  21.043 0.6999999881
16238  -5.249  -70.867  18.805 0.6000000238
17025  -4.823  -70.030  19.851 0.6999999881
17002  -4.365  -69.396  21.495 0.6999999881
17829  -4.093  -68.815  22.311 0.6999999881
17820  -4.573  -68.979  23.252 0.6000000238
15460  -5.683  -71.606  18.638 0.6999999881
16221  -5.431  -70.670  19.562 0.6999999881
113511  -5.561  -70.718  20.449 0.6999999881
17003  -5.148  -70.256  22.024 0.6999999881
14777  -7.331  -72.782  19.204 0.6999999881
15452  -5.943  -71.323  19.382 0.6999999881
16208  -5.777  -70.917  21.507 0.6999999881
122138  -8.796  -73.092  17.071 0.6999999881
15496  -8.268  -71.792  16.528 0.6000000238
15517  -7.369  -71.548  16.013 0.6000000238
16307  -6.126  -70.584  15.880 0.6000000238
17071  -6.025  -69.292  16.415 0.6000000238
15515  -5.284  -71.594  15.213 0.6000000238
16306  -4.776  -70.356  15.553 0.6000000238
17091  -4.984  -69.135  16.262 0.6000000238
123591  -4.451  -69.717  15.792 0.5000000000
17924  -3.865  -69.040  16.117 0.6000000238
18748  -3.022  -67.502  16.583 0.6000000238
17090  -3.384  -69.543  15.661 0.5000000000
132026  -3.108  -69.038  15.939 0.5000000000
128514  -2.289  -67.679  16.179 0.5000000000
19498  -3.216  -67.404  20.616 0.6999999881
18680  -3.603  -67.986  21.911 0.6999999881
18668  -3.971  -68.093  23.098 0.6000000238
132300  -4.690  -68.420  23.837 0.6000000238
17803  -5.331  -68.991  23.866 0.4000000060
16991  -4.733  -69.589  22.602 0.5000000000
17821  -5.180  -69.548  23.346 0.5000000000
16978  -7.001  -69.755  23.629 0.4000000060
17805  -7.524  -68.954  23.920 0.5000000000
14111  -7.693  -73.548  18.751 0.6999999881
14772  -7.476  -72.293  19.808 0.8000000119
16209  -6.551  -71.429  20.974 0.6999999881
16201  -7.709  -71.224  22.017 0.5000000000
16195  -7.112  -70.951  22.684 0.4000000060
123785  -7.366  -70.362  23.141 0.4000000060
16979  -8.047  -69.793  23.299 0.4000000060
16995  -8.526  -69.803  22.849 0.4000000060
14778  -8.378  -72.981  19.094 0.8000000119
14774  -8.904  -72.406  19.340 0.8000000119
15453  -8.100  -72.064  20.444 0.8000000119
15450  -8.653  -71.517  20.455 0.8000000119
15444  -8.146  -71.463  21.166 0.6000000238
16202  -8.338  -70.730  21.690 0.5000000000
16994  -7.936  -70.559  22.639 0.4000000060
17004  -8.377  -70.139  22.340 0.4000000060
14779  -9.076  -72.635  18.653 0.6999999881
15497  -8.780  -71.390  17.250 0.8000000119
16261  -8.575  -70.580  17.393 0.6999999881
17050  -7.879  -69.846  17.177 0.5000000000
17862  -8.266  -69.071  20.521 0.5000000000
118133  -8.518  -69.707  21.507 0.4000000060
17845  -8.150  -68.689  21.223 0.4000000060
16283  -7.886  -70.831  16.661 0.6000000238
134424  -7.205  -70.179  16.572 0.5000000000
17072  -6.909  -69.499  16.740 0.5000000000
17909  -5.562  -68.464  16.645 0.6000000238
17908  -4.251  -68.218  16.517 0.6000000238
124348  -4.101  -67.285  16.756 0.6000000238
131735  -3.279  -67.224  21.367 0.6000000238
19472  -3.124  -66.403  21.615 0.5000000000
18667  -3.420  -67.177  22.371 0.5000000000
18648  -3.776  -67.252  23.504 0.4000000060
17802  -4.462  -67.691  24.080 0.5000000000
18649  -5.429  -68.052  24.257 0.5000000000
17804  -6.375  -68.835  24.059 0.5000000000
18650  -6.325  -67.927  24.343 0.5000000000
119129  -7.033  -68.194  24.218 0.5000000000
18651  -7.939  -67.922  24.104 0.5000000000
17807  -9.305  -68.678  23.513 0.5000000000
15454  -8.885  -71.922  19.893 0.6999999881
132028  -9.121  -71.052  20.017 0.6000000238
17873  -8.511  -69.281  19.063 0.5000000000
17013  -8.682  -70.318  20.811 0.5000000000
17831  -8.983  -69.325  22.452 0.5000000000
17822  -9.578  -69.016  23.046 0.5000000000
15477  -9.265  -71.997  18.008 0.8000000119
114104  -9.293  -71.650  19.008 0.6999999881
17051  -8.794  -69.988  18.032 0.6000000238
17872  -7.711  -68.187  19.819 0.4000000060
17861  -7.745  -68.099  20.676 0.5000000000
17830  -8.459  -68.653  21.475 0.4000000060
18681  -8.957  -68.650  21.757 0.5000000000
17911  -7.320  -68.973  17.307 0.5000000000
125927  -7.489  -68.472  17.828 0.5000000000
119323  -7.735  -68.347  18.606 0.6000000238
127826  -7.236  -67.465  19.246 0.5000000000
18700  -7.420  -67.318  20.286 0.5000000000
17910  -6.497  -68.721  16.922 0.5000000000
18731  -6.497  -67.342  17.789 0.5000000000
18732  -7.157  -67.765  18.166 0.5000000000
127629  -6.786  -66.882  18.645 0.5000000000
18750  -6.097  -67.892  17.152 0.6000000238
18730  -5.691  -66.961  17.388 0.6000000238
20295  -3.078  -65.644  21.938 0.5000000000
19461  -3.179  -66.410  22.548 0.5000000000
19442  -3.482  -66.493  23.702 0.4000000060
19443  -4.214  -66.878  24.261 0.4000000060
21097  -2.515  -64.257  22.035 0.5000000000
20284  -3.009  -65.762  23.218 0.4000000060
18634  -5.011  -67.137  24.440 0.5000000000
18635  -5.903  -67.227  24.425 0.5000000000
115693  -6.920  -67.250  24.271 0.5000000000
19445  -7.779  -66.741  24.038 0.4000000060
19446  -8.545  -67.178  23.946 0.4000000060
19447  -9.369  -67.046  23.718 0.4000000060
20269  -2.972  -64.913  23.968 0.4000000060
20254  -3.914  -65.453  24.486 0.4000000060
19426  -4.724  -66.338  24.511 0.5000000000
19427  -5.516  -66.469  24.480 0.5000000000
20257  -5.981  -65.862  24.386 0.5000000000
21051  -4.227  -64.920  24.578 0.4000000060
21052  -5.096  -64.844  24.537 0.4000000060
21053  -5.989  -65.126  24.261 0.5000000000
20271  -6.734  -65.574  24.029 0.4000000060
20273  -8.560  -66.140  23.706 0.4000000060
21884  -2.463  -63.269  24.204 0.4000000060
21072  -3.320  -64.389  24.426 0.4000000060
21050  -3.593  -64.948  24.443 0.4000000060
22701  -3.280  -62.505  24.473 0.4000000060
21858  -4.527  -64.360  24.557 0.4000000060
21859  -5.165  -63.994  24.379 0.4000000060
21073  -5.928  -64.272  24.116 0.5000000000
21074  -6.745  -64.546  23.730 0.4000000060
117088  -7.332  -65.060  23.638 0.4000000060
22703  -5.156  -63.243  24.122 0.4000000060
21902  -6.753  -63.137  22.964 0.4000000060
21888  -7.118  -63.812  23.206 0.4000000060
21075  -7.518  -64.443  23.329 0.4000000060
135274  -8.014  -64.415  23.157 0.4000000060
22730  -2.448  -62.107  24.134 0.4000000060
22731  -3.187  -61.608  24.112 0.3000000119
22732  -4.232  -61.785  23.814 0.3000000119
22733  -5.145  -62.468  23.604 0.4000000060
24370  -3.333  -60.167  21.570 0.4000000060
23559  -3.548  -60.965  23.340 0.3000000119
23574  -5.297  -61.131  21.892 0.5000000000
22734  -6.394  -62.452  22.664 0.4000000060
22735  -7.251  -62.621  22.404 0.4000000060
21905  -9.202  -63.856  22.458 0.3000000119
24372  -4.899  -60.459  21.170 0.5000000000
24373  -5.761  -60.707  21.252 0.5000000000
22744  -6.682  -61.920  22.118 0.4000000060
22745  -7.391  -61.983  21.881 0.4000000060
22736  -8.168  -62.418  21.896 0.3000000119
24349  -2.847  -60.313  22.679 0.4000000060
23573  -4.548  -60.688  21.673 0.5000000000
25149  -3.150  -59.726  20.740 0.4000000060
24379  -4.541  -60.006  20.544 0.5000000000
24380  -5.375  -60.126  20.653 0.4000000060
23578  -6.490  -60.930  21.283 0.4000000060
117433  -4.962  -59.676  20.077 0.3000000119
25159  -5.848  -59.686  20.107 0.3000000119
25127  -2.649  -59.914  21.635 0.4000000060
25901  -2.542  -58.917  20.194 0.3000000119
25157  -3.579  -59.256  19.935 0.4000000060
24382  -7.438  -60.246  20.399 0.3000000119
26682  -2.577  -57.376  19.596 0.3000000119
7290  -8.442  -83.701  4.001 0.6000000238
7970  -8.826  -83.070  4.407 0.5000000000
15536  -2.408  -71.117  13.583 0.6000000238
14845  -3.008  -72.521  13.649 0.6000000238
131321  0.914  -91.535  11.602 0.5000000000
3792  -1.128  -90.265  11.932 0.6000000238
4329  -1.832  -89.049  7.681 0.5000000000
3771  -1.235  -90.862  12.783 0.6999999881
2873  -2.826  -92.147  13.020 0.6999999881
3299  -3.531  -91.683  13.342 0.6999999881
4805  -4.045  -88.884  12.997 0.6999999881
3287  -4.327  -91.248  13.884 0.6999999881
3729  -4.606  -90.298  14.452 0.6999999881
125797  -4.999  -87.107  7.531 0.5000000000
3317  -6.405  -91.058  11.250 0.6999999881
4820  -4.931  -88.093  11.860 0.6999999881
4806  -4.712  -88.368  12.776 0.6999999881
3775  -7.751  -90.303  12.381 0.6999999881
5319  -6.768  -87.825  15.115 0.6999999881
7275  -8.410  -84.273  4.635 0.6000000238
114849  -9.252  -90.254  11.795 0.6999999881
119919  -6.613  -87.108  12.976 0.6000000238
5912  -8.087  -86.749  15.262 0.6000000238
4776  -9.150  -88.474  14.947 0.5000000000
8634  -6.481  -82.791  6.203 0.6999999881
5931  -7.512  -86.367  14.021 0.6000000238
2903  -12.033  -92.565  10.830 0.6000000238
2938  -12.213  -93.015  9.009 0.6000000238
5922  -9.304  -86.146  15.044 0.5000000000
5325  -12.140  -88.118  15.248 0.5000000000
2889  -13.769  -92.763  11.764 0.5000000000
8635  -7.529  -82.561  5.787 0.6000000238
9320  -5.875  -82.018  6.866 0.6999999881
6657  -9.928  -85.725  7.013 0.6000000238
5968  -8.637  -86.337  11.680 0.5000000000
6551  -9.045  -85.607  13.647 0.5000000000
5923  -10.714  -86.194  14.602 0.6000000238
6552  -9.768  -85.540  13.769 0.5000000000
5924  -11.431  -86.656  14.467 0.5000000000
2543  -13.653  -93.636  8.905 0.6000000238
2520  -14.737  -93.429  10.565 0.6000000238
2891  -15.558  -92.757  11.903 0.5000000000
10490  -8.995  -79.668  10.489 0.6000000238
8658  -15.133  -82.116  4.915 0.5000000000
10444  -6.441  -79.736  14.726 0.6000000238
9877  -6.344  -80.832  12.296 0.6000000238
4878  -11.597  -88.437  8.145 0.6000000238
11588  -6.344  -78.617  14.231 0.6000000238
119476  -5.871  -75.620  11.336 0.8000000119
11587  -5.297  -78.203  13.383 0.6000000238
5495  -11.547  -87.674  2.584 0.6000000238
4926  -11.338  -88.887  3.926 0.6000000238
14202  -3.916  -73.925  11.532 0.8000000119
6678  -14.412  -84.944  3.713 0.6000000238
12903  -2.988  -75.453  11.974 0.6000000238
12217  -3.825  -76.791  12.937 0.6999999881
13538  -3.701  -75.052  13.550 0.6000000238
122787  -4.961  -72.447  14.804 0.6000000238
114120  -3.801  -72.139  14.404 0.6000000238
17937  -1.795  -68.915  14.391 0.5000000000
16308  -6.877  -70.758  16.161 0.5000000000
16328  -3.199  -70.840  14.786 0.6000000238
119996  -2.021  -68.211  15.682 0.5000000000
17860  -3.848  -68.921  20.060 0.6999999881
16220  -4.951  -70.259  19.053 0.6000000238
17012  -4.949  -70.141  20.944 0.6999999881
124485  -6.876  -71.824  20.170 0.8000000119
15443  -7.397  -71.552  21.475 0.6000000238
16993  -6.516  -70.398  23.193 0.5000000000
16992  -5.522  -70.182  22.994 0.5000000000
133199  -7.807  -67.840  21.028 0.5000000000
17806  -8.505  -68.859  23.726 0.5000000000
16239  -9.221  -70.509  19.004 0.6000000238
17889  -8.086  -69.104  17.918 0.6000000238
20283  -2.813  -64.974  22.601 0.5000000000
19428  -6.356  -66.444  24.325 0.5000000000
20256  -5.296  -65.714  24.536 0.6000000238
21885  -3.412  -63.619  24.553 0.4000000060
22702  -4.287  -62.852  24.394 0.4000000060
21887  -6.420  -63.693  23.531 0.5000000000
22704  -5.957  -62.970  23.372 0.4000000060
21086  -7.863  -63.873  22.931 0.4000000060
21087  -8.603  -64.384  22.949 0.4000000060
24350  -3.858  -60.554  22.100 0.3000000119
23560  -4.514  -61.117  22.568 0.5000000000
119260  -5.215  -61.746  22.838 0.4000000060
23561  -5.929  -61.814  22.331 0.5000000000
128744  -5.765  -62.288  22.922 0.4000000060
21904  -7.983  -63.164  22.477 0.4000000060
23575  -6.177  -61.332  21.732 0.4000000060
118938  -6.968  -61.432  21.576 0.4000000060
24371  -4.026  -60.265  21.055 0.5000000000
25150  -3.905  -59.841  20.396 0.5000000000
24381  -6.399  -60.326  20.697 0.4000000060
25158  -4.272  -59.671  20.083 0.4000000060
25917  -2.983  -58.326  19.636 0.3000000119
26691  -3.453  -57.582  19.251 0.3000000119
25927  -3.973  -58.446  19.485 0.3000000119
115519  -11.978  -92.671  2.952 0.5000000000
2612  -12.648  -93.095  2.608 0.5000000000
2626  -14.397  -93.909  2.382 0.5000000000
2613  -14.176  -93.510  2.985 0.5000000000
2627  -15.138  -94.207  2.537 0.5000000000
2614  -15.010  -93.747  2.883 0.5000000000
2236  -16.107  -95.141  2.941 0.6000000238
2611  -11.664  -92.788  3.991 0.5000000000
125055  -12.460  -93.069  3.670 0.5000000000
115005  -13.280  -93.338  3.288 0.5000000000
122438  -14.685  -93.559  3.787 0.5000000000
1880  -16.901  -95.146  3.161 0.6000000238
2601  -15.631  -93.662  3.571 0.6000000238
134303  -15.625  -94.027  2.849 0.6000000238
3006  -10.274  -92.176  3.542 0.4000000060
3394  -6.306  -92.065  6.388 0.4000000060
2983  -7.351  -92.177  5.747 0.4000000060
3408  -7.029  -91.786  5.022 0.5000000000
117189  -8.735  -92.281  4.921 0.5000000000
2996  -8.648  -91.898  3.954 0.5000000000
2985  -9.456  -92.447  5.209 0.5000000000
121567  -8.906  -92.426  5.656 0.5000000000
2997  -9.430  -92.212  4.295 0.5000000000
2998  -10.115  -92.455  4.675 0.5000000000
1464  -17.828  -95.559  3.505 0.6000000238
1450  -18.618  -95.514  3.505 0.6000000238
2999  -11.293  -92.855  4.926 0.5000000000
2598  -12.113  -93.177  4.706 0.5000000000
2582  -11.727  -93.130  5.606 0.5000000000
2225  -17.516  -95.011  3.095 0.6000000238
2599  -12.983  -93.432  4.430 0.5000000000
122190  -15.031  -93.605  4.612 0.6000000238
116169  -16.293  -94.174  3.114 0.6000000238
123130  -19.134  -95.102  3.163 0.6000000238
2602  -17.751  -93.910  3.832 0.6000000238
2226  -19.235  -94.896  3.182 0.6000000238
1866  -19.958  -94.883  3.113 0.6999999881
2603  -18.775  -93.981  3.772 0.6000000238
2616  -19.421  -94.474  3.360 0.6999999881
125054  -4.944  -91.805  7.836 0.6000000238
114151  -5.934  -91.834  8.161 0.6000000238
3368  -7.382  -91.990  8.752 0.6000000238
129914  -6.705  -92.158  7.357 0.5000000000
130605  -7.513  -92.331  7.078 0.5000000000
2952  -8.626  -92.390  7.826 0.6000000238
118974  -8.210  -92.341  5.645 0.5000000000
2969  -7.847  -92.369  6.432 0.5000000000
2970  -8.664  -92.445  6.348 0.5000000000
2986  -10.142  -92.573  5.557 0.5000000000
2972  -10.334  -92.599  6.521 0.5000000000
2987  -10.903  -92.760  5.703 0.5000000000
1441  -19.319  -96.398  5.458 0.6999999881
1844  -19.919  -95.876  4.533 0.6000000238
1845  -20.933  -95.641  4.800 0.8000000119
2583  -12.623  -93.497  5.426 0.5000000000
2584  -13.615  -93.718  5.237 0.5000000000
2586  -15.345  -93.673  5.400 0.6000000238
1855  -19.512  -95.420  3.536 0.6999999881
127571  -16.632  -93.721  3.938 0.6000000238
2227  -20.504  -94.444  3.259 0.6999999881
2588  -17.236  -93.465  4.892 0.6000000238
2589  -18.215  -93.579  4.769 0.6000000238
2590  -19.174  -93.635  4.683 0.6999999881
2605  -20.577  -93.778  3.607 0.6999999881
2619  -21.532  -93.832  3.468 0.6000000238
3367  -4.362  -91.885  8.483 0.5000000000
114711  -6.503  -91.787  8.891 0.6000000238
3369  -8.338  -92.190  8.600 0.6000000238
2953  -9.276  -92.454  7.063 0.6000000238
2954  -10.170  -92.508  7.544 0.6000000238
2570  -11.353  -92.949  6.419 0.5000000000
118607  -11.908  -93.191  7.074 0.6000000238
1442  -20.243  -96.226  5.662 0.6999999881
128740  -12.209  -93.376  6.288 0.5000000000
132737  -12.635  -93.557  6.889 0.5000000000
119239  -20.965  -96.033  5.958 0.5000000000
130606  -21.372  -95.946  7.916 0.6000000238
2571  -13.082  -93.754  6.199 0.6000000238
122195  -14.883  -93.940  6.191 0.5000000000
1846  -21.624  -95.554  5.750 0.6000000238
122194  -15.745  -93.669  6.149 0.5000000000
1867  -20.800  -94.660  3.214 0.6999999881
2209  -21.842  -95.063  4.604 0.6000000238
122193  -16.747  -93.407  6.097 0.5000000000
2215  -21.936  -94.427  3.764 0.6000000238
2216  -22.472  -93.847  3.813 0.6000000238
121614  -18.154  -93.202  6.625 0.5000000000
122191  -18.654  -93.414  5.752 0.6000000238
2592  -21.130  -93.352  4.271 0.5000000000
2973  -21.091  -92.980  6.410 0.5000000000
2989  -22.882  -92.527  4.698 0.5000000000
3350  -4.582  -91.739  9.235 0.6000000238
124080  -5.146  -91.687  8.684 0.6000000238
2915  -3.357  -92.231  9.363 0.4000000060
2557  -12.566  -93.472  7.705 0.5000000000
1821  -22.039  -95.630  7.580 0.6000000238
2572  -13.469  -93.871  7.103 0.5000000000
1833  -22.204  -95.397  6.625 0.5000000000
122197  -16.126  -93.649  6.903 0.5000000000
2210  -22.405  -94.972  5.508 0.5000000000
1834  -22.953  -94.763  6.405 0.5000000000
1822  -22.765  -95.158  7.443 0.5000000000
2561  -16.510  -93.568  7.617 0.5000000000
121002  -22.560  -94.423  4.436 0.5000000000
2217  -23.144  -93.754  4.341 0.5000000000
128414  -17.565  -93.214  7.513 0.6000000238
2549  -18.540  -92.903  8.053 0.6000000238
3000  -22.579  -93.003  4.025 0.5000000000
3001  -23.249  -92.782  4.485 0.6000000238
2563  -19.507  -92.980  7.540 0.6000000238
2956  -20.443  -92.946  7.288 0.5000000000
2900  -2.463  -92.595  11.011 0.4000000060
2559  -14.881  -94.005  7.618 0.5000000000
2194  -23.542  -94.511  7.313 0.5000000000
2560  -15.672  -93.825  7.598 0.5000000000
125178  -16.859  -93.414  8.371 0.5000000000
2576  -24.073  -93.401  5.576 0.5000000000
2195  -24.405  -93.877  7.868 0.5000000000
2550  -24.909  -93.471  8.239 0.5000000000
2942  -25.375  -93.058  8.662 0.5000000000
2926  -26.501  -91.986  8.818 0.5000000000
2548  -17.726  -93.010  8.553 0.6000000238
2939  -18.542  -92.700  8.941 0.6000000238
2593  -23.616  -93.081  4.662 0.5000000000
2940  -19.421  -92.679  8.533 0.6000000238
115849  -24.511  -91.806  5.433 0.5000000000
3370  -20.949  -92.193  8.843 0.5000000000
3371  -21.755  -91.784  8.432 0.5000000000
2522  -16.421  -93.176  10.428 0.5000000000
2577  -24.654  -93.029  6.174 0.5000000000
2565  -24.855  -93.295  7.252 0.5000000000
2551  -25.556  -92.816  7.590 0.5000000000
2943  -26.088  -92.491  8.276 0.5000000000
2534  -16.561  -93.333  9.673 0.5000000000
2523  -17.292  -92.657  10.703 0.6000000238
2578  -25.287  -92.638  6.517 0.5000000000
3374  -26.793  -91.887  7.902 0.5000000000
129353  -27.163  -91.592  8.498 0.5000000000
3362  -27.794  -91.219  8.676 0.5000000000
2923  -20.122  -92.367  9.034 0.5000000000
2991  -24.734  -91.975  5.440 0.5000000000
3410  -25.334  -91.375  5.759 0.5000000000
2879  -17.004  -92.346  11.587 0.5000000000
3399  -26.955  -91.138  6.043 0.5000000000
3387  -26.996  -91.585  6.871 0.5000000000
3375  -27.617  -91.385  7.631 0.5000000000
114341  -29.009  -90.596  8.228 0.4000000060
3388  -27.660  -91.046  6.451 0.4000000060
6063  -4.822  -86.836  3.091 0.4000000060
10987  -6.473  -77.924  16.289 0.5000000000
13510  -5.552  -75.452  17.271 0.5000000000
134909  -5.439  -76.210  16.971 0.5000000000
123752  -5.081  -73.846  17.504 0.5000000000
13509  -4.759  -74.966  17.097 0.5000000000
11551  -5.850  -77.532  16.555 0.5000000000
17859  -3.386  -68.491  19.664 0.5000000000
18699  -3.079  -67.749  19.940 0.5000000000
19484  -3.013  -66.510  20.831 0.5000000000
125402  -15.880  -93.534  9.774 0.5000000000
122005  -15.998  -93.732  8.315 0.5000000000
2224  -16.675  -94.790  2.972 0.6000000238
121411  -14.324  -93.646  4.679 0.6000000238
127892  -18.351  -94.673  3.323 0.6000000238
2587  -16.232  -93.495  5.186 0.6000000238
2604  -19.712  -93.891  3.690 0.6999999881
2934  -7.656  -92.285  7.862 0.6000000238
122196  -13.994  -93.979  6.195 0.5000000000
122192  -17.729  -93.340  5.813 0.6000000238
2591  -20.126  -93.580  4.555 0.6000000238
2574  -20.557  -93.346  5.532 0.6000000238
1832  -21.360  -95.938  6.879 0.6999999881
122199  -14.440  -94.072  6.945 0.5000000000
130688  -16.866  -93.430  6.962 0.5000000000
121029  -19.086  -93.270  6.638 0.6000000238
2564  -20.076  -93.285  6.603 0.6000000238
2575  -21.344  -93.022  5.219 0.5000000000
2990  -23.902  -92.366  5.061 0.5000000000
115915  -23.130  -94.346  5.218 0.5000000000
2202  -23.629  -94.124  6.060 0.5000000000
2941  -20.409  -92.658  8.169 0.5000000000
2547  -17.066  -93.219  9.159 0.5000000000
2921  -18.444  -92.507  9.756 0.5000000000
2536  -17.781  -92.835  9.392 0.5000000000
2959  -26.335  -92.200  7.254 0.5000000000
2975  -25.575  -91.859  5.895 0.5000000000
2976  -26.368  -91.686  6.322 0.5000000000
3363  -28.358  -90.993  8.008 0.5000000000
3398  -26.223  -91.173  5.822 0.4000000060
3376  -28.224  -90.923  7.020 0.4000000060
2145  -22.806  -93.590  11.402 0.5000000000
2158  -23.247  -94.039  10.498 0.6000000238
2172  -23.610  -94.378  9.718 0.6000000238
2171  -22.827  -94.567  10.050 0.6000000238
2170  -21.853  -94.561  10.212 0.4000000060
2159  -24.020  -93.878  10.064 0.4000000060
2184  -23.789  -94.487  8.963 0.4000000060
2183  -23.131  -94.893  9.271 0.6000000238
1811  -23.210  -94.963  8.341 0.5000000000
1794  -21.648  -95.110  9.389 0.5000000000
127574  -22.526  -95.409  8.137 0.5000000000
1809  -21.220  -95.584  8.687 0.6000000238
1429  -20.505  -96.333  6.669 0.6000000238
1428  -19.662  -96.619  6.494 0.6000000238
1440  -18.409  -96.537  5.254 0.6000000238
1451  -18.976  -96.045  4.347 0.6000000238
1439  -17.666  -96.625  5.133 0.6000000238
1449  -18.002  -96.133  4.268 0.5000000000
1463  -17.036  -95.657  3.576 0.5000000000
132473  -15.942  -95.482  3.155 0.4000000060
1879  -15.341  -95.411  2.818 0.5000000000
3827  -28.542  -90.785  8.930 0.3000000119
2625  -13.439  -93.599  2.309 0.4000000060
7261  -14.740  -84.090  4.480 0.4000000060
6677  -14.184  -85.507  4.870 0.4000000060
6695  -13.912  -85.869  3.205 0.5000000000
19555  -2.296  -66.852  16.315 0.5000000000
126441  -3.211  -66.420  16.784 0.5000000000
20366  -3.029  -65.179  16.837 0.5000000000
19556  -4.133  -65.680  17.113 0.4000000060
20346  -5.466  -65.126  18.136 0.4000000060
135760  -4.098  -63.160  15.953 0.4000000060
19519  -6.671  -66.103  19.016 0.4000000060
20329  -6.364  -65.215  18.959 0.4000000060
18711  -7.021  -66.620  19.596 0.4000000060
21972  -5.223  -62.229  17.533 0.4000000060
19499  -6.976  -65.787  19.595 0.4000000060
20330  -7.010  -65.050  19.398 0.4000000060
21973  -6.040  -62.491  18.075 0.4000000060
19485  -7.813  -67.051  20.746 0.4000000060
20311  -7.466  -65.629  19.899 0.4000000060
133680  -8.275  -67.779  21.291 0.4000000060
19501  -8.029  -66.228  20.360 0.4000000060
18653  -9.723  -67.991  23.615 0.3000000119
17808  -9.911  -68.510  23.286 0.4000000060
20285  -9.033  -65.272  23.283 0.3000000119
20274  -9.398  -66.085  23.459 0.3000000119
17823  -10.372  -68.678  22.772 0.3000000119
19448  -10.084  -67.383  23.483 0.3000000119
21989  -3.883  -63.094  16.513 0.4000000060
21971  -3.890  -63.241  17.063 0.4000000060
20345  -3.811  -64.720  17.180 0.4000000060
21146  -3.472  -64.043  17.040 0.4000000060
123980  -4.691  -62.938  17.483 0.4000000060
20328  -5.804  -64.202  18.470 0.4000000060
22814  -5.244  -61.715  16.778 0.4000000060
21133  -6.255  -63.606  18.569 0.4000000060
126119  -6.516  -64.445  18.941 0.4000000060
3250  -28.418  -92.039  17.861 0.3000000119
3259  -27.982  -92.099  17.147 0.3000000119
3249  -27.698  -92.457  17.922 0.4000000060
3258  -27.107  -92.290  17.182 0.3000000119
3267  -27.314  -91.729  16.244 0.4000000060
112899  -25.054  -91.939  16.742 0.3000000119
3257  -26.037  -92.294  17.205 0.3000000119
3707  -26.280  -91.548  16.334 0.4000000060
119381  -24.763  -93.374  17.132 0.3000000119
3719  -24.972  -90.852  15.444 0.3000000119
2853  -24.526  -92.374  16.479 0.3000000119
2852  -24.002  -91.951  15.513 0.3000000119
3280  -23.708  -91.624  14.530 0.3000000119
2470  -24.209  -93.065  15.957 0.3000000119
2857  -23.705  -92.530  14.860 0.3000000119
125250  -23.430  -92.214  14.060 0.3000000119
2482  -23.956  -93.634  14.930 0.3000000119
112551  -23.428  -93.090  14.126 0.3000000119
2490  -23.159  -93.420  13.466 0.3000000119
1738  -23.901  -96.161  14.336 0.3000000119
2110  -24.178  -95.287  14.580 0.3000000119
115011  -23.729  -94.235  14.201 0.3000000119
130075  -23.220  -94.191  13.595 0.3000000119
2489  -22.751  -93.716  13.039 0.3000000119
1737  -23.330  -95.777  13.628 0.4000000060
3247  -26.192  -93.101  18.063 0.4000000060
3720  -25.705  -90.976  15.665 0.4000000060
3256  -25.363  -92.884  17.432 0.3000000119
124452  -24.783  -90.527  14.482 0.4000000060
3740  -24.055  -90.870  14.019 0.4000000060
3296  -23.623  -91.528  13.551 0.4000000060
2095  -24.570  -95.145  16.264 0.3000000119
2866  -23.258  -92.433  13.139 0.4000000060
1315  -24.108  -96.380  15.183 0.3000000119
1701  -24.394  -95.868  15.707 0.4000000060
2510  -22.644  -93.486  12.282 0.4000000060
2131  -22.241  -94.146  12.763 0.3000000119
1314  -23.551  -96.668  15.416 0.3000000119
3268  -28.226  -91.691  16.221 0.3000000119
3722  -27.666  -91.377  15.341 0.3000000119
3269  -29.006  -91.392  16.248 0.3000000119
3721  -26.586  -91.017  15.331 0.3000000119
3743  -27.279  -91.003  14.580 0.3000000119
3229  -26.450  -91.824  18.560 0.4000000060
3742  -25.629  -90.563  14.884 0.3000000119
124168  -26.445  -90.496  14.111 0.3000000119
2832  -25.489  -93.609  17.995 0.3000000119
3764  -24.796  -90.437  13.355 0.3000000119
132982  -24.058  -90.941  13.140 0.4000000060
3783  -24.504  -90.862  12.387 0.4000000060
2471  -24.627  -94.203  16.776 0.3000000119
2072  -24.541  -94.524  18.104 0.3000000119
3310  -23.815  -91.593  12.435 0.4000000060
2881  -24.058  -91.992  11.575 0.4000000060
127051  -24.014  -95.105  18.047 0.3000000119
2894  -24.050  -92.591  11.182 0.4000000060
2512  -24.020  -93.086  10.805 0.5000000000
2081  -24.085  -95.606  17.398 0.3000000119
2511  -23.358  -93.052  11.584 0.4000000060
2524  -23.655  -93.510  10.733 0.4000000060
1313  -22.863  -96.698  15.425 0.3000000119
3744  -28.051  -91.238  14.445 0.3000000119
117108  -29.182  -91.125  15.407 0.3000000119
122746  -25.668  -92.782  18.458 0.4000000060
3784  -25.339  -90.468  12.314 0.4000000060
120628  -25.625  -91.132  10.856 0.4000000060
2820  -25.127  -93.292  18.403 0.4000000060
122132  -24.728  -91.831  11.012 0.4000000060
127708  -24.608  -92.718  10.510 0.5000000000
2924  -24.965  -92.940  9.873 0.4000000060
2064  -24.122  -94.498  18.395 0.3000000119
2525  -24.346  -93.342  10.268 0.4000000060
2063  -23.590  -94.579  18.367 0.3000000119
2173  -24.224  -94.017  9.388 0.4000000060
2537  -24.765  -93.573  9.042 0.4000000060
1678  -23.518  -95.552  17.506 0.3000000119
1304  -23.377  -96.362  16.148 0.3000000119
1700  -22.691  -96.268  16.028 0.3000000119
3766  -27.492  -90.890  13.701 0.3000000119
3765  -25.841  -90.237  13.149 0.3000000119
3802  -25.741  -90.627  11.566 0.3000000119
2819  -24.181  -93.074  18.558 0.4000000060
2925  -25.696  -92.547  9.264 0.4000000060
2437  -23.549  -93.788  18.563 0.4000000060
133527  -25.083  -93.165  9.339 0.4000000060
2435  -21.849  -93.599  18.221 0.3000000119
2436  -22.851  -94.163  18.376 0.3000000119
2070  -22.408  -94.484  17.773 0.3000000119
1686  -22.440  -95.555  16.515 0.3000000119
1718  -21.572  -96.402  14.891 0.3000000119
1699  -21.896  -95.757  15.542 0.3000000119
3785  -26.238  -90.366  12.135 0.3000000119
3803  -26.569  -90.616  11.128 0.4000000060
3326  -26.460  -91.207  10.168 0.4000000060
2454  -21.534  -93.970  17.268 0.3000000119
2446  -20.965  -93.253  17.656 0.3000000119
2079  -22.073  -94.729  16.878 0.3000000119
2078  -21.252  -94.239  16.249 0.3000000119
2094  -21.789  -94.935  16.045 0.3000000119
2844  -20.152  -92.821  17.033 0.3000000119
2452  -19.822  -93.136  15.988 0.3000000119
2453  -20.672  -93.520  16.619 0.3000000119
2092  -20.068  -94.343  14.694 0.3000000119
2093  -21.063  -94.678  15.226 0.3000000119
3815  -27.855  -90.731  10.285 0.3000000119
3343  -27.279  -90.969  9.938 0.4000000060
2851  -19.071  -92.971  15.664 0.3000000119
2091  -18.327  -93.966  14.699 0.3000000119
123914  -28.908  -90.603  11.479 0.3000000119
130328  -28.417  -90.609  10.842 0.3000000119
3344  -27.868  -90.906  9.502 0.3000000119
3804  -29.061  -90.497  10.637 0.3000000119
3816  -28.702  -90.593  9.910 0.3000000119
19557  -4.654  -66.661  17.031 0.5000000000
17832  -9.708  -68.995  22.307 0.5000000000
18692  -9.048  -67.950  21.353 0.4000000060
113010  -4.700  -65.109  17.519 0.4000000060
1417  -20.699  -96.235  7.563 0.6000000238
1810  -22.456  -95.313  8.848 0.5000000000
130139  -26.205  -91.823  9.528 0.4000000060
3361  -27.048  -91.407  9.321 0.4000000060
20382  -2.368  -65.190  15.818 0.5000000000
21188  -2.695  -64.314  16.157 0.4000000060
22006  -4.713  -62.372  16.211 0.4000000060
126230  -24.260  -94.617  14.893 0.3000000119
1719  -24.362  -95.878  14.981 0.3000000119
131603  -26.825  -92.445  18.432 0.4000000060
2880  -23.516  -92.427  11.991 0.4000000060
2821  -25.871  -93.125  18.219 0.4000000060
2439  -25.110  -93.820  18.131 0.3000000119
2455  -24.885  -94.263  17.770 0.3000000119
3801  -25.009  -90.957  11.562 0.4000000060
2080  -22.823  -95.311  17.380 0.3000000119
2909  -25.448  -92.022  10.139 0.4000000060
1687  -23.111  -95.943  16.838 0.3000000119
120711  -22.456  -93.266  18.581 0.3000000119
1698  -21.011  -95.493  14.696 0.3000000119
125904  -27.576  -90.602  11.058 0.3000000119
2468  -19.316  -93.588  15.051 0.3000000119
1448  -16.571  -96.254  4.164 0.5000000000
129345  -16.555  -96.727  4.912 0.5000000000
1415  -19.116  -96.928  7.336 0.5000000000
1404  -20.077  -96.155  8.131 0.4000000060
2893  -17.876  -92.075  11.214 0.4000000060
2156  -21.141  -94.287  10.974 0.3000000119
2130  -21.481  -94.599  12.410 0.3000000119
2144  -21.951  -93.803  11.992 0.4000000060
2119  -22.890  -94.667  13.356 0.3000000119
2818  -22.976  -92.588  18.610 0.3000000119
3685  -23.570  -91.030  18.281 0.3000000119
3226  -23.830  -92.029  18.465 0.3000000119
2822  -27.258  -92.510  18.302 0.3000000119
128755  -22.767  -90.768  18.239 0.3000000119
3686  -24.537  -91.458  18.378 0.3000000119
3227  -24.876  -92.488  18.489 0.3000000119
126452  -25.593  -91.921  18.517 0.3000000119
3687  -26.920  -91.182  18.484 0.3000000119
3697  -25.911  -90.900  18.357 0.3000000119
119196  -25.098  -90.275  18.047 0.3000000119
3696  -25.079  -90.964  18.331 0.3000000119
4194  -25.650  -89.809  17.858 0.3000000119
118753  -27.255  -92.016  18.531 0.3000000119
3688  -27.780  -91.355  18.484 0.3000000119
115463  -24.668  -89.386  17.656 0.3000000119
4179  -27.419  -90.477  18.297 0.3000000119
119817  -27.021  -89.755  17.860 0.3000000119
1891  -13.834  -94.649  2.003 0.3000000119
1793  -20.482  -95.000  9.447 0.5000000000
1416  -19.949  -96.546  7.409 0.4000000060
1427  -18.635  -96.890  6.363 0.5000000000
2143  -21.292  -94.241  11.684 0.3000000119
22816  -7.033  -61.042  16.523 0.3000000119
22802  -5.977  -61.519  17.274 0.3000000119
20312  -7.995  -65.521  19.865 0.3000000119
118958  -16.213  -95.801  3.536 0.4000000060
1103  -15.887  -96.785  4.726 0.4000000060
743  -15.975  -99.059  9.191 0.4000000060
760  -16.194  -98.466  7.677 0.4000000060
128108  -17.003  -98.049  7.530 0.4000000060
1071  -18.121  -97.323  7.363 0.4000000060
119775  -16.428  -97.562  6.248 0.4000000060
1082  -17.217  -97.376  6.427 0.4000000060
1083  -17.850  -97.263  6.630 0.4000000060
472  -15.905  -99.339  10.582 0.3000000119
121367  -16.636  -98.662  9.187 0.4000000060
1061  -17.720  -97.564  8.431 0.4000000060
1092  -17.004  -96.999  5.538 0.4000000060
753  -16.282  -98.675  8.553 0.4000000060
1081  -16.737  -97.908  6.967 0.4000000060
134208  -15.689  -99.170  9.838 0.3000000119
1050  -17.301  -98.168  9.239 0.4000000060
754  -16.979  -98.252  8.299 0.4000000060
124508  -17.416  -97.638  7.104 0.4000000060
1402  -18.498  -96.927  8.181 0.4000000060
467  -16.730  -99.337  10.682 0.3000000119
132042  -16.338  -99.145  9.895 0.3000000119
745  -17.661  -98.191  10.078 0.3000000119
125124  -18.556  -95.862  10.158 0.3000000119
1792  -19.370  -95.355  9.558 0.3000000119
126011  -18.060  -96.880  8.961 0.3000000119
1779  -19.936  -94.780  10.442 0.3000000119
2169  -20.866  -94.573  10.254 0.3000000119
1791  -18.596  -96.125  9.036 0.3000000119
1807  -19.405  -95.819  8.681 0.3000000119
1403  -19.304  -96.467  8.113 0.3000000119
128439  -16.217  -93.685  21.320 0.3000000119
2403  -15.355  -93.486  21.185 0.3000000119
3246  -20.093  -91.925  18.344 0.3000000119
2804  -13.230  -92.255  19.645 0.3000000119
2813  -13.761  -91.802  18.811 0.3000000119
112577  -15.539  -90.712  18.310 0.3000000119
128608  -16.290  -90.613  18.227 0.3000000119
3219  -16.966  -90.853  17.973 0.3000000119
3220  -18.022  -90.890  17.979 0.3000000119
3680  -18.525  -90.516  18.162 0.3000000119
127101  -19.201  -90.666  18.226 0.3000000119
3675  -13.759  -90.869  18.717 0.3000000119
3676  -14.679  -90.784  18.455 0.3000000119
3677  -15.162  -89.981  18.540 0.3000000119
3678  -16.031  -90.051  18.429 0.3000000119
114313  -16.853  -90.207  18.296 0.3000000119
1394  -18.151  -96.660  9.776 0.3000000119
2408  -15.080  -93.336  20.215 0.3000000119
3218  -15.002  -91.601  18.114 0.3000000119
120704  -13.801  -92.403  19.185 0.3000000119
2805  -13.827  -92.692  19.789 0.3000000119
2814  -14.369  -92.350  18.599 0.3000000119
3217  -14.294  -91.493  18.477 0.3000000119
4169  -14.284  -89.981  18.679 0.3000000119
744  -17.053  -98.786  9.959 0.3000000119
1051  -17.794  -97.463  9.477 0.3000000119
1070  -17.461  -97.791  7.708 0.4000000060
1091  -16.088  -97.209  5.477 0.4000000060
1093  -17.811  -96.993  5.891 0.5000000000
1104  -17.178  -96.447  4.665 0.5000000000
1305  -24.069  -96.346  16.042 0.3000000119
1327  -23.574  -96.778  14.693 0.3000000119
1688  -23.775  -96.028  16.842 0.3000000119
1795  -22.455  -94.963  9.544 0.6000000238
1808  -20.167  -95.535  8.716 0.4000000060
1856  -20.443  -95.263  3.619 0.6999999881
1857  -21.293  -94.976  3.704 0.6999999881
1863  -16.631  -95.376  3.257 0.6000000238
1864  -17.421  -95.282  3.310 0.6000000238
1865  -18.335  -95.181  3.246 0.6000000238
1868  -21.383  -94.397  3.375 0.6000000238
2071  -23.228  -94.959  18.027 0.3000000119
2082  -24.487  -95.034  17.391 0.3000000119
2111  -24.471  -95.270  15.312 0.3000000119
2120  -23.668  -95.077  13.878 0.3000000119
2157  -22.083  -93.988  11.007 0.5000000000
2185  -24.356  -93.990  8.670 0.4000000060
2203  -24.194  -93.802  6.863 0.5000000000
2223  -15.861  -94.543  2.770 0.6000000238
2228  -21.143  -94.190  3.272 0.6999999881
2229  -21.813  -94.004  3.416 0.6000000238
2233  -13.823  -94.029  1.932 0.5000000000
2234  -14.517  -94.383  2.225 0.3000000119
2235  -15.274  -94.807  2.516 0.5000000000
2407  -14.226  -93.008  20.200 0.3000000119
2438  -24.533  -93.968  18.464 0.3000000119
2469  -20.395  -93.827  15.563 0.3000000119
2483  -24.427  -94.328  15.679 0.3000000119
2499  -23.030  -93.013  12.578 0.4000000060
2507  -14.290  -93.178  11.177 0.5000000000
2530  -12.963  -93.332  9.389 0.6000000238
2533  -15.071  -93.592  9.873 0.6000000238
2535  -17.146  -92.987  9.905 0.5000000000
2545  -15.363  -93.767  9.001 0.5000000000
2546  -16.296  -93.574  9.060 0.5000000000
2562  -18.556  -93.076  7.286 0.6000000238
2573  -17.404  -93.303  6.623 0.5000000000
2585  -14.519  -93.785  5.430 0.5000000000
2594  -24.302  -92.616  5.323 0.5000000000
2600  -13.843  -93.534  4.078 0.5000000000
2606  -21.848  -93.359  3.787 0.5000000000
2607  -22.190  -93.561  3.752 0.6000000238
2608  -22.885  -93.315  4.096 0.6000000238
2615  -17.199  -94.461  3.308 0.6000000238
2617  -20.220  -94.234  3.310 0.6999999881
2618  -20.900  -94.024  3.263 0.6999999881
2624  -12.554  -93.327  1.958 0.4000000060
2833  -26.618  -92.758  18.266 0.4000000060
2861  -2.757  -91.699  13.433 0.6999999881
2870  -0.322  -92.370  12.791 0.5000000000
2871  -1.191  -92.553  12.766 0.5000000000
2872  -2.083  -92.404  12.861 0.6999999881
2874  -12.346  -92.197  12.467 0.4000000060
2887  -10.951  -91.880  11.343 0.6000000238
2892  -16.270  -92.708  11.599 0.5000000000
2905  -13.466  -93.014  11.003 0.5000000000
2906  -16.576  -92.826  11.111 0.5000000000
2907  -18.192  -92.322  10.489 0.6000000238
2918  -11.536  -92.640  9.394 0.6000000238
2920  -17.783  -92.691  10.064 0.6000000238
2922  -19.343  -92.361  9.416 0.5000000000
2933  -6.828  -92.048  8.216 0.6000000238
2935  -9.244  -92.239  8.775 0.6999999881
2937  -11.539  -92.803  8.576 0.6000000238
2957  -21.128  -92.601  7.460 0.5000000000
2968  -7.097  -92.239  6.539 0.5000000000
2971  -9.461  -92.501  6.074 0.5000000000
2984  -7.811  -91.992  4.693 0.5000000000
3221  -18.877  -91.061  18.190 0.3000000119
3228  -26.279  -92.589  18.456 0.4000000060
3248  -26.948  -92.739  17.891 0.4000000060
3260  -28.741  -91.754  17.135 0.3000000119
3265  -24.606  -91.507  15.921 0.3000000119
3266  -25.355  -91.424  16.227 0.4000000060
3273  -4.056  -90.789  14.151 0.6999999881
3274  -4.688  -90.729  14.319 0.6999999881
3298  0.164  -92.065  12.727 0.5000000000
3301  -5.092  -91.246  13.361 0.6999999881
3305  -12.098  -91.855  13.130 0.4000000060
3314  0.059  -91.501  12.403 0.5000000000
3320  -9.838  -91.066  10.975 0.6999999881
3329  1.421  -91.623  11.083 0.5000000000
3331  -4.012  -91.900  9.790 0.4000000060
3334  -6.726  -91.317  10.359 0.6999999881
3351  -5.273  -91.566  9.434 0.6000000238
3679  -17.694  -90.379  18.158 0.3000000119
3698  -26.536  -90.238  18.110 0.3000000119
3714  -5.767  -89.903  15.050 0.6999999881
3723  -28.503  -91.346  15.326 0.3000000119
3728  -3.980  -90.278  14.136 0.6999999881
3731  -6.404  -90.078  14.981 0.6999999881
3733  -10.711  -90.204  14.395 0.4000000060
3741  -24.219  -91.092  15.026 0.3000000119
3754  -1.942  -91.130  13.346 0.6999999881
3760  -10.525  -90.350  13.612 0.5000000000
3772  -1.939  -90.507  12.995 0.6999999881
3773  -5.848  -90.920  13.314 0.6999999881
3774  -6.722  -90.586  12.901 0.6999999881
3776  -8.768  -90.002  12.292 0.6999999881
3791  -0.452  -90.799  12.022 0.6000000238
3793  -6.982  -90.705  11.873 0.6999999881
3794  -7.769  -90.651  11.557 0.6999999881
3795  -9.220  -90.636  11.239 0.6999999881
3796  -9.969  -90.595  11.733 0.6999999881
3797  -10.549  -91.137  12.145 0.6999999881
3814  -27.153  -90.753  10.491 0.3000000119
3822  0.493  -90.610  10.011 0.5000000000
4193  -24.253  -90.367  18.050 0.3000000119
4215  -11.323  -89.545  15.354 0.5000000000
4227  -7.666  -89.326  14.838 0.6999999881
4242  -3.379  -90.082  13.691 0.6999999881
4244  -7.980  -89.632  13.956 0.6999999881
4258  -2.359  -89.855  12.599 0.6999999881
4259  -2.995  -89.616  12.936 0.6999999881
4260  -3.546  -89.399  13.198 0.6999999881
4269  -1.544  -89.727  11.361 0.6000000238
4278  -0.673  -89.878  10.389 0.6000000238
4279  -1.339  -89.493  10.467 0.6999999881
4280  -2.079  -89.132  10.787 0.6999999881
4294  -0.898  -89.544  9.872 0.6000000238
4295  -1.548  -89.135  9.634 0.6999999881
4312  -1.479  -89.094  8.598 0.5000000000
4330  -12.890  -89.743  7.183 0.5000000000
4331  -13.468  -89.913  7.717 0.5000000000
4345  -0.931  -89.811  5.892 0.5000000000
4352  -14.268  -90.166  6.688 0.5000000000
4375  -12.039  -89.099  3.065 0.5000000000
4757  -5.826  -89.167  15.079 0.6999999881
4760  -8.639  -87.996  15.367 0.6000000238
4773  -5.183  -88.997  14.506 0.6999999881
4775  -6.111  -88.390  14.959 0.6999999881
4792  -5.223  -88.318  13.561 0.6999999881
4804  -3.474  -88.946  12.423 0.6999999881
4818  -3.407  -88.596  11.404 0.6999999881
4834  -2.827  -88.655  10.610 0.6999999881
4836  -5.188  -88.022  11.067 0.6999999881
4855  -4.810  -88.204  9.451 0.6999999881
4871  -2.912  -88.613  8.475 0.6000000238
4874  -5.150  -87.932  8.711 0.6999999881
4875  -5.936  -87.963  8.855 0.6000000238
4879  -12.309  -88.723  8.402 0.5000000000
4889  -2.695  -88.860  7.687 0.6000000238
4891  -3.998  -88.268  7.356 0.6000000238
4892  -7.286  -87.884  7.896 0.6000000238
4893  -7.974  -88.453  7.467 0.5000000000
4894  -8.547  -88.746  6.986 0.5000000000
4913  -11.715  -89.130  6.314 0.6000000238
4924  -9.349  -88.151  5.127 0.6000000238
4925  -9.930  -88.266  4.502 0.6000000238
4934  -4.374  -88.339  3.977 0.5000000000
5321  -8.149  -87.461  15.444 0.6000000238
5329  -6.297  -87.694  14.435 0.6000000238
5330  -7.012  -87.022  14.506 0.6000000238
5332  -11.732  -87.395  14.984 0.5000000000
5346  -7.071  -86.723  13.539 0.6000000238
5365  -5.419  -87.878  12.588 0.6999999881
5367  -6.893  -87.073  12.137 0.6000000238
5383  -7.248  -87.179  11.306 0.6000000238
5399  -5.935  -87.842  10.854 0.6999999881
5400  -6.728  -87.641  10.639 0.6000000238
5401  -7.562  -87.486  10.439 0.6000000238
5403  -9.387  -87.046  10.131 0.5000000000
5424  -12.614  -88.656  10.046 0.5000000000
5434  -5.116  -87.456  8.131 0.5000000000
5437  -9.133  -88.232  8.606 0.5000000000
5439  -11.148  -87.909  8.808 0.6000000238
5447  -5.547  -87.058  7.954 0.6000000238
5448  -7.778  -88.134  7.100 0.5000000000
5459  -8.134  -88.170  6.429 0.5000000000
5468  -5.230  -87.590  4.308 0.6000000238
5494  -5.156  -87.235  3.232 0.5000000000
5496  -12.418  -87.826  2.473 0.6000000238
5913  -8.744  -86.693  15.370 0.6000000238
5914  -9.424  -86.688  15.352 0.6000000238
5920  -7.746  -86.470  14.730 0.6000000238
5932  -8.263  -85.869  14.030 0.5000000000
5933  -10.576  -85.690  13.876 0.6000000238
5969  -9.503  -86.142  11.517 0.5000000000
5971  -11.194  -86.522  11.531 0.6000000238
5979  -9.001  -86.656  10.895 0.5000000000
5981  -10.726  -86.648  10.771 0.6000000238
6027  -5.623  -86.444  6.053 0.6000000238
6029  -8.193  -87.691  6.469 0.5000000000
6030  -8.712  -87.317  6.285 0.5000000000
6031  -10.075  -86.431  5.793 0.6000000238
6039  -5.814  -86.937  4.602 0.6000000238
6054  -6.273  -86.538  3.716 0.6000000238
6055  -10.543  -87.215  3.548 0.6000000238
6065  -11.175  -86.923  2.823 0.6000000238
6066  -12.207  -86.730  2.492 0.6000000238
6541  -9.131  -85.733  14.386 0.5000000000
6542  -9.943  -85.820  14.563 0.6000000238
6570  -8.647  -85.781  13.054 0.5000000000
6572  -10.340  -85.578  13.011 0.6000000238
6586  -9.965  -85.727  12.187 0.6000000238
6636  -8.379  -85.124  7.869 0.5000000000
6638  -9.536  -85.216  7.660 0.5000000000
6655  -7.439  -84.920  7.102 0.6000000238
6656  -9.122  -86.140  7.222 0.5000000000
6658  -10.790  -85.326  6.536 0.6000000238
6673  -7.267  -85.489  4.878 0.6000000238
6674  -7.682  -84.889  5.580 0.6000000238
6691  -7.094  -85.768  3.648 0.5000000000
6692  -7.586  -85.074  3.156 0.6000000238
6696  -14.204  -84.633  3.015 0.6000000238
6706  -6.120  -85.750  2.942 0.5000000000
6707  -6.894  -85.458  2.928 0.5000000000
6708  -7.174  -84.835  2.929 0.6000000238
6710  -12.839  -85.585  2.685 0.6000000238
6711  -13.617  -85.296  2.834 0.6000000238
7243  -8.375  -84.581  7.424 0.6000000238
7244  -9.139  -83.922  7.234 0.5000000000
7260  -14.321  -84.460  5.843 0.4000000060
7288  -6.696  -84.467  3.224 0.6000000238
7289  -8.077  -84.460  3.521 0.6000000238
7291  -13.376  -83.994  3.343 0.6000000238
7302  -5.746  -85.319  3.130 0.5000000000
7920  -10.644  -83.382  7.166 0.6000000238
7921  -11.221  -83.230  6.926 0.6000000238
7923  -14.565  -82.821  6.425 0.5000000000
7937  -9.462  -83.317  6.105 0.5000000000
7939  -11.598  -83.444  6.612 0.6000000238
7953  -5.737  -83.716  5.051 0.6000000238
7958  -14.018  -82.651  4.021 0.6000000238
7959  -14.706  -82.428  4.101 0.5000000000
7960  -15.170  -82.910  4.497 0.5000000000
7972  -14.694  -83.046  3.589 0.6000000238
8633  -4.834  -82.332  6.133 0.6000000238
8636  -8.374  -82.308  5.282 0.6000000238
8651  -7.399  -82.921  5.110 0.6000000238
8653  -8.923  -82.346  4.780 0.6000000238
8654  -10.148  -82.100  5.296 0.6000000238
8656  -13.909  -81.965  4.757 0.5000000000
8665  -8.444  -83.289  4.173 0.6000000238
8666  -8.765  -82.798  4.482 0.5000000000
8667  -9.143  -82.516  4.788 0.6000000238
8668  -15.041  -82.565  4.152 0.5000000000
9281  -8.212  -81.389  8.528 0.6000000238
9282  -8.923  -81.418  8.594 0.5000000000
9301  -7.184  -81.891  7.519 0.6000000238
9303  -9.569  -81.232  7.821 0.5000000000
9305  -14.712  -81.245  6.496 0.5000000000
9319  -5.051  -81.587  6.338 0.6000000238
9321  -7.829  -82.198  6.616 0.6000000238
9323  -9.421  -81.427  5.794 0.6000000238
9339  -12.396  -81.185  5.534 0.5000000000
9340  -13.644  -81.214  5.248 0.5000000000
9342  -14.620  -80.993  5.635 0.5000000000
9846  -6.332  -80.292  14.431 0.6000000238
9900  -8.568  -79.778  10.009 0.6000000238
9901  -9.113  -80.423  9.825 0.6000000238
9924  -7.374  -79.808  8.345 0.6000000238
9926  -9.461  -81.069  9.043 0.6000000238
9949  -9.850  -80.924  6.344 0.5000000000
9952  -12.403  -79.989  5.879 0.6000000238
9953  -14.623  -80.303  6.533 0.5000000000
9962  -10.896  -80.842  5.661 0.5000000000
9963  -11.808  -80.651  5.713 0.6000000238
9964  -13.361  -80.065  5.692 0.5000000000
9965  -14.204  -80.268  5.707 0.5000000000
10428  -6.359  -79.328  15.327 0.6000000238
10455  -6.213  -79.768  13.366 0.6000000238
10466  -5.853  -79.845  12.360 0.6000000238
10489  -8.101  -79.091  10.310 0.6000000238
10491  -9.611  -79.148  10.742 0.6000000238
10506  -10.384  -79.177  10.204 0.6999999881
10507  -11.013  -79.098  9.397 0.6999999881
10514  -7.009  -78.739  8.256 0.6999999881
10526  -4.910  -78.130  7.472 0.5000000000
10527  -5.560  -77.922  7.819 0.5000000000
10539  -12.008  -79.571  6.426 0.6000000238
10540  -13.582  -78.745  6.430 0.5000000000
10541  -14.122  -78.966  6.321 0.5000000000
10542  -14.401  -79.417  6.485 0.5000000000
10546  -13.743  -79.460  5.969 0.5000000000
10986  -5.867  -78.245  16.286 0.5000000000
11017  -6.666  -78.864  15.039 0.6000000238
11025  -6.437  -79.443  14.239 0.6000000238
11036  -5.239  -78.993  11.963 0.6000000238
11063  -6.576  -78.495  11.052 0.6999999881
11090  -5.539  -77.989  8.457 0.5000000000
11099  -12.382  -78.361  7.550 0.6000000238
11100  -12.879  -78.043  7.319 0.5000000000
11108  -14.227  -78.690  6.665 0.5000000000
11552  -6.610  -77.359  16.564 0.5000000000
11563  -6.995  -77.730  16.080 0.6000000238
11564  -7.420  -77.093  15.995 0.6000000238
11597  -4.301  -77.630  12.049 0.6000000238
11610  -8.109  -77.374  11.746 0.6000000238
11621  -9.891  -77.514  10.756 0.6999999881
11622  -10.608  -77.454  9.921 0.6999999881
11653  -13.338  -77.522  7.596 0.5000000000
12173  -6.012  -76.853  16.859 0.5000000000
12191  -7.686  -76.496  15.813 0.6000000238
12207  -7.081  -76.437  14.579 0.6999999881
12218  -4.862  -77.371  13.486 0.6999999881
12233  -3.822  -77.149  12.245 0.6000000238
12257  -8.659  -76.596  11.422 0.6999999881
12277  -8.997  -75.805  10.639 0.8000000119
12294  -11.028  -76.503  9.164 0.8000000119
12295  -11.871  -76.280  8.477 0.8000000119
12296  -12.928  -76.086  9.226 0.5000000000
12310  -12.694  -76.033  8.569 0.5000000000
12838  -6.632  -75.423  17.598 0.6000000238
12854  -7.220  -76.117  17.233 0.6000000238
12867  -8.006  -75.805  16.059 0.6000000238
12876  -5.505  -75.681  13.879 0.6999999881
12878  -7.628  -76.079  15.061 0.6999999881
12894  -3.444  -76.394  12.036 0.6000000238
12913  -6.603  -74.897  11.183 0.8000000119
12916  -9.378  -75.003  9.885 0.6999999881
12927  -11.139  -74.873  8.624 0.6000000238
12936  -11.974  -74.860  8.463 0.5000000000
13495  -5.328  -74.602  17.447 0.5000000000
13498  -8.477  -74.331  17.371 0.6999999881
13558  -5.462  -74.688  11.233 0.6999999881
13565  -7.224  -74.230  11.019 0.8000000119
13567  -9.061  -74.193  10.053 0.6999999881
13574  -10.864  -74.001  8.695 0.6000000238
13576  -12.404  -74.475  8.971 0.5000000000
13581  -11.637  -74.319  8.561 0.6000000238
13582  -12.141  -74.329  8.717 0.5000000000
14113  -9.031  -72.907  17.846 0.6999999881
14126  -4.441  -73.484  17.266 0.5000000000
14127  -5.877  -73.700  18.002 0.6000000238
14129  -8.441  -74.199  18.001 0.6999999881
14141  -8.653  -73.734  16.959 0.6999999881
14154  -6.404  -73.861  14.381 0.8000000119
14194  -2.757  -73.876  12.248 0.8000000119
14203  -4.937  -73.970  11.316 0.6999999881
14204  -5.764  -73.215  11.442 0.6000000238
14216  -11.151  -73.220  8.968 0.5000000000
14217  -11.763  -73.439  9.125 0.5000000000
14773  -8.246  -72.467  19.691 0.8000000119
14807  -8.374  -73.220  16.239 0.6000000238
14808  -8.893  -72.293  17.168 0.8000000119
14827  -7.912  -72.357  15.954 0.6000000238
14867  -2.727  -72.435  12.685 0.6000000238
14873  -2.930  -73.114  12.283 0.6999999881
15449  -7.478  -71.766  20.918 0.8000000119
15461  -6.561  -72.026  19.285 0.6999999881
15514  -4.407  -71.033  15.185 0.6000000238
15548  -2.387  -71.398  13.073 0.6999999881
15549  -2.464  -71.926  13.288 0.6000000238
15569  -4.430  -72.084  12.076 0.6999999881
16194  -6.075  -70.863  22.500 0.5000000000
16200  -6.786  -71.358  21.964 0.5000000000
16210  -8.653  -71.063  20.834 0.6000000238
16222  -6.034  -71.197  20.086 0.8000000119
16262  -9.198  -71.006  18.102 0.6999999881
16282  -6.444  -70.046  16.274 0.5000000000
16327  -2.490  -70.610  14.265 0.6000000238
16336  -2.483  -70.151  13.196 0.6000000238
16349  -2.740  -70.781  12.885 0.6000000238
16977  -5.970  -69.695  23.626 0.5000000000
16980  -8.846  -69.294  23.236 0.5000000000
17026  -8.935  -70.071  19.893 0.5000000000
17088  -2.042  -69.302  14.933 0.5000000000
17092  -5.503  -69.986  15.941 0.6000000238
17106  -2.125  -69.787  14.340 0.5000000000
17122  -2.838  -69.433  13.224 0.5000000000
17140  -4.314  -69.850  12.727 0.5000000000
17844  -3.851  -68.776  20.797 0.6999999881
17888  -6.875  -68.209  17.491 0.5000000000
17907  -2.883  -68.423  16.193 0.5000000000
17923  -2.429  -69.050  15.565 0.5000000000
18652  -8.956  -68.007  23.877 0.5000000000
18654  -10.394  -68.054  23.317 0.3000000119
18749  -5.136  -67.586  16.872 0.6000000238
18760  -1.976  -67.350  15.648 0.5000000000
19425  -3.998  -66.103  24.400 0.4000000060
19444  -7.077  -66.331  24.078 0.5000000000
19462  -10.066  -66.544  23.340 0.3000000119
19486  -8.466  -67.107  20.915 0.4000000060
19500  -7.436  -66.395  20.124 0.4000000060
19539  -5.206  -65.977  17.530 0.4000000060
19540  -6.099  -66.253  18.218 0.4000000060
20255  -4.516  -65.577  24.578 0.4000000060
20270  -3.438  -65.653  24.127 0.4000000060
20272  -7.593  -65.789  23.802 0.4000000060
20313  -8.739  -65.838  19.706 0.3000000119
20344  -3.201  -64.562  16.959 0.4000000060
21071  -2.874  -64.094  24.248 0.4000000060
21076  -8.089  -65.051  23.404 0.4000000060
21147  -4.658  -64.000  17.621 0.4000000060
21148  -5.414  -63.169  18.062 0.4000000060
21169  -2.926  -64.413  16.694 0.4000000060
21170  -3.218  -63.721  16.596 0.4000000060
21857  -3.871  -64.333  24.583 0.4000000060
21886  -4.383  -63.732  24.538 0.4000000060
21903  -7.379  -63.318  22.784 0.4000000060
21990  -4.500  -62.481  16.975 0.4000000060
22815  -6.033  -60.980  16.315 0.4000000060
112225  -7.305  -87.305  7.725 0.6000000238
114229  -24.571  -93.520  9.679 0.4000000060
114363  -4.113  -91.854  10.865 0.6999999881
114499  -5.783  -91.662  8.972 0.6000000238
114540  -3.532  -75.604  11.552 0.6000000238
114721  -6.916  -78.145  15.507 0.6000000238
114901  -12.077  -88.775  7.735 0.6000000238
114931  -11.577  -92.503  10.151 0.6000000238
115302  -2.393  -65.788  16.366 0.5000000000
115311  -10.455  -87.880  15.287 0.5000000000
115640  -4.497  -87.501  3.226 0.4000000060
115743  -4.704  -73.358  11.531 0.8000000119
115792  -12.561  -76.207  8.386 0.6000000238
115918  -5.442  -70.805  15.534 0.6000000238
116040  -6.151  -86.616  7.827 0.6000000238
116405  -10.855  -92.550  4.279 0.4000000060
116954  -22.870  -91.530  18.445 0.3000000119
117339  -8.753  -73.381  10.324 0.6000000238
117385  -14.733  -80.860  5.980 0.5000000000
118064  -21.936  -95.626  8.345 0.5000000000
118438  -10.955  -87.061  10.157 0.6000000238
118725  -23.584  -93.740  5.038 0.5000000000
118768  -3.829  -68.603  21.475 0.6999999881
118777  -6.380  -78.366  9.167 0.6999999881
119096  -26.842  -90.486  12.935 0.3000000119
120392  -5.234  -91.316  12.443 0.6999999881
120546  -6.223  -74.572  17.853 0.6000000238
120616  -25.894  -92.300  6.657 0.5000000000
120643  -3.106  -74.544  13.173 0.6000000238
121584  -4.601  -75.600  11.302 0.6999999881
121702  -8.584  -88.578  7.824 0.5000000000
121843  -15.780  -93.559  4.544 0.6000000238
122198  -15.291  -93.949  6.909 0.5000000000
122200  -15.278  -93.882  8.191 0.5000000000
122287  -12.273  -89.608  4.045 0.5000000000
122436  -5.793  -90.390  14.697 0.6999999881
122539  -19.629  -93.484  5.702 0.6000000238
122752  -8.263  -92.409  7.116 0.5000000000
123031  -3.402  -66.875  23.018 0.4000000060
123244  -25.478  -90.310  14.012 0.4000000060
123547  -21.248  -93.692  3.567 0.6000000238
123823  -5.342  -74.190  14.076 0.6000000238
123844  -17.332  -96.008  3.970 0.5000000000
124292  -10.789  -88.814  5.736 0.6000000238
124688  -8.610  -69.470  21.964 0.4000000060
124717  -23.915  -94.360  8.181 0.4000000060
125082  -3.741  -71.479  14.688 0.6000000238
125109  -13.576  -77.526  7.689 0.5000000000
125161  -3.133  -88.465  9.122 0.6999999881
125203  -5.783  -63.603  23.916 0.5000000000
125344  -6.280  -76.457  11.566 0.8000000119
125884  -12.885  -79.334  6.197 0.5000000000
126556  -23.487  -92.422  4.865 0.5000000000
126628  -2.591  -64.939  16.366 0.5000000000
127541  -9.381  -92.418  7.985 0.6000000238
128101  -4.475  -88.227  10.233 0.6999999881
128338  -24.408  -91.433  11.736 0.4000000060
128599  -0.698  -89.457  8.426 0.5000000000
128849  -4.138  -87.167  3.150 0.4000000060
128913  -24.924  -92.367  5.756 0.5000000000
129136  -0.942  -92.121  13.124 0.6999999881
129455  -2.252  -92.064  13.271 0.6999999881
129605  -4.238  -69.438  19.719 0.6999999881
129875  -11.769  -85.620  3.418 0.6000000238
129899  -3.474  -88.899  5.715 0.6000000238
130533  -4.857  -88.006  4.132 0.6000000238
130572  -19.909  -94.645  3.232 0.6999999881
130574  -11.197  -86.037  13.957 0.6000000238
130698  -7.337  -84.333  3.207 0.6000000238
131090  -20.748  -95.966  8.220 0.4000000060
131200  -10.639  -92.653  5.057 0.5000000000
131229  -7.196  -86.717  12.752 0.6000000238
131271  -8.385  -86.141  12.417 0.6000000238
131490  -8.481  -63.681  22.593 0.4000000060
132470  -8.702  -91.949  9.278 0.6999999881
132501  -5.860  -77.704  11.532 0.6000000238
132520  -6.847  -92.145  6.104 0.4000000060
132525  -19.967  -92.169  9.521 0.5000000000
132553  -21.188  -92.320  8.161 0.5000000000
133708  -12.189  -77.945  8.142 0.6999999881
133710  -10.217  -83.957  7.586 0.6000000238
133874  -4.843  -88.142  10.663 0.6999999881
134212  -14.141  -93.969  7.629 0.5000000000
134494  -8.253  -70.147  22.864 0.4000000060
134514  -14.810  -81.596  5.236 0.5000000000
134596  -24.041  -94.169  7.614 0.5000000000
134834  -12.143  -93.162  8.332 0.6000000238
134919  -6.123  -84.207  3.950 0.6000000238
135010  -21.860  -95.487  8.803 0.5000000000
135125  -14.417  -93.543  10.002 0.6000000238
135348  -13.433  -92.036  19.135 0.3000000119
