#!ascii label  , from subject sub-v1s17x0051141_ses-1 vox2ras=TkReg
2178
7006  -27.076  -88.710  -22.817 0.5000000000
4725  -25.536  -91.613  -21.160 0.5000000000
4717  -25.103  -91.322  -19.330 0.5000000000
4706  -24.476  -91.592  -18.764 0.5000000000
7706  -26.602  -86.616  -23.740 0.5000000000
7702  -27.391  -87.252  -23.417 0.5000000000
7707  -27.393  -87.198  -24.369 0.5000000000
7007  -27.787  -88.782  -23.562 0.5000000000
7010  -28.813  -88.767  -24.613 0.6000000238
6413  -27.413  -89.903  -23.449 0.5000000000
4704  -23.253  -92.127  -18.072 0.5000000000
5251  -26.113  -91.389  -21.971 0.5000000000
4695  -22.677  -91.786  -17.358 0.5000000000
5245  -26.041  -91.097  -20.728 0.6000000238
5228  -24.090  -91.492  -17.930 0.6000000238
5791  -26.821  -89.587  -19.622 0.6000000238
4707  -24.864  -91.021  -18.292 0.6000000238
5227  -23.867  -90.994  -17.011 0.6999999881
5787  -26.436  -89.347  -18.677 0.6999999881
151456  -24.615  -90.729  -17.391 0.6999999881
5778  -26.159  -89.146  -17.852 0.6999999881
5221  -25.053  -90.011  -16.926 0.6999999881
5220  -24.326  -90.336  -16.528 0.6999999881
153803  -26.288  -87.152  -25.001 0.5000000000
7012  -28.245  -87.791  -24.939 0.6000000238
7717  -26.405  -87.420  -26.279 0.6000000238
7718  -28.356  -87.358  -26.188 0.6000000238
5804  -27.803  -90.293  -22.552 0.5000000000
5219  -22.579  -90.719  -15.969 0.5000000000
4669  -21.746  -90.981  -15.778 0.5000000000
4636  -21.938  -91.112  -13.892 0.6999999881
5212  -22.185  -90.516  -15.087 0.6999999881
5202  -22.314  -90.494  -14.195 0.6999999881
5247  -27.251  -90.599  -22.031 0.6000000238
5796  -27.737  -89.882  -21.297 0.6999999881
5759  -23.542  -89.732  -14.708 0.6999999881
152283  -27.220  -89.073  -19.581 0.6999999881
6361  -26.711  -88.648  -18.248 0.6999999881
5754  -24.134  -89.322  -14.386 0.6999999881
6351  -27.000  -87.944  -17.836 0.6999999881
6335  -26.099  -88.447  -16.555 0.6999999881
145586  -25.242  -89.161  -15.946 0.6999999881
150230  -24.931  -88.530  -13.813 0.6999999881
6322  -26.401  -87.710  -16.115 0.6999999881
6940  -26.438  -87.285  -15.482 0.6999999881
6311  -25.522  -88.102  -14.384 0.6999999881
6931  -26.180  -87.292  -14.723 0.6999999881
7712  -25.001  -87.390  -25.737 0.5000000000
7724  -25.938  -87.102  -26.526 0.6000000238
8405  -26.935  -86.437  -26.599 0.6000000238
149856  -27.907  -86.824  -26.516 0.6000000238
8406  -28.266  -86.082  -26.626 0.6000000238
7013  -29.047  -88.422  -25.199 0.6000000238
7719  -29.595  -87.280  -26.068 0.6000000238
6415  -29.119  -89.375  -23.411 0.6000000238
141631  -23.111  -91.683  -13.018 0.6999999881
5805  -28.514  -89.750  -22.822 0.6999999881
5188  -22.580  -90.741  -13.427 0.6999999881
4030  -23.908  -91.901  -12.790 0.6999999881
4031  -24.851  -91.988  -12.875 0.6999999881
135597  -29.233  -88.809  -22.277 0.6999999881
5174  -23.614  -90.604  -12.400 0.6999999881
134781  -26.277  -91.591  -12.824 0.6999999881
6386  -28.145  -88.944  -20.630 0.6999999881
7002  -29.127  -88.000  -21.265 0.6999999881
5203  -23.027  -90.027  -13.811 0.6999999881
5736  -23.792  -89.950  -12.423 0.6999999881
5161  -24.124  -90.764  -11.998 0.6999999881
150000  -25.636  -90.905  -11.755 0.6999999881
6374  -28.183  -88.120  -19.906 0.6999999881
6984  -28.440  -87.434  -19.745 0.6999999881
5746  -24.288  -89.091  -13.657 0.6999999881
5162  -25.352  -90.393  -11.354 0.6999999881
145711  -27.201  -87.324  -17.470 0.6999999881
139261  -25.331  -88.016  -13.402 0.6999999881
5737  -24.222  -89.253  -12.691 0.6999999881
134040  -26.836  -86.890  -16.083 0.6999999881
6930  -25.852  -87.295  -13.792 0.6999999881
6303  -25.144  -88.091  -12.495 0.6999999881
7620  -26.774  -86.463  -15.189 0.6999999881
6920  -25.583  -87.371  -12.836 0.6999999881
8299  -26.807  -85.592  -14.620 0.6999999881
7716  -23.748  -86.732  -26.112 0.5000000000
9117  -25.312  -85.792  -26.443 0.6000000238
9114  -25.914  -84.429  -26.133 0.6000000238
9877  -24.573  -84.562  -25.584 0.5000000000
9879  -26.629  -83.400  -25.954 0.6000000238
9107  -22.212  -85.226  -25.622 0.5000000000
8401  -23.651  -85.806  -26.181 0.5000000000
9119  -27.486  -85.191  -26.530 0.6000000238
129905  -26.905  -82.604  -25.631 0.6000000238
9120  -28.743  -84.985  -26.569 0.6000000238
9883  -27.860  -83.932  -26.413 0.6000000238
7017  -30.073  -87.737  -25.454 0.6000000238
7011  -30.202  -88.073  -23.615 0.6999999881
7714  -30.527  -87.132  -25.091 0.6999999881
7008  -29.908  -87.669  -22.636 0.6999999881
7708  -30.466  -87.176  -24.137 0.6999999881
4626  -26.900  -91.050  -12.610 0.6999999881
6994  -29.273  -87.184  -21.215 0.6999999881
8381  -29.523  -86.370  -22.145 0.6999999881
5175  -26.801  -90.669  -11.962 0.6999999881
5191  -27.955  -90.092  -13.187 0.6999999881
7695  -29.161  -86.378  -21.409 0.6999999881
5150  -25.788  -89.973  -10.957 0.6999999881
5176  -27.451  -90.360  -12.376 0.6999999881
5204  -28.103  -90.501  -14.573 0.6999999881
131396  -27.948  -85.745  -18.446 0.6000000238
6284  -25.394  -88.606  -10.876 0.6999999881
5728  -27.373  -89.490  -11.054 0.6999999881
5177  -27.985  -89.718  -12.585 0.6999999881
5747  -28.414  -89.320  -13.190 0.6999999881
5755  -28.467  -89.730  -14.036 0.6999999881
130995  -27.834  -85.933  -17.775 0.6999999881
6903  -25.473  -87.707  -11.158 0.6999999881
6894  -25.771  -87.874  -10.602 0.6000000238
6285  -27.619  -88.727  -10.715 0.6999999881
5729  -28.062  -88.913  -11.479 0.6999999881
8309  -27.105  -85.355  -15.496 0.6000000238
7609  -26.381  -86.467  -14.201 0.6999999881
7598  -26.067  -86.476  -13.123 0.6999999881
7585  -25.710  -86.803  -12.208 0.6999999881
7575  -25.929  -86.187  -10.970 0.6000000238
6895  -26.417  -87.517  -10.178 0.6000000238
143426  -26.912  -84.825  -14.921 0.6000000238
8290  -26.530  -85.616  -13.718 0.6000000238
135650  -26.093  -85.748  -11.757 0.6000000238
8265  -26.230  -85.258  -11.071 0.5000000000
7563  -26.354  -86.499  -10.282 0.5000000000
7547  -26.896  -85.917  -9.861 0.5000000000
8986  -26.582  -83.875  -13.978 0.6000000238
134847  -26.678  -83.186  -12.754 0.5000000000
9738  -26.562  -83.930  -12.080 0.5000000000
9878  -25.356  -83.908  -25.591 0.6000000238
9867  -24.476  -83.572  -24.618 0.6000000238
10679  -26.228  -81.808  -24.792 0.5000000000
11444  -24.965  -81.369  -23.853 0.6999999881
9108  -22.967  -84.883  -25.527 0.5000000000
9866  -23.112  -83.817  -24.083 0.6000000238
9859  -23.751  -83.274  -23.385 0.6000000238
9857  -21.696  -83.212  -23.697 0.6000000238
9865  -22.003  -83.715  -24.465 0.6000000238
11456  -27.898  -81.750  -25.196 0.4000000060
10670  -22.301  -82.858  -22.487 0.6000000238
10693  -28.462  -82.991  -26.287 0.5000000000
9884  -29.139  -83.949  -26.515 0.6000000238
142277  -31.082  -85.028  -26.365 0.6000000238
8394  -30.083  -86.139  -23.751 0.6999999881
8398  -31.046  -85.708  -25.822 0.6000000238
8389  -29.513  -85.752  -22.761 0.6999999881
136443  -28.366  -85.673  -20.055 0.6000000238
9089  -28.419  -84.569  -21.634 0.6000000238
8353  -27.484  -85.088  -17.846 0.6000000238
6286  -28.331  -88.014  -11.108 0.6000000238
136592  -28.555  -88.124  -12.153 0.6000000238
6296  -28.837  -88.271  -13.216 0.6999999881
5748  -28.840  -88.897  -13.816 0.6999999881
148839  -29.642  -88.406  -15.165 0.6999999881
9015  -27.025  -84.604  -16.214 0.6000000238
6896  -27.385  -87.513  -10.052 0.6000000238
6336  -30.040  -88.994  -16.490 0.6999999881
9758  -26.557  -83.176  -14.633 0.6000000238
130640  -26.636  -84.650  -10.534 0.4000000060
8229  -27.617  -85.314  -9.726 0.4000000060
7564  -28.647  -86.391  -10.559 0.5000000000
6904  -28.689  -86.971  -11.249 0.6000000238
6297  -29.541  -87.392  -13.821 0.6000000238
6323  -30.164  -88.249  -15.687 0.6000000238
10555  -26.846  -82.558  -14.565 0.5000000000
130736  -27.111  -82.444  -13.804 0.5000000000
10518  -26.932  -82.888  -12.307 0.5000000000
8972  -26.677  -83.893  -11.118 0.5000000000
7576  -29.144  -86.288  -11.415 0.4000000060
6905  -29.154  -86.513  -12.117 0.6000000238
134142  -24.523  -80.838  -23.575 0.6000000238
10678  -25.291  -81.832  -24.544 0.6000000238
11436  -25.888  -81.324  -23.067 0.6000000238
134598  -23.039  -82.803  -22.143 0.6000000238
11433  -23.709  -81.643  -22.132 0.5000000000
133124  -23.466  -80.047  -22.605 0.6000000238
13044  -23.441  -79.594  -20.380 0.6000000238
11446  -26.965  -81.674  -23.713 0.6000000238
10653  -21.757  -82.459  -21.865 0.6999999881
11401  -23.005  -81.102  -19.641 0.6000000238
13014  -23.221  -79.498  -19.245 0.6000000238
11457  -28.693  -81.637  -25.440 0.5000000000
11447  -28.089  -81.397  -23.916 0.6000000238
11418  -21.237  -81.955  -21.237 0.6000000238
12165  -22.545  -80.689  -18.997 0.6999999881
10691  -29.215  -82.203  -26.045 0.5000000000
11407  -20.708  -81.301  -20.542 0.6999999881
9885  -30.762  -83.451  -26.493 0.6000000238
13043  -20.129  -79.941  -19.746 0.6000000238
137534  -30.160  -85.449  -24.343 0.6000000238
9111  -31.537  -84.702  -25.895 0.6000000238
9874  -30.783  -84.157  -24.987 0.6000000238
9103  -29.238  -84.122  -23.318 0.6000000238
9078  -27.992  -84.366  -20.716 0.6000000238
9064  -27.326  -83.993  -19.172 0.6000000238
10607  -27.926  -82.044  -17.598 0.6000000238
9809  -26.804  -83.832  -16.889 0.6000000238
10592  -28.717  -81.900  -16.875 0.6000000238
10575  -27.091  -82.339  -15.428 0.6000000238
148961  -29.853  -86.721  -13.473 0.6000000238
6932  -30.323  -87.028  -14.234 0.6000000238
6933  -31.085  -87.450  -14.723 0.6000000238
10556  -27.432  -82.254  -14.595 0.5000000000
10520  -27.992  -82.389  -12.272 0.5000000000
10501  -27.465  -82.729  -11.655 0.5000000000
6315  -32.301  -88.647  -14.801 0.6000000238
7566  -30.201  -85.825  -11.336 0.4000000060
6921  -30.478  -86.574  -13.336 0.6000000238
6922  -31.160  -87.179  -13.701 0.6000000238
12211  -23.927  -79.626  -23.575 0.6000000238
13897  -24.499  -78.324  -23.016 0.5000000000
13898  -25.315  -78.902  -22.823 0.6000000238
13891  -26.113  -78.074  -22.049 0.5000000000
137799  -23.780  -80.612  -23.095 0.6000000238
14741  -23.764  -77.922  -22.449 0.6000000238
11435  -25.064  -80.829  -23.443 0.5000000000
13059  -25.351  -79.698  -22.218 0.5000000000
148042  -26.274  -80.880  -21.401 0.5000000000
13889  -23.424  -78.597  -22.397 0.5000000000
13896  -23.652  -78.741  -23.064 0.6000000238
140419  -23.399  -77.788  -20.823 0.5000000000
11437  -26.817  -81.468  -22.729 0.6000000238
13031  -20.923  -80.033  -18.940 0.6999999881
13842  -22.846  -78.929  -18.693 0.6000000238
13840  -21.422  -78.382  -18.355 0.6000000238
10695  -31.456  -82.924  -26.380 0.5000000000
13029  -19.465  -79.155  -20.011 0.5000000000
13030  -20.269  -79.228  -19.145 0.6999999881
9881  -32.074  -83.849  -26.039 0.5000000000
9868  -29.800  -83.683  -23.929 0.5000000000
150342  -28.486  -83.965  -22.109 0.6000000238
131822  -28.918  -82.258  -20.160 0.6000000238
9839  -28.024  -82.785  -19.970 0.5000000000
10623  -29.313  -81.957  -18.558 0.6000000238
154803  -27.678  -82.313  -18.167 0.6000000238
10577  -29.019  -82.321  -15.270 0.5000000000
132626  -30.893  -86.158  -11.413 0.5000000000
7579  -31.036  -86.432  -12.130 0.5000000000
133993  -31.841  -88.117  -13.304 0.6000000238
6306  -32.294  -88.704  -13.785 0.6000000238
15616  -25.753  -77.174  -22.361 0.6000000238
14744  -25.917  -77.717  -22.347 0.6000000238
140801  -25.710  -76.457  -21.948 0.6000000238
13045  -25.568  -79.629  -21.137 0.5000000000
134475  -23.690  -77.329  -21.462 0.6000000238
14719  -23.546  -77.057  -20.323 0.6999999881
12193  -26.925  -80.961  -21.148 0.6000000238
13841  -22.289  -78.247  -18.338 0.6000000238
141862  -23.362  -77.670  -19.699 0.6000000238
11438  -27.769  -81.309  -22.923 0.6000000238
14693  -20.794  -77.589  -18.526 0.6000000238
14694  -21.641  -77.521  -18.231 0.6000000238
11458  -29.712  -81.449  -25.666 0.5000000000
9869  -30.747  -83.249  -24.483 0.5000000000
13872  -18.410  -78.204  -20.639 0.5000000000
13856  -19.666  -78.390  -19.520 0.6000000238
10673  -28.787  -83.291  -22.091 0.5000000000
10657  -30.027  -82.255  -21.740 0.6000000238
10641  -28.526  -82.770  -20.912 0.5000000000
140503  -30.633  -82.146  -19.204 0.5000000000
10609  -30.015  -82.164  -17.796 0.5000000000
6287  -31.751  -87.904  -11.131 0.6000000238
6299  -32.075  -88.494  -12.380 0.6000000238
16560  -27.152  -76.018  -21.926 0.6000000238
15613  -27.332  -76.644  -21.985 0.5000000000
14721  -27.474  -76.883  -21.781 0.5000000000
16548  -26.596  -75.217  -21.182 0.6999999881
14709  -27.228  -77.192  -20.829 0.5000000000
16545  -24.022  -75.828  -20.256 0.6999999881
15594  -24.361  -76.172  -21.089 0.6000000238
13858  -25.969  -78.574  -19.376 0.5000000000
15575  -23.539  -76.200  -19.618 0.6000000238
12177  -25.948  -80.087  -20.304 0.5000000000
154003  -28.113  -80.820  -21.671 0.6000000238
138753  -22.292  -75.703  -18.260 0.6999999881
12206  -28.860  -80.855  -23.344 0.6000000238
137982  -21.053  -76.878  -18.334 0.6000000238
12213  -29.626  -80.656  -24.319 0.6000000238
15572  -19.099  -75.951  -19.293 0.6999999881
15573  -20.141  -76.605  -18.842 0.6999999881
9876  -32.386  -83.072  -25.879 0.5000000000
11459  -30.820  -81.429  -25.947 0.5000000000
14705  -18.959  -77.583  -19.930 0.6000000238
10686  -31.964  -82.736  -25.004 0.5000000000
16527  -17.560  -75.848  -19.541 0.5000000000
151374  -31.706  -82.279  -24.236 0.6000000238
10680  -29.967  -82.971  -23.426 0.5000000000
15591  -16.746  -76.773  -20.155 0.6000000238
10675  -30.435  -82.400  -22.849 0.5000000000
150168  -29.729  -82.081  -20.244 0.6000000238
10633  -31.340  -82.358  -19.528 0.5000000000
17477  -28.027  -74.749  -21.123 0.6999999881
16563  -29.174  -75.540  -21.268 0.5000000000
15596  -28.651  -76.168  -21.383 0.5000000000
17455  -27.241  -74.027  -19.355 0.8000000119
17468  -27.484  -74.137  -20.315 0.6999999881
15577  -28.428  -76.391  -20.642 0.5000000000
151083  -26.816  -77.330  -19.638 0.5000000000
17452  -24.520  -74.875  -18.650 0.6999999881
17466  -25.627  -74.577  -19.704 0.6999999881
17475  -26.214  -74.650  -20.422 0.8000000119
16531  -23.814  -75.474  -19.408 0.6999999881
14696  -26.378  -77.790  -18.959 0.5000000000
16512  -22.407  -75.030  -17.976 0.6999999881
16513  -23.532  -75.258  -18.652 0.6999999881
12178  -27.348  -80.519  -20.283 0.6000000238
131871  -26.315  -79.692  -19.338 0.5000000000
141811  -20.259  -74.106  -17.919 0.6000000238
16511  -21.486  -75.426  -18.128 0.6000000238
12207  -29.907  -80.261  -23.444 0.6000000238
16509  -19.140  -74.690  -18.677 0.6999999881
15558  -19.747  -75.512  -18.812 0.6999999881
10688  -32.713  -81.603  -25.736 0.6000000238
12217  -31.596  -80.364  -25.343 0.6000000238
16508  -18.079  -74.691  -18.766 0.6000000238
11455  -33.018  -81.286  -25.006 0.6000000238
10658  -31.120  -82.049  -22.243 0.6000000238
15556  -16.009  -76.398  -19.094 0.6000000238
151635  -30.876  -82.032  -21.418 0.6000000238
11402  -31.084  -82.058  -20.228 0.5000000000
18391  -27.951  -73.725  -20.023 0.6000000238
18401  -29.518  -74.331  -20.960 0.5000000000
17479  -29.943  -74.975  -21.127 0.5000000000
15561  -28.383  -76.293  -19.532 0.5000000000
17432  -25.977  -74.641  -18.465 0.8000000119
15560  -27.618  -76.688  -18.580 0.5000000000
134459  -24.063  -75.097  -17.783 0.6999999881
12179  -28.445  -80.377  -20.504 0.6000000238
15480  -16.853  -76.068  -13.988 0.6000000238
136803  -21.736  -74.404  -17.534 0.8000000119
15496  -17.481  -76.959  -14.561 0.6000000238
17427  -20.139  -73.454  -17.506 0.6999999881
18370  -21.640  -73.855  -17.112 0.8000000119
134331  -29.327  -80.417  -22.454 0.6000000238
15513  -16.228  -77.087  -15.984 0.6000000238
17448  -18.543  -74.061  -18.284 0.6000000238
12218  -32.610  -80.291  -25.265 0.6000000238
12219  -33.192  -80.443  -24.914 0.6000000238
14681  -17.338  -77.169  -17.525 0.6000000238
15557  -16.803  -75.740  -18.763 0.6000000238
17425  -17.413  -74.925  -18.529 0.6000000238
11449  -32.753  -81.376  -23.867 0.6000000238
11450  -33.432  -80.558  -24.128 0.6000000238
16507  -16.940  -75.705  -19.114 0.5000000000
11412  -32.243  -81.942  -21.076 0.5000000000
10645  -32.726  -82.562  -20.464 0.5000000000
10659  -33.288  -81.936  -21.507 0.5000000000
148557  -30.070  -72.969  -20.102 0.5000000000
18394  -30.956  -73.471  -20.635 0.5000000000
130674  -27.654  -74.032  -18.432 0.6000000238
18385  -29.203  -73.172  -19.424 0.5000000000
17431  -25.214  -75.085  -17.917 0.8000000119
150401  -27.181  -74.405  -17.820 0.6999999881
16494  -24.618  -75.416  -16.938 0.8000000119
17430  -23.075  -74.801  -17.375 0.8000000119
12167  -27.203  -80.067  -19.374 0.6000000238
139116  -27.079  -77.119  -17.930 0.5000000000
15482  -18.420  -76.927  -13.121 0.6000000238
17409  -22.396  -74.214  -16.882 0.8000000119
13000  -27.404  -79.364  -17.496 0.5000000000
14635  -19.447  -77.678  -14.464 0.6999999881
15497  -18.503  -77.325  -14.256 0.6000000238
18369  -19.966  -72.732  -16.919 0.8000000119
143299  -30.256  -79.936  -22.596 0.6000000238
12180  -29.419  -80.043  -20.806 0.6000000238
144918  -27.959  -79.776  -18.850 0.6000000238
14649  -19.648  -77.476  -15.841 0.6000000238
13074  -32.514  -79.358  -24.069 0.6000000238
132134  -30.910  -79.754  -23.572 0.6000000238
12181  -30.341  -79.728  -21.098 0.6000000238
14664  -17.283  -77.460  -17.018 0.6000000238
17407  -17.996  -73.847  -17.236 0.6000000238
18367  -18.605  -73.186  -17.315 0.5000000000
13076  -33.509  -79.547  -23.766 0.6000000238
16493  -17.308  -75.353  -18.227 0.6000000238
11425  -33.926  -81.284  -22.634 0.6000000238
13070  -33.909  -79.538  -23.251 0.6000000238
11441  -34.701  -80.584  -22.755 0.5000000000
11426  -34.848  -81.100  -22.535 0.5000000000
10646  -33.720  -82.664  -21.056 0.5000000000
10661  -35.314  -81.987  -21.973 0.5000000000
136764  -28.595  -73.573  -18.145 0.6000000238
17413  -27.215  -74.556  -16.980 0.6999999881
15443  -18.222  -76.642  -10.556 0.6000000238
15456  -18.387  -76.646  -11.314 0.6000000238
147045  -24.168  -75.381  -16.112 0.8000000119
14668  -26.761  -78.065  -16.559 0.5000000000
136597  -19.654  -77.667  -12.275 0.6000000238
17394  -23.256  -74.392  -15.299 0.8000000119
12982  -27.623  -79.243  -16.613 0.5000000000
14621  -19.230  -77.534  -13.595 0.6999999881
19238  -21.393  -72.634  -16.142 0.8000000119
13034  -29.756  -79.617  -19.341 0.6000000238
13017  -28.000  -79.586  -18.043 0.6000000238
14651  -21.098  -77.250  -15.080 0.8000000119
19235  -19.133  -72.485  -16.475 0.6999999881
12208  -31.274  -79.495  -22.652 0.6000000238
13035  -30.690  -79.477  -19.566 0.6000000238
15515  -20.635  -76.926  -15.766 0.6999999881
16479  -18.990  -75.911  -16.876 0.6999999881
18349  -18.421  -73.217  -16.763 0.6000000238
13061  -32.182  -79.156  -22.197 0.6000000238
13036  -31.568  -79.327  -19.721 0.6000000238
15530  -18.603  -76.675  -17.090 0.6000000238
13048  -32.051  -79.228  -20.527 0.5000000000
13051  -34.099  -79.511  -21.764 0.5000000000
18371  -27.894  -74.124  -17.495 0.6000000238
18355  -29.141  -73.275  -17.405 0.5000000000
14545  -17.999  -77.430  -9.081 0.6000000238
17397  -27.242  -74.479  -16.020 0.6999999881
14562  -18.666  -77.142  -9.840 0.6000000238
16470  -25.664  -75.399  -15.711 0.6999999881
17396  -26.402  -75.016  -15.300 0.6000000238
14576  -19.167  -77.221  -10.764 0.6000000238
152530  -19.792  -77.526  -9.772 0.6000000238
16458  -24.685  -75.410  -15.207 0.6000000238
18320  -23.362  -73.969  -14.377 0.6999999881
131419  -21.286  -78.121  -13.095 0.8000000119
18319  -22.523  -73.290  -15.149 0.6999999881
19193  -22.825  -72.908  -14.059 0.6000000238
14623  -21.079  -77.961  -13.907 0.8000000119
19218  -20.058  -71.684  -15.804 0.8000000119
20045  -20.623  -71.072  -14.535 0.6999999881
16456  -21.017  -75.559  -15.077 0.6999999881
17393  -20.104  -74.845  -15.560 0.6999999881
17375  -19.568  -73.638  -15.322 0.6000000238
139038  -19.320  -71.843  -14.972 0.8000000119
152475  -18.092  -78.448  -7.907 0.6000000238
14546  -19.042  -77.611  -9.034 0.6000000238
14577  -20.323  -77.717  -10.679 0.6999999881
130683  -23.348  -72.988  -13.153 0.6000000238
14593  -20.999  -78.042  -11.483 0.6999999881
14609  -21.594  -78.062  -12.265 0.6999999881
135195  -22.214  -72.044  -14.044 0.6999999881
20037  -20.972  -70.895  -13.770 0.6000000238
14625  -22.241  -77.387  -13.156 0.8000000119
16443  -22.094  -75.964  -13.673 0.6000000238
17377  -21.341  -75.068  -14.154 0.5000000000
20043  -19.562  -71.010  -14.221 0.6999999881
20870  -19.789  -70.602  -13.298 0.6999999881
20027  -21.486  -70.884  -12.829 0.6000000238
15498  -21.589  -76.987  -14.667 0.8000000119
17360  -20.688  -73.950  -13.973 0.6000000238
18318  -19.867  -73.219  -14.486 0.6000000238
13706  -17.295  -79.067  -6.962 0.6000000238
13721  -18.862  -78.607  -7.629 0.6000000238
14547  -19.997  -77.782  -8.831 0.6999999881
13732  -19.375  -78.128  -8.293 0.6000000238
136971  -21.639  -77.603  -9.825 0.6999999881
14594  -22.026  -77.857  -11.412 0.6999999881
14595  -22.672  -77.278  -11.257 0.6000000238
19192  -22.701  -72.263  -13.326 0.6000000238
15471  -22.501  -76.623  -12.903 0.6000000238
138488  -21.669  -74.841  -13.211 0.6000000238
19164  -24.005  -72.344  -11.448 0.5000000000
20861  -20.633  -70.583  -12.324 0.6000000238
142664  -22.260  -71.165  -12.178 0.5000000000
20001  -23.934  -71.397  -10.249 0.5000000000
20850  -20.192  -70.644  -11.952 0.6000000238
20852  -21.918  -70.722  -10.987 0.5000000000
12855  -18.078  -79.535  -5.338 0.6000000238
12867  -18.496  -79.364  -6.062 0.6000000238
13722  -19.717  -78.424  -7.584 0.6999999881
132105  -19.597  -78.813  -6.884 0.6999999881
14532  -21.107  -77.888  -7.658 0.6999999881
14548  -20.904  -77.748  -8.485 0.6999999881
152074  -22.421  -77.139  -8.869 0.6000000238
14580  -22.977  -76.984  -10.417 0.5000000000
15429  -23.275  -76.058  -10.444 0.6999999881
16393  -23.315  -75.484  -9.518 0.6000000238
16421  -23.044  -75.964  -11.394 0.6000000238
138316  -21.927  -74.317  -11.888 0.6000000238
138794  -21.820  -73.552  -10.741 0.6000000238
19177  -19.811  -71.700  -12.407 0.6000000238
20017  -20.150  -70.988  -11.513 0.5000000000
20006  -20.493  -71.270  -10.553 0.5000000000
20834  -21.625  -70.783  -9.505 0.5000000000
13623  -18.017  -78.886  -1.544 0.6999999881
13615  -18.820  -78.198  -0.909 0.6999999881
14445  -18.577  -77.419  -0.403 0.6999999881
12841  -19.363  -79.296  -4.531 0.6000000238
13653  -19.177  -78.928  -2.810 0.6999999881
14454  -19.273  -77.626  -0.799 0.6999999881
132849  -19.422  -76.624  -1.121 0.6999999881
130460  -18.670  -76.063  -1.433 0.6000000238
13708  -19.381  -79.220  -6.065 0.6999999881
13670  -20.001  -78.850  -4.078 0.6999999881
13637  -20.564  -78.069  -2.721 0.6999999881
15345  -20.098  -76.728  -1.654 0.6999999881
133500  -20.289  -78.793  -6.094 0.6999999881
13690  -20.004  -79.091  -5.106 0.6999999881
15346  -20.664  -76.937  -2.314 0.6999999881
14550  -22.350  -77.127  -8.155 0.6999999881
133951  -22.844  -76.713  -8.803 0.6000000238
15428  -23.159  -76.470  -9.580 0.6000000238
18249  -22.514  -73.690  -9.012 0.6000000238
18248  -21.726  -73.112  -8.531 0.6000000238
17319  -22.952  -75.113  -10.933 0.6000000238
17318  -22.216  -73.607  -9.928 0.6000000238
18254  -21.591  -73.042  -9.448 0.6000000238
18260  -21.350  -72.962  -10.243 0.5000000000
19142  -20.401  -72.051  -9.350 0.6000000238
19990  -20.135  -71.674  -8.819 0.6000000238
18259  -20.622  -72.299  -10.587 0.5000000000
19152  -20.467  -71.835  -10.166 0.5000000000
20819  -20.913  -71.078  -8.932 0.5000000000
13614  -17.925  -78.282  -0.560 0.6999999881
146365  -17.961  -76.890  -0.108 0.6999999881
142669  -18.039  -75.973  -0.978 0.6000000238
16301  -18.106  -75.526  -1.715 0.6000000238
16315  -18.396  -75.296  -2.765 0.6000000238
137088  -18.075  -75.561  -4.079 0.4000000060
15361  -20.490  -76.440  -3.048 0.6000000238
15344  -19.438  -76.170  -1.971 0.5000000000
15359  -18.440  -75.679  -3.650 0.5000000000
17258  -17.428  -75.132  -4.655 0.4000000060
18223  -16.594  -74.085  -5.275 0.5000000000
13723  -20.535  -78.367  -7.028 0.6999999881
13692  -21.614  -77.748  -5.252 0.8000000119
14484  -21.435  -77.042  -3.668 0.6999999881
149768  -19.612  -75.892  -4.090 0.5000000000
16342  -17.639  -75.809  -5.270 0.4000000060
17268  -15.940  -75.019  -5.674 0.4000000060
19095  -15.809  -74.167  -5.634 0.4000000060
143075  -15.235  -73.436  -6.158 0.4000000060
13710  -21.741  -77.651  -6.023 0.8000000119
14512  -22.113  -76.984  -5.500 0.8000000119
14498  -21.663  -77.321  -4.447 0.8000000119
16329  -20.830  -75.818  -4.433 0.8000000119
16344  -20.033  -75.592  -5.007 0.6000000238
16343  -18.752  -75.821  -5.141 0.5000000000
17274  -15.818  -75.111  -5.940 0.4000000060
18222  -15.349  -74.295  -5.899 0.4000000060
14533  -21.890  -77.460  -7.407 0.6999999881
14534  -22.541  -76.833  -7.164 0.8000000119
16357  -22.643  -75.529  -6.465 0.6999999881
17287  -22.276  -73.974  -7.166 0.5000000000
17275  -17.032  -75.020  -6.733 0.5000000000
17283  -15.525  -74.605  -6.476 0.4000000060
19107  -14.501  -72.578  -6.835 0.4000000060
16362  -22.974  -75.436  -7.239 0.6000000238
18238  -22.570  -73.756  -8.024 0.5000000000
18237  -21.672  -73.339  -7.586 0.5000000000
18247  -20.810  -72.803  -8.112 0.6000000238
19132  -20.896  -72.530  -9.030 0.6000000238
19989  -19.480  -71.923  -8.649 0.6000000238
14444  -17.581  -77.540  -0.101 0.6000000238
15324  -16.136  -76.256  -0.098 0.5000000000
16297  -17.274  -75.592  -1.106 0.5000000000
151685  -16.869  -75.062  -1.307 0.4000000060
16300  -17.663  -75.152  -1.663 0.5000000000
17246  -18.227  -75.204  -3.430 0.5000000000
17259  -18.081  -74.749  -3.855 0.5000000000
18213  -18.403  -73.959  -4.176 0.5000000000
19110  -18.503  -72.885  -5.245 0.5000000000
19964  -19.297  -72.104  -5.482 0.5000000000
19108  -16.374  -73.396  -5.595 0.5000000000
20771  -19.038  -71.089  -5.736 0.5000000000
16330  -21.565  -76.080  -4.690 0.6999999881
16355  -20.444  -75.150  -5.558 0.6000000238
132238  -19.136  -74.875  -6.458 0.5000000000
16353  -18.294  -75.595  -5.967 0.5000000000
19961  -16.300  -71.585  -6.286 0.5000000000
135168  -17.969  -70.965  -6.058 0.5000000000
15396  -22.513  -76.359  -6.188 0.8000000119
16347  -22.319  -75.637  -5.835 0.6999999881
17278  -21.839  -74.317  -6.497 0.6000000238
17285  -17.389  -74.340  -7.241 0.5000000000
18232  -15.648  -73.939  -7.277 0.4000000060
19117  -14.462  -72.862  -7.392 0.5000000000
146682  -15.513  -71.432  -6.539 0.4000000060
20784  -16.213  -70.821  -6.481 0.5000000000
18236  -20.657  -73.418  -7.253 0.5000000000
19119  -18.796  -73.252  -7.675 0.5000000000
154212  -18.234  -74.020  -7.321 0.6000000238
18233  -16.745  -73.757  -7.564 0.5000000000
19127  -14.919  -72.350  -8.202 0.5000000000
19973  -14.030  -71.580  -7.688 0.5000000000
19120  -19.816  -72.856  -7.874 0.5000000000
18246  -18.007  -72.711  -8.081 0.5000000000
18245  -17.183  -73.034  -7.942 0.5000000000
132159  -16.174  -71.865  -8.635 0.5000000000
19130  -18.976  -72.360  -8.306 0.6000000238
19988  -17.825  -71.296  -8.501 0.6000000238
132072  -15.326  -75.720  -0.471 0.5000000000
16295  -15.573  -75.182  -1.018 0.5000000000
16296  -16.370  -75.350  -1.026 0.5000000000
150733  -16.086  -74.657  -1.315 0.4000000060
17231  -17.177  -74.511  -1.567 0.4000000060
16293  -14.151  -74.936  -0.955 0.5000000000
17230  -15.395  -74.084  -1.533 0.4000000060
18193  -17.977  -74.122  -2.083 0.5000000000
17247  -18.411  -74.641  -2.928 0.6000000238
149653  -18.659  -73.995  -3.465 0.5000000000
19096  -18.860  -73.377  -4.557 0.5000000000
19097  -19.585  -72.804  -4.706 0.4000000060
152221  -19.687  -71.577  -5.481 0.4000000060
20772  -20.130  -71.022  -5.376 0.4000000060
17229  -14.581  -73.940  -1.727 0.4000000060
18191  -15.141  -73.420  -1.776 0.4000000060
18192  -16.738  -73.230  -1.679 0.4000000060
18194  -18.671  -73.860  -2.771 0.5000000000
18195  -18.992  -73.325  -2.548 0.5000000000
131028  -17.602  -73.171  -1.810 0.4000000060
136131  -17.419  -72.183  -1.763 0.4000000060
19074  -18.471  -72.733  -2.041 0.5000000000
19075  -19.509  -72.741  -2.513 0.4000000060
19090  -20.506  -72.531  -3.579 0.4000000060
19098  -20.423  -72.407  -4.374 0.4000000060
19951  -21.450  -71.366  -4.116 0.4000000060
19071  -13.747  -72.397  -2.583 0.4000000060
19072  -14.865  -72.485  -2.099 0.4000000060
131616  -15.888  -72.927  -1.745 0.4000000060
142061  -14.606  -70.775  -2.537 0.4000000060
19926  -15.240  -71.548  -2.144 0.4000000060
19927  -16.348  -71.554  -1.855 0.4000000060
19928  -17.307  -71.293  -1.781 0.4000000060
149056  -18.113  -71.152  -1.726 0.5000000000
19930  -19.784  -71.863  -2.130 0.5000000000
19076  -20.318  -72.377  -2.819 0.4000000060
19942  -20.874  -72.110  -3.185 0.4000000060
20750  -17.419  -70.529  -1.762 0.4000000060
20736  -19.198  -70.241  -1.622 0.4000000060
20737  -20.206  -70.172  -1.623 0.4000000060
19931  -20.736  -71.603  -2.424 0.4000000060
19943  -21.371  -71.586  -3.230 0.4000000060
142234  -13.586  -70.871  -2.983 0.4000000060
20747  -13.919  -69.974  -3.015 0.3000000119
138984  -15.608  -70.712  -2.139 0.3000000119
136780  -16.580  -70.626  -1.900 0.4000000060
22425  -14.527  -68.175  -2.983 0.4000000060
21592  -14.332  -69.034  -2.936 0.3000000119
21593  -15.308  -69.161  -2.414 0.3000000119
21595  -16.903  -69.835  -1.828 0.4000000060
23284  -17.934  -68.170  -1.489 0.5000000000
22414  -18.634  -68.705  -1.507 0.4000000060
21584  -19.409  -69.367  -1.543 0.4000000060
21585  -20.504  -69.185  -1.510 0.4000000060
21587  -22.206  -69.093  -1.720 0.3000000119
23283  -17.098  -66.909  -1.567 0.5000000000
134923  -17.918  -67.363  -1.450 0.5000000000
22415  -19.506  -68.432  -1.441 0.4000000060
23286  -20.368  -68.039  -1.331 0.4000000060
22416  -21.321  -68.588  -1.439 0.3000000119
139667  -13.170  -69.143  -3.652 0.4000000060
23307  -14.062  -67.443  -3.705 0.4000000060
23296  -14.885  -67.407  -2.965 0.4000000060
23297  -15.765  -67.373  -2.242 0.5000000000
22427  -16.488  -68.191  -1.816 0.5000000000
24207  -15.279  -66.578  -3.012 0.4000000060
153957  -16.534  -67.340  -1.777 0.5000000000
24189  -17.021  -66.044  -1.685 0.5000000000
24190  -17.849  -66.499  -1.421 0.4000000060
24192  -19.433  -66.545  -1.140 0.4000000060
26110  -17.045  -65.197  -1.975 0.3000000119
25139  -17.771  -65.621  -1.453 0.3000000119
25140  -18.490  -65.162  -1.250 0.3000000119
22433  -13.629  -68.245  -3.618 0.4000000060
24222  -14.931  -65.979  -4.020 0.3000000119
148041  -15.676  -64.848  -3.952 0.4000000060
25141  -19.410  -65.529  -1.001 0.3000000119
25168  -14.609  -65.518  -4.285 0.3000000119
26136  -15.190  -64.417  -4.283 0.3000000119
10683  -25.042  -82.378  -24.789 0.6000000238
11443  -24.739  -81.620  -23.904 0.5000000000
144716  -19.527  -71.301  -12.914 0.6000000238
18280  -20.443  -72.866  -12.545 0.6000000238
4716  -24.393  -91.964  -19.606 0.5000000000
5235  -26.128  -90.068  -19.159 0.6000000238
5816  -28.465  -89.629  -23.703 0.5000000000
152674  -25.267  -90.315  -17.807 0.6999999881
133821  -23.481  -90.548  -16.213 0.6999999881
5760  -24.384  -89.425  -15.125 0.6999999881
6965  -27.619  -87.305  -18.262 0.6999999881
129316  -25.411  -88.560  -15.096 0.6999999881
151458  -26.030  -88.218  -15.953 0.6999999881
143221  -29.575  -85.867  -26.574 0.5000000000
5160  -24.059  -90.237  -11.988 0.6999999881
7679  -28.525  -86.578  -19.637 0.6999999881
7669  -27.935  -86.494  -18.286 0.6999999881
6283  -24.874  -88.972  -11.423 0.6999999881
8319  -27.298  -85.504  -16.361 0.6999999881
10689  -25.574  -82.751  -25.308 0.6000000238
6273  -26.174  -88.487  -10.401 0.6999999881
133997  -27.613  -84.893  -18.815 0.6000000238
9795  -26.691  -83.841  -16.104 0.6000000238
8979  -26.487  -84.608  -12.647 0.5000000000
10654  -22.660  -82.477  -21.555 0.6999999881
9049  -27.146  -84.168  -18.325 0.6000000238
6912  -29.148  -87.063  -12.884 0.6000000238
6312  -29.765  -87.822  -14.737 0.6000000238
149619  -26.714  -82.731  -15.787 0.5000000000
141910  -28.651  -82.440  -13.856 0.5000000000
7578  -30.379  -86.074  -12.131 0.5000000000
11419  -23.360  -81.673  -21.233 0.6000000238
11408  -21.742  -81.685  -20.212 0.6999999881
11448  -28.862  -81.108  -24.248 0.6000000238
9840  -28.010  -83.433  -20.625 0.5000000000
9825  -27.187  -83.325  -18.534 0.5000000000
10591  -27.767  -81.999  -16.703 0.6000000238
140133  -27.298  -82.334  -17.155 0.5000000000
135601  -28.396  -81.979  -16.065 0.5000000000
6305  -31.682  -87.937  -14.300 0.6000000238
6298  -31.576  -87.605  -12.707 0.6000000238
135525  -31.393  -86.580  -10.533 0.5000000000
15574  -22.755  -76.327  -18.623 0.6000000238
13843  -26.317  -78.456  -18.265 0.5000000000
15495  -16.524  -76.578  -14.917 0.6000000238
15544  -15.610  -76.782  -18.366 0.6000000238
147565  -32.221  -81.666  -22.695 0.6000000238
14647  -17.825  -77.522  -16.312 0.6000000238
18351  -21.891  -73.458  -16.488 0.8000000119
14666  -19.170  -77.263  -16.523 0.6000000238
13047  -31.110  -79.447  -20.529 0.6000000238
17408  -18.404  -74.581  -16.755 0.6000000238
148100  -33.009  -79.013  -22.180 0.6000000238
19205  -22.006  -72.264  -14.734 0.8000000119
13018  -29.411  -79.581  -18.565 0.6000000238
18336  -18.801  -73.043  -15.966 0.6000000238
147933  -19.096  -74.082  -15.959 0.6999999881
17376  -20.488  -74.394  -14.781 0.6000000238
17346  -22.112  -74.966  -12.404 0.6000000238
19190  -19.442  -71.318  -13.514 0.6999999881
18281  -21.430  -73.991  -12.487 0.6000000238
20844  -21.352  -70.721  -10.523 0.5000000000
16378  -23.291  -75.875  -8.716 0.5000000000
18271  -21.319  -73.426  -11.617 0.6000000238
12818  -18.317  -79.211  -2.523 0.6999999881
144313  -18.459  -79.400  -3.448 0.6000000238
145775  -20.118  -77.691  -1.608 0.6999999881
14497  -21.260  -77.749  -3.879 0.8000000119
15372  -21.115  -76.373  -3.798 0.6000000238
15336  -17.634  -76.332  -0.445 0.6000000238
16327  -17.336  -75.568  -5.029 0.5000000000
15371  -18.542  -75.853  -4.054 0.5000000000
19967  -14.142  -71.948  -7.276 0.5000000000
15334  -15.998  -75.665  -0.654 0.5000000000
19962  -17.252  -71.724  -6.035 0.5000000000
17269  -21.309  -74.813  -5.849 0.6000000238
18229  -19.955  -74.082  -6.786 0.6000000238
17222  -14.139  -74.412  -1.478 0.5000000000
19089  -19.999  -73.038  -3.869 0.5000000000
130830  -18.402  -73.500  -2.248 0.6000000238
19941  -13.244  -71.703  -2.973 0.4000000060
19925  -14.233  -71.635  -2.551 0.4000000060
150855  -15.780  -72.188  -1.877 0.4000000060
20748  -14.965  -69.928  -2.512 0.3000000119
20751  -19.005  -71.102  -1.726 0.5000000000
20752  -19.992  -71.032  -1.778 0.4000000060
152776  -17.525  -70.063  -1.727 0.4000000060
20735  -18.170  -70.300  -1.670 0.4000000060
20738  -21.166  -70.170  -1.730 0.4000000060
21596  -21.945  -70.006  -1.968 0.4000000060
22426  -15.430  -68.299  -2.370 0.3000000119
21594  -16.176  -69.082  -1.975 0.5000000000
21581  -17.057  -69.020  -1.704 0.4000000060
22413  -17.839  -68.911  -1.596 0.4000000060
21586  -21.499  -69.473  -1.626 0.4000000060
133605  -18.600  -66.062  -1.216 0.5000000000
24191  -18.664  -66.971  -1.311 0.4000000060
131508  -19.482  -67.481  -1.303 0.4000000060
25154  -15.697  -65.645  -3.234 0.5000000000
24208  -16.194  -66.476  -2.102 0.4000000060
150106  -16.352  -64.813  -2.990 0.4000000060
25169  -15.151  -65.239  -4.257 0.3000000119
26137  -15.918  -64.131  -4.050 0.3000000119
4688  -32.682  -92.088  -18.986 0.5000000000
4082  -33.704  -92.507  -18.186 0.5000000000
4059  -33.725  -92.728  -15.616 0.5000000000
4071  -34.268  -93.033  -17.456 0.5000000000
4050  -34.628  -93.267  -15.083 0.5000000000
4060  -34.838  -93.305  -16.673 0.5000000000
3525  -35.325  -93.523  -14.270 0.6000000238
5239  -32.472  -90.950  -20.873 0.5000000000
4096  -33.769  -91.978  -19.189 0.5000000000
4083  -34.519  -92.594  -18.295 0.5000000000
4072  -35.050  -93.049  -17.778 0.5000000000
3507  -35.760  -93.666  -13.297 0.6000000238
3553  -35.497  -93.185  -17.175 0.6000000238
3542  -35.654  -93.479  -15.807 0.6000000238
5238  -31.891  -91.246  -20.982 0.4000000060
3551  -27.127  -92.817  -16.319 0.4000000060
141098  -27.454  -92.264  -16.218 0.4000000060
4078  -27.642  -92.527  -17.575 0.5000000000
4697  -28.843  -91.537  -18.671 0.5000000000
4698  -29.769  -91.534  -19.690 0.5000000000
5229  -29.248  -90.954  -18.272 0.5000000000
5222  -29.272  -90.369  -17.290 0.5000000000
5236  -30.840  -91.637  -20.591 0.5000000000
5237  -31.272  -90.504  -19.940 0.5000000000
3508  -36.693  -93.889  -12.503 0.6000000238
3499  -36.878  -94.150  -11.865 0.6000000238
5781  -32.254  -89.734  -19.623 0.5000000000
5782  -32.743  -90.035  -19.796 0.5000000000
5771  -32.333  -89.308  -18.313 0.5000000000
3527  -36.873  -93.791  -13.637 0.6000000238
5224  -33.948  -91.597  -19.058 0.5000000000
4085  -35.663  -92.448  -17.845 0.6000000238
3543  -36.577  -93.483  -15.628 0.6000000238
3509  -37.096  -93.831  -12.753 0.6000000238
3556  -37.461  -92.744  -16.085 0.6000000238
3528  -37.362  -93.501  -14.522 0.6000000238
130746  -37.850  -93.484  -12.741 0.6999999881
3545  -37.790  -93.020  -15.231 0.6000000238
151659  -38.150  -93.102  -13.854 0.6999999881
3522  -24.778  -93.036  -14.151 0.6000000238
3539  -25.795  -92.830  -14.547 0.6000000238
4638  -26.265  -92.128  -13.695 0.6000000238
3540  -26.497  -92.862  -15.302 0.5000000000
4068  -27.089  -92.415  -15.446 0.5000000000
4653  -27.782  -91.157  -15.038 0.6000000238
4686  -28.533  -91.068  -17.185 0.5000000000
4671  -28.104  -91.121  -15.947 0.5000000000
5215  -28.703  -90.445  -16.162 0.5000000000
5769  -29.977  -89.694  -17.414 0.5000000000
5216  -29.373  -89.718  -16.294 0.5000000000
5770  -31.426  -89.207  -18.113 0.5000000000
2978  -37.549  -95.257  -9.829 0.6999999881
3490  -37.407  -94.155  -11.153 0.6000000238
3475  -37.859  -93.878  -9.812 0.8000000119
5223  -33.303  -90.339  -18.929 0.5000000000
144031  -33.921  -90.850  -18.085 0.5000000000
5218  -34.810  -91.295  -16.882 0.6000000238
3500  -37.281  -93.924  -11.958 0.6999999881
3491  -38.071  -93.404  -10.850 0.6999999881
4074  -36.849  -92.550  -16.885 0.6000000238
4036  -38.940  -92.432  -13.002 0.6999999881
131739  -37.474  -91.632  -16.046 0.6000000238
4661  -37.986  -91.774  -15.513 0.6000000238
5196  -37.898  -91.048  -13.844 0.6999999881
4631  -38.837  -92.038  -13.296 0.6999999881
4612  -39.571  -92.004  -12.522 0.6000000238
3521  -23.876  -93.040  -13.873 0.5000000000
4047  -25.314  -92.472  -13.585 0.6000000238
4652  -27.490  -91.171  -14.108 0.6000000238
130850  -28.281  -90.614  -15.351 0.6000000238
5762  -28.816  -89.854  -15.187 0.6000000238
142163  -30.572  -89.156  -17.399 0.5000000000
6337  -30.744  -88.594  -16.750 0.6000000238
2979  -38.078  -94.918  -9.299 0.6999999881
6338  -31.495  -88.549  -17.022 0.5000000000
6326  -32.369  -88.769  -16.074 0.5000000000
4004  -38.237  -92.915  -9.784 0.5000000000
128301  -38.917  -92.897  -7.972 0.6000000238
5772  -32.675  -89.311  -17.422 0.6000000238
5205  -34.094  -90.471  -15.499 0.5000000000
4658  -35.550  -91.307  -16.357 0.5000000000
3511  -38.706  -92.892  -12.560 0.6999999881
4015  -39.132  -92.625  -10.846 0.6000000238
5208  -36.886  -91.061  -15.224 0.5000000000
4021  -39.656  -92.263  -12.187 0.6000000238
4613  -40.983  -91.769  -11.490 0.6000000238
5195  -37.033  -90.755  -13.977 0.5000000000
5181  -37.268  -90.588  -12.904 0.6000000238
5170  -39.969  -91.491  -12.150 0.5000000000
5152  -38.552  -90.251  -11.408 0.5000000000
5721  -41.193  -90.007  -11.194 0.5000000000
4045  -23.460  -92.432  -13.316 0.6000000238
4046  -24.374  -92.531  -13.385 0.6000000238
4044  -22.555  -92.311  -13.551 0.4000000060
6941  -31.111  -87.763  -15.449 0.5000000000
3994  -38.888  -92.096  -8.323 0.6000000238
5764  -32.969  -89.378  -15.318 0.5000000000
150688  -39.144  -92.226  -9.563 0.5000000000
5192  -34.101  -90.283  -14.355 0.5000000000
4005  -40.401  -92.241  -11.027 0.5000000000
4583  -40.491  -91.876  -9.921 0.5000000000
4574  -39.550  -91.626  -8.606 0.5000000000
5179  -35.050  -90.285  -12.921 0.5000000000
4597  -41.740  -91.420  -11.167 0.5000000000
5180  -36.216  -90.414  -12.925 0.6000000238
5732  -35.983  -89.932  -11.170 0.6000000238
134520  -40.766  -91.415  -11.851 0.5000000000
4614  -41.349  -91.307  -11.604 0.6000000238
5167  -36.790  -90.112  -11.241 0.6000000238
5718  -38.013  -89.714  -10.389 0.5000000000
5211  -21.536  -90.926  -15.087 0.4000000060
5757  -32.874  -89.297  -14.217 0.5000000000
150930  -41.405  -91.198  -9.049 0.5000000000
5750  -33.475  -89.776  -13.732 0.5000000000
5741  -34.191  -89.952  -12.559 0.5000000000
4585  -42.400  -91.227  -10.725 0.5000000000
5143  -42.244  -91.244  -9.653 0.5000000000
134917  -43.472  -90.691  -9.837 0.5000000000
5689  -44.924  -89.785  -9.578 0.5000000000
6266  -46.401  -88.104  -10.111 0.5000000000
5165  -34.598  -89.901  -11.918 0.6000000238
132578  -35.041  -89.764  -11.099 0.6000000238
5722  -42.202  -90.139  -11.296 0.5000000000
5717  -36.497  -89.768  -10.486 0.6000000238
6261  -41.672  -88.772  -9.999 0.5000000000
6256  -37.119  -89.125  -9.169 0.5000000000
6241  -38.223  -88.456  -8.596 0.5000000000
6276  -32.352  -88.313  -10.282 0.5000000000
5144  -42.995  -91.008  -10.286 0.5000000000
5705  -44.593  -89.425  -10.536 0.5000000000
5706  -45.322  -89.210  -10.120 0.5000000000
147429  -33.170  -89.315  -11.223 0.5000000000
6277  -33.173  -88.739  -9.822 0.6000000238
5157  -43.007  -89.898  -11.160 0.5000000000
5704  -43.714  -89.551  -10.834 0.5000000000
140561  -44.951  -88.746  -10.548 0.5000000000
6889  -46.062  -87.823  -10.479 0.5000000000
6890  -46.712  -87.545  -10.217 0.5000000000
5696  -36.187  -89.334  -9.492 0.5000000000
5702  -42.397  -89.365  -10.921 0.5000000000
6886  -42.894  -88.220  -9.765 0.5000000000
6899  -32.275  -87.704  -9.809 0.5000000000
7554  -45.087  -87.148  -9.927 0.5000000000
6888  -45.263  -88.003  -10.516 0.5000000000
152733  -45.792  -87.436  -10.481 0.5000000000
132354  -47.042  -85.305  -10.245 0.4000000060
7538  -45.883  -86.657  -10.145 0.4000000060
7709  -23.092  -86.205  -25.863 0.4000000060
16433  -17.087  -75.695  -13.096 0.5000000000
15442  -17.492  -76.186  -10.513 0.5000000000
143997  -17.819  -76.182  -11.055 0.5000000000
131219  -17.228  -77.544  -8.720 0.5000000000
14561  -17.131  -76.979  -9.271 0.5000000000
16420  -17.164  -75.536  -12.214 0.5000000000
12807  -17.210  -79.330  -1.847 0.5000000000
13622  -17.160  -78.999  -1.041 0.5000000000
14442  -16.155  -77.049  0.302 0.5000000000
5730  -32.790  -89.237  -12.240 0.5000000000
5749  -32.849  -89.301  -13.251 0.5000000000
3526  -36.306  -93.683  -14.317 0.6000000238
4690  -35.194  -92.192  -18.141 0.6000000238
3544  -37.217  -93.364  -15.487 0.6000000238
4659  -36.619  -91.595  -16.603 0.6000000238
4645  -38.497  -91.935  -14.077 0.6999999881
4056  -26.672  -92.340  -14.609 0.6000000238
5773  -33.291  -89.859  -16.829 0.5000000000
5209  -37.703  -91.248  -14.953 0.6000000238
5197  -38.508  -91.463  -13.593 0.6000000238
5182  -38.251  -90.856  -12.903 0.6000000238
3462  -38.937  -93.826  -8.137 0.6999999881
5758  -33.490  -89.870  -14.717 0.5000000000
5194  -35.940  -90.684  -13.998 0.5000000000
133936  -36.550  -90.257  -11.990 0.6000000238
5168  -37.624  -90.384  -11.902 0.6000000238
5169  -39.325  -90.842  -12.125 0.5000000000
5701  -41.447  -89.375  -10.643 0.5000000000
4596  -41.217  -91.879  -10.883 0.5000000000
4584  -41.611  -91.630  -10.126 0.5000000000
5166  -35.554  -90.117  -11.977 0.5000000000
5697  -37.138  -89.583  -9.974 0.5000000000
5731  -33.710  -89.644  -11.957 0.5000000000
5715  -34.493  -89.432  -10.151 0.5000000000
139671  -34.082  -89.593  -11.104 0.5000000000
6264  -44.232  -88.899  -10.770 0.5000000000
6263  -43.434  -88.858  -10.715 0.5000000000
6887  -43.827  -88.304  -10.266 0.5000000000
128291  -46.653  -86.616  -10.435 0.5000000000
6873  -44.265  -87.597  -9.816 0.4000000060
8239  -46.464  -85.918  -10.080 0.4000000060
3964  -42.414  -92.556  -5.013 0.5000000000
129366  -42.414  -92.175  -5.159 0.6000000238
5123  -41.768  -90.492  -5.701 0.6000000238
3973  -41.150  -92.216  -5.904 0.6000000238
3423  -40.991  -93.355  -5.845 0.4000000060
5669  -42.770  -89.724  -6.376 0.4000000060
5135  -41.437  -90.335  -7.400 0.4000000060
5131  -41.069  -90.441  -6.240 0.5000000000
4558  -40.583  -91.199  -6.230 0.6000000238
5130  -40.439  -90.671  -6.962 0.5000000000
5140  -40.749  -90.763  -7.997 0.4000000060
3439  -40.406  -93.284  -6.469 0.5000000000
4564  -39.273  -91.684  -7.784 0.5000000000
3451  -39.608  -93.589  -7.315 0.6000000238
2968  -38.687  -94.716  -8.377 0.6000000238
2503  -37.718  -95.525  -9.203 0.6000000238
2992  -36.850  -95.196  -10.227 0.6000000238
3006  -36.876  -94.631  -11.082 0.6000000238
2977  -36.319  -94.600  -9.967 0.6000000238
151885  -36.260  -94.010  -11.540 0.5000000000
4020  -35.687  -93.625  -11.804 0.5000000000
4035  -35.228  -93.388  -12.467 0.4000000060
149303  -34.489  -93.100  -13.921 0.5000000000
8241  -47.699  -86.063  -10.262 0.3000000119
4070  -33.082  -92.407  -16.586 0.4000000060
12983  -28.516  -79.437  -16.454 0.4000000060
13002  -29.314  -79.479  -17.057 0.4000000060
136148  -30.617  -79.395  -17.887 0.5000000000
138423  -20.239  -70.870  -8.214 0.5000000000
20818  -19.076  -71.148  -8.354 0.5000000000
152280  -20.146  -69.696  -7.490 0.5000000000
145774  -18.751  -70.108  -7.899 0.4000000060
141949  -16.908  -70.315  -8.685 0.4000000060
24286  -21.865  -67.107  -7.733 0.4000000060
20817  -15.770  -70.764  -8.955 0.4000000060
21659  -15.751  -69.650  -8.901 0.4000000060
21660  -16.702  -69.185  -8.629 0.4000000060
19985  -14.446  -71.415  -8.481 0.4000000060
21658  -15.048  -69.584  -8.837 0.4000000060
24282  -18.571  -66.928  -7.785 0.4000000060
21644  -14.153  -69.969  -8.072 0.4000000060
22485  -15.121  -68.668  -8.115 0.4000000060
24294  -17.521  -66.288  -7.947 0.4000000060
20793  -14.683  -70.276  -7.327 0.4000000060
22477  -15.216  -68.715  -7.724 0.4000000060
20783  -15.206  -70.772  -6.837 0.4000000060
22463  -15.717  -68.978  -7.057 0.4000000060
128433  -18.314  -70.082  -5.917 0.4000000060
20763  -21.864  -70.910  -3.400 0.3000000119
20773  -21.075  -70.784  -4.855 0.3000000119
21609  -19.274  -69.966  -5.569 0.3000000119
21610  -20.295  -69.746  -5.273 0.3000000119
22488  -20.678  -68.455  -7.307 0.4000000060
23366  -19.306  -67.551  -7.562 0.4000000060
22486  -18.478  -69.041  -7.858 0.4000000060
137750  -20.036  -68.945  -7.336 0.4000000060
23365  -18.235  -67.853  -7.880 0.4000000060
148367  -16.656  -68.354  -8.502 0.4000000060
151852  -19.803  -65.957  -7.883 0.4000000060
23379  -17.708  -66.880  -8.063 0.4000000060
23378  -16.953  -66.948  -8.204 0.4000000060
22500  -15.691  -68.434  -8.473 0.4000000060
8889  -45.902  -84.475  -5.053 0.3000000119
8179  -46.261  -85.381  -4.888 0.3000000119
7501  -44.949  -86.525  -5.123 0.4000000060
6833  -45.704  -87.219  -4.583 0.3000000119
7502  -46.188  -86.439  -4.706 0.4000000060
6191  -44.921  -89.426  -3.138 0.3000000119
6817  -45.445  -87.972  -4.246 0.3000000119
6818  -46.611  -87.894  -3.820 0.4000000060
5639  -44.161  -89.750  -1.782 0.3000000119
6200  -45.225  -88.738  -3.749 0.3000000119
6201  -46.438  -88.633  -3.481 0.3000000119
5640  -44.924  -90.353  -2.106 0.3000000119
5648  -45.590  -89.978  -2.723 0.3000000119
5649  -46.446  -89.898  -3.288 0.3000000119
5094  -44.982  -90.915  -1.694 0.3000000119
4515  -45.252  -91.087  -2.195 0.3000000119
4536  -45.540  -91.035  -2.909 0.3000000119
4514  -44.856  -91.526  -1.453 0.3000000119
143851  -44.505  -92.000  -2.243 0.3000000119
3948  -44.436  -91.913  -3.190 0.3000000119
135184  -43.784  -93.188  -0.205 0.3000000119
3908  -44.175  -92.604  -0.858 0.3000000119
3927  -44.057  -92.468  -1.887 0.3000000119
3947  -43.936  -92.340  -2.956 0.3000000119
3946  -43.255  -92.520  -3.611 0.3000000119
3372  -43.572  -93.065  -1.317 0.4000000060
7488  -47.569  -86.875  -3.968 0.3000000119
6816  -44.263  -88.067  -4.363 0.4000000060
6202  -47.428  -88.585  -3.456 0.4000000060
6199  -44.002  -88.730  -3.679 0.3000000119
149728  -47.121  -89.209  -3.410 0.4000000060
5632  -44.529  -90.411  -1.184 0.3000000119
5104  -46.676  -90.129  -3.625 0.4000000060
4548  -45.554  -91.037  -3.647 0.4000000060
5076  -44.379  -91.113  -0.033 0.3000000119
151680  -44.347  -91.775  -3.829 0.4000000060
3357  -43.632  -93.133  0.528 0.3000000119
4474  -43.818  -91.902  0.809 0.4000000060
153795  -43.278  -92.145  -4.389 0.4000000060
3411  -42.625  -92.764  -4.150 0.3000000119
3888  -43.188  -92.496  1.071 0.3000000119
8180  -47.499  -85.329  -4.296 0.3000000119
8166  -48.315  -86.164  -3.990 0.3000000119
8875  -47.869  -84.435  -3.996 0.3000000119
6819  -47.716  -87.848  -3.670 0.3000000119
7489  -48.317  -87.181  -3.906 0.3000000119
6815  -42.574  -87.690  -3.894 0.4000000060
150922  -47.905  -88.584  -3.588 0.3000000119
6214  -48.019  -88.788  -4.034 0.3000000119
6190  -43.739  -89.190  -2.660 0.3000000119
6808  -43.012  -88.420  -3.327 0.4000000060
5650  -47.297  -89.626  -3.686 0.4000000060
5658  -47.661  -89.432  -4.000 0.3000000119
5116  -46.180  -90.588  -3.909 0.4000000060
5127  -45.924  -90.311  -4.690 0.4000000060
5624  -44.153  -90.461  -0.321 0.3000000119
6157  -43.035  -89.265  -0.190 0.3000000119
5126  -45.243  -90.918  -4.381 0.4000000060
146971  -45.028  -90.334  -5.052 0.4000000060
5075  -43.719  -90.639  0.319 0.3000000119
129701  -42.432  -89.752  0.128 0.3000000119
4554  -44.228  -90.755  -4.854 0.4000000060
5125  -43.268  -90.088  -5.439 0.5000000000
131823  -43.096  -90.008  0.316 0.3000000119
3965  -42.946  -92.138  -4.738 0.4000000060
4553  -43.227  -91.255  -4.904 0.4000000060
5124  -42.388  -90.166  -5.616 0.5000000000
3355  -41.722  -93.424  0.977 0.3000000119
8167  -49.023  -85.588  -3.892 0.3000000119
8876  -48.933  -84.740  -3.756 0.3000000119
6807  -42.273  -87.805  -2.784 0.4000000060
5673  -47.585  -89.081  -4.792 0.4000000060
5678  -45.910  -89.243  -6.353 0.4000000060
6179  -42.576  -88.402  -1.013 0.4000000060
134364  -45.279  -89.661  -5.686 0.4000000060
152970  -44.460  -89.507  -6.309 0.5000000000
142832  -44.278  -89.531  -7.209 0.4000000060
6156  -42.331  -88.706  -0.251 0.3000000119
5676  -43.679  -89.591  -6.329 0.4000000060
5136  -42.527  -89.985  -7.403 0.4000000060
5137  -43.506  -90.364  -8.631 0.4000000060
4482  -42.020  -91.572  0.410 0.3000000119
3896  -42.505  -92.216  0.908 0.3000000119
3354  -40.802  -93.640  0.616 0.3000000119
6821  -48.523  -87.307  -4.405 0.3000000119
6834  -48.234  -88.113  -4.402 0.3000000119
6221  -47.128  -88.538  -6.036 0.3000000119
6798  -42.091  -87.798  -1.556 0.4000000060
6220  -46.294  -88.749  -7.000 0.5000000000
5683  -44.999  -89.578  -8.190 0.4000000060
135251  -41.959  -88.891  -0.043 0.4000000060
130983  -44.301  -89.987  -8.503 0.4000000060
5083  -40.864  -90.450  -0.930 0.3000000119
5621  -41.698  -89.118  -0.094 0.3000000119
4496  -41.480  -90.980  -0.304 0.3000000119
4481  -41.248  -91.735  -0.233 0.3000000119
3353  -39.934  -93.862  -0.010 0.3000000119
3370  -40.161  -93.056  -0.386 0.3000000119
6841  -48.269  -87.765  -5.197 0.3000000119
6840  -47.542  -87.937  -6.324 0.4000000060
6229  -46.039  -88.833  -8.512 0.4000000060
4513  -40.184  -90.953  -1.776 0.3000000119
4512  -39.524  -91.375  -2.481 0.3000000119
4495  -40.716  -91.384  -1.006 0.3000000119
3926  -40.002  -91.801  -1.684 0.3000000119
3907  -39.738  -92.618  -1.412 0.3000000119
4511  -38.828  -91.779  -3.054 0.3000000119
135068  -38.208  -93.402  -2.375 0.3000000119
3925  -39.299  -92.214  -2.305 0.3000000119
2886  -38.688  -93.874  -1.589 0.3000000119
3369  -39.420  -93.427  -1.046 0.3000000119
7525  -47.824  -86.887  -8.589 0.3000000119
153438  -47.394  -87.387  -8.956 0.4000000060
3382  -37.363  -93.553  -2.515 0.3000000119
2884  -36.950  -94.189  -2.053 0.3000000119
8206  -49.296  -85.105  -7.159 0.3000000119
7526  -48.459  -86.299  -7.544 0.3000000119
7539  -47.796  -86.576  -9.749 0.3000000119
8222  -49.097  -85.136  -8.294 0.3000000119
8221  -48.665  -85.673  -8.761 0.3000000119
7557  -48.310  -85.922  -9.747 0.3000000119
151103  -18.058  -70.550  -8.335 0.5000000000
147650  -17.574  -70.267  -6.195 0.5000000000
21623  -16.395  -69.490  -6.568 0.4000000060
2954  -39.244  -94.347  -7.750 0.6000000238
3983  -39.879  -92.805  -6.916 0.5000000000
5141  -41.663  -90.816  -8.561 0.4000000060
5690  -45.512  -89.345  -9.051 0.4000000060
6247  -46.327  -88.475  -9.405 0.4000000060
6875  -47.328  -87.230  -9.684 0.4000000060
21647  -21.549  -69.858  -7.491 0.5000000000
22489  -21.476  -68.966  -7.275 0.4000000060
23367  -20.337  -67.411  -7.483 0.4000000060
6832  -44.567  -87.289  -4.855 0.3000000119
4497  -44.642  -91.491  -0.494 0.3000000119
3897  -44.153  -92.535  0.191 0.3000000119
7486  -43.314  -87.331  -4.685 0.4000000060
154296  -44.542  -91.264  -4.388 0.4000000060
6180  -43.327  -89.034  -1.467 0.3000000119
5631  -43.698  -89.645  -0.735 0.3000000119
5671  -46.420  -89.741  -5.167 0.4000000060
5073  -42.354  -90.690  0.284 0.3000000119
5677  -45.052  -89.334  -6.888 0.4000000060
3895  -41.615  -92.443  0.500 0.3000000119
6230  -46.746  -88.207  -7.806 0.4000000060
5630  -40.920  -89.224  -0.534 0.3000000119
2875  -39.175  -94.217  -0.597 0.3000000119
6857  -48.096  -86.895  -6.997 0.3000000119
2885  -37.881  -94.166  -1.943 0.3000000119
3489  -35.844  -93.762  -11.015 0.5000000000
3474  -35.742  -93.610  -9.488 0.5000000000
154448  -36.208  -94.377  -9.147 0.5000000000
2489  -37.164  -95.628  -7.906 0.5000000000
2463  -39.040  -94.728  -7.320 0.4000000060
6253  -32.885  -88.076  -9.455 0.4000000060
3424  -41.826  -92.949  -5.335 0.5000000000
3410  -41.992  -93.106  -4.600 0.3000000119
140434  -42.022  -93.133  -3.429 0.3000000119
3425  -42.418  -92.739  -4.840 0.4000000060
3385  -43.010  -93.099  -2.081 0.3000000119
3399  -42.793  -92.862  -3.068 0.3000000119
5620  -41.257  -88.454  -0.202 0.3000000119
6783  -40.912  -87.495  -0.352 0.3000000119
6788  -41.376  -87.316  -1.036 0.3000000119
7500  -43.896  -86.541  -5.196 0.3000000119
7449  -40.797  -86.954  -0.704 0.3000000119
7472  -41.184  -86.647  -2.763 0.3000000119
7473  -41.835  -87.168  -3.408 0.3000000119
7485  -42.267  -86.895  -4.396 0.3000000119
8176  -42.590  -85.499  -5.285 0.3000000119
7460  -40.990  -86.756  -1.518 0.3000000119
8164  -41.136  -85.723  -4.439 0.3000000119
7484  -41.467  -86.471  -3.960 0.3000000119
8175  -41.711  -85.257  -5.159 0.3000000119
8177  -43.535  -85.694  -5.361 0.3000000119
137195  -44.349  -85.067  -5.424 0.3000000119
8153  -40.738  -86.039  -3.350 0.3000000119
8887  -43.980  -84.148  -5.466 0.3000000119
8886  -43.080  -83.979  -5.523 0.3000000119
4049  -33.765  -92.671  -14.145 0.3000000119
3438  -40.068  -93.919  -6.793 0.5000000000
2476  -38.213  -95.182  -7.377 0.4000000060
2488  -36.739  -95.335  -8.400 0.5000000000
25224  -19.669  -64.838  -8.291 0.3000000119
24295  -18.350  -66.060  -7.924 0.3000000119
23338  -15.868  -68.088  -7.219 0.3000000119
4019  -34.775  -92.973  -11.624 0.4000000060
132743  -35.186  -93.011  -8.809 0.4000000060
1988  -36.231  -96.451  -3.728 0.4000000060
2446  -35.584  -95.124  -5.177 0.4000000060
2461  -36.052  -95.008  -5.877 0.4000000060
2033  -36.578  -95.135  -6.630 0.4000000060
2475  -37.276  -95.377  -6.930 0.4000000060
2952  -35.984  -94.333  -7.515 0.4000000060
2967  -36.286  -94.681  -8.409 0.4000000060
2474  -36.699  -95.255  -7.360 0.4000000060
145944  -36.438  -97.959  -1.888 0.3000000119
1975  -36.651  -96.895  -3.140 0.4000000060
2000  -36.775  -96.387  -4.125 0.4000000060
3460  -35.727  -93.720  -8.364 0.4000000060
2433  -36.016  -96.050  -4.222 0.4000000060
3437  -35.694  -94.291  -6.748 0.4000000060
1583  -36.118  -97.199  -2.426 0.3000000119
1999  -36.370  -96.271  -4.046 0.4000000060
148944  -36.167  -95.893  -4.436 0.4000000060
129421  -36.084  -94.700  -6.702 0.4000000060
135774  -36.543  -95.518  -5.366 0.4000000060
2448  -37.057  -95.474  -5.922 0.4000000060
1574  -37.165  -98.323  -1.874 0.3000000119
1584  -36.899  -97.572  -2.577 0.3000000119
1990  -37.345  -96.782  -3.668 0.3000000119
1599  -37.247  -97.143  -3.140 0.3000000119
2435  -37.993  -95.832  -4.536 0.3000000119
2909  -38.543  -94.717  -4.861 0.3000000119
2434  -37.281  -95.699  -5.248 0.3000000119
2910  -39.341  -94.198  -4.653 0.3000000119
3409  -41.181  -93.389  -5.033 0.3000000119
2925  -40.259  -93.774  -5.538 0.3000000119
2449  -38.030  -94.850  -5.460 0.3000000119
145823  -38.441  -94.601  -6.158 0.3000000119
2462  -38.412  -94.849  -6.781 0.3000000119
3361  -28.408  -92.713  -1.228 0.3000000119
3904  -28.923  -92.212  -0.829 0.3000000119
5101  -38.471  -90.533  -3.643 0.3000000119
4526  -30.929  -91.729  -3.361 0.3000000119
4540  -31.504  -91.461  -4.224 0.3000000119
4542  -34.010  -91.100  -4.310 0.3000000119
4543  -34.881  -91.045  -4.171 0.3000000119
4544  -35.838  -91.060  -4.210 0.3000000119
5113  -36.350  -90.354  -4.565 0.3000000119
5114  -37.300  -90.291  -4.368 0.3000000119
5646  -38.418  -89.739  -3.543 0.3000000119
5109  -32.039  -90.917  -4.909 0.3000000119
141073  -32.847  -90.423  -5.141 0.3000000119
5122  -34.330  -90.049  -4.900 0.3000000119
5112  -35.255  -90.341  -4.637 0.3000000119
5654  -35.835  -89.630  -4.870 0.3000000119
2001  -37.278  -96.337  -4.331 0.3000000119
141260  -29.604  -92.158  -0.900 0.3000000119
4528  -33.487  -91.621  -3.910 0.3000000119
154133  -30.820  -91.984  -2.433 0.3000000119
4510  -30.317  -91.615  -2.619 0.3000000119
3939  -31.980  -91.991  -3.456 0.3000000119
4527  -32.517  -91.574  -4.112 0.3000000119
5121  -33.485  -89.902  -5.233 0.3000000119
1989  -36.757  -96.654  -3.625 0.4000000060
2009  -36.195  -95.489  -5.092 0.4000000060
2010  -36.430  -95.936  -4.560 0.4000000060
2011  -36.802  -95.926  -4.860 0.4000000060
2022  -36.412  -95.151  -5.915 0.4000000060
2023  -36.714  -95.283  -6.296 0.4000000060
2034  -36.973  -95.504  -7.119 0.4000000060
2447  -35.924  -95.622  -4.756 0.4000000060
2490  -37.623  -95.471  -7.640 0.5000000000
2491  -38.401  -95.319  -8.038 0.4000000060
2501  -36.557  -95.124  -9.322 0.5000000000
2502  -37.083  -95.503  -9.373 0.6000000238
2504  -38.248  -95.274  -8.651 0.6000000238
2514  -37.309  -95.421  -9.880 0.6999999881
2924  -39.062  -94.281  -5.645 0.3000000119
2937  -35.701  -94.738  -5.947 0.4000000060
2938  -39.982  -94.072  -6.274 0.5000000000
2939  -40.416  -93.656  -6.257 0.5000000000
2953  -38.872  -94.934  -7.800 0.4000000060
2991  -36.441  -94.447  -10.887 0.5000000000
2993  -37.205  -95.004  -10.551 0.6999999881
2994  -37.566  -94.551  -10.230 0.8000000119
3007  -37.073  -94.495  -11.319 0.6000000238
3345  -43.165  -93.406  0.999 0.3000000119
3346  -43.650  -92.724  0.822 0.3000000119
3356  -43.310  -93.721  0.376 0.3000000119
3371  -42.939  -93.676  -1.238 0.4000000060
3383  -39.000  -93.050  -1.998 0.3000000119
3386  -43.471  -92.689  -2.533 0.3000000119
3450  -35.306  -93.643  -7.280 0.4000000060
3461  -38.257  -93.770  -9.017 0.6999999881
3473  -34.997  -92.897  -9.439 0.4000000060
3498  -36.360  -93.891  -12.196 0.6000000238
3501  -38.086  -93.504  -11.892 0.6999999881
3502  -39.002  -92.796  -11.767 0.6000000238
3510  -38.344  -93.019  -13.350 0.6999999881
3520  -23.131  -92.929  -13.719 0.6000000238
3529  -37.982  -93.118  -14.371 0.6999999881
3550  -26.604  -93.328  -16.205 0.4000000060
3554  -36.243  -93.114  -16.880 0.6000000238
3555  -36.975  -93.108  -16.352 0.6000000238
3887  -42.525  -93.037  1.116 0.3000000119
3894  -40.590  -92.252  -0.617 0.3000000119
3909  -44.546  -92.000  -0.597 0.3000000119
3917  -30.139  -91.916  -1.642 0.3000000119
3924  -38.512  -92.596  -2.750 0.3000000119
3928  -44.491  -92.132  -1.386 0.3000000119
3940  -32.952  -92.080  -3.369 0.3000000119
3954  -42.925  -92.432  -4.461 0.4000000060
3955  -43.701  -92.179  -3.904 0.4000000060
3962  -41.201  -92.920  -5.924 0.6000000238
3963  -41.832  -92.552  -5.443 0.6000000238
3971  -39.553  -91.773  -7.087 0.5000000000
3972  -40.349  -92.238  -6.411 0.6000000238
3982  -39.231  -92.420  -7.518 0.6000000238
3993  -38.444  -92.746  -8.762 0.6000000238
4014  -35.170  -93.276  -11.088 0.4000000060
4022  -40.371  -92.100  -11.735 0.6000000238
4032  -25.650  -91.962  -13.053 0.6000000238
4043  -21.841  -91.868  -13.910 0.6999999881
4051  -38.446  -92.581  -13.984 0.6999999881
4055  -21.881  -92.715  -14.051 0.4000000060
4057  -27.278  -91.806  -14.780 0.6000000238
4061  -37.962  -92.381  -15.573 0.6000000238
4062  -38.186  -92.658  -14.866 0.6000000238
4073  -35.730  -92.792  -17.668 0.6000000238
4079  -28.199  -91.750  -17.717 0.5000000000
4084  -35.160  -92.530  -18.040 0.5000000000
4484  -44.406  -91.728  0.151 0.3000000119
4535  -44.992  -91.500  -2.538 0.3000000119
4541  -33.109  -91.069  -4.574 0.3000000119
4546  -43.861  -91.699  -4.386 0.4000000060
4547  -44.772  -91.435  -4.048 0.4000000060
4551  -41.543  -91.437  -5.602 0.6000000238
4552  -42.399  -91.126  -5.212 0.5000000000
4557  -39.953  -91.208  -6.764 0.5000000000
4565  -39.839  -91.131  -7.636 0.5000000000
4575  -40.555  -91.340  -8.849 0.5000000000
4606  -24.874  -90.916  -11.766 0.6999999881
4607  -26.239  -91.077  -12.109 0.6999999881
4622  -23.021  -91.007  -12.849 0.6999999881
4623  -23.618  -91.198  -12.478 0.6999999881
4624  -24.408  -91.396  -12.279 0.6999999881
4625  -25.435  -91.471  -12.321 0.6999999881
4637  -22.477  -91.454  -13.416 0.6999999881
4639  -26.923  -91.472  -13.397 0.6000000238
4644  -38.220  -91.517  -14.545 0.6999999881
4650  -21.375  -91.466  -14.530 0.4000000060
4651  -26.935  -91.804  -14.099 0.6000000238
4660  -37.072  -92.070  -16.802 0.6000000238
4662  -38.310  -92.121  -14.856 0.6999999881
4670  -27.590  -91.761  -15.617 0.5000000000
4675  -35.824  -91.950  -17.520 0.6000000238
4676  -36.249  -92.397  -17.360 0.6000000238
4677  -37.535  -92.156  -16.262 0.6000000238
4684  -23.051  -91.150  -16.745 0.5000000000
4685  -27.882  -91.726  -16.629 0.5000000000
4689  -34.567  -92.218  -18.684 0.5000000000
4696  -23.418  -91.531  -17.407 0.5000000000
4701  -32.734  -91.421  -20.277 0.5000000000
4705  -23.830  -92.106  -18.823 0.5000000000
4708  -29.354  -92.319  -20.290 0.5000000000
5074  -43.063  -90.574  0.557 0.3000000119
5084  -41.693  -89.988  -0.219 0.3000000119
5085  -44.699  -91.031  -0.779 0.3000000119
5095  -45.518  -90.565  -2.655 0.3000000119
5102  -39.041  -90.097  -3.028 0.3000000119
5103  -46.061  -90.506  -3.303 0.4000000060
5110  -33.705  -90.534  -4.796 0.3000000119
5111  -34.442  -90.608  -4.560 0.3000000119
5132  -41.872  -89.954  -6.389 0.4000000060
5145  -43.425  -90.375  -10.741 0.5000000000
5151  -37.404  -90.007  -10.855 0.5000000000
5154  -40.915  -90.686  -11.575 0.6000000238
5155  -41.708  -90.767  -11.488 0.6000000238
5156  -42.801  -90.629  -11.098 0.5000000000
5163  -26.217  -90.475  -11.439 0.6999999881
5164  -27.085  -90.171  -11.504 0.6999999881
5178  -34.164  -90.135  -13.352 0.5000000000
5183  -39.113  -91.399  -12.722 0.5000000000
5189  -23.204  -90.340  -12.936 0.6999999881
5190  -27.462  -90.810  -13.220 0.6999999881
5193  -34.909  -90.542  -14.107 0.5000000000
5201  -21.789  -90.820  -14.530 0.4000000060
5206  -34.779  -90.794  -15.306 0.5000000000
5207  -35.761  -90.945  -15.243 0.5000000000
5213  -23.074  -90.231  -15.376 0.6999999881
5214  -23.951  -89.976  -15.668 0.6999999881
5217  -34.036  -90.700  -16.790 0.5000000000
5225  -34.549  -91.636  -18.286 0.6000000238
5230  -30.127  -90.582  -18.821 0.5000000000
5231  -32.929  -90.755  -20.375 0.5000000000
5232  -33.379  -91.354  -19.828 0.5000000000
5234  -25.496  -90.557  -18.723 0.6000000238
5242  -25.783  -90.787  -19.679 0.6000000238
5243  -26.445  -90.423  -20.172 0.6000000238
5246  -26.649  -90.833  -21.391 0.6000000238
5622  -42.688  -89.407  0.066 0.3000000119
5623  -43.423  -89.876  0.021 0.3000000119
5647  -44.686  -89.804  -2.463 0.3000000119
5656  -37.740  -89.536  -4.101 0.3000000119
5657  -46.871  -90.052  -4.166 0.4000000060
5666  -34.119  -89.363  -5.261 0.3000000119
5670  -44.275  -89.862  -5.564 0.5000000000
5672  -47.216  -89.631  -4.533 0.3000000119
5679  -46.767  -89.142  -5.606 0.4000000060
5682  -43.451  -89.744  -7.332 0.4000000060
5684  -45.624  -89.148  -7.715 0.4000000060
5688  -44.170  -90.231  -10.070 0.5000000000
5695  -35.131  -89.205  -9.443 0.5000000000
5703  -43.081  -89.295  -10.992 0.5000000000
5710  -25.907  -89.302  -10.667 0.6999999881
5711  -26.527  -89.814  -10.911 0.6999999881
5712  -26.774  -89.101  -10.507 0.6999999881
5713  -32.856  -88.947  -10.549 0.5000000000
5714  -33.566  -89.247  -10.377 0.5000000000
5716  -35.547  -89.610  -10.285 0.6000000238
5726  -24.410  -89.583  -11.814 0.6999999881
5727  -25.138  -89.607  -11.131 0.6999999881
5738  -27.752  -89.665  -11.850 0.6999999881
5739  -28.314  -89.051  -12.381 0.6999999881
5740  -33.507  -89.705  -12.815 0.5000000000
5745  -23.648  -89.668  -13.206 0.6999999881
5753  -23.687  -89.533  -13.930 0.6999999881
5756  -29.176  -88.833  -14.642 0.6999999881
5761  -25.059  -89.069  -15.418 0.6999999881
5763  -29.528  -88.986  -15.551 0.6999999881
5765  -33.552  -90.039  -15.707 0.5000000000
5768  -24.799  -89.618  -16.016 0.6999999881
5777  -25.617  -89.584  -17.419 0.6999999881
5779  -30.798  -89.747  -18.486 0.5000000000
5780  -31.640  -89.814  -19.429 0.5000000000
5786  -25.835  -89.827  -18.257 0.6999999881
5788  -32.181  -90.394  -20.525 0.5000000000
5789  -32.568  -90.413  -20.444 0.5000000000
5792  -27.448  -89.346  -20.207 0.6999999881
5795  -27.106  -90.141  -20.747 0.6000000238
5815  -27.674  -90.128  -23.324 0.5000000000
6155  -41.427  -88.243  -0.249 0.3000000119
6170  -43.021  -88.933  -0.621 0.3000000119
6189  -42.797  -88.448  -2.166 0.3000000119
6192  -46.144  -89.376  -3.188 0.3000000119
6203  -47.744  -89.086  -3.566 0.4000000060
6222  -47.917  -88.414  -5.020 0.4000000060
6240  -37.394  -88.538  -8.576 0.5000000000
6245  -41.961  -88.215  -9.316 0.5000000000
6246  -45.844  -88.965  -9.601 0.4000000060
6262  -42.590  -88.774  -10.398 0.5000000000
6265  -45.768  -88.521  -10.298 0.5000000000
6274  -27.032  -88.316  -10.203 0.6999999881
6275  -27.755  -88.050  -10.452 0.6000000238
6288  -32.326  -88.712  -11.333 0.6000000238
6294  -24.687  -88.773  -12.136 0.6999999881
6295  -25.121  -88.268  -11.637 0.6999999881
6302  -24.757  -88.614  -13.033 0.6999999881
6304  -29.204  -88.186  -14.082 0.6999999881
6310  -24.813  -88.870  -14.550 0.6999999881
6313  -30.549  -87.623  -15.149 0.6000000238
6314  -31.642  -88.078  -15.228 0.5000000000
6321  -25.615  -88.675  -15.830 0.6999999881
6324  -30.894  -88.023  -16.027 0.6000000238
6325  -31.570  -88.233  -16.093 0.5000000000
6334  -25.489  -89.225  -16.539 0.6999999881
6339  -32.100  -88.714  -16.966 0.5000000000
6349  -25.970  -88.990  -17.150 0.6999999881
6350  -26.434  -88.491  -17.426 0.6999999881
6362  -27.315  -88.159  -18.682 0.6999999881
6372  -27.013  -88.881  -19.042 0.6999999881
6373  -27.610  -88.577  -19.582 0.6999999881
6387  -28.647  -88.093  -20.525 0.6999999881
6401  -28.256  -89.629  -21.746 0.6999999881
6402  -28.735  -88.910  -21.491 0.6999999881
6414  -28.084  -89.712  -23.679 0.5000000000
6421  -28.500  -89.267  -24.059 0.5000000000
6422  -29.001  -89.356  -24.107 0.6000000238
6423  -29.631  -88.999  -23.900 0.6000000238
6424  -29.382  -88.886  -24.552 0.6000000238
6782  -40.435  -87.321  -0.294 0.3000000119
6789  -41.777  -87.953  -0.588 0.3000000119
6797  -41.629  -87.227  -2.176 0.3000000119
6820  -48.123  -88.050  -3.935 0.3000000119
6856  -47.460  -87.487  -7.791 0.4000000060
6874  -46.944  -87.828  -9.288 0.4000000060
6882  -27.854  -86.746  -9.968 0.6000000238
6897  -28.153  -87.348  -10.508 0.5000000000
6898  -31.789  -87.482  -10.398 0.5000000000
6906  -31.397  -86.942  -11.267 0.5000000000
6911  -25.399  -87.518  -11.933 0.6999999881
6913  -31.082  -86.746  -12.814 0.6000000238
6939  -25.963  -87.998  -15.354 0.6999999881
6952  -27.063  -87.024  -16.832 0.6999999881
6964  -26.683  -87.747  -16.961 0.6999999881
6974  -27.921  -87.721  -19.181 0.6999999881
6975  -28.196  -86.978  -18.961 0.6999999881
6993  -28.859  -87.281  -20.444 0.6999999881
7001  -27.059  -87.535  -22.567 0.5000000000
7003  -29.583  -87.855  -21.981 0.6999999881
7009  -28.124  -87.954  -24.149 0.5000000000
7014  -29.714  -88.449  -25.042 0.6000000238
7015  -28.336  -87.755  -25.780 0.6000000238
7016  -29.213  -87.944  -25.677 0.6000000238
7487  -46.764  -87.240  -4.095 0.3000000119
7499  -42.870  -86.368  -5.042 0.3000000119
7503  -47.179  -86.052  -4.389 0.3000000119
7540  -48.306  -86.257  -8.873 0.3000000119
7548  -27.479  -86.155  -9.786 0.4000000060
7549  -28.212  -85.931  -9.856 0.4000000060
7555  -46.383  -87.199  -10.482 0.5000000000
7556  -47.085  -86.796  -10.314 0.5000000000
7562  -25.855  -87.104  -10.737 0.6000000238
7565  -29.511  -85.912  -10.998 0.4000000060
7567  -30.842  -85.823  -10.640 0.5000000000
7574  -25.663  -86.942  -11.420 0.6000000238
7577  -29.680  -86.038  -11.897 0.6000000238
7586  -25.993  -86.187  -12.305 0.6999999881
7587  -29.857  -86.277  -12.769 0.6000000238
7588  -30.588  -86.340  -12.693 0.6000000238
7637  -27.153  -86.119  -15.915 0.6999999881
7638  -27.309  -86.316  -16.603 0.6999999881
7656  -27.546  -86.577  -17.467 0.6999999881
7678  -28.196  -86.337  -18.887 0.6999999881
7687  -28.849  -86.460  -20.557 0.6999999881
7696  -29.688  -87.067  -21.976 0.6999999881
7701  -26.662  -86.621  -22.625 0.5000000000
7703  -30.036  -86.922  -22.931 0.6999999881
7710  -23.173  -86.471  -25.515 0.4000000060
7713  -27.212  -87.461  -25.576 0.6000000238
7715  -30.638  -86.406  -25.611 0.6999999881
7720  -30.401  -86.883  -25.775 0.6999999881
7721  -30.862  -86.123  -26.037 0.6000000238
7722  -23.855  -86.378  -26.327 0.5000000000
7723  -24.729  -86.825  -26.502 0.5000000000
7725  -27.100  -87.174  -26.384 0.6000000238
7726  -28.995  -86.718  -26.470 0.6000000238
7727  -30.139  -86.477  -26.263 0.5000000000
8165  -41.950  -86.082  -4.822 0.3000000119
8178  -45.199  -85.723  -5.243 0.3000000119
8205  -48.902  -85.627  -7.462 0.3000000119
8240  -47.156  -86.115  -10.474 0.5000000000
8247  -26.476  -85.612  -10.402 0.5000000000
8248  -26.900  -85.161  -9.940 0.5000000000
8277  -26.328  -85.497  -12.706 0.6999999881
8337  -27.551  -85.718  -17.127 0.6999999881
8361  -28.133  -85.692  -19.235 0.6000000238
8370  -27.793  -84.759  -19.791 0.6000000238
8371  -28.490  -85.443  -20.954 0.6000000238
8380  -28.906  -85.522  -21.921 0.6000000238
8396  -22.488  -85.811  -25.476 0.4000000060
8397  -30.590  -86.283  -24.933 0.6999999881
8399  -22.826  -85.785  -25.783 0.4000000060
8400  -23.292  -86.139  -26.087 0.5000000000
8402  -31.231  -85.329  -26.074 0.6000000238
8403  -24.357  -85.958  -26.392 0.6000000238
8404  -25.786  -86.473  -26.592 0.6000000238
8407  -30.684  -85.664  -26.347 0.5000000000
8912  -49.331  -84.623  -7.649 0.3000000119
8926  -48.797  -85.141  -9.587 0.3000000119
8992  -26.659  -84.037  -14.800 0.6000000238
9002  -26.817  -84.329  -15.509 0.6000000238
9016  -27.207  -84.843  -16.991 0.6000000238
9032  -27.047  -84.267  -17.576 0.6000000238
9077  -27.639  -83.729  -19.972 0.6000000238
9098  -28.885  -84.639  -22.562 0.6000000238
9099  -29.518  -85.048  -23.516 0.6000000238
9104  -29.910  -84.517  -24.242 0.6000000238
9109  -23.713  -85.143  -25.784 0.5000000000
9110  -30.782  -85.226  -25.198 0.6000000238
9112  -23.027  -85.555  -25.864 0.5000000000
9113  -24.972  -85.014  -26.014 0.5000000000
9115  -31.556  -84.554  -26.113 0.6000000238
9116  -31.700  -83.758  -26.292 0.6000000238
9118  -26.360  -85.453  -26.495 0.6000000238
9121  -30.187  -84.880  -26.602 0.6000000238
9122  -31.068  -84.342  -26.472 0.6000000238
9744  -26.613  -82.952  -13.693 0.5000000000
9777  -26.604  -83.402  -15.500 0.6000000238
9810  -26.936  -83.482  -17.751 0.6000000238
9832  -27.492  -83.150  -19.274 0.5000000000
9849  -28.274  -83.610  -21.407 0.5000000000
9858  -22.891  -83.335  -23.096 0.6000000238
9860  -29.271  -83.426  -22.947 0.5000000000
9871  -22.175  -84.427  -25.207 0.6000000238
9872  -24.062  -84.403  -25.170 0.6000000238
9873  -24.916  -83.524  -25.144 0.6000000238
9875  -31.851  -83.677  -25.624 0.5000000000
9880  -27.446  -83.051  -26.111 0.6000000238
9882  -26.882  -84.281  -26.316 0.6000000238
10500  -26.859  -83.300  -11.699 0.5000000000
10519  -27.346  -82.560  -12.469 0.5000000000
10535  -26.949  -82.646  -13.024 0.5000000000
10536  -27.572  -82.368  -13.072 0.5000000000
10537  -28.484  -82.407  -13.056 0.5000000000
10557  -28.336  -82.247  -14.549 0.5000000000
10574  -26.669  -82.766  -15.197 0.6000000238
10576  -27.904  -82.065  -15.331 0.5000000000
10589  -26.646  -83.124  -16.322 0.5000000000
10590  -27.062  -82.420  -16.375 0.5000000000
10605  -26.840  -82.868  -17.098 0.6000000238
10606  -27.228  -82.640  -17.884 0.5000000000
10608  -28.995  -81.889  -17.723 0.5000000000
10621  -27.532  -82.634  -18.616 0.6000000238
10622  -28.225  -82.158  -18.473 0.6000000238
10624  -30.327  -82.150  -18.578 0.5000000000
10630  -27.900  -82.549  -19.159 0.6000000238
10631  -28.601  -82.195  -19.325 0.6000000238
10632  -29.701  -82.007  -19.427 0.6000000238
10634  -32.133  -82.854  -19.688 0.5000000000
10639  -22.214  -82.139  -20.870 0.6999999881
10640  -22.998  -81.980  -20.888 0.6999999881
10642  -29.381  -82.291  -20.916 0.6000000238
10643  -30.378  -82.053  -20.756 0.6000000238
10644  -31.820  -82.243  -20.256 0.5000000000
10647  -34.579  -82.681  -21.529 0.5000000000
10655  -23.281  -82.224  -21.687 0.6000000238
10656  -29.084  -82.651  -21.596 0.5000000000
10660  -34.378  -81.882  -21.874 0.5000000000
10671  -23.645  -82.608  -22.603 0.6000000238
10672  -24.206  -82.499  -23.378 0.6000000238
10674  -29.500  -82.749  -22.439 0.5000000000
10677  -24.471  -82.848  -24.024 0.6000000238
10681  -30.929  -82.544  -23.915 0.5000000000
10682  -31.650  -82.016  -23.445 0.6000000238
10684  -26.209  -82.235  -25.305 0.5000000000
10685  -27.084  -82.047  -25.213 0.4000000060
10687  -32.606  -82.206  -25.511 0.5000000000
10690  -27.928  -82.294  -25.727 0.5000000000
10692  -32.497  -82.434  -26.036 0.5000000000
10694  -30.347  -82.578  -26.323 0.5000000000
10696  -32.200  -83.146  -26.137 0.5000000000
11399  -21.435  -81.224  -19.651 0.6999999881
11400  -22.203  -81.288  -19.458 0.6999999881
11409  -22.614  -81.681  -20.149 0.6000000238
11410  -23.239  -81.383  -20.515 0.6000000238
11411  -31.340  -81.986  -20.848 0.5000000000
11420  -25.774  -81.009  -22.221 0.6000000238
11421  -26.479  -81.203  -21.975 0.6000000238
11422  -27.442  -81.156  -21.899 0.6000000238
11423  -31.729  -81.847  -21.650 0.6000000238
11424  -32.777  -81.672  -22.119 0.5000000000
11434  -24.157  -81.562  -23.195 0.5000000000
11439  -33.300  -81.207  -23.244 0.6000000238
11440  -33.954  -80.549  -23.372 0.6000000238
11445  -25.867  -81.600  -23.961 0.6999999881
11451  -27.455  -81.687  -24.632 0.4000000060
11452  -28.375  -81.411  -24.759 0.6000000238
11453  -29.254  -81.122  -24.985 0.6000000238
11454  -30.417  -80.765  -25.331 0.6000000238
11460  -32.004  -81.690  -26.115 0.5000000000
11461  -30.203  -81.904  -26.059 0.5000000000
11462  -31.156  -82.126  -26.251 0.5000000000
11463  -31.991  -82.473  -26.248 0.5000000000
12154  -22.186  -80.357  -18.709 0.6999999881
12163  -20.804  -80.692  -19.606 0.6999999881
12164  -21.695  -80.707  -18.971 0.6999999881
12166  -23.181  -80.302  -19.392 0.6000000238
12168  -28.148  -80.118  -19.643 0.6000000238
12169  -29.106  -79.905  -19.932 0.6000000238
12175  -20.091  -80.556  -20.382 0.6000000238
12176  -23.407  -80.649  -20.335 0.6000000238
12191  -23.587  -81.017  -21.407 0.6000000238
12192  -25.749  -80.447  -21.398 0.5000000000
12194  -28.772  -80.504  -21.483 0.6000000238
12195  -29.776  -80.079  -21.702 0.6000000238
12196  -30.552  -79.752  -21.896 0.6000000238
12203  -23.631  -79.737  -23.343 0.6000000238
12204  -24.172  -80.401  -23.535 0.6000000238
12205  -25.309  -80.403  -22.745 0.5000000000
12209  -34.341  -80.163  -23.096 0.6000000238
12210  -34.748  -80.340  -22.538 0.5000000000
12212  -24.405  -80.124  -23.587 0.5000000000
12214  -31.897  -79.677  -24.612 0.6000000238
12215  -33.383  -79.906  -24.297 0.6000000238
12216  -33.801  -79.995  -23.698 0.6000000238
12220  -31.484  -80.976  -25.811 0.5000000000
12221  -32.334  -80.937  -25.746 0.6000000238
12222  -32.918  -80.922  -25.439 0.6000000238
12817  -17.602  -79.367  -2.345 0.5000000000
12828  -19.276  -79.209  -3.736 0.6000000238
12856  -18.987  -79.421  -5.264 0.6000000238
12999  -26.749  -79.170  -17.788 0.5000000000
13001  -28.258  -79.527  -17.228 0.4000000060
13011  -21.153  -79.228  -18.553 0.6000000238
13012  -21.774  -79.945  -18.571 0.6999999881
13013  -22.596  -79.886  -18.715 0.6000000238
13015  -26.362  -79.199  -18.553 0.5000000000
13016  -27.093  -79.592  -18.465 0.6000000238
13019  -30.418  -79.463  -18.642 0.5000000000
13032  -25.702  -79.238  -20.228 0.5000000000
13033  -28.837  -79.747  -19.140 0.6000000238
13046  -30.059  -79.655  -20.205 0.6000000238
13058  -23.341  -79.284  -22.002 0.5000000000
13060  -31.207  -79.479  -21.566 0.6000000238
13062  -32.541  -79.143  -21.378 0.5000000000
13063  -33.673  -79.267  -22.482 0.6000000238
13064  -34.330  -79.748  -22.587 0.5000000000
13066  -23.396  -79.251  -22.986 0.6000000238
13067  -24.965  -79.542  -23.234 0.6000000238
13068  -32.283  -79.201  -23.274 0.6000000238
13069  -33.118  -79.119  -23.189 0.6000000238
13071  -23.664  -79.298  -23.344 0.6000000238
13072  -24.387  -79.413  -23.513 0.6000000238
13073  -31.757  -79.405  -23.663 0.6000000238
13075  -33.084  -79.427  -24.025 0.6000000238
13077  -32.918  -79.748  -24.685 0.6000000238
13613  -17.030  -78.381  -0.281 0.6999999881
13624  -19.588  -78.023  -1.290 0.6999999881
13635  -18.997  -78.591  -1.843 0.6999999881
13636  -19.979  -78.283  -2.141 0.6999999881
13654  -19.985  -78.621  -3.149 0.6999999881
13655  -20.692  -78.249  -3.490 0.6999999881
13671  -20.739  -78.453  -4.386 0.8000000119
13672  -21.343  -78.024  -4.598 0.8000000119
13691  -20.890  -78.462  -5.264 0.8000000119
13707  -18.757  -79.098  -6.793 0.6000000238
13709  -21.156  -78.258  -6.083 0.8000000119
13720  -17.430  -78.499  -7.701 0.6000000238
13731  -18.489  -78.082  -8.425 0.6000000238
13823  -26.975  -78.687  -16.505 0.5000000000
13829  -26.621  -78.406  -17.271 0.5000000000
13830  -26.990  -79.106  -17.081 0.5000000000
13839  -20.523  -78.417  -18.767 0.6000000238
13857  -23.003  -77.999  -18.847 0.6000000238
13873  -19.016  -78.435  -20.224 0.6000000238
13874  -23.357  -78.551  -21.306 0.5000000000
13875  -25.645  -78.852  -21.234 0.5000000000
13876  -25.943  -78.298  -20.779 0.5000000000
13890  -25.554  -78.905  -22.065 0.5000000000
13899  -25.621  -78.346  -22.511 0.6000000238
13900  -24.080  -79.030  -23.441 0.6000000238
13901  -24.826  -78.898  -23.274 0.6000000238
14443  -16.713  -77.663  0.155 0.5000000000
14446  -19.367  -77.080  -0.696 0.6999999881
14455  -19.781  -77.408  -1.152 0.6999999881
14456  -20.264  -77.155  -1.621 0.6999999881
14468  -20.523  -77.573  -2.181 0.6999999881
14483  -20.957  -77.448  -3.015 0.6999999881
14521  -21.452  -77.864  -6.796 0.6999999881
14522  -22.134  -77.247  -6.497 0.8000000119
14529  -16.816  -77.988  -8.146 0.5000000000
14530  -17.665  -78.035  -8.363 0.6000000238
14531  -20.258  -78.069  -7.997 0.6999999881
14549  -21.599  -77.544  -8.128 0.6999999881
14563  -20.779  -77.671  -9.309 0.6999999881
14564  -21.769  -77.467  -8.900 0.6999999881
14578  -21.386  -77.816  -10.647 0.6999999881
14579  -22.326  -77.529  -10.540 0.5000000000
14591  -19.057  -77.210  -11.764 0.6000000238
14592  -19.917  -77.741  -11.540 0.6000000238
14606  -19.069  -77.312  -12.649 0.6000000238
14607  -19.873  -77.844  -13.065 0.6999999881
14608  -20.562  -78.076  -12.435 0.8000000119
14610  -22.376  -77.506  -12.264 0.6999999881
14622  -20.203  -77.913  -14.073 0.8000000119
14624  -21.739  -77.696  -13.590 0.8000000119
14634  -18.182  -77.476  -15.365 0.6000000238
14636  -20.013  -77.706  -15.034 0.6999999881
14637  -20.774  -77.682  -14.696 0.8000000119
14638  -21.452  -77.462  -14.353 0.8000000119
14646  -17.037  -77.524  -16.380 0.6000000238
14648  -18.766  -77.519  -16.131 0.6000000238
14650  -20.391  -77.382  -15.455 0.8000000119
14665  -18.160  -77.304  -16.973 0.6000000238
14667  -19.960  -77.182  -16.166 0.6999999881
14680  -16.515  -77.147  -17.720 0.6000000238
14682  -26.580  -77.700  -18.003 0.5000000000
14683  -26.939  -77.487  -17.093 0.5000000000
14695  -22.467  -77.310  -18.434 0.6000000238
14706  -19.904  -77.556  -19.159 0.6999999881
14707  -23.199  -77.080  -19.131 0.6000000238
14708  -26.380  -77.762  -20.130 0.5000000000
14720  -26.712  -77.521  -21.509 0.5000000000
14735  -24.135  -77.237  -22.034 0.6000000238
14736  -26.778  -77.222  -22.104 0.6000000238
14742  -24.692  -77.557  -22.508 0.6000000238
14743  -25.272  -77.861  -22.697 0.5000000000
15325  -17.039  -76.772  0.049 0.6000000238
15326  -18.596  -76.614  -0.566 0.6999999881
15335  -16.724  -75.955  -0.514 0.5000000000
15337  -19.871  -76.962  -1.158 0.6999999881
15343  -18.696  -75.681  -2.506 0.5000000000
15360  -19.300  -75.945  -3.127 0.5000000000
15362  -21.044  -76.885  -3.139 0.6999999881
15373  -21.606  -76.678  -4.228 0.8000000119
15389  -21.912  -76.694  -4.795 0.8000000119
15390  -22.136  -76.130  -5.318 0.8000000119
15404  -22.857  -76.133  -6.950 0.8000000119
15416  -22.984  -76.274  -7.850 0.6000000238
15426  -16.990  -76.332  -9.901 0.5000000000
15427  -17.771  -76.737  -9.852 0.6000000238
15455  -17.766  -76.123  -11.740 0.5000000000
15457  -22.853  -76.725  -11.865 0.6000000238
15469  -17.748  -76.234  -12.624 0.5000000000
15470  -18.391  -76.711  -12.175 0.6000000238
15481  -17.683  -76.534  -13.575 0.6000000238
15483  -22.077  -76.982  -13.932 0.8000000119
15514  -17.204  -77.354  -15.546 0.6000000238
15531  -19.424  -76.788  -16.632 0.6000000238
15545  -16.895  -76.437  -18.194 0.6000000238
15546  -17.640  -76.513  -17.662 0.6000000238
15548  -28.412  -76.245  -18.298 0.5000000000
15559  -21.769  -76.487  -18.192 0.6999999881
15569  -16.312  -76.471  -19.592 0.6000000238
15570  -16.998  -76.220  -19.688 0.6000000238
15571  -18.394  -76.476  -19.795 0.5000000000
15576  -27.583  -76.775  -19.864 0.5000000000
15590  -15.879  -76.962  -20.092 0.6000000238
15592  -17.528  -76.630  -20.085 0.5000000000
15593  -23.876  -76.559  -20.766 0.6999999881
15595  -28.023  -76.634  -21.258 0.5000000000
15610  -24.115  -76.793  -21.489 0.6000000238
15611  -24.824  -76.739  -21.898 0.6000000238
15612  -26.557  -76.611  -22.139 0.6000000238
15614  -28.073  -76.353  -21.741 0.5000000000
15617  -26.589  -77.064  -22.254 0.6000000238
16294  -14.776  -75.060  -0.998 0.5000000000
16326  -16.564  -75.153  -5.424 0.4000000060
16328  -17.966  -75.832  -4.482 0.5000000000
16341  -16.554  -75.409  -5.666 0.4000000060
16345  -21.114  -75.427  -5.093 0.6000000238
16346  -21.844  -75.509  -5.467 0.6999999881
16351  -16.285  -75.224  -6.303 0.5000000000
16352  -17.210  -75.530  -6.125 0.5000000000
16354  -19.447  -75.371  -5.763 0.6000000238
16356  -22.148  -75.019  -6.078 0.6000000238
16434  -22.672  -75.852  -12.224 0.6000000238
16457  -21.656  -76.256  -14.503 0.8000000119
16467  -19.465  -75.211  -16.274 0.6999999881
16468  -20.550  -75.987  -15.804 0.6999999881
16469  -21.199  -76.578  -15.214 0.6999999881
16471  -26.500  -75.017  -16.316 0.6999999881
16478  -17.844  -75.162  -17.456 0.6000000238
16480  -19.959  -76.452  -16.348 0.6999999881
16481  -24.949  -75.538  -16.143 0.6999999881
16482  -25.570  -75.375  -16.788 0.8000000119
16510  -20.350  -74.896  -18.342 0.6999999881
16514  -29.148  -75.791  -19.257 0.5000000000
16528  -18.191  -75.436  -19.341 0.6000000238
16529  -18.808  -75.193  -19.045 0.6999999881
16530  -23.126  -75.588  -18.703 0.6999999881
16532  -24.849  -74.985  -19.824 0.6999999881
16546  -24.652  -75.508  -20.506 0.6999999881
16547  -25.547  -75.155  -20.653 0.8000000119
16549  -29.085  -75.820  -21.269 0.5000000000
16558  -25.155  -75.930  -21.323 0.6000000238
16559  -26.129  -75.868  -21.617 0.6999999881
16561  -27.997  -76.074  -21.848 0.5000000000
16562  -28.615  -75.982  -21.549 0.5000000000
17223  -15.065  -74.559  -1.332 0.4000000060
17232  -18.128  -74.911  -2.232 0.5000000000
17256  -15.684  -74.640  -5.704 0.4000000060
17257  -16.347  -74.720  -5.325 0.4000000060
17267  -15.478  -74.700  -5.926 0.4000000060
17276  -18.047  -74.894  -6.777 0.5000000000
17277  -20.214  -74.709  -6.143 0.6000000238
17279  -22.547  -74.742  -6.781 0.5000000000
17284  -16.365  -74.616  -7.004 0.4000000060
17286  -18.996  -74.129  -7.105 0.6000000238
17295  -23.173  -74.701  -8.615 0.5000000000
17332  -22.234  -74.265  -11.234 0.6000000238
17333  -22.545  -75.075  -11.695 0.6000000238
17361  -20.953  -73.798  -13.236 0.6000000238
17378  -23.951  -74.867  -14.645 0.6999999881
17380  -25.666  -75.201  -14.569 0.6000000238
17392  -18.435  -73.716  -16.510 0.6000000238
17395  -23.823  -75.120  -15.456 0.6000000238
17410  -23.008  -74.595  -16.708 0.8000000119
17411  -23.691  -75.104  -16.872 0.8000000119
17412  -26.351  -74.839  -17.573 0.6999999881
17426  -17.643  -74.345  -17.885 0.6000000238
17428  -21.017  -73.954  -17.540 0.6000000238
17429  -22.402  -74.589  -17.461 0.8000000119
17433  -26.758  -74.355  -18.487 0.8000000119
17447  -17.782  -74.127  -18.074 0.6000000238
17449  -19.487  -74.219  -18.288 0.6999999881
17450  -21.205  -74.628  -17.828 0.6000000238
17451  -23.469  -75.060  -18.177 0.6999999881
17453  -25.367  -74.602  -18.894 0.6999999881
17454  -26.228  -74.344  -19.149 0.8000000119
17464  -24.213  -74.991  -19.161 0.6999999881
17465  -24.896  -74.732  -19.248 0.6999999881
17467  -26.580  -74.278  -19.923 0.8000000119
17476  -27.036  -74.628  -20.756 0.6999999881
17478  -29.022  -74.929  -21.288 0.6999999881
17484  -27.603  -75.376  -21.489 0.6999999881
17485  -28.487  -75.528  -21.505 0.5000000000
18190  -14.069  -73.232  -2.170 0.4000000060
18209  -19.389  -73.383  -3.222 0.5000000000
18212  -17.392  -74.381  -4.714 0.5000000000
18214  -19.267  -73.485  -3.996 0.5000000000
18224  -17.402  -73.510  -5.210 0.5000000000
18225  -18.137  -73.652  -4.788 0.5000000000
18228  -15.136  -74.083  -6.335 0.4000000060
18230  -20.969  -74.086  -6.515 0.6000000238
18234  -17.766  -73.484  -7.656 0.6000000238
18235  -19.663  -73.514  -7.337 0.5000000000
18244  -16.075  -73.016  -8.045 0.5000000000
18270  -20.381  -72.226  -11.522 0.5000000000
18282  -24.120  -73.462  -12.631 0.6000000238
18297  -19.384  -72.096  -14.149 0.6000000238
18298  -20.096  -72.966  -13.576 0.6000000238
18317  -19.285  -72.563  -15.128 0.8000000119
18350  -18.916  -72.684  -16.272 0.6000000238
18352  -22.614  -74.006  -16.087 0.8000000119
18354  -28.582  -73.657  -16.971 0.6000000238
18366  -18.139  -73.388  -17.232 0.5000000000
18368  -19.369  -73.119  -17.350 0.5000000000
18382  -18.165  -73.623  -17.684 0.6000000238
18383  -19.177  -73.588  -17.854 0.6999999881
18384  -28.216  -73.627  -19.270 0.6000000238
18392  -28.810  -73.612  -20.273 0.6000000238
18393  -29.861  -73.619  -20.569 0.5000000000
18400  -28.458  -74.199  -20.726 0.5000000000
18402  -30.497  -74.311  -20.873 0.5000000000
18403  -31.359  -74.056  -20.681 0.5000000000
19073  -16.630  -72.520  -1.742 0.4000000060
19109  -17.381  -72.639  -5.646 0.5000000000
19113  -14.242  -72.354  -7.315 0.5000000000
19114  -14.613  -73.242  -6.863 0.4000000060
19116  -14.138  -71.977  -7.826 0.5000000000
19118  -15.042  -73.249  -7.557 0.5000000000
19128  -17.144  -72.389  -8.332 0.5000000000
19129  -18.005  -72.066  -8.454 0.5000000000
19131  -20.042  -72.254  -8.644 0.6000000238
19143  -20.834  -72.433  -9.830 0.6000000238
19162  -19.627  -71.065  -12.530 0.6000000238
19163  -19.913  -71.265  -11.908 0.6000000238
19191  -19.590  -72.020  -13.148 0.6999999881
19203  -19.415  -71.348  -14.232 0.6999999881
19204  -21.219  -71.624  -15.101 0.8000000119
19217  -19.352  -71.901  -15.694 0.8000000119
19219  -20.890  -71.894  -15.740 0.8000000119
19220  -21.688  -72.419  -15.499 0.8000000119
19234  -18.564  -72.938  -16.840 0.5000000000
19236  -19.740  -72.126  -16.256 0.6999999881
19237  -20.527  -72.271  -16.294 0.8000000119
19239  -29.664  -72.688  -17.266 0.5000000000
19243  -19.022  -72.812  -16.998 0.5000000000
19263  -31.751  -73.481  -20.591 0.5000000000
19929  -18.847  -71.935  -1.899 0.5000000000
19949  -20.117  -72.026  -5.176 0.4000000060
19950  -21.047  -72.065  -3.929 0.4000000060
19960  -14.624  -71.744  -6.871 0.5000000000
19963  -18.303  -71.913  -5.791 0.5000000000
19984  -14.032  -71.130  -8.112 0.5000000000
19986  -15.199  -71.440  -8.766 0.4000000060
19987  -16.794  -71.179  -8.727 0.5000000000
20000  -20.519  -71.555  -9.639 0.5000000000
20007  -22.928  -71.040  -10.568 0.5000000000
20016  -19.763  -70.787  -12.415 0.6000000238
20018  -22.539  -71.120  -11.441 0.5000000000
20026  -19.564  -70.858  -13.029 0.6000000238
20028  -22.492  -71.648  -12.719 0.6000000238
20029  -23.024  -71.747  -11.878 0.5000000000
20036  -19.526  -70.918  -13.667 0.6999999881
20038  -21.930  -71.472  -13.550 0.6000000238
20044  -19.867  -70.948  -14.591 0.6999999881
20046  -21.518  -71.490  -14.342 0.6999999881
20052  -19.531  -71.372  -14.832 0.8000000119
20053  -19.765  -71.366  -15.259 0.8000000119
20054  -20.374  -71.329  -15.234 0.6999999881
20749  -15.928  -69.895  -2.110 0.3000000119
20753  -20.788  -70.834  -1.894 0.4000000060
20754  -21.497  -70.826  -2.430 0.4000000060
20774  -21.784  -70.610  -4.266 0.3000000119
20785  -17.073  -70.889  -6.256 0.5000000000
20792  -14.206  -71.108  -7.483 0.4000000060
20802  -13.954  -70.767  -7.983 0.4000000060
20803  -19.726  -70.297  -7.792 0.5000000000
20815  -14.181  -70.422  -8.320 0.4000000060
20816  -15.054  -70.254  -9.005 0.4000000060
20832  -14.578  -70.084  -8.726 0.4000000060
20833  -20.893  -71.021  -10.026 0.5000000000
20835  -22.558  -70.710  -9.122 0.5000000000
20843  -20.600  -70.807  -11.027 0.5000000000
20851  -20.975  -70.618  -11.464 0.6000000238
20859  -19.694  -70.688  -12.964 0.6000000238
20860  -19.897  -70.576  -12.709 0.6000000238
20862  -21.593  -70.748  -11.875 0.5000000000
20869  -19.654  -70.716  -13.314 0.6999999881
20871  -20.354  -70.577  -13.160 0.6999999881
20875  -19.703  -70.754  -13.802 0.6999999881
20876  -20.110  -70.667  -13.897 0.6999999881
21582  -17.650  -69.609  -1.675 0.4000000060
21583  -18.465  -69.516  -1.593 0.4000000060
21622  -15.495  -69.861  -6.958 0.4000000060
21624  -17.451  -69.409  -6.195 0.5000000000
21636  -14.189  -70.166  -7.848 0.4000000060
21637  -14.888  -69.524  -7.521 0.4000000060
21645  -19.422  -69.468  -7.581 0.4000000060
21646  -20.768  -69.378  -7.352 0.4000000060
21657  -14.406  -69.930  -8.454 0.4000000060
21661  -17.734  -69.641  -8.313 0.4000000060
21670  -14.745  -69.640  -8.601 0.4000000060
22412  -17.223  -67.738  -1.589 0.5000000000
22476  -14.539  -69.345  -8.000 0.4000000060
22484  -14.653  -69.475  -8.330 0.4000000060
22487  -19.253  -68.500  -7.551 0.4000000060
22499  -15.144  -69.033  -8.511 0.4000000060
22501  -16.327  -67.792  -8.384 0.4000000060
23285  -18.690  -67.853  -1.418 0.4000000060
23339  -16.569  -67.528  -6.748 0.3000000119
24221  -14.276  -66.079  -4.118 0.3000000119
24283  -19.434  -66.532  -7.737 0.4000000060
24284  -20.404  -66.340  -7.801 0.4000000060
24285  -21.078  -66.985  -7.595 0.4000000060
24296  -19.283  -65.586  -7.979 0.3000000119
24297  -20.167  -65.529  -8.174 0.4000000060
25155  -16.437  -65.634  -2.276 0.4000000060
128161  -15.375  -76.810  -19.486 0.6000000238
128204  -47.684  -85.483  -10.427 0.3000000119
128538  -22.801  -90.157  -14.625 0.6999999881
128934  -23.460  -84.228  -24.750 0.5000000000
128967  -20.811  -71.686  -4.716 0.4000000060
129480  -26.367  -84.946  -11.920 0.6000000238
130363  -22.049  -79.147  -18.347 0.6000000238
130609  -23.504  -80.149  -21.319 0.6000000238
130926  -26.552  -83.846  -13.096 0.5000000000
131010  -35.994  -93.923  -10.351 0.6000000238
131038  -36.366  -94.880  -7.521 0.4000000060
131080  -14.995  -70.980  -8.968 0.4000000060
131181  -33.322  -79.195  -21.558 0.6000000238
131363  -26.926  -77.197  -18.765 0.5000000000
131515  -20.639  -78.069  -13.340 0.8000000119
131542  -25.561  -82.048  -25.061 0.6000000238
131565  -39.314  -94.434  -6.659 0.4000000060
132003  -21.070  -72.880  -10.932 0.5000000000
132235  -30.482  -82.031  -19.890 0.6000000238
132695  -30.324  -87.992  -24.636 0.6000000238
132736  -37.821  -95.565  -8.348 0.5000000000
133235  -36.101  -96.652  -3.101 0.3000000119
133280  -23.063  -76.702  -11.066 0.6999999881
133436  -18.730  -78.999  -20.787 0.5000000000
133551  -24.611  -90.261  -11.607 0.6999999881
133675  -19.178  -72.349  -15.642 0.6000000238
133733  -16.278  -76.433  -18.579 0.6000000238
133739  -19.937  -68.163  -7.385 0.4000000060
133878  -16.847  -70.153  -6.394 0.5000000000
133930  -48.467  -85.270  -3.929 0.3000000119
133946  -32.401  -81.951  -24.605 0.6000000238
134234  -23.351  -78.581  -19.744 0.6000000238
134236  -19.147  -77.623  -15.234 0.6000000238
134247  -25.943  -83.396  -25.702 0.6000000238
134484  -44.357  -85.907  -5.342 0.3000000119
134492  -31.824  -79.268  -21.211 0.6000000238
134895  -34.299  -80.699  -22.953 0.5000000000
135004  -14.889  -73.749  -6.941 0.4000000060
135131  -40.360  -91.908  -11.960 0.6000000238
135144  -18.061  -79.194  -6.666 0.6000000238
135320  -29.620  -83.130  -26.425 0.5000000000
135475  -29.850  -79.480  -17.882 0.6000000238
135602  -27.865  -82.270  -13.830 0.5000000000
135621  -16.237  -73.800  -1.546 0.4000000060
135898  -43.313  -84.826  -5.461 0.3000000119
135981  -22.037  -73.125  -15.899 0.8000000119
136279  -36.333  -94.904  -6.686 0.4000000060
136322  -48.571  -85.954  -8.185 0.3000000119
136371  -24.973  -91.797  -20.389 0.5000000000
136401  -30.691  -80.157  -24.497 0.6000000238
136479  -34.830  -93.242  -13.205 0.5000000000
136636  -20.347  -71.548  -11.024 0.5000000000
136668  -28.390  -80.845  -22.272 0.6000000238
137157  -24.304  -75.328  -19.828 0.6999999881
137312  -26.751  -84.783  -14.229 0.6000000238
137600  -42.263  -90.893  -11.314 0.5000000000
137646  -17.894  -73.774  -17.598 0.6000000238
137774  -26.584  -84.723  -13.395 0.5000000000
137936  -38.084  -97.351  -3.190 0.3000000119
138160  -20.771  -77.668  -10.033 0.6999999881
138487  -27.579  -82.078  -16.000 0.6000000238
138626  -32.351  -88.818  -12.963 0.5000000000
138695  -16.262  -72.496  -5.972 0.5000000000
138782  -23.381  -74.863  -16.104 0.8000000119
138821  -15.476  -69.074  -8.717 0.4000000060
138907  -37.630  -93.464  -13.630 0.6000000238
138922  -27.894  -90.476  -13.810 0.6999999881
138927  -22.561  -77.198  -9.580 0.6000000238
139303  -18.081  -78.847  -7.284 0.6000000238
139379  -19.311  -76.814  -19.440 0.6999999881
139518  -31.478  -87.220  -12.007 0.5000000000
139579  -29.950  -88.646  -24.391 0.6999999881
139641  -17.148  -67.675  -8.304 0.4000000060
139757  -18.674  -71.811  -8.494 0.6000000238
139920  -28.912  -79.566  -17.876 0.6000000238
140595  -23.402  -77.979  -21.812 0.6000000238
141185  -17.468  -68.605  -8.299 0.4000000060
141199  -15.298  -72.261  -6.422 0.4000000060
141201  -31.783  -88.062  -11.874 0.6000000238
141247  -44.978  -91.482  -3.392 0.3000000119
142105  -31.198  -79.384  -19.023 0.6000000238
142236  -25.503  -91.332  -20.211 0.5000000000
142294  -44.559  -88.374  -10.521 0.5000000000
142527  -26.448  -80.571  -20.669 0.5000000000
142637  -25.290  -78.364  -22.816 0.5000000000
142877  -36.423  -93.794  -13.038 0.6000000238
142887  -36.869  -93.685  -14.712 0.6000000238
142918  -16.045  -68.707  -8.695 0.4000000060
143311  -22.911  -74.593  -7.597 0.5000000000
143381  -44.061  -91.295  0.461 0.3000000119
143515  -36.630  -94.133  -11.669 0.5000000000
143532  -38.629  -90.679  -12.248 0.5000000000
143559  -29.710  -88.530  -22.931 0.6999999881
143861  -16.059  -70.198  -6.613 0.4000000060
144007  -20.795  -75.986  -18.372 0.6000000238
144357  -37.651  -94.927  -6.082 0.3000000119
144405  -25.832  -86.371  -11.710 0.6000000238
144448  -17.182  -73.770  -1.674 0.4000000060
144452  -25.330  -87.339  -26.273 0.5000000000
144676  -27.459  -87.472  -26.169 0.6000000238
144766  -24.499  -87.218  -26.171 0.5000000000
144958  -28.621  -79.642  -18.495 0.6000000238
145940  -23.006  -74.431  -9.629 0.6000000238
146095  -26.420  -74.697  -14.578 0.6000000238
146171  -24.213  -85.335  -26.023 0.5000000000
146223  -17.219  -71.754  -8.572 0.5000000000
146256  -14.931  -68.676  -2.671 0.3000000119
146536  -14.421  -70.686  -8.661 0.4000000060
146662  -35.977  -93.743  -12.567 0.5000000000
146668  -23.214  -75.372  -7.986 0.6000000238
147038  -26.233  -82.801  -25.589 0.6000000238
147092  -22.641  -74.307  -10.464 0.6000000238
147236  -42.619  -90.722  -8.830 0.4000000060
147391  -40.915  -92.914  0.281 0.3000000119
147438  -20.628  -70.157  -7.659 0.5000000000
147851  -23.932  -83.667  -24.069 0.6000000238
147921  -20.019  -72.879  -3.220 0.4000000060
148001  -26.836  -92.854  -15.746 0.4000000060
148185  -20.157  -76.448  -2.326 0.6000000238
148187  -28.726  -87.298  -11.923 0.6000000238
148189  -21.069  -73.034  -16.707 0.8000000119
148288  -27.830  -80.774  -21.120 0.6000000238
148588  -37.712  -89.385  -9.654 0.5000000000
148763  -28.815  -83.860  -22.621 0.6000000238
148882  -26.458  -84.525  -11.298 0.5000000000
148887  -37.331  -95.591  -8.657 0.5000000000
149583  -37.641  -95.148  -6.685 0.3000000119
149788  -22.301  -75.669  -12.907 0.6000000238
149940  -26.994  -86.745  -9.840 0.6000000238
150334  -43.334  -88.114  -4.117 0.4000000060
150464  -29.262  -79.418  -16.246 0.4000000060
151122  -23.177  -75.091  -10.207 0.6000000238
151216  -26.804  -74.727  -15.676 0.6999999881
151305  -17.117  -75.587  -11.248 0.5000000000
151654  -43.352  -93.638  -0.446 0.3000000119
151851  -26.731  -87.337  -16.491 0.6999999881
152018  -21.530  -73.732  -6.925 0.5000000000
152149  -21.879  -77.206  -4.979 0.8000000119
152185  -30.169  -83.956  -26.551 0.6000000238
152274  -32.792  -79.223  -23.690 0.6000000238
152315  -17.312  -68.412  -1.610 0.5000000000
152419  -20.808  -73.399  -17.174 0.8000000119
152590  -39.608  -94.244  -7.258 0.4000000060
152627  -42.815  -91.885  -4.983 0.4000000060
152667  -28.099  -85.056  -20.391 0.6000000238
152693  -27.178  -83.601  -26.209 0.6000000238
152795  -17.574  -75.184  -19.069 0.6000000238
152880  -18.047  -71.866  -1.758 0.5000000000
152900  -42.794  -90.595  -5.255 0.5000000000
153361  -47.377  -89.736  -4.044 0.3000000119
153453  -21.191  -74.393  -13.636 0.6000000238
153455  -26.738  -83.308  -12.218 0.5000000000
153474  -20.024  -72.000  -8.902 0.6000000238
153528  -25.921  -87.568  -25.978 0.5000000000
153584  -23.723  -80.884  -22.354 0.6000000238
153620  -39.882  -92.362  -11.641 0.6000000238
153820  -18.770  -74.324  -16.354 0.6999999881
153834  -36.204  -92.690  -17.350 0.6000000238
154184  -18.319  -75.903  -4.615 0.5000000000
154331  -28.617  -83.028  -21.502 0.5000000000
154472  -26.593  -80.254  -19.922 0.6000000238
154492  -35.923  -95.262  -5.328 0.4000000060
154613  -21.933  -77.862  -12.897 0.8000000119
154765  -26.391  -81.527  -23.322 0.6000000238
