#!ascii label  , from subject sub-v1s17x0051141_ses-1 vox2ras=TkReg
1976
139352  30.878  -70.830  -8.395 0.6000000238
23264  32.327  -72.325  -7.368 0.5000000000
27555  29.958  -68.194  -8.027 0.6999999881
141906  29.896  -67.695  -8.699 0.6000000238
28725  30.107  -67.570  -9.619 0.6000000238
29873  29.755  -66.020  -9.226 0.6000000238
25358  30.893  -70.438  -7.553 0.6999999881
136921  30.470  -69.819  -8.276 0.6000000238
146925  30.194  -68.945  -8.470 0.5000000000
26480  30.394  -69.268  -9.380 0.5000000000
27585  30.361  -68.435  -9.970 0.5000000000
129987  29.996  -66.658  -9.768 0.6000000238
146938  29.958  -66.124  -9.894 0.6000000238
146663  31.381  -70.738  -7.038 0.5000000000
23287  31.757  -72.119  -7.995 0.5000000000
25389  30.723  -70.297  -9.291 0.6000000238
32090  29.989  -64.756  -10.140 0.6000000238
22345  33.710  -73.449  -7.191 0.5000000000
22333  34.930  -73.507  -6.701 0.5000000000
32068  29.873  -64.975  -7.123 0.6000000238
151762  29.674  -64.246  -7.621 0.6999999881
27529  30.833  -68.524  -6.657 0.6000000238
28694  30.054  -67.431  -7.312 0.6999999881
29846  29.750  -65.805  -7.501 0.6000000238
31003  29.607  -65.483  -8.425 0.6000000238
32081  29.579  -64.682  -8.490 0.6000000238
26435  31.009  -69.277  -6.686 0.6000000238
26448  30.564  -68.965  -7.016 0.6999999881
32091  29.684  -64.345  -9.343 0.6000000238
24261  32.395  -71.113  -6.589 0.5000000000
26434  31.772  -69.574  -6.461 0.5000000000
128901  29.849  -64.039  -9.991 0.6000000238
23246  32.864  -72.375  -6.855 0.5000000000
33061  30.342  -63.350  -11.005 0.6000000238
23244  34.195  -72.380  -6.492 0.5000000000
34016  30.447  -62.707  -11.309 0.6000000238
142993  30.427  -61.045  -11.337 0.6999999881
34029  30.718  -62.338  -11.918 0.6000000238
35996  30.597  -60.476  -11.789 0.6999999881
34981  30.705  -61.372  -12.029 0.6000000238
34980  31.218  -61.310  -12.829 0.6000000238
36988  31.465  -59.566  -13.352 0.6000000238
36008  31.485  -60.501  -13.291 0.6000000238
142538  33.731  -55.550  -14.874 0.5000000000
41883  34.132  -53.988  -15.030 0.6999999881
40915  34.481  -55.321  -15.684 0.6000000238
42877  33.609  -53.602  -14.349 0.8000000119
41891  34.378  -53.967  -16.002 0.6999999881
33021  29.905  -63.686  -7.129 0.6000000238
33970  29.688  -63.224  -7.800 0.6999999881
29832  30.651  -66.392  -6.609 0.6999999881
29845  30.082  -66.521  -7.058 0.6999999881
30977  30.239  -65.696  -6.830 0.6000000238
33033  29.575  -63.863  -8.549 0.6999999881
33983  29.686  -62.462  -8.458 0.6999999881
27528  31.571  -68.751  -6.422 0.6000000238
29831  31.201  -67.082  -6.461 0.6000000238
139367  29.790  -61.796  -9.150 0.8000000119
27526  33.272  -69.059  -6.459 0.5000000000
131925  32.402  -68.966  -6.370 0.5000000000
148371  29.983  -61.085  -9.719 0.8000000119
33993  29.747  -62.698  -9.550 0.6000000238
26432  33.554  -69.785  -6.444 0.5000000000
26433  32.692  -69.822  -6.388 0.5000000000
34003  30.109  -62.651  -10.582 0.6000000238
151580  34.799  -71.959  -6.416 0.5000000000
35974  30.204  -60.359  -10.182 0.8000000119
35986  30.420  -60.384  -11.007 0.8000000119
34970  30.350  -61.873  -11.149 0.6999999881
37984  30.775  -59.024  -11.968 0.6999999881
36963  30.583  -59.690  -11.466 0.6999999881
38933  31.258  -57.631  -12.176 0.6999999881
37983  31.103  -58.421  -12.479 0.6999999881
36976  30.786  -59.806  -12.237 0.6999999881
38932  31.711  -57.129  -12.805 0.6000000238
37994  31.490  -58.617  -13.338 0.6000000238
36975  31.076  -59.218  -12.719 0.6000000238
39896  32.369  -56.635  -13.611 0.6999999881
38946  31.839  -57.692  -13.577 0.6999999881
39895  33.114  -55.631  -14.035 0.6999999881
39908  33.087  -56.553  -14.572 0.6000000238
41870  33.745  -53.912  -13.956 0.8000000119
40880  33.754  -54.666  -14.423 0.8000000119
42867  33.158  -52.905  -13.176 0.8999999762
42887  33.223  -53.570  -15.556 0.6999999881
43862  32.444  -52.712  -12.974 0.8000000119
42886  33.818  -53.661  -15.311 0.6999999881
143804  30.476  -62.104  -6.880 0.6000000238
137265  29.935  -62.278  -7.532 0.6999999881
35912  30.566  -60.423  -6.996 0.6999999881
33007  30.522  -63.758  -6.670 0.6000000238
35927  30.278  -60.423  -7.600 0.6000000238
139660  31.995  -64.229  -6.346 0.4000000060
152727  31.346  -66.311  -6.439 0.6000000238
32053  30.534  -64.803  -6.638 0.6000000238
141518  29.836  -61.633  -8.170 0.6999999881
30975  31.834  -65.769  -6.399 0.6000000238
139351  29.951  -61.032  -8.787 0.8000000119
136620  33.695  -68.301  -6.608 0.4000000060
28680  33.004  -67.481  -6.488 0.5000000000
148917  31.985  -67.465  -6.360 0.6000000238
35961  30.104  -60.353  -9.282 0.8000000119
128753  34.247  -69.121  -6.653 0.5000000000
36936  30.272  -59.632  -9.738 0.8000000119
26431  34.238  -69.955  -6.515 0.4000000060
149782  30.460  -58.865  -10.198 0.8000000119
24260  35.084  -71.233  -6.464 0.5000000000
37972  30.876  -58.234  -11.677 0.8000000119
135579  31.357  -55.744  -10.607 0.8000000119
38918  31.025  -57.457  -11.332 0.6999999881
38919  30.729  -58.100  -10.931 0.8000000119
40869  32.008  -55.793  -11.892 0.8000000119
39885  31.535  -56.713  -11.844 0.6999999881
40850  32.518  -54.832  -11.938 0.8999999762
155326  32.456  -55.482  -12.452 0.8999999762
40868  32.940  -54.776  -12.750 0.8999999762
39884  32.109  -56.242  -12.623 0.6999999881
131171  32.701  -55.603  -13.157 0.6000000238
41857  33.414  -53.390  -13.494 0.8999999762
41858  33.444  -53.917  -13.096 0.8999999762
43863  30.391  -52.923  -13.527 0.8000000119
42880  30.548  -53.332  -14.490 0.8000000119
42869  31.472  -53.135  -13.594 0.8000000119
42888  32.264  -53.575  -15.398 0.8000000119
129226  31.243  -52.649  -12.780 0.8000000119
42878  33.113  -53.380  -14.645 0.6999999881
35911  30.996  -60.238  -6.609 0.6999999881
37892  30.902  -58.704  -6.639 0.6000000238
33951  30.837  -62.826  -6.545 0.6000000238
34907  30.857  -61.199  -6.680 0.5000000000
37909  30.472  -58.986  -7.316 0.6999999881
33005  32.365  -63.417  -6.444 0.4000000060
147396  31.436  -63.512  -6.401 0.5000000000
149621  30.285  -59.702  -7.902 0.6999999881
139534  32.533  -65.080  -6.470 0.5000000000
133529  30.305  -58.959  -8.319 0.6999999881
30988  34.075  -65.415  -7.088 0.5000000000
29829  33.141  -66.467  -6.560 0.6000000238
29862  35.028  -66.235  -7.878 0.4000000060
29843  34.471  -66.773  -7.283 0.4000000060
40805  30.477  -55.948  -8.240 0.8000000119
155105  30.465  -58.378  -9.654 0.8000000119
27539  35.181  -68.052  -7.447 0.4000000060
152883  30.786  -56.970  -10.004 0.8000000119
38891  30.547  -57.656  -9.604 0.8000000119
26430  35.061  -69.773  -6.754 0.3000000119
41804  31.418  -54.493  -9.903 0.8000000119
40819  31.153  -55.310  -9.871 0.8000000119
39841  30.872  -56.201  -9.813 0.8000000119
42833  31.719  -53.551  -10.030 0.8000000119
39867  31.124  -56.656  -10.784 0.8000000119
150549  32.171  -52.833  -10.525 0.8999999762
41839  32.203  -54.419  -11.174 0.8999999762
43837  32.144  -52.158  -10.570 0.8999999762
41838  32.803  -53.793  -11.810 0.8999999762
43836  32.506  -52.547  -11.182 0.8999999762
42853  32.929  -52.915  -11.787 0.8999999762
42860  33.252  -53.253  -12.601 0.8999999762
43855  29.350  -51.960  -13.262 0.8000000119
43870  29.793  -52.918  -14.269 0.8000000119
43853  32.903  -52.638  -12.442 0.8999999762
143328  32.177  -52.325  -12.276 0.8999999762
147231  30.094  -51.735  -12.099 0.8000000119
144598  31.098  -51.998  -11.988 0.8000000119
140659  31.570  -59.872  -6.405 0.6000000238
36886  31.336  -59.276  -6.445 0.6000000238
138156  31.105  -57.888  -6.388 0.6000000238
143031  31.601  -60.694  -6.431 0.6000000238
34904  33.136  -61.868  -6.761 0.4000000060
34905  32.398  -61.959  -6.487 0.4000000060
33950  31.786  -62.581  -6.393 0.4000000060
34906  31.684  -61.603  -6.412 0.5000000000
142413  30.559  -57.942  -6.934 0.6999999881
33004  33.203  -63.364  -6.750 0.4000000060
37929  30.340  -58.162  -7.890 0.6999999881
33019  34.213  -63.732  -7.576 0.5000000000
32050  33.649  -64.003  -7.004 0.4000000060
38857  30.392  -57.300  -7.616 0.6999999881
33031  34.622  -63.268  -8.159 0.5000000000
41774  30.641  -54.553  -7.743 0.8000000119
39828  30.424  -56.720  -8.342 0.8000000119
42796  31.112  -52.969  -8.128 0.8000000119
40820  30.736  -55.621  -9.083 0.8000000119
139384  31.473  -52.381  -8.983 0.8000000119
43822  31.798  -51.818  -9.790 0.8999999762
44859  31.639  -51.031  -9.775 0.8999999762
44870  32.230  -51.930  -11.259 0.8999999762
44879  31.595  -51.529  -11.332 1.0000000000
45920  29.090  -50.589  -12.576 0.8000000119
45915  30.455  -50.479  -11.094 1.0000000000
44885  29.476  -51.563  -12.616 0.8000000119
44880  30.520  -51.215  -11.506 1.0000000000
44881  29.709  -51.168  -12.021 0.8000000119
37891  31.588  -58.502  -6.260 0.6000000238
39768  32.248  -56.087  -5.564 0.6000000238
36885  32.184  -59.190  -6.264 0.6000000238
39769  31.714  -56.002  -5.678 0.6999999881
35926  33.439  -61.070  -6.945 0.4000000060
35909  33.057  -60.435  -6.661 0.4000000060
35910  32.363  -60.150  -6.406 0.4000000060
34919  33.796  -61.774  -7.324 0.4000000060
39791  30.659  -56.225  -6.669 0.6999999881
33982  34.474  -62.507  -8.066 0.5000000000
35925  34.156  -60.939  -7.672 0.4000000060
39810  30.434  -56.449  -7.452 0.8000000119
42775  31.075  -53.954  -6.300 0.8000000119
146264  31.201  -52.576  -7.747 0.8000000119
42797  30.891  -53.831  -8.338 0.8000000119
140673  31.490  -50.706  -8.189 0.8000000119
42815  31.336  -53.245  -9.090 0.8000000119
136266  31.794  -52.649  -9.838 0.8999999762
133613  31.381  -50.192  -9.719 0.8999999762
149865  31.324  -49.560  -9.295 0.8999999762
143182  31.436  -50.728  -10.320 1.0000000000
45906  30.849  -50.078  -10.477 1.0000000000
144073  30.298  -49.034  -10.470 1.0000000000
44892  28.939  -51.291  -13.368 0.8000000119
154120  29.789  -48.984  -10.999 1.0000000000
46903  29.262  -49.751  -11.926 0.8000000119
45916  29.734  -50.516  -11.637 0.8000000119
38835  32.871  -57.611  -6.101 0.6000000238
37890  32.283  -58.303  -6.133 0.6000000238
39789  32.487  -56.782  -5.800 0.6000000238
40766  31.413  -55.492  -5.795 0.6999999881
138210  31.715  -54.895  -5.565 0.6999999881
36903  33.971  -59.466  -7.288 0.4000000060
37908  33.701  -58.739  -6.929 0.5000000000
37889  32.969  -58.566  -6.391 0.5000000000
40767  30.842  -55.484  -6.351 0.8000000119
144322  31.662  -54.077  -5.528 0.8000000119
137093  34.240  -60.076  -7.677 0.4000000060
41755  31.170  -54.770  -5.978 0.8000000119
36919  35.040  -59.364  -8.711 0.4000000060
36920  34.509  -59.423  -8.006 0.4000000060
42788  30.842  -53.718  -7.290 0.8000000119
149771  31.092  -53.260  -6.625 0.8000000119
43788  31.279  -52.233  -7.406 0.8000000119
44839  31.411  -51.550  -7.819 0.8000000119
45895  31.481  -50.037  -8.848 0.8999999762
47782  31.787  -48.928  -7.955 0.8000000119
46878  31.211  -48.890  -9.269 1.0000000000
46879  30.741  -48.556  -9.822 1.0000000000
47801  31.132  -48.048  -9.263 1.0000000000
47802  30.607  -47.676  -9.857 1.0000000000
48798  29.698  -47.327  -11.411 1.0000000000
47841  29.046  -48.954  -12.415 0.8999999762
147226  28.655  -49.927  -13.229 0.8000000119
46918  28.692  -49.089  -13.336 0.8999999762
140101  29.315  -48.049  -12.066 1.0000000000
49918  29.886  -46.865  -12.943 1.0000000000
47850  29.067  -48.264  -13.103 1.0000000000
132145  30.909  -45.590  -12.276 1.0000000000
51032  31.627  -45.258  -13.028 1.0000000000
51033  30.993  -45.953  -13.512 1.0000000000
51048  30.952  -46.039  -14.433 1.0000000000
52141  32.153  -45.206  -14.107 1.0000000000
51047  31.560  -45.676  -14.309 1.0000000000
40742  33.396  -55.137  -5.463 0.6999999881
151839  32.619  -55.484  -5.432 0.6999999881
42753  33.641  -53.654  -4.942 0.6999999881
40765  33.798  -55.869  -6.010 0.6000000238
41735  32.468  -54.638  -5.228 0.6999999881
38834  33.648  -57.238  -6.456 0.6000000238
141206  34.126  -58.146  -7.201 0.5000000000
43744  32.939  -52.342  -4.621 0.8000000119
38875  35.189  -57.827  -8.464 0.4000000060
42754  31.977  -53.211  -5.258 0.8000000119
44812  31.618  -51.774  -6.038 0.8000000119
143568  31.531  -51.044  -7.363 0.8000000119
44823  31.730  -50.931  -6.535 0.8000000119
46859  31.610  -49.796  -8.003 0.6999999881
45883  31.683  -50.347  -7.315 0.8000000119
47792  31.529  -48.450  -8.639 0.8999999762
47791  32.016  -48.091  -8.103 0.8000000119
48744  31.624  -47.591  -8.739 0.8999999762
48743  32.294  -47.336  -8.383 1.0000000000
49835  31.774  -46.707  -8.974 1.0000000000
49864  31.184  -46.333  -9.615 1.0000000000
49863  32.243  -46.094  -9.259 1.0000000000
50986  32.605  -45.636  -9.806 1.0000000000
48759  30.552  -46.752  -10.064 1.0000000000
51001  32.952  -45.292  -10.523 1.0000000000
51003  31.485  -45.348  -10.800 1.0000000000
52106  32.725  -44.665  -12.159 1.0000000000
51016  31.505  -45.201  -11.798 1.0000000000
49934  29.754  -46.979  -13.761 1.0000000000
48836  29.153  -47.599  -13.686 1.0000000000
52127  32.361  -44.729  -13.007 1.0000000000
49933  30.380  -46.462  -13.735 1.0000000000
51058  30.791  -45.611  -14.871 1.0000000000
138059  32.619  -44.971  -14.860 1.0000000000
51057  31.522  -45.617  -14.993 1.0000000000
148193  34.001  -54.331  -5.392 0.6999999881
41713  32.914  -53.759  -4.911 0.6999999881
148085  35.125  -54.772  -6.722 0.5000000000
42774  34.823  -54.160  -5.945 0.6999999881
42732  32.608  -53.103  -4.841 0.6999999881
39787  34.099  -56.547  -6.574 0.6000000238
39809  34.803  -56.385  -7.348 0.5000000000
43764  32.292  -52.463  -5.005 0.8000000119
140005  31.980  -51.903  -5.353 0.8000000119
44811  32.039  -51.193  -5.590 0.6999999881
45871  32.228  -50.397  -5.940 0.8000000119
47773  32.768  -48.983  -6.729 0.8000000119
46847  32.482  -49.688  -6.329 0.8000000119
48730  32.723  -47.871  -7.772 0.6999999881
47781  32.404  -48.620  -7.459 0.6999999881
49833  33.809  -46.716  -8.777 0.8999999762
49861  34.713  -46.760  -9.295 0.8000000119
49860  35.435  -46.954  -9.878 0.8000000119
49896  36.246  -46.915  -11.268 0.8000000119
49834  32.723  -46.625  -8.716 0.8999999762
49883  34.767  -46.347  -10.064 0.8000000119
132884  35.485  -46.505  -10.716 0.8000000119
50985  33.473  -45.693  -9.948 1.0000000000
148658  34.022  -46.194  -9.545 0.8999999762
49897  35.726  -46.218  -11.501 0.8999999762
49915  36.397  -46.568  -12.185 0.8000000119
50999  34.726  -45.779  -10.814 0.8999999762
51013  34.178  -45.131  -11.468 1.0000000000
51015  32.294  -45.020  -11.282 1.0000000000
52125  33.839  -44.397  -13.135 1.0000000000
52140  33.317  -44.475  -14.059 1.0000000000
52155  30.336  -44.433  -14.894 1.0000000000
52139  34.242  -44.303  -14.285 1.0000000000
52152  33.446  -44.425  -15.098 1.0000000000
52154  31.336  -45.018  -15.284 1.0000000000
52151  34.191  -44.188  -15.317 1.0000000000
52166  33.702  -44.009  -15.501 1.0000000000
54326  32.384  -43.121  -15.398 1.0000000000
43778  35.949  -53.018  -6.274 0.6999999881
42751  35.241  -53.345  -5.778 0.6999999881
43763  34.837  -52.764  -5.123 0.6999999881
42730  34.048  -52.909  -4.771 0.6999999881
43742  34.480  -52.151  -4.683 0.6999999881
42773  35.654  -53.855  -6.668 0.6000000238
44796  34.117  -51.476  -4.500 0.6999999881
41773  35.806  -54.494  -7.406 0.5000000000
44797  33.346  -51.542  -4.553 0.6999999881
40787  35.395  -55.421  -7.534 0.5000000000
149689  33.095  -50.941  -4.670 0.8000000119
46838  33.521  -49.588  -5.221 0.6999999881
46846  33.139  -49.265  -5.967 0.6999999881
46839  32.812  -49.931  -5.524 0.6999999881
48716  33.973  -48.101  -6.908 0.6999999881
47780  33.169  -48.337  -7.142 0.6999999881
48742  33.198  -47.269  -8.202 0.6999999881
48729  33.599  -47.767  -7.574 0.6999999881
48782  36.126  -47.192  -10.428 0.8000000119
155087  36.038  -47.293  -9.703 0.8000000119
48796  37.406  -47.439  -11.521 0.8000000119
48815  37.585  -47.528  -12.449 0.8000000119
48835  37.846  -47.615  -13.483 0.8000000119
49916  35.776  -45.788  -12.118 1.0000000000
49932  36.824  -46.353  -13.160 0.8999999762
49931  37.495  -47.045  -13.777 0.8000000119
51029  36.165  -45.659  -12.787 1.0000000000
49940  37.860  -46.716  -14.743 0.8000000119
51031  34.464  -44.754  -12.324 1.0000000000
51030  35.380  -45.032  -12.663 1.0000000000
52105  33.552  -44.618  -12.211 1.0000000000
52124  34.637  -44.469  -13.180 1.0000000000
52150  35.063  -44.198  -15.100 1.0000000000
52169  31.117  -43.935  -15.244 1.0000000000
53246  29.504  -43.481  -14.344 1.0000000000
52165  34.529  -43.866  -15.581 1.0000000000
53254  34.171  -43.416  -15.725 1.0000000000
151551  33.528  -43.384  -15.648 1.0000000000
53256  31.903  -43.624  -15.408 1.0000000000
54324  33.796  -42.855  -15.535 1.0000000000
43761  36.224  -52.305  -5.895 0.6999999881
147643  35.841  -51.948  -5.336 0.6999999881
138785  35.195  -50.610  -4.574 0.6000000238
45847  34.515  -50.825  -4.503 0.6000000238
46824  34.612  -50.046  -4.581 0.6000000238
46837  34.291  -49.364  -4.940 0.6999999881
47771  34.319  -48.319  -6.137 0.6999999881
47760  34.725  -48.645  -5.364 0.6999999881
48715  34.757  -47.850  -6.679 0.6999999881
48728  34.452  -47.694  -7.427 0.6999999881
130324  36.767  -47.295  -10.003 0.8000000119
48741  35.111  -47.442  -8.048 0.6999999881
48757  35.477  -47.254  -9.009 0.8000000119
48814  38.352  -47.657  -13.005 0.8000000119
48834  38.799  -47.806  -14.301 0.8000000119
49939  38.491  -47.258  -15.466 0.8000000119
51044  37.255  -45.952  -14.077 0.8000000119
49949  38.249  -46.349  -15.530 0.8000000119
52137  36.038  -44.530  -14.184 1.0000000000
51055  37.659  -45.491  -15.056 1.0000000000
155162  38.184  -45.525  -15.677 0.6999999881
52148  37.014  -44.424  -15.307 1.0000000000
51065  37.827  -44.729  -15.554 0.8999999762
52149  36.106  -44.157  -15.175 1.0000000000
52164  35.313  -43.811  -15.578 1.0000000000
53251  36.482  -43.396  -15.511 1.0000000000
53238  29.618  -42.939  -14.088 1.0000000000
53253  34.821  -43.394  -15.757 1.0000000000
54317  34.530  -42.626  -15.289 1.0000000000
54310  31.587  -42.716  -14.605 1.0000000000
53237  30.649  -42.825  -14.355 1.0000000000
54318  33.091  -42.607  -15.139 1.0000000000
44810  35.740  -51.244  -4.881 0.6999999881
48705  35.855  -47.732  -5.765 0.6000000238
47770  35.121  -47.973  -5.883 0.6999999881
135269  35.130  -47.577  -7.236 0.6999999881
48727  35.765  -47.314  -7.417 0.6999999881
48740  35.997  -47.250  -8.276 0.8000000119
48781  37.420  -47.296  -10.666 0.6999999881
48795  38.240  -47.469  -11.897 0.6999999881
130585  39.566  -48.047  -15.445 0.6999999881
49948  39.233  -47.513  -16.188 0.6999999881
49951  39.360  -46.663  -16.450 0.6999999881
136023  38.540  -45.078  -15.965 0.8000000119
51063  39.280  -45.585  -16.311 0.6999999881
52162  37.172  -43.982  -15.575 1.0000000000
53250  37.620  -43.440  -15.446 1.0000000000
53229  29.535  -43.144  -13.221 1.0000000000
54322  35.926  -42.941  -15.448 1.0000000000
53236  31.114  -42.686  -13.878 1.0000000000
54308  33.283  -42.523  -14.335 1.0000000000
45846  35.876  -50.425  -4.708 0.6000000238
46822  36.292  -49.825  -4.798 0.6000000238
47750  35.997  -49.138  -4.783 0.6000000238
47758  36.454  -48.623  -5.146 0.6000000238
47759  35.681  -48.406  -5.227 0.6000000238
152055  37.144  -47.242  -6.233 0.6000000238
48713  36.508  -47.359  -6.139 0.6000000238
147700  36.279  -47.139  -6.845 0.6000000238
48739  36.830  -46.914  -8.339 0.6000000238
48738  37.182  -46.972  -9.146 0.6999999881
48780  37.943  -47.313  -11.124 0.6999999881
48813  39.351  -47.653  -13.395 0.6999999881
48833  39.971  -47.940  -14.595 0.6999999881
48841  40.579  -48.277  -15.838 0.6999999881
49946  41.035  -47.108  -16.709 0.6999999881
49947  40.151  -47.435  -16.662 0.6999999881
154041  44.779  -43.371  -6.562 0.3000000119
52159  39.870  -44.980  -16.145 0.6999999881
49950  40.116  -46.309  -16.591 0.6999999881
55203  45.484  -41.553  -7.273 0.3000000119
53248  39.374  -43.937  -15.634 0.8000000119
53231  25.912  -43.697  -13.087 0.8999999762
52161  38.134  -44.249  -15.675 1.0000000000
139320  27.274  -43.470  -13.224 1.0000000000
131115  28.773  -43.166  -13.612 1.0000000000
52128  28.073  -43.521  -12.904 1.0000000000
54315  36.393  -42.682  -15.086 1.0000000000
54298  33.614  -42.624  -13.308 1.0000000000
54307  34.133  -42.474  -14.324 1.0000000000
54309  32.460  -42.583  -14.445 1.0000000000
53228  30.427  -42.917  -13.437 1.0000000000
54299  32.729  -42.650  -13.485 1.0000000000
46834  37.615  -49.405  -5.432 0.6000000238
47757  37.243  -48.456  -5.414 0.6000000238
48702  38.002  -47.949  -5.820 0.6000000238
48712  37.811  -47.220  -6.339 0.6000000238
49815  39.119  -46.703  -7.380 0.6000000238
131922  38.998  -46.493  -8.040 0.6999999881
49830  38.479  -46.530  -8.593 0.6999999881
49817  37.353  -46.685  -7.563 0.6000000238
49858  38.569  -46.682  -9.601 0.6999999881
47821  45.270  -48.506  -11.061 0.3000000119
48776  45.309  -48.346  -11.531 0.3000000119
49895  38.637  -47.093  -11.057 0.6999999881
128504  40.601  -47.697  -13.550 0.6999999881
48840  41.866  -48.351  -15.914 0.6999999881
52035  44.626  -44.041  -6.608 0.3000000119
52036  43.801  -44.172  -6.608 0.4000000060
54209  44.496  -42.771  -6.538 0.4000000060
54210  43.627  -42.820  -6.371 0.4000000060
52145  25.550  -43.980  -13.149 0.6999999881
52132  24.637  -44.198  -12.425 0.6999999881
57222  43.601  -39.492  -7.364 0.3000000119
55204  44.642  -41.402  -7.106 0.3000000119
53247  39.958  -44.079  -15.520 0.6999999881
140452  25.661  -43.843  -12.762 0.8999999762
57240  44.095  -39.129  -7.997 0.3000000119
55183  44.132  -42.047  -6.623 0.3000000119
53249  38.582  -43.723  -15.584 0.8000000119
52129  27.300  -43.827  -12.543 0.8999999762
56106  43.694  -40.305  -7.143 0.3000000119
55205  43.747  -41.198  -6.786 0.3000000119
153768  38.368  -43.097  -15.296 0.8000000119
54314  37.411  -42.505  -14.623 1.0000000000
133452  35.118  -42.525  -14.297 1.0000000000
53227  31.369  -42.887  -13.028 1.0000000000
129563  30.179  -43.270  -12.499 1.0000000000
54297  34.571  -42.623  -13.167 1.0000000000
133774  32.186  -42.843  -12.761 1.0000000000
53226  33.029  -42.838  -12.483 1.0000000000
53217  32.420  -43.070  -11.832 1.0000000000
130755  32.610  -43.301  -10.869 1.0000000000
49829  40.398  -46.702  -8.916 0.6999999881
49856  40.132  -46.688  -9.541 0.6999999881
47800  44.619  -48.522  -10.380 0.3000000119
48777  43.916  -48.429  -10.622 0.4000000060
49857  39.482  -46.681  -9.944 0.6999999881
49881  39.457  -46.889  -10.843 0.6999999881
49913  39.891  -47.312  -12.486 0.6999999881
49890  45.092  -48.150  -11.881 0.4000000060
48832  41.264  -48.233  -14.856 0.6999999881
48790  44.549  -48.313  -12.374 0.5000000000
48839  42.932  -48.278  -15.529 0.6999999881
48848  42.326  -48.066  -16.241 0.6999999881
49878  44.807  -47.127  -11.524 0.5000000000
130747  41.826  -47.634  -16.491 0.6999999881
50969  43.668  -45.664  -8.857 0.4000000060
131813  42.808  -45.683  -10.465 0.6000000238
50970  42.785  -45.345  -8.517 0.5000000000
51062  41.781  -46.798  -16.267 0.6999999881
52049  44.450  -44.728  -6.923 0.3000000119
151211  40.748  -45.938  -16.313 0.6999999881
154461  41.065  -40.089  -5.694 0.4000000060
52052  41.656  -44.432  -7.245 0.4000000060
52147  40.371  -44.779  -15.592 0.6999999881
52113  24.114  -44.181  -11.753 0.6999999881
57209  41.751  -39.418  -5.962 0.4000000060
53130  43.253  -43.537  -6.411 0.4000000060
53131  42.533  -43.583  -6.418 0.4000000060
138652  24.285  -44.560  -12.471 0.6000000238
57223  43.015  -39.046  -6.912 0.3000000119
57207  43.086  -39.820  -6.764 0.3000000119
57208  42.544  -39.407  -6.462 0.4000000060
54211  42.602  -42.824  -6.250 0.4000000060
137728  41.805  -43.319  -6.371 0.4000000060
53242  39.754  -43.258  -15.171 0.6999999881
152558  40.318  -43.055  -14.411 0.6999999881
52131  25.283  -43.899  -12.840 0.6999999881
55186  41.534  -41.405  -5.915 0.4000000060
55185  42.345  -41.855  -6.141 0.4000000060
137137  41.086  -43.132  -6.383 0.4000000060
54312  39.438  -42.460  -14.784 0.8000000119
56089  43.054  -40.620  -6.584 0.3000000119
148725  42.954  -41.347  -6.383 0.3000000119
54212  41.482  -42.431  -6.148 0.4000000060
54313  38.698  -42.526  -14.944 0.8000000119
147666  28.948  -43.492  -12.763 1.0000000000
54305  38.297  -41.794  -14.142 0.8999999762
54306  36.350  -42.518  -14.178 1.0000000000
129404  31.734  -43.081  -12.196 1.0000000000
53216  33.280  -43.104  -11.491 1.0000000000
53225  34.002  -42.833  -12.169 1.0000000000
54288  34.906  -42.782  -12.089 1.0000000000
53218  31.711  -43.313  -11.241 1.0000000000
129053  30.856  -43.541  -11.030 1.0000000000
131727  32.019  -43.463  -10.186 1.0000000000
53199  31.328  -43.534  -10.343 1.0000000000
49814  40.287  -46.685  -8.139 0.6000000238
49855  40.866  -46.984  -9.573 0.6000000238
49880  40.414  -46.941  -10.467 0.6999999881
48755  41.706  -47.342  -9.525 0.5000000000
148932  42.293  -47.683  -10.340 0.6000000238
48793  41.338  -47.419  -11.440 0.6999999881
48778  43.195  -48.172  -10.887 0.5000000000
153802  43.525  -48.440  -11.639 0.4000000060
129966  41.069  -47.513  -12.517 0.6999999881
48791  43.820  -48.557  -12.404 0.6000000238
48812  42.153  -48.278  -13.808 0.6999999881
49891  44.694  -47.639  -12.303 0.6000000238
48831  42.421  -48.443  -15.078 0.6999999881
49879  43.919  -46.403  -11.500 0.6000000238
137568  43.449  -47.492  -15.178 0.6999999881
49938  42.760  -47.175  -15.727 0.6999999881
50982  43.201  -45.648  -9.585 0.5000000000
134832  42.274  -45.392  -9.362 0.6000000238
146676  42.174  -45.766  -11.932 0.6000000238
51053  41.879  -46.229  -15.115 0.6000000238
56093  38.867  -40.596  -6.759 0.4000000060
52051  42.520  -44.606  -7.075 0.4000000060
147271  41.977  -45.117  -8.556 0.4000000060
50983  41.661  -45.384  -10.001 0.5000000000
155222  41.212  -45.479  -11.319 0.6000000238
51043  41.127  -45.353  -14.268 0.6999999881
56082  40.197  -40.229  -5.657 0.4000000060
50971  41.315  -45.005  -9.057 0.5000000000
52136  40.687  -44.574  -14.738 0.6999999881
55175  40.835  -40.842  -5.745 0.4000000060
141774  39.526  -41.342  -6.289 0.5000000000
52053  40.814  -44.270  -7.511 0.4000000060
52094  25.574  -44.395  -10.856 0.8999999762
52112  25.029  -44.047  -12.126 0.6999999881
140272  42.348  -40.964  -6.151 0.4000000060
53133  40.588  -43.286  -6.664 0.4000000060
54304  39.868  -41.804  -14.218 0.6999999881
54311  40.042  -42.708  -14.623 0.6999999881
54213  40.535  -42.667  -6.359 0.4000000060
52092  27.460  -44.468  -10.674 0.8999999762
128539  37.582  -42.164  -13.667 0.8999999762
52091  28.359  -44.396  -10.669 0.8999999762
147171  30.956  -43.237  -12.165 1.0000000000
52090  29.249  -44.154  -10.747 1.0000000000
54296  35.685  -42.621  -12.894 1.0000000000
146350  30.357  -43.520  -11.692 1.0000000000
148002  34.512  -42.929  -11.636 1.0000000000
128503  30.084  -43.804  -10.831 1.0000000000
53198  33.529  -43.379  -10.388 1.0000000000
54230  31.940  -42.327  -7.756 0.8999999762
53160  32.778  -43.244  -8.638 1.0000000000
53177  32.345  -43.475  -9.306 1.0000000000
53179  30.635  -43.604  -9.045 1.0000000000
53200  30.587  -43.715  -9.898 1.0000000000
53161  31.901  -43.262  -8.624 1.0000000000
53162  31.027  -43.252  -8.602 1.0000000000
53163  30.097  -43.343  -8.614 0.8999999762
54231  31.200  -42.189  -7.749 1.0000000000
55226  30.366  -41.896  -7.812 0.8999999762
48792  42.572  -47.973  -11.368 0.6000000238
130788  42.443  -48.152  -12.487 0.6999999881
130677  44.250  -48.385  -13.117 0.6999999881
48829  44.050  -48.169  -14.379 0.6999999881
49910  44.469  -47.925  -13.186 0.6000000238
48810  44.198  -48.264  -13.766 0.6000000238
49937  43.896  -47.940  -14.853 0.6999999881
49911  43.940  -47.097  -13.443 0.6999999881
49912  42.811  -46.420  -13.589 0.6000000238
51027  41.813  -45.829  -12.792 0.6000000238
51042  41.748  -45.962  -13.822 0.6000000238
57200  39.198  -39.357  -5.820 0.3000000119
49892  43.836  -46.618  -12.437 0.6000000238
50996  42.916  -45.912  -11.421 0.6000000238
51028  40.877  -45.254  -13.007 0.6000000238
57210  38.931  -39.962  -6.300 0.4000000060
57211  38.538  -39.140  -6.411 0.4000000060
50998  40.887  -45.272  -10.561 0.6000000238
142229  40.995  -45.463  -12.033 0.6000000238
52088  40.258  -44.658  -10.084 0.5000000000
138213  40.627  -44.687  -13.720 0.6000000238
52074  40.432  -44.589  -9.288 0.4000000060
52123  40.354  -44.299  -13.003 0.6000000238
55206  38.985  -41.666  -7.901 0.5000000000
53148  39.724  -43.251  -7.585 0.4000000060
53147  40.102  -43.960  -7.926 0.4000000060
53224  40.314  -43.307  -13.205 0.6000000238
55188  39.075  -41.561  -7.007 0.5000000000
53134  39.970  -42.992  -6.836 0.4000000060
55269  40.261  -41.436  -13.404 0.6000000238
54228  39.387  -42.442  -7.299 0.4000000060
53158  39.576  -43.417  -8.478 0.4000000060
52093  26.536  -44.428  -10.758 0.8999999762
55272  38.392  -41.351  -13.388 0.8999999762
55273  39.060  -41.697  -14.402 0.8000000119
52079  27.033  -44.392  -9.872 0.8999999762
52078  27.935  -44.434  -9.773 0.8999999762
53181  28.351  -44.025  -9.145 0.8999999762
52077  28.814  -44.306  -9.727 0.8999999762
54287  35.685  -42.737  -11.692 1.0000000000
53176  33.204  -43.440  -9.374 1.0000000000
52076  29.688  -44.042  -9.802 1.0000000000
56110  31.034  -41.217  -7.663 1.0000000000
56130  30.100  -40.940  -7.843 1.0000000000
55227  29.516  -41.533  -8.059 0.8999999762
138517  29.921  -40.086  -8.167 1.0000000000
57250  29.018  -39.891  -8.615 0.8999999762
48811  43.634  -48.506  -13.531 0.6999999881
59294  40.217  -37.479  -5.439 0.3000000119
57201  38.914  -38.622  -5.807 0.3000000119
57224  38.305  -38.988  -7.463 0.3000000119
129453  40.394  -44.703  -12.121 0.6000000238
56107  38.603  -39.699  -7.723 0.5000000000
133045  40.203  -44.697  -10.770 0.5000000000
52075  39.807  -44.072  -9.650 0.5000000000
52089  39.741  -43.947  -10.559 0.5000000000
53213  40.060  -43.587  -12.265 0.5000000000
55207  38.810  -40.656  -7.747 0.5000000000
136780  39.575  -43.548  -9.234 0.5000000000
53195  39.594  -43.081  -10.671 0.5000000000
55220  39.074  -40.698  -8.573 0.5000000000
54255  39.325  -42.602  -9.306 0.5000000000
54293  40.324  -42.372  -12.905 0.6000000238
151950  39.167  -41.541  -8.895 0.5000000000
54239  39.254  -42.559  -8.224 0.5000000000
55270  39.657  -40.896  -13.637 0.6999999881
55254  39.793  -39.869  -10.463 0.5000000000
55238  39.580  -41.181  -9.940 0.5000000000
56183  39.781  -40.229  -13.005 0.6000000238
54294  37.685  -41.852  -12.652 0.8999999762
132896  36.357  -42.585  -12.069 0.8999999762
54295  36.825  -42.471  -12.869 0.8999999762
147178  35.720  -42.819  -10.923 0.8999999762
54242  33.206  -42.667  -8.096 0.8999999762
53159  33.657  -43.173  -8.711 0.8999999762
53175  34.096  -43.324  -9.475 0.8999999762
53215  34.994  -43.005  -11.151 1.0000000000
53180  29.261  -43.852  -8.990 0.8999999762
54258  29.195  -43.143  -8.483 0.8999999762
55209  31.692  -41.723  -7.602 0.8000000119
138942  30.607  -40.388  -7.865 0.6999999881
54247  28.382  -42.823  -8.517 0.8999999762
56131  29.418  -40.660  -8.198 0.8999999762
131322  28.925  -42.178  -8.296 0.8999999762
135830  39.592  -37.113  -5.399 0.3000000119
59296  38.519  -37.922  -5.819 0.3000000119
58322  37.904  -37.931  -6.498 0.4000000060
59297  37.902  -37.238  -5.917 0.3000000119
58331  37.995  -38.480  -6.998 0.3000000119
58332  37.595  -37.882  -7.424 0.4000000060
140008  38.557  -38.795  -8.848 0.4000000060
52104  39.978  -44.260  -11.395 0.6000000238
56143  39.497  -39.177  -9.971 0.5000000000
57259  39.140  -38.872  -9.757 0.4000000060
54284  39.829  -42.242  -11.204 0.5000000000
54283  40.069  -42.376  -12.023 0.5000000000
54273  39.571  -42.268  -10.351 0.5000000000
140495  40.032  -40.890  -11.070 0.5000000000
55260  40.325  -41.306  -12.561 0.5000000000
128839  39.971  -39.796  -11.390 0.5000000000
55267  40.167  -40.528  -12.874 0.5000000000
137295  39.598  -39.591  -11.472 0.5000000000
56179  39.246  -39.890  -11.996 0.6000000238
55268  38.581  -40.732  -12.533 0.6000000238
54274  37.568  -41.314  -10.991 0.6999999881
151080  37.156  -42.096  -11.225 0.6999999881
137379  37.085  -42.310  -11.894 0.6999999881
54275  36.855  -42.023  -10.458 0.6999999881
150337  36.092  -42.619  -10.365 0.8000000119
54286  36.449  -42.542  -11.195 0.8000000119
54259  28.631  -43.535  -8.728 0.8999999762
54241  34.481  -42.945  -8.825 0.8999999762
53174  34.960  -43.070  -9.532 0.8999999762
55208  32.347  -41.737  -7.594 0.6999999881
140077  28.071  -41.842  -8.513 0.8999999762
55228  28.633  -40.995  -8.405 0.8999999762
57249  29.830  -39.282  -8.606 1.0000000000
60232  37.239  -36.795  -6.355 0.3000000119
59301  37.389  -37.435  -6.787 0.4000000060
133029  36.713  -36.488  -6.675 0.3000000119
58348  37.947  -38.264  -8.050 0.4000000060
60241  36.881  -37.010  -7.084 0.3000000119
57260  38.848  -38.799  -9.756 0.4000000060
58349  37.401  -37.930  -8.123 0.4000000060
57280  39.304  -38.866  -10.160 0.4000000060
57241  38.051  -38.503  -8.813 0.4000000060
57242  37.280  -38.356  -8.605 0.4000000060
57281  39.183  -38.918  -10.319 0.4000000060
57282  38.553  -39.087  -10.179 0.4000000060
133992  38.101  -40.143  -10.670 0.5000000000
56166  39.020  -39.373  -11.035 0.5000000000
55223  36.032  -41.922  -9.179 0.6000000238
54240  35.261  -42.492  -8.934 0.8000000119
144462  33.891  -42.088  -7.946 0.6999999881
56129  31.406  -40.297  -7.788 0.6999999881
56146  28.035  -40.104  -8.885 0.8999999762
58375  29.089  -38.350  -9.438 0.8999999762
57263  28.343  -39.330  -9.187 0.8000000119
59356  29.146  -37.272  -10.041 0.6999999881
60286  28.836  -36.732  -10.527 0.8000000119
60233  36.262  -35.919  -6.737 0.3000000119
60242  36.343  -36.559  -7.319 0.3000000119
59309  36.552  -37.152  -7.735 0.3000000119
60250  35.825  -36.825  -8.050 0.4000000060
58350  36.706  -37.928  -8.326 0.4000000060
59321  36.200  -37.503  -8.198 0.4000000060
57243  36.291  -38.720  -8.549 0.5000000000
154837  37.089  -39.703  -9.224 0.5000000000
56124  35.704  -40.419  -8.582 0.5000000000
57244  35.371  -39.065  -8.539 0.5000000000
55222  36.419  -40.710  -9.042 0.5000000000
149025  34.979  -40.853  -8.302 0.5000000000
139120  35.397  -41.514  -8.563 0.6000000238
55224  34.621  -42.268  -8.387 0.6999999881
55225  33.683  -41.243  -7.812 0.6999999881
56128  32.348  -40.258  -7.824 0.6999999881
57247  31.787  -39.497  -8.160 0.6999999881
58354  31.294  -38.799  -8.549 0.6999999881
58373  31.738  -38.132  -9.015 0.6999999881
58356  29.865  -38.466  -9.122 0.8000000119
59341  30.294  -37.717  -9.448 0.6999999881
61094  36.365  -35.218  -6.112 0.3000000119
61095  35.658  -35.096  -6.909 0.3000000119
61965  35.154  -34.438  -7.438 0.4000000060
60243  35.745  -35.989  -7.532 0.3000000119
149325  35.326  -36.167  -8.228 0.4000000060
59322  35.457  -37.543  -8.569 0.4000000060
131840  34.846  -38.342  -8.721 0.3000000119
149711  34.484  -39.267  -8.533 0.5000000000
56125  34.977  -40.016  -8.383 0.6000000238
59323  34.790  -37.558  -8.887 0.3000000119
133461  33.933  -38.646  -8.810 0.4000000060
148602  34.500  -41.463  -8.118 0.6999999881
148708  34.145  -39.941  -8.304 0.6999999881
57245  33.626  -39.404  -8.461 0.6000000238
56127  33.389  -40.270  -7.986 0.6999999881
54229  33.109  -41.882  -7.679 0.6999999881
57246  32.744  -39.485  -8.294 0.6999999881
58353  32.221  -38.768  -8.599 0.6000000238
61106  35.177  -35.306  -7.984 0.3000000119
60251  35.027  -36.810  -8.722 0.3000000119
61116  34.847  -35.877  -8.784 0.3000000119
60267  34.432  -36.417  -9.398 0.3000000119
148360  34.464  -35.434  -9.593 0.3000000119
58370  34.091  -37.799  -9.145 0.3000000119
60268  33.815  -36.938  -9.727 0.4000000060
58352  33.100  -38.774  -8.749 0.5000000000
59338  33.242  -37.621  -9.524 0.5000000000
59352  33.040  -36.996  -10.072 0.5000000000
59339  32.244  -37.465  -9.607 0.6000000238
62939  35.100  -33.261  -6.979 0.4000000060
62945  34.895  -33.728  -7.753 0.3000000119
62946  34.668  -33.522  -8.817 0.3000000119
61970  34.824  -34.438  -8.301 0.3000000119
61971  34.617  -34.489  -9.206 0.3000000119
141890  34.580  -33.860  -9.728 0.3000000119
61129  34.253  -35.316  -10.665 0.3000000119
60281  34.048  -36.096  -10.200 0.4000000060
61130  33.815  -35.725  -11.074 0.4000000060
60282  33.457  -36.352  -10.487 0.4000000060
61140  34.184  -35.209  -11.657 0.4000000060
133522  32.790  -36.478  -10.663 0.5000000000
59353  32.303  -36.875  -10.154 0.6000000238
60302  30.339  -35.884  -10.900 0.6999999881
60287  28.011  -36.862  -10.681 0.8000000119
64036  35.074  -32.229  -7.057 0.4000000060
64043  34.800  -32.785  -7.921 0.3000000119
62952  34.555  -33.080  -9.835 0.3000000119
62964  34.489  -33.708  -10.634 0.3000000119
61993  34.390  -34.582  -11.187 0.4000000060
62002  34.300  -34.767  -12.145 0.4000000060
61156  34.148  -35.155  -12.436 0.4000000060
61142  33.151  -35.680  -12.174 0.4000000060
60283  31.914  -36.453  -10.580 0.5000000000
61157  33.770  -35.264  -13.005 0.4000000060
59354  31.520  -36.946  -9.959 0.6000000238
61143  32.094  -35.618  -12.021 0.4000000060
61159  31.588  -35.184  -12.757 0.4000000060
61144  30.912  -35.412  -11.712 0.6000000238
61160  30.380  -34.887  -12.435 0.5000000000
61145  29.813  -35.406  -11.512 0.6000000238
60303  29.327  -36.039  -10.907 0.6999999881
61146  28.821  -35.582  -11.454 0.6999999881
146142  35.093  -30.847  -7.731 0.3000000119
64044  34.625  -32.319  -9.040 0.3000000119
64052  34.425  -32.335  -10.043 0.3000000119
64078  34.316  -33.219  -11.158 0.3000000119
62978  34.372  -34.018  -11.623 0.4000000060
133920  34.122  -34.357  -12.492 0.3000000119
149217  33.744  -33.827  -12.654 0.3000000119
62015  34.099  -34.958  -13.003 0.3000000119
62993  33.649  -34.374  -13.527 0.3000000119
61158  32.881  -35.388  -13.163 0.4000000060
152891  33.391  -35.189  -13.677 0.3000000119
63009  33.378  -34.407  -14.685 0.3000000119
61180  33.060  -35.087  -14.314 0.3000000119
62056  32.910  -34.710  -15.163 0.3000000119
61181  32.213  -35.131  -13.749 0.3000000119
62057  32.212  -34.842  -14.625 0.4000000060
61182  31.144  -34.744  -13.577 0.5000000000
61161  29.252  -34.953  -12.078 0.5000000000
65121  34.644  -31.419  -8.887 0.3000000119
65129  34.383  -31.592  -9.577 0.3000000119
134580  34.003  -31.790  -10.291 0.3000000119
64079  33.712  -32.778  -11.433 0.3000000119
62994  33.121  -33.471  -13.185 0.3000000119
63010  33.183  -33.738  -14.348 0.3000000119
63028  33.116  -33.773  -15.218 0.3000000119
62065  32.818  -34.270  -15.456 0.3000000119
62058  31.108  -34.287  -14.626 0.4000000060
62017  29.675  -34.496  -12.816 0.5000000000
62037  29.260  -34.130  -13.368 0.5000000000
62018  28.737  -34.551  -12.664 0.5000000000
66108  34.317  -30.748  -9.143 0.3000000119
65130  33.755  -31.094  -9.807 0.3000000119
65137  33.143  -31.385  -10.396 0.3000000119
64080  32.796  -32.376  -11.692 0.3000000119
64098  31.970  -32.017  -13.329 0.3000000119
64124  32.823  -32.948  -14.913 0.3000000119
62067  31.568  -33.923  -15.319 0.4000000060
63029  30.613  -33.409  -14.873 0.4000000060
62059  29.906  -33.834  -14.112 0.4000000060
63030  29.433  -33.181  -14.286 0.4000000060
62038  28.330  -34.124  -13.227 0.5000000000
63011  28.904  -33.613  -13.706 0.4000000060
66993  34.621  -29.592  -8.341 0.3000000119
66099  34.582  -30.234  -8.562 0.3000000119
66117  32.922  -30.704  -9.964 0.3000000119
65138  32.485  -30.946  -10.527 0.3000000119
65152  32.391  -31.535  -11.154 0.3000000119
65166  31.980  -31.883  -12.169 0.3000000119
143991  31.750  -31.068  -13.547 0.3000000119
64133  32.532  -32.940  -15.332 0.3000000119
65185  32.495  -32.056  -15.087 0.3000000119
152426  32.536  -33.440  -15.487 0.3000000119
63037  31.545  -33.260  -15.411 0.4000000060
66994  33.546  -29.175  -8.679 0.3000000119
67003  33.153  -29.628  -9.107 0.3000000119
67004  32.449  -29.220  -9.351 0.3000000119
66110  32.634  -29.966  -9.667 0.3000000119
66118  32.212  -30.297  -10.322 0.3000000119
66134  31.884  -30.701  -10.986 0.3000000119
67023  31.291  -29.234  -11.209 0.3000000119
65153  31.630  -31.060  -11.833 0.3000000119
65167  31.617  -31.316  -12.669 0.3000000119
67031  31.161  -29.518  -12.301 0.3000000119
65177  32.241  -31.510  -14.469 0.3000000119
66995  32.907  -29.066  -8.857 0.3000000119
67876  31.872  -28.578  -9.580 0.3000000119
67005  31.851  -29.424  -10.141 0.3000000119
67887  31.420  -28.490  -10.451 0.3000000119
66147  31.357  -30.468  -12.715 0.3000000119
154825  31.716  -30.315  -13.767 0.3000000119
66154  32.179  -30.634  -14.569 0.3000000119
67875  32.446  -28.558  -8.914 0.3000000119
68847  31.912  -27.857  -9.012 0.3000000119
68848  31.504  -27.772  -9.867 0.4000000060
68861  31.214  -27.590  -10.775 0.3000000119
153814  31.051  -28.765  -12.015 0.3000000119
135892  31.317  -26.957  -10.231 0.4000000060
69784  31.192  -26.733  -11.111 0.4000000060
69772  31.367  -26.285  -9.792 0.3000000119
70804  31.343  -25.618  -10.379 0.4000000060
48783  30.137  -46.563  -10.951 1.0000000000
49898  30.418  -45.951  -11.551 1.0000000000
134162  29.428  -48.945  -11.542 0.8999999762
58355  30.494  -38.843  -8.657 0.6999999881
149258  29.837  -37.269  -9.828 0.8000000119
60285  29.834  -36.627  -10.316 0.8000000119
60284  30.916  -36.437  -10.401 0.6999999881
28712  29.783  -67.404  -8.080 0.6000000238
29863  29.778  -66.898  -8.775 0.6000000238
33042  29.684  -63.582  -9.423 0.6000000238
135417  33.089  -71.376  -6.475 0.5000000000
135071  34.111  -71.462  -6.410 0.5000000000
30976  30.954  -65.661  -6.465 0.6000000238
151307  33.066  -54.078  -12.426 0.8999999762
32052  31.488  -64.973  -6.399 0.5000000000
27525  34.540  -68.231  -6.968 0.4000000060
29828  33.734  -66.894  -6.759 0.5000000000
137263  35.228  -68.798  -7.181 0.4000000060
142537  30.323  -58.957  -9.271 0.6999999881
40851  31.854  -55.301  -11.256 0.8999999762
38837  31.158  -57.075  -6.240 0.6999999881
30974  33.484  -64.815  -6.789 0.5000000000
31002  34.762  -65.275  -7.861 0.5000000000
40788  30.507  -55.493  -7.307 0.8000000119
27538  35.682  -68.223  -7.712 0.4000000060
41805  30.967  -54.863  -9.174 0.8000000119
149042  30.862  -56.638  -6.410 0.6999999881
149749  34.095  -62.337  -7.583 0.4000000060
145231  31.528  -50.684  -9.096 0.8000000119
46911  28.891  -49.672  -12.666 0.8000000119
39788  33.295  -56.694  -6.046 0.6000000238
37907  34.304  -58.732  -7.582 0.4000000060
34931  34.699  -61.286  -8.434 0.4000000060
43765  31.702  -52.526  -5.588 0.8000000119
151069  30.100  -47.430  -10.567 1.0000000000
38876  34.624  -57.967  -7.776 0.5000000000
38855  34.300  -57.338  -7.122 0.5000000000
49917  30.401  -46.245  -12.663 1.0000000000
40741  34.334  -55.018  -5.994 0.6999999881
50987  31.658  -45.710  -9.859 1.0000000000
49884  30.751  -45.852  -10.497 1.0000000000
52167  32.354  -44.414  -15.432 1.0000000000
137894  32.836  -44.523  -15.264 1.0000000000
49832  34.653  -47.171  -8.656 0.8000000119
48843  38.236  -47.500  -14.523 0.8000000119
51045  36.562  -45.344  -13.597 1.0000000000
49859  37.659  -47.009  -9.838 0.6999999881
54321  36.907  -42.898  -15.290 1.0000000000
54320  37.874  -42.769  -15.073 1.0000000000
49808  37.804  -46.733  -6.966 0.6000000238
49831  37.658  -46.633  -8.397 0.6999999881
138237  44.161  -45.647  -8.284 0.4000000060
53230  26.664  -43.661  -13.319 1.0000000000
52109  27.834  -44.248  -11.708 1.0000000000
52050  43.475  -44.848  -7.032 0.4000000060
147737  32.746  -43.497  -10.012 1.0000000000
49828  44.574  -46.034  -9.199 0.4000000060
152168  43.968  -45.950  -9.733 0.5000000000
56091  40.049  -41.000  -5.799 0.4000000060
55187  40.503  -41.743  -5.987 0.4000000060
53178  31.403  -43.521  -9.353 1.0000000000
52065  40.619  -44.495  -8.405 0.5000000000
57262  29.069  -38.973  -9.071 0.8000000119
55221  39.073  -39.534  -8.967 0.5000000000
144206  40.196  -41.375  -11.810 0.5000000000
56178  39.928  -39.870  -12.301 0.5000000000
54285  37.705  -41.562  -11.791 0.6999999881
55262  38.413  -40.417  -11.561 0.6000000238
56144  37.474  -40.070  -9.768 0.5000000000
55239  36.748  -41.421  -9.704 0.5000000000
56145  36.639  -39.432  -8.826 0.5000000000
58374  30.806  -38.212  -8.975 0.6999999881
59340  31.199  -37.553  -9.431 0.6999999881
60301  31.412  -35.905  -11.076 0.6000000238
62979  34.039  -33.555  -11.918 0.3000000119
141778  31.828  -59.177  -13.898 0.5000000000
36995  32.475  -59.315  -14.438 0.5000000000
38957  32.501  -57.527  -14.335 0.5000000000
34998  32.972  -61.557  -14.484 0.5000000000
144029  32.577  -60.290  -14.383 0.5000000000
34037  32.180  -62.923  -13.728 0.5000000000
36007  32.143  -60.781  -13.910 0.5000000000
140901  32.665  -60.997  -14.308 0.5000000000
33078  31.643  -63.349  -13.206 0.5000000000
32108  30.899  -64.858  -11.934 0.4000000060
34028  31.211  -62.776  -12.618 0.5000000000
31033  30.726  -65.399  -11.569 0.4000000060
33070  30.728  -63.292  -11.823 0.5000000000
29883  30.243  -66.202  -10.489 0.5000000000
143803  30.553  -63.915  -11.346 0.5000000000
47855  26.777  -48.682  -13.981 0.6999999881
46920  26.151  -49.203  -13.445 0.6999999881
47854  27.727  -48.598  -14.213 0.8000000119
142592  28.305  -48.868  -14.012 0.8000000119
46922  27.945  -49.322  -14.280 0.8000000119
47851  28.660  -48.260  -13.721 0.8999999762
139190  26.104  -48.510  -13.427 0.6999999881
48845  28.004  -47.767  -14.128 0.8999999762
49935  27.592  -47.065  -14.029 0.8999999762
48844  28.626  -47.635  -13.987 0.8999999762
49942  29.264  -46.864  -14.122 0.8999999762
146310  25.986  -45.832  -13.454 0.6000000238
47852  26.392  -47.788  -13.608 0.8000000119
132995  28.416  -47.020  -14.137 0.8999999762
49943  28.750  -46.164  -14.214 0.8999999762
149469  29.479  -46.044  -14.395 0.8999999762
49941  30.166  -46.323  -14.376 0.8999999762
129367  39.091  -49.770  -6.296 0.5000000000
45859  38.236  -50.087  -5.878 0.5000000000
134108  37.412  -50.403  -5.552 0.5000000000
44821  37.365  -51.609  -6.398 0.6000000238
44808  37.101  -51.224  -5.779 0.5000000000
45860  36.556  -50.661  -5.142 0.5000000000
51052  25.142  -45.565  -13.107 0.6000000238
51050  26.514  -44.956  -13.641 0.8999999762
49944  27.911  -46.207  -13.995 0.8999999762
49936  26.946  -46.204  -13.746 0.8999999762
51061  28.206  -45.440  -14.058 0.8999999762
51060  28.903  -45.081  -14.309 0.8999999762
51059  29.885  -45.389  -14.632 0.8999999762
47768  39.486  -48.299  -6.276 0.5000000000
48710  39.776  -47.604  -6.664 0.5000000000
46844  39.938  -49.150  -6.445 0.5000000000
46833  38.509  -49.220  -5.802 0.5000000000
47756  38.036  -48.680  -5.621 0.5000000000
51051  25.665  -44.710  -13.367 0.6999999881
51049  27.437  -45.222  -13.847 0.8999999762
52158  27.968  -44.460  -14.016 0.8999999762
52156  29.428  -44.369  -14.511 0.8999999762
48709  40.608  -47.571  -6.968 0.5000000000
49806  39.263  -47.126  -6.837 0.5000000000
47766  41.068  -48.104  -6.798 0.5000000000
46843  41.023  -48.965  -6.662 0.5000000000
52143  27.071  -44.084  -13.741 0.8999999762
52142  27.783  -43.748  -13.823 0.8999999762
140036  28.838  -43.193  -13.970 0.8999999762
48723  40.885  -47.128  -7.649 0.5000000000
129368  41.720  -47.345  -8.015 0.5000000000
49813  41.124  -47.015  -8.611 0.5000000000
48722  42.239  -47.766  -7.621 0.5000000000
48754  42.712  -47.772  -9.618 0.4000000060
52095  24.628  -44.325  -10.849 0.6000000238
147067  23.621  -43.854  -9.853 0.6000000238
52081  25.230  -44.229  -9.963 0.8000000119
133189  24.958  -43.645  -9.313 0.6999999881
139825  24.061  -43.386  -9.222 0.6999999881
54262  23.544  -42.757  -8.930 0.6999999881
139863  22.965  -41.397  -9.178 0.6999999881
53184  25.769  -43.822  -9.365 0.8000000119
52080  26.125  -44.309  -9.958 0.8000000119
54261  24.821  -42.906  -8.804 0.6999999881
151921  24.797  -42.286  -8.811 0.6999999881
55242  23.725  -41.737  -8.993 0.6999999881
149587  24.664  -41.699  -8.960 0.6999999881
56150  24.381  -40.821  -9.364 0.6999999881
54249  26.926  -43.218  -8.800 0.8000000119
152044  26.103  -42.022  -8.749 0.8000000119
53182  27.465  -44.031  -9.203 0.8000000119
56149  25.353  -40.915  -9.267 0.6999999881
55241  26.119  -41.391  -8.951 0.6999999881
55240  26.859  -41.081  -8.908 0.8000000119
53164  27.892  -43.441  -8.765 0.8000000119
56148  26.268  -40.436  -9.386 0.6999999881
56147  27.173  -40.250  -9.182 0.8000000119
57284  26.176  -39.027  -10.115 0.6000000238
54248  27.549  -42.518  -8.614 0.8000000119
55229  27.354  -41.660  -8.675 0.8000000119
57283  26.983  -38.890  -9.897 0.6000000238
154803  26.624  -38.471  -10.285 0.6000000238
59359  26.619  -37.790  -10.591 0.6000000238
58385  27.238  -38.240  -10.203 0.6000000238
56132  27.659  -40.957  -8.716 0.8000000119
59368  26.988  -37.032  -10.881 0.6000000238
57264  27.556  -39.407  -9.446 0.6999999881
59358  27.528  -37.485  -10.499 0.6000000238
60304  28.411  -36.245  -11.004 0.6999999881
141113  27.535  -36.458  -11.136 0.6000000238
152957  27.500  -36.944  -10.779 0.6000000238
138847  28.024  -35.852  -11.466 0.6000000238
58384  27.978  -38.049  -10.019 0.6999999881
59357  28.362  -37.394  -10.278 0.6999999881
137776  30.410  -67.842  -10.460 0.4000000060
136114  30.543  -65.949  -11.186 0.5000000000
153713  30.299  -64.711  -10.728 0.5000000000
34038  31.508  -62.044  -13.064 0.5000000000
34991  31.796  -61.393  -13.478 0.5000000000
48736  42.542  -47.663  -8.448 0.3000000119
53183  26.588  -43.929  -9.315 0.8000000119
34047  32.694  -62.338  -14.244 0.5000000000
33069  31.216  -63.734  -12.539 0.5000000000
48846  27.233  -47.858  -14.059 0.8000000119
44820  37.848  -50.978  -6.253 0.5000000000
53165  26.187  -43.389  -8.958 0.8000000119
135854  25.441  -42.107  -8.800 0.6999999881
55230  26.716  -42.054  -8.714 0.8000000119
145290  25.613  -40.097  -9.633 0.6999999881
57265  26.694  -39.608  -9.633 0.6999999881
39827  35.993  -56.262  -8.796 0.4000000060
40803  36.472  -55.562  -9.002 0.4000000060
40804  35.942  -55.526  -8.347 0.4000000060
41772  36.440  -54.197  -8.019 0.5000000000
41802  37.601  -54.173  -9.465 0.4000000060
40817  37.438  -54.910  -9.770 0.4000000060
43787  36.953  -52.830  -7.363 0.5000000000
43777  36.582  -52.610  -6.628 0.5000000000
148991  36.973  -53.667  -8.295 0.5000000000
42795  37.588  -53.470  -8.824 0.4000000060
41801  38.288  -53.832  -10.007 0.4000000060
42814  38.070  -53.521  -9.453 0.4000000060
41787  36.989  -54.188  -8.735 0.4000000060
42831  39.680  -53.113  -10.765 0.4000000060
43776  37.228  -52.196  -6.856 0.5000000000
42784  37.310  -53.090  -8.071 0.5000000000
43820  39.748  -52.352  -9.559 0.4000000060
43835  40.114  -52.592  -10.293 0.4000000060
42827  43.587  -53.435  -10.623 0.4000000060
42828  42.666  -53.193  -10.887 0.4000000060
43834  41.047  -52.590  -10.518 0.4000000060
42847  44.129  -53.821  -11.210 0.4000000060
42848  43.251  -53.559  -11.491 0.4000000060
43786  37.739  -52.340  -7.648 0.5000000000
43785  38.544  -52.131  -8.206 0.5000000000
43803  37.974  -52.724  -8.497 0.4000000060
43831  51.045  -52.280  -10.783 0.3000000119
43802  38.607  -52.507  -8.824 0.4000000060
137403  49.852  -53.491  -10.672 0.3000000119
43819  40.627  -52.271  -9.646 0.4000000060
42845  50.338  -53.710  -11.242 0.3000000119
41811  48.811  -54.279  -10.870 0.3000000119
41812  47.973  -54.441  -10.846 0.3000000119
145497  46.553  -54.237  -10.701 0.3000000119
154723  45.165  -53.736  -10.284 0.4000000060
43833  42.100  -52.780  -10.247 0.4000000060
41813  47.238  -54.453  -10.956 0.3000000119
41815  45.042  -54.075  -10.984 0.4000000060
44837  38.431  -51.650  -7.463 0.4000000060
44836  39.272  -51.497  -7.864 0.4000000060
43801  40.222  -51.901  -8.952 0.4000000060
44851  39.911  -51.579  -8.351 0.4000000060
43809  50.238  -52.260  -10.169 0.3000000119
43810  49.302  -52.258  -9.586 0.3000000119
43832  49.651  -52.983  -10.158 0.3000000119
42805  48.746  -53.072  -9.725 0.3000000119
42807  46.930  -53.359  -9.532 0.3000000119
42808  46.200  -53.311  -9.497 0.4000000060
42809  44.875  -53.381  -9.742 0.4000000060
42811  43.059  -53.046  -9.995 0.4000000060
42822  48.319  -53.837  -10.221 0.3000000119
42823  47.323  -53.953  -10.234 0.3000000119
42824  46.410  -53.746  -10.031 0.3000000119
147749  38.344  -51.218  -6.851 0.4000000060
44843  47.218  -51.369  -8.372 0.3000000119
44845  45.442  -51.705  -8.110 0.3000000119
44846  44.577  -51.752  -8.026 0.4000000060
44847  43.677  -51.728  -7.951 0.4000000060
44848  42.734  -51.624  -7.934 0.4000000060
44850  40.682  -51.489  -8.221 0.4000000060
44858  49.170  -51.455  -9.310 0.3000000119
43793  47.702  -52.075  -8.765 0.3000000119
43795  45.945  -52.305  -8.535 0.3000000119
43796  45.010  -52.350  -8.533 0.4000000060
43798  43.108  -52.243  -8.539 0.4000000060
43800  41.141  -51.915  -8.843 0.4000000060
43812  47.322  -52.772  -9.081 0.3000000119
43794  46.845  -52.195  -8.588 0.3000000119
43814  45.530  -52.955  -9.153 0.4000000060
43816  43.536  -52.768  -9.190 0.4000000060
43799  42.124  -52.086  -8.644 0.4000000060
43811  48.139  -52.628  -9.248 0.3000000119
43813  46.468  -52.850  -9.025 0.3000000119
43815  44.495  -52.866  -9.135 0.4000000060
43817  42.572  -52.590  -9.336 0.4000000060
129573  42.005  -49.186  -6.841 0.4000000060
149899  42.294  -50.048  -6.986 0.4000000060
46858  40.515  -49.719  -6.745 0.4000000060
132797  39.231  -50.440  -6.767 0.4000000060
45877  44.770  -50.409  -7.493 0.3000000119
45879  43.134  -50.189  -7.153 0.4000000060
44834  40.998  -50.917  -7.501 0.4000000060
45881  39.634  -50.775  -7.240 0.4000000060
44830  45.060  -51.131  -7.704 0.4000000060
44832  43.370  -51.023  -7.480 0.4000000060
44849  41.694  -51.428  -7.938 0.4000000060
44835  40.143  -51.113  -7.746 0.4000000060
57267  24.923  -40.049  -9.703 0.6000000238
57268  24.051  -39.955  -9.813 0.6000000238
58386  26.093  -38.364  -10.488 0.5000000000
57285  25.457  -39.467  -10.012 0.5000000000
59360  25.700  -37.809  -10.780 0.5000000000
59369  26.161  -37.141  -11.066 0.5000000000
137402  26.648  -36.482  -11.387 0.5000000000
61147  27.225  -35.772  -11.775 0.5000000000
61162  28.175  -35.201  -12.038 0.4000000060
133411  32.330  -28.727  -14.845 0.3000000119
67917  32.138  -28.027  -14.435 0.3000000119
67916  32.234  -28.574  -15.110 0.3000000119
132927  31.117  -28.038  -12.375 0.3000000119
67903  31.196  -28.801  -12.902 0.3000000119
141306  31.529  -28.010  -13.422 0.3000000119
68874  31.948  -27.272  -13.985 0.3000000119
68880  32.372  -27.306  -14.857 0.3000000119
68879  32.216  -27.654  -15.173 0.3000000119
69817  32.355  -26.346  -15.158 0.3000000119
69793  31.272  -26.497  -12.041 0.3000000119
146184  31.371  -27.124  -12.866 0.3000000119
69804  31.844  -26.509  -13.667 0.3000000119
69811  32.274  -26.700  -14.462 0.3000000119
70831  32.326  -25.921  -14.465 0.3000000119
69810  32.499  -26.497  -14.934 0.3000000119
70838  31.930  -25.840  -15.441 0.3000000119
70839  30.879  -25.146  -15.658 0.3000000119
70815  31.335  -25.803  -11.348 0.3000000119
70820  31.482  -25.732  -12.409 0.3000000119
152005  31.500  -26.315  -12.852 0.3000000119
71800  31.802  -24.485  -12.962 0.3000000119
70825  32.150  -25.027  -13.855 0.3000000119
71807  32.257  -24.226  -13.696 0.3000000119
71806  32.601  -24.467  -14.555 0.3000000119
71812  32.549  -24.766  -15.130 0.3000000119
144046  32.295  -24.206  -15.600 0.3000000119
139745  31.437  -24.935  -10.953 0.3000000119
72745  31.757  -23.460  -11.945 0.3000000119
152357  31.699  -24.115  -12.258 0.3000000119
72759  32.627  -23.549  -14.113 0.3000000119
72766  32.830  -23.830  -15.231 0.3000000119
73719  33.152  -22.977  -14.898 0.3000000119
71790  31.550  -24.159  -11.427 0.3000000119
72760  32.044  -23.646  -12.961 0.3000000119
73699  32.480  -22.271  -13.003 0.3000000119
74670  33.284  -22.084  -14.568 0.3000000119
73688  31.874  -22.700  -11.555 0.3000000119
73700  32.116  -22.845  -12.463 0.3000000119
74649  32.581  -21.450  -12.685 0.3000000119
74664  32.886  -21.730  -13.617 0.3000000119
73687  32.241  -22.070  -12.106 0.3000000119
75576  32.658  -20.524  -12.340 0.3000000119
75565  32.456  -20.606  -11.480 0.3000000119
42829  41.736  -52.969  -11.178 0.4000000060
39826  36.466  -56.269  -9.428 0.4000000060
40818  37.004  -55.627  -9.718 0.4000000060
129751  40.107  -53.336  -11.527 0.4000000060
41817  38.601  -54.200  -10.683 0.4000000060
146135  44.930  -54.385  -12.111 0.4000000060
41835  43.833  -53.947  -12.056 0.4000000060
42849  42.347  -53.367  -11.775 0.4000000060
138314  51.072  -53.428  -11.551 0.3000000119
41829  50.143  -54.321  -11.748 0.3000000119
41830  49.314  -54.570  -11.570 0.3000000119
40842  47.625  -54.843  -11.724 0.3000000119
41832  46.695  -54.584  -11.490 0.3000000119
41833  45.297  -54.380  -11.734 0.3000000119
42819  51.272  -52.847  -11.266 0.3000000119
44869  50.761  -51.433  -10.387 0.3000000119
45886  48.607  -50.911  -8.893 0.3000000119
45893  50.250  -50.667  -9.977 0.3000000119
47777  43.456  -48.619  -7.562 0.4000000060
46855  43.715  -49.443  -7.302 0.4000000060
45878  43.952  -50.313  -7.353 0.4000000060
45875  46.286  -50.644  -7.930 0.3000000119
154937  46.728  -51.025  -8.120 0.3000000119
47779  41.761  -48.311  -6.986 0.4000000060
56151  23.492  -40.713  -9.435 0.6000000238
71777  31.473  -24.189  -10.398 0.3000000119
72735  31.604  -23.398  -11.007 0.3000000119
74637  32.060  -21.907  -11.180 0.3000000119
74626  32.229  -21.096  -10.902 0.3000000119
44868  51.419  -51.698  -10.976 0.3000000119
39808  35.453  -56.280  -8.109 0.4000000060
42786  36.213  -53.878  -7.371 0.5000000000
45880  40.405  -50.431  -7.147 0.4000000060
72755  32.394  -22.975  -13.280 0.3000000119
73712  32.810  -22.603  -13.920 0.3000000119
38890  35.698  -57.708  -9.127 0.3000000119
39840  36.069  -56.955  -9.255 0.3000000119
42893  32.707  -53.727  -16.133 0.6000000238
41892  31.574  -53.873  -16.012 0.6999999881
41899  32.093  -54.288  -16.486 0.6999999881
40833  37.620  -55.346  -10.324 0.3000000119
27554  36.191  -68.012  -8.223 0.3000000119
29861  35.653  -66.695  -8.436 0.3000000119
42890  29.087  -53.369  -15.367 0.6999999881
139678  35.271  -60.015  -9.059 0.3000000119
41893  30.003  -54.209  -15.930 0.6999999881
147582  30.663  -53.937  -15.875 0.6999999881
37945  35.905  -58.378  -9.602 0.3000000119
141073  36.520  -56.906  -9.822 0.3000000119
133621  31.096  -53.646  -15.337 0.6999999881
39853  36.954  -56.828  -10.338 0.3000000119
42852  40.112  -53.870  -12.263 0.3000000119
40848  38.530  -55.461  -11.540 0.3000000119
40832  38.237  -55.008  -10.856 0.3000000119
42858  41.289  -53.610  -12.848 0.3000000119
42851  40.740  -53.438  -12.179 0.3000000119
41837  38.880  -54.626  -11.399 0.3000000119
32080  35.289  -64.804  -8.624 0.3000000119
33981  34.940  -62.636  -8.625 0.4000000060
43872  28.408  -51.904  -14.641 0.6999999881
36935  35.615  -59.300  -9.482 0.3000000119
35940  35.203  -60.837  -9.043 0.3000000119
42881  29.499  -53.069  -14.993 0.6999999881
42889  29.995  -53.629  -15.495 0.6999999881
37944  36.406  -58.187  -10.174 0.3000000119
38902  37.116  -57.424  -10.750 0.3000000119
40847  39.206  -55.144  -12.178 0.3000000119
41816  39.340  -53.803  -11.209 0.3000000119
42865  41.793  -53.873  -13.647 0.3000000119
33030  35.209  -63.525  -8.820 0.4000000060
44898  27.948  -51.026  -14.576 0.6999999881
144028  35.665  -61.302  -9.619 0.3000000119
34930  35.165  -61.832  -9.008 0.3000000119
37960  36.722  -58.718  -10.757 0.3000000119
36934  36.024  -59.624  -10.021 0.3000000119
143711  28.489  -51.161  -14.166 0.6999999881
38917  37.588  -57.398  -11.345 0.3000000119
43871  29.130  -52.458  -14.576 0.6999999881
42850  41.470  -53.293  -12.030 0.3000000119
41854  42.694  -53.881  -13.305 0.3000000119
42857  42.067  -53.528  -12.692 0.3000000119
45930  28.218  -50.503  -14.205 0.6999999881
36949  36.427  -59.510  -10.516 0.3000000119
46919  28.311  -49.725  -13.964 0.6999999881
37970  37.832  -58.119  -11.986 0.3000000119
37959  37.215  -58.082  -11.158 0.3000000119
45927  28.592  -50.541  -13.615 0.6999999881
137384  43.588  -54.066  -12.960 0.3000000119
36962  36.919  -59.509  -11.136 0.3000000119
41853  42.961  -53.688  -12.381 0.3000000119
47776  44.247  -48.839  -7.789 0.3000000119
41902  34.950  -54.699  -17.101 0.5000000000
40930  32.070  -55.708  -17.113 0.6999999881
41898  33.791  -54.596  -17.217 0.6000000238
40929  33.192  -55.371  -17.418 0.6000000238
42892  33.744  -53.762  -16.113 0.6000000238
41894  28.621  -53.986  -15.353 0.6999999881
147212  28.113  -52.435  -14.949 0.6999999881
31010  35.826  -65.204  -9.189 0.3000000119
154493  27.862  -51.770  -14.743 0.6999999881
32089  35.655  -64.271  -9.270 0.4000000060
143475  27.306  -50.680  -14.398 0.6999999881
33991  35.916  -62.630  -9.829 0.4000000060
33992  35.433  -62.681  -9.233 0.4000000060
46923  27.297  -49.369  -14.287 0.6999999881
35959  36.239  -60.914  -10.327 0.3000000119
34969  36.875  -60.954  -11.085 0.3000000119
143558  37.510  -60.898  -11.748 0.3000000119
38889  36.221  -57.605  -9.695 0.3000000119
45931  27.729  -50.086  -14.389 0.6999999881
40923  32.633  -54.771  -17.019 0.6000000238
36961  37.485  -59.609  -11.794 0.3000000119
34002  36.429  -62.489  -10.393 0.3000000119
36994  33.152  -59.874  -14.861 0.5000000000
38967  34.385  -57.201  -15.866 0.5000000000
38011  34.878  -57.951  -16.337 0.5000000000
38004  32.832  -58.367  -14.759 0.4000000060
145006  31.984  -60.945  -16.226 0.4000000060
34052  30.416  -62.586  -15.480 0.5000000000
38956  33.336  -57.421  -15.091 0.4000000060
39924  34.884  -56.099  -16.281 0.5000000000
33097  29.282  -63.867  -15.361 0.4000000060
140672  28.540  -64.292  -15.404 0.4000000060
36020  31.244  -60.912  -15.978 0.5000000000
40922  35.256  -55.094  -17.179 0.4000000060
33104  27.543  -63.972  -15.682 0.4000000060
32149  27.864  -64.834  -15.522 0.4000000060
34053  29.476  -62.590  -15.485 0.4000000060
35003  30.326  -60.952  -15.910 0.5000000000
132386  29.886  -61.792  -15.615 0.4000000060
129476  31.371  -59.548  -16.600 0.5000000000
38031  31.719  -58.174  -17.107 0.4000000060
41903  34.611  -54.705  -17.266 0.5000000000
143600  33.310  -56.721  -17.645 0.4000000060
38987  32.354  -57.306  -17.385 0.4000000060
39943  33.812  -55.968  -17.678 0.4000000060
32150  26.830  -64.761  -15.936 0.4000000060
35014  24.701  -61.919  -16.211 0.4000000060
35004  28.959  -61.921  -15.794 0.4000000060
36031  25.157  -60.685  -16.329 0.4000000060
36027  29.734  -60.257  -16.382 0.5000000000
35010  29.393  -61.118  -16.051 0.4000000060
37014  25.667  -60.015  -16.237 0.4000000060
37011  30.437  -59.469  -16.573 0.5000000000
37003  26.248  -59.322  -15.919 0.4000000060
38014  25.777  -58.640  -15.515 0.4000000060
38023  31.112  -58.823  -16.827 0.5000000000
38032  30.972  -58.189  -16.883 0.5000000000
38970  26.371  -57.894  -15.087 0.4000000060
38959  25.879  -57.254  -14.699 0.4000000060
38988  31.333  -57.523  -17.033 0.6000000238
39945  31.688  -56.679  -17.127 0.6000000238
39944  32.679  -56.305  -17.444 0.5000000000
33107  24.703  -63.533  -16.421 0.4000000060
35013  25.031  -61.896  -16.489 0.4000000060
148229  26.904  -63.389  -16.217 0.4000000060
35012  25.888  -61.741  -16.625 0.4000000060
155076  28.951  -60.664  -16.365 0.4000000060
36030  26.121  -60.762  -16.490 0.4000000060
149701  27.101  -59.330  -15.985 0.4000000060
133260  26.693  -59.931  -16.312 0.4000000060
38024  30.242  -58.646  -16.663 0.5000000000
39946  30.952  -56.980  -16.866 0.5000000000
39910  26.416  -56.617  -14.396 0.4000000060
34065  25.292  -62.437  -16.618 0.4000000060
148370  28.521  -61.283  -16.269 0.4000000060
34064  25.958  -62.560  -16.674 0.4000000060
149575  26.792  -61.263  -16.581 0.4000000060
37013  27.626  -59.711  -16.309 0.4000000060
148247  29.816  -58.107  -16.493 0.5000000000
37002  27.823  -58.974  -15.958 0.4000000060
38013  26.988  -58.607  -15.525 0.4000000060
38981  30.489  -57.686  -16.720 0.5000000000
38958  26.862  -57.189  -14.675 0.4000000060
40924  31.505  -55.067  -16.724 0.6000000238
39939  31.011  -56.104  -16.780 0.6000000238
144974  30.190  -56.096  -16.464 0.6000000238
32159  26.358  -64.036  -16.372 0.4000000060
34063  26.872  -62.700  -16.413 0.4000000060
35011  27.634  -61.302  -16.489 0.4000000060
36029  27.337  -60.526  -16.504 0.4000000060
37012  29.518  -59.435  -16.534 0.5000000000
36028  28.864  -60.091  -16.492 0.5000000000
139417  28.561  -59.374  -16.384 0.5000000000
38026  28.594  -58.528  -16.082 0.5000000000
38012  27.979  -58.184  -15.594 0.5000000000
38982  29.755  -57.427  -16.373 0.5000000000
38983  29.228  -58.011  -16.184 0.5000000000
149078  28.652  -57.880  -15.804 0.5000000000
38969  27.397  -57.693  -15.132 0.4000000060
39940  30.320  -56.819  -16.594 0.6000000238
145547  27.204  -56.555  -14.492 0.5000000000
40901  26.935  -55.928  -14.190 0.4000000060
41901  30.022  -54.839  -16.160 0.6000000238
39941  29.588  -56.588  -16.148 0.6000000238
38968  29.088  -57.322  -15.893 0.5000000000
135274  28.317  -57.325  -15.373 0.5000000000
40926  29.635  -55.646  -16.083 0.6000000238
134567  28.792  -55.836  -15.453 0.6000000238
39927  28.337  -56.568  -15.135 0.5000000000
40916  29.244  -54.749  -15.733 0.6000000238
146320  29.372  -53.944  -15.665 0.6000000238
44894  26.034  -51.127  -13.141 0.5000000000
43874  26.778  -52.177  -13.873 0.6000000238
42883  27.049  -52.960  -13.900 0.5000000000
43873  27.494  -52.274  -14.527 0.6000000238
42870  27.212  -53.762  -13.946 0.5000000000
41872  26.591  -54.444  -13.639 0.5000000000
153848  29.227  -56.174  -15.827 0.6000000238
39909  27.900  -56.036  -14.682 0.5000000000
40882  26.818  -55.178  -13.840 0.5000000000
40883  25.938  -55.111  -13.662 0.5000000000
44893  26.710  -50.805  -14.005 0.5000000000
45928  26.244  -50.105  -13.447 0.5000000000
46924  26.686  -49.476  -13.988 0.6000000238
44899  27.228  -51.445  -14.380 0.6000000238
141933  27.666  -53.911  -14.491 0.6000000238
40900  27.590  -55.214  -14.334 0.5000000000
42891  28.395  -53.159  -15.150 0.6000000238
41895  28.059  -53.678  -14.978 0.6000000238
38979  35.954  -56.880  -17.812 0.4000000060
144654  35.429  -55.991  -17.603 0.4000000060
40897  34.587  -54.445  -15.906 0.5000000000
40914  35.045  -55.090  -16.590 0.4000000060
37001  33.789  -59.415  -15.379 0.5000000000
138398  36.074  -58.534  -17.591 0.5000000000
38003  33.798  -58.360  -15.462 0.5000000000
38980  35.472  -56.891  -16.852 0.5000000000
34054  28.614  -62.721  -15.625 0.4000000060
34062  27.892  -62.111  -16.191 0.4000000060
37004  25.198  -59.376  -15.845 0.4000000060
137562  28.249  -60.664  -16.459 0.4000000060
33105  26.027  -63.319  -16.632 0.4000000060
40899  28.369  -55.049  -15.013 0.6000000238
36032  24.831  -61.266  -16.296 0.3000000119
38971  25.234  -57.922  -15.168 0.3000000119
37015  24.806  -60.095  -16.047 0.3000000119
38960  24.831  -57.210  -14.804 0.3000000119
38015  24.685  -58.682  -15.438 0.3000000119
38972  24.176  -57.885  -15.099 0.3000000119
38016  23.928  -58.713  -15.170 0.3000000119
22334  34.292  -73.149  -6.685 0.5000000000
23243  35.059  -72.747  -6.477 0.5000000000
23245  33.520  -72.796  -6.778 0.5000000000
23265  31.876  -71.790  -7.302 0.5000000000
24276  32.420  -71.777  -6.800 0.5000000000
24277  31.828  -71.244  -6.900 0.5000000000
24294  31.353  -71.281  -7.630 0.5000000000
25335  35.349  -70.531  -6.648 0.5000000000
25336  34.591  -70.579  -6.493 0.4000000060
25337  32.809  -70.605  -6.437 0.5000000000
25338  31.959  -70.485  -6.555 0.5000000000
25339  31.204  -70.057  -6.837 0.6000000238
25357  35.908  -70.108  -6.987 0.3000000119
25359  30.659  -69.622  -7.280 0.6999999881
26447  35.755  -69.396  -7.252 0.4000000060
26462  30.294  -68.998  -7.671 0.6999999881
27527  32.209  -68.168  -6.348 0.6000000238
27540  30.318  -68.327  -7.174 0.6999999881
27573  30.113  -68.360  -9.036 0.6000000238
28679  34.067  -67.533  -6.826 0.4000000060
28681  31.378  -67.956  -6.424 0.6000000238
28682  30.633  -67.740  -6.699 0.6000000238
28692  35.567  -67.535  -7.935 0.4000000060
28693  34.834  -67.515  -7.392 0.4000000060
28695  29.743  -66.718  -7.765 0.6000000238
28711  36.099  -67.370  -8.540 0.3000000119
28739  30.339  -67.091  -10.477 0.4000000060
29830  32.155  -66.643  -6.408 0.6000000238
29842  35.143  -66.949  -7.793 0.4000000060
29844  33.917  -66.199  -6.887 0.5000000000
29864  29.651  -66.188  -8.323 0.6000000238
31001  35.438  -65.711  -8.517 0.3000000119
31011  29.961  -65.598  -9.997 0.6000000238
31012  29.714  -65.149  -9.293 0.6000000238
31022  30.333  -65.321  -10.782 0.5000000000
31073  27.209  -65.499  -15.857 0.4000000060
32051  32.893  -64.159  -6.564 0.4000000060
32066  34.757  -64.205  -8.196 0.4000000060
32067  34.189  -64.573  -7.372 0.5000000000
32069  29.614  -65.035  -7.758 0.6000000238
32099  30.242  -64.118  -10.678 0.5000000000
32109  30.554  -64.644  -11.288 0.5000000000
32120  30.838  -64.176  -11.918 0.4000000060
33006  31.184  -64.258  -6.421 0.5000000000
33020  33.774  -63.343  -7.197 0.4000000060
33032  29.610  -63.156  -8.734 0.6999999881
33040  36.291  -63.257  -10.148 0.3000000119
33041  35.754  -63.392  -9.546 0.4000000060
33051  29.951  -63.406  -10.231 0.6000000238
33098  28.482  -63.508  -15.483 0.4000000060
33106  25.157  -63.273  -16.671 0.4000000060
33949  32.773  -62.639  -6.589 0.4000000060
33952  30.132  -62.962  -6.995 0.6000000238
33968  34.160  -62.969  -7.594 0.4000000060
33969  33.586  -62.618  -7.088 0.4000000060
34055  27.726  -63.051  -15.836 0.4000000060
34066  24.842  -62.654  -16.468 0.4000000060
34918  34.327  -61.809  -7.923 0.4000000060
34920  30.235  -61.289  -7.348 0.6999999881
34944  36.070  -61.859  -10.067 0.3000000119
34957  36.633  -61.720  -10.706 0.3000000119
34958  30.193  -61.102  -10.610 0.8000000119
34990  32.400  -61.539  -14.014 0.5000000000
35941  34.714  -60.278  -8.394 0.4000000060
35942  30.122  -60.358  -8.384 0.8000000119
35960  35.730  -60.293  -9.707 0.3000000119
35973  36.614  -60.198  -10.794 0.3000000119
35985  37.166  -60.233  -11.419 0.3000000119
35995  30.938  -60.562  -12.519 0.6999999881
36025  31.720  -60.293  -16.365 0.4000000060
36026  30.789  -60.198  -16.290 0.5000000000
36884  33.158  -59.552  -6.631 0.5000000000
36887  30.786  -59.596  -6.796 0.6000000238
36904  30.479  -59.813  -7.274 0.6000000238
36921  30.218  -59.658  -8.807 0.6999999881
36987  31.940  -59.944  -13.937 0.5000000000
37927  35.366  -58.529  -8.969 0.4000000060
37928  34.813  -58.638  -8.282 0.4000000060
37946  30.343  -58.264  -8.885 0.6999999881
37961  30.607  -58.157  -10.267 0.8000000119
37971  37.329  -58.844  -11.513 0.3000000119
37973  30.602  -58.851  -11.089 0.6999999881
37993  32.074  -58.443  -14.124 0.6999999881
38025  29.323  -58.703  -16.445 0.5000000000
38815  31.765  -56.644  -5.801 0.6000000238
38836  31.865  -57.564  -5.996 0.6000000238
38854  35.004  -57.128  -7.923 0.4000000060
38856  33.621  -57.948  -6.650 0.5000000000
38877  30.385  -57.494  -8.584 0.6999999881
38903  36.645  -57.482  -10.248 0.3000000119
38904  30.787  -57.485  -10.506 0.8000000119
38947  31.419  -57.878  -12.903 0.6999999881
39767  32.980  -56.034  -5.634 0.6999999881
39790  31.168  -56.237  -6.068 0.6999999881
39842  30.562  -56.879  -9.236 0.8000000119
39852  37.465  -56.731  -10.865 0.3000000119
39866  37.943  -56.706  -11.459 0.3000000119
39911  25.418  -56.529  -14.439 0.4000000060
39925  33.930  -56.383  -15.390 0.5000000000
39926  28.902  -56.641  -15.612 0.5000000000
39928  27.713  -56.921  -14.818 0.5000000000
40743  32.011  -55.455  -5.483 0.6999999881
40764  34.609  -55.673  -6.698 0.6000000238
40834  31.622  -54.914  -10.572 0.8999999762
40849  37.868  -55.908  -11.030 0.3000000119
40881  33.337  -54.706  -13.548 0.8000000119
40898  34.191  -54.685  -15.182 0.6000000238
40921  35.375  -55.731  -17.475 0.4000000060
40925  30.512  -55.345  -16.463 0.6000000238
40927  35.109  -55.247  -17.429 0.4000000060
40928  34.324  -55.188  -17.525 0.5000000000
41756  30.723  -54.657  -6.767 0.8000000119
41788  36.456  -54.856  -8.555 0.4000000060
41789  35.995  -54.884  -7.988 0.5000000000
41790  31.154  -54.080  -9.198 0.8000000119
41791  30.812  -54.497  -8.564 0.8000000119
41803  36.978  -54.866  -9.215 0.4000000060
41814  45.781  -53.995  -10.482 0.3000000119
41818  37.959  -54.563  -10.183 0.4000000060
41819  32.404  -53.412  -11.006 0.8999999762
41820  31.864  -54.166  -10.543 0.8000000119
41831  48.529  -54.753  -11.542 0.3000000119
41834  44.617  -54.195  -11.758 0.4000000060
41836  39.510  -54.278  -11.887 0.3000000119
41866  42.475  -54.182  -14.248 0.3000000119
41871  27.355  -54.525  -14.048 0.5000000000
41884  27.943  -54.403  -14.714 0.6000000238
41896  34.805  -54.539  -16.661 0.6999999881
41897  34.359  -54.246  -16.757 0.6000000238
41900  30.880  -54.463  -16.254 0.6999999881
42731  33.278  -53.010  -4.687 0.6999999881
42752  34.436  -53.538  -5.277 0.6999999881
42755  31.402  -53.266  -5.871 0.8000000119
42772  36.353  -53.292  -7.024 0.5000000000
42785  36.693  -53.485  -7.714 0.5000000000
42787  31.104  -52.877  -7.278 0.8000000119
42794  38.292  -52.995  -9.147 0.4000000060
42806  47.818  -53.318  -9.613 0.3000000119
42810  43.990  -53.242  -9.820 0.4000000060
42812  39.328  -52.858  -10.063 0.4000000060
42813  38.634  -53.199  -9.766 0.4000000060
42820  50.541  -53.010  -10.759 0.3000000119
42821  49.157  -53.652  -10.394 0.3000000119
42825  45.659  -53.541  -9.847 0.3000000119
42826  44.464  -53.627  -10.431 0.4000000060
42830  40.892  -52.953  -11.442 0.4000000060
42832  38.955  -53.471  -10.434 0.4000000060
42844  51.853  -53.171  -11.989 0.3000000119
42846  49.588  -54.037  -11.036 0.3000000119
42859  40.705  -53.862  -12.904 0.3000000119
42866  41.138  -53.948  -13.472 0.3000000119
42868  32.737  -53.058  -13.739 0.6999999881
42879  31.851  -53.426  -14.487 0.8000000119
42882  27.724  -53.130  -14.685 0.6000000238
43741  35.246  -52.024  -4.948 0.6999999881
43743  33.683  -52.247  -4.573 0.6999999881
43762  35.573  -52.584  -5.537 0.6999999881
43779  31.316  -52.509  -6.499 0.8000000119
43797  44.063  -52.334  -8.504 0.4000000060
43804  31.328  -52.197  -8.158 0.8000000119
43818  41.588  -52.393  -9.534 0.4000000060
43821  38.972  -52.634  -9.385 0.4000000060
43847  32.568  -52.330  -11.809 0.8999999762
43848  32.060  -51.947  -11.746 0.8999999762
43854  30.075  -52.329  -12.743 0.8000000119
43864  29.588  -52.454  -13.726 0.8000000119
43875  28.760  -52.684  -15.059 0.6999999881
44795  34.901  -51.400  -4.620 0.6000000238
44798  32.573  -51.583  -4.853 0.8000000119
44809  36.403  -51.569  -5.499 0.5000000000
44822  36.808  -51.919  -6.191 0.6000000238
44829  45.739  -51.121  -7.842 0.4000000060
44831  44.233  -51.102  -7.588 0.4000000060
44833  42.498  -50.868  -7.407 0.4000000060
44838  37.823  -51.681  -6.925 0.5000000000
44842  48.001  -51.412  -8.652 0.3000000119
44844  46.322  -51.507  -8.168 0.3000000119
44852  31.517  -51.467  -8.846 0.8999999762
44857  49.916  -51.474  -9.711 0.3000000119
44871  31.792  -51.445  -10.597 0.8999999762
44897  28.966  -51.833  -14.062 0.6999999881
45848  33.813  -50.703  -4.544 0.6999999881
45849  32.623  -50.689  -5.151 0.6999999881
45861  33.254  -50.271  -4.849 0.6999999881
45869  39.817  -50.051  -6.743 0.4000000060
45870  38.625  -50.580  -6.518 0.5000000000
45872  31.987  -50.147  -6.653 0.8000000119
45876  45.526  -50.513  -7.681 0.3000000119
45882  38.923  -51.032  -7.139 0.4000000060
45888  47.017  -50.551  -8.234 0.3000000119
45914  31.201  -50.907  -10.890 1.0000000000
45932  26.933  -50.083  -14.225 0.6000000238
46823  35.519  -49.839  -4.628 0.6000000238
46825  33.892  -49.973  -4.698 0.8000000119
46835  36.765  -49.192  -5.051 0.6000000238
46836  35.150  -49.209  -4.781 0.6000000238
46845  39.177  -48.967  -6.087 0.5000000000
46848  32.064  -49.492  -7.187 0.8000000119
46856  42.895  -49.304  -7.052 0.4000000060
46857  41.309  -50.016  -6.901 0.4000000060
46868  31.490  -49.274  -8.667 0.8999999762
46896  30.999  -49.392  -9.858 1.0000000000
46902  29.922  -49.699  -11.116 1.0000000000
47761  33.900  -48.930  -5.647 0.6999999881
47767  40.345  -48.240  -6.569 0.5000000000
47769  38.695  -48.423  -5.935 0.5000000000
47772  33.530  -48.636  -6.423 0.6999999881
47775  44.888  -49.097  -7.919 0.3000000119
47778  42.611  -48.449  -7.270 0.4000000060
47822  44.908  -48.519  -11.574 0.3000000119
47832  29.717  -48.257  -10.999 1.0000000000
47840  43.904  -48.376  -14.264 0.6999999881
47849  43.707  -48.248  -14.935 0.6999999881
48703  37.222  -47.647  -5.809 0.6000000238
48704  36.495  -47.963  -5.495 0.6000000238
48711  38.820  -47.608  -6.332 0.5000000000
48714  35.605  -47.497  -6.522 0.6999999881
48724  39.968  -46.979  -7.284 0.5000000000
48725  37.046  -46.919  -6.756 0.6000000238
48726  36.535  -46.969  -7.511 0.6000000238
48737  41.948  -47.370  -8.783 0.4000000060
48753  43.607  -48.107  -9.149 0.3000000119
48756  36.347  -47.231  -9.125 0.8000000119
48758  31.102  -47.145  -9.357 1.0000000000
48775  45.624  -48.230  -11.153 0.3000000119
48779  41.490  -47.376  -10.429 0.6000000238
48794  38.957  -47.469  -12.471 0.6999999881
48797  36.773  -47.378  -10.971 0.8000000119
48799  29.577  -47.266  -12.247 1.0000000000
48816  36.847  -47.337  -11.894 0.8000000119
48817  29.434  -47.514  -13.052 1.0000000000
48830  43.305  -48.483  -14.610 0.6999999881
48837  26.243  -46.847  -13.518 0.6000000238
48842  38.984  -47.884  -15.439 0.8000000119
48847  43.208  -47.934  -15.637 0.6999999881
49807  38.536  -46.897  -6.835 0.6000000238
49816  38.278  -46.543  -7.640 0.6999999881
49853  44.696  -46.484  -10.464 0.5000000000
49854  43.889  -46.126  -10.567 0.5000000000
49862  33.152  -46.068  -9.262 1.0000000000
49882  38.174  -47.026  -10.446 0.6999999881
49893  40.216  -47.107  -11.547 0.6999999881
49894  39.218  -47.180  -11.693 0.6999999881
49899  29.929  -46.641  -11.918 1.0000000000
49914  37.126  -47.215  -12.822 0.8000000119
49928  44.209  -47.892  -14.050 0.6999999881
49929  43.691  -47.272  -14.339 0.6000000238
49930  42.804  -46.672  -14.670 0.6000000238
49945  42.438  -47.631  -16.197 0.6999999881
50950  43.511  -45.386  -7.902 0.5000000000
50951  42.180  -44.913  -7.809 0.4000000060
50984  40.903  -45.038  -9.776 0.6000000238
50997  41.922  -45.567  -10.917 0.6000000238
51000  33.815  -45.433  -10.685 1.0000000000
51002  32.185  -45.352  -10.393 1.0000000000
51011  40.531  -45.053  -11.337 0.5000000000
51012  35.109  -45.497  -11.679 1.0000000000
51014  33.255  -44.942  -11.344 1.0000000000
51046  32.025  -45.457  -14.886 1.0000000000
51054  41.098  -45.572  -15.561 0.6999999881
51056  36.887  -44.886  -14.542 1.0000000000
51064  38.690  -46.009  -16.106 0.6999999881
52037  42.940  -44.153  -6.622 0.4000000060
52038  42.079  -44.022  -6.665 0.4000000060
52064  41.397  -44.745  -8.058 0.5000000000
52066  39.932  -44.095  -8.802 0.5000000000
52107  32.064  -44.846  -12.226 1.0000000000
52108  28.717  -44.066  -11.797 1.0000000000
52110  26.949  -44.283  -11.719 0.8999999762
52111  26.005  -44.198  -11.870 0.8999999762
52126  33.049  -44.497  -13.016 1.0000000000
52130  26.468  -43.708  -12.801 1.0000000000
52138  35.255  -44.439  -13.743 1.0000000000
52144  26.186  -44.033  -13.403 0.8999999762
52153  32.132  -45.110  -15.236 1.0000000000
52157  28.570  -43.768  -14.143 0.8999999762
52160  38.962  -44.568  -16.001 0.8000000119
52163  36.216  -43.838  -15.565 1.0000000000
52168  31.787  -44.491  -15.428 1.0000000000
53129  44.089  -43.489  -6.475 0.4000000060
53132  41.143  -43.814  -6.756 0.4000000060
53173  39.518  -43.311  -9.956 0.5000000000
53185  24.357  -44.047  -9.892 0.6999999881
53196  35.368  -43.009  -10.307 0.8999999762
53197  34.544  -43.255  -10.329 1.0000000000
53214  39.774  -43.315  -11.337 0.5000000000
53235  40.432  -43.685  -14.010 0.6000000238
53239  28.058  -43.387  -13.644 0.8999999762
53240  27.375  -43.632  -13.517 0.8999999762
53241  40.303  -43.610  -14.987 0.6999999881
53243  39.068  -43.110  -15.295 0.8000000119
53244  31.202  -43.115  -14.978 1.0000000000
53245  30.391  -43.308  -14.647 1.0000000000
53252  35.553  -43.374  -15.642 1.0000000000
53255  32.839  -43.757  -15.539 1.0000000000
54214  39.746  -42.194  -6.529 0.4000000060
54243  32.319  -42.826  -8.133 0.8999999762
54244  31.514  -42.822  -8.127 1.0000000000
54245  30.674  -42.735  -8.132 0.8999999762
54246  29.797  -42.536  -8.166 0.8999999762
54250  26.151  -42.660  -8.754 0.8000000119
54256  36.308  -42.196  -9.824 0.6000000238
54257  35.699  -42.625  -9.653 0.8000000119
54260  25.545  -43.150  -8.843 0.8000000119
54300  31.874  -42.647  -13.704 1.0000000000
54303  40.337  -42.524  -13.879 0.6000000238
54316  35.534  -42.664  -15.167 1.0000000000
54319  32.373  -42.764  -15.127 1.0000000000
54323  35.081  -42.936  -15.602 1.0000000000
54325  33.000  -42.980  -15.496 1.0000000000
55182  45.005  -42.106  -6.790 0.3000000119
55184  43.241  -42.035  -6.345 0.3000000119
55255  37.362  -41.088  -10.279 0.6999999881
55261  40.209  -40.469  -12.067 0.5000000000
55271  39.163  -40.594  -13.265 0.6000000238
56081  41.687  -40.468  -5.888 0.4000000060
56090  42.431  -40.100  -6.283 0.3000000119
56092  39.405  -40.586  -6.010 0.4000000060
56108  32.811  -41.060  -7.628 0.6999999881
56109  31.943  -41.034  -7.574 0.6999999881
56126  34.278  -40.643  -8.126 0.6999999881
56165  39.514  -39.198  -10.680 0.4000000060
56184  39.426  -40.148  -12.673 0.5000000000
57198  40.762  -39.473  -5.632 0.4000000060
57248  30.737  -39.561  -8.202 0.6999999881
57261  37.895  -38.794  -9.338 0.5000000000
57266  26.043  -39.715  -9.768 0.6999999881
58316  39.655  -38.738  -5.562 0.3000000119
58321  38.359  -38.446  -6.259 0.3000000119
58329  43.523  -38.654  -7.486 0.3000000119
58351  35.793  -38.186  -8.486 0.4000000060
58371  33.416  -38.208  -9.108 0.5000000000
58372  32.669  -38.164  -9.128 0.6000000238
58376  28.399  -38.609  -9.540 0.8000000119
58377  27.676  -38.684  -9.754 0.6999999881
59295  39.408  -37.901  -5.504 0.3000000119
59308  37.109  -37.497  -7.597 0.3000000119
59320  36.835  -37.573  -8.025 0.3000000119
59342  29.467  -37.814  -9.602 0.6999999881
59343  28.712  -37.892  -9.798 0.8000000119
59355  30.576  -37.049  -9.858 0.6999999881
60252  34.452  -37.135  -9.204 0.3000000119
60299  33.283  -35.979  -11.313 0.5000000000
60300  32.483  -36.036  -11.299 0.5000000000
61093  36.932  -36.038  -5.992 0.3000000119
61107  34.758  -35.107  -8.758 0.3000000119
61141  33.785  -35.468  -12.003 0.4000000060
61979  34.470  -34.563  -10.166 0.3000000119
62016  30.214  -34.300  -13.624 0.5000000000
62036  33.498  -34.900  -13.925 0.3000000119
62055  33.215  -34.704  -14.810 0.3000000119
62064  33.111  -34.346  -15.297 0.3000000119
62066  32.252  -34.399  -15.286 0.3000000119
63035  32.854  -33.833  -15.496 0.3000000119
63036  32.353  -33.779  -15.525 0.3000000119
64061  34.132  -32.506  -10.735 0.3000000119
64062  33.362  -32.083  -10.906 0.3000000119
64096  33.299  -33.121  -12.220 0.3000000119
64097  32.482  -32.658  -12.680 0.3000000119
64110  32.567  -32.890  -13.808 0.3000000119
65176  32.422  -32.278  -14.400 0.3000000119
65186  32.331  -31.123  -15.100 0.3000000119
66100  34.020  -29.845  -8.848 0.3000000119
66109  33.491  -30.353  -9.413 0.3000000119
66119  31.662  -29.979  -10.830 0.3000000119
66135  31.396  -30.175  -11.621 0.3000000119
67863  33.131  -28.574  -8.508 0.3000000119
67898  31.118  -28.240  -11.392 0.3000000119
67908  31.841  -28.801  -13.965 0.3000000119
68865  31.112  -27.353  -11.746 0.3000000119
70830  32.562  -25.209  -14.796 0.3000000119
70837  32.442  -25.691  -15.073 0.3000000119
71817  32.107  -25.006  -15.492 0.3000000119
71818  31.242  -24.343  -15.823 0.3000000119
74636  32.380  -21.276  -11.782 0.3000000119
129274  31.772  -25.765  -13.361 0.3000000119
129308  37.903  -46.714  -9.117 0.6999999881
130048  39.325  -52.084  -8.762 0.4000000060
130214  32.602  -65.925  -6.476 0.6000000238
130358  30.578  -56.269  -8.957 0.8000000119
130371  31.432  -51.669  -6.929 0.8000000119
130804  33.994  -42.683  -8.345 0.6999999881
130824  34.476  -65.992  -7.395 0.4000000060
130863  34.147  -47.404  -8.135 0.8000000119
131452  34.434  -32.942  -10.509 0.3000000119
131574  38.283  -42.255  -14.632 0.8999999762
131691  36.938  -49.884  -5.151 0.6000000238
132321  44.177  -48.573  -11.742 0.4000000060
133468  35.566  -57.018  -8.626 0.4000000060
133493  33.641  -70.577  -6.420 0.5000000000
133614  29.963  -61.866  -10.151 0.6000000238
134072  31.519  -24.900  -12.033 0.3000000119
134264  33.747  -42.511  -15.091 1.0000000000
134649  31.664  -25.163  -12.925 0.3000000119
135008  32.542  -61.116  -6.511 0.4000000060
135711  48.527  -51.899  -9.080 0.3000000119
135808  32.382  -26.929  -15.069 0.3000000119
136619  28.142  -60.087  -16.458 0.4000000060
136644  26.558  -51.524  -13.735 0.6000000238
136985  33.326  -65.650  -6.666 0.5000000000
137373  36.198  -60.101  -10.277 0.3000000119
137386  35.806  -39.588  -8.550 0.5000000000
137438  39.894  -48.103  -16.239 0.6999999881
137951  33.270  -54.103  -16.690 0.6000000238
137972  26.854  -61.943  -16.559 0.4000000060
138007  29.611  -43.679  -11.941 1.0000000000
138472  30.625  -55.161  -8.344 0.8000000119
138663  40.138  -38.185  -5.450 0.3000000119
138751  34.156  -43.156  -11.192 1.0000000000
138820  31.056  -61.972  -12.493 0.6000000238
139184  36.795  -57.977  -10.630 0.3000000119
139525  41.146  -47.993  -16.519 0.6999999881
139679  34.573  -58.922  -15.987 0.5000000000
139680  33.174  -59.082  -14.981 0.5000000000
140324  33.425  -72.076  -6.542 0.5000000000
140728  38.578  -39.752  -6.820 0.4000000060
140895  32.066  -62.151  -13.627 0.5000000000
140898  34.697  -62.013  -8.442 0.5000000000
140899  35.641  -62.065  -9.550 0.3000000119
141019  28.273  -48.239  -14.034 0.8999999762
141997  31.116  -59.926  -12.834 0.6000000238
142673  30.616  -57.021  -6.785 0.6999999881
142928  30.428  -59.627  -10.624 0.8000000119
142954  31.568  -56.049  -11.284 0.8000000119
143032  31.076  -62.070  -6.510 0.5000000000
143206  39.453  -40.199  -9.478 0.5000000000
143540  33.697  -60.259  -7.104 0.4000000060
143781  36.171  -58.950  -10.100 0.3000000119
143902  26.076  -56.138  -14.126 0.4000000060
144005  30.861  -61.709  -15.636 0.5000000000
144291  45.892  -54.367  -11.201 0.3000000119
144459  32.307  -53.762  -5.099 0.6999999881
145194  37.276  -56.121  -10.371 0.3000000119
145205  30.058  -43.782  -9.187 0.8999999762
145333  38.861  -46.818  -10.377 0.6999999881
145458  25.336  -61.273  -16.471 0.4000000060
145602  38.308  -56.163  -11.634 0.3000000119
147123  26.245  -55.649  -13.905 0.4000000060
147130  33.289  -53.195  -13.832 0.8000000119
147200  32.927  -68.395  -6.441 0.5000000000
147220  39.503  -46.537  -8.819 0.6999999881
147464  32.388  -28.062  -14.940 0.3000000119
147667  39.596  -46.581  -7.890 0.6000000238
147790  35.375  -58.491  -16.703 0.5000000000
148089  36.823  -56.342  -9.943 0.3000000119
148194  35.224  -64.203  -8.736 0.4000000060
148713  35.290  -45.967  -11.145 0.8999999762
148717  29.160  -63.208  -15.412 0.4000000060
148763  27.990  -39.003  -9.484 0.6999999881
148769  32.584  -42.325  -7.781 0.8999999762
149051  31.871  -42.962  -15.155 1.0000000000
149223  34.479  -42.981  -15.679 1.0000000000
149248  32.123  -32.919  -15.531 0.3000000119
149338  38.937  -41.095  -13.895 0.8999999762
149459  31.535  -27.052  -9.341 0.4000000060
149601  42.908  -46.265  -12.798 0.6000000238
149629  42.873  -45.072  -7.604 0.4000000060
150112  40.356  -43.644  -7.162 0.4000000060
150121  31.289  -26.273  -10.572 0.4000000060
150342  50.825  -53.991  -11.890 0.3000000119
150464  31.690  -46.194  -9.388 1.0000000000
150563  32.705  -44.707  -13.791 1.0000000000
150772  31.684  -62.660  -13.268 0.5000000000
150791  29.997  -64.296  -6.953 0.6000000238
150942  31.326  -71.533  -8.440 0.6000000238
151034  24.259  -42.487  -8.838 0.6999999881
151291  35.925  -44.949  -13.317 1.0000000000
151539  24.699  -60.709  -16.126 0.3000000119
151556  41.401  -47.650  -7.310 0.5000000000
151856  30.817  -57.483  -6.555 0.6999999881
151939  41.765  -50.679  -7.302 0.4000000060
152030  26.881  -47.164  -13.828 0.8999999762
152447  48.674  -52.475  -9.395 0.3000000119
152508  30.918  -45.489  -11.335 1.0000000000
152566  33.290  -54.323  -5.134 0.6999999881
152595  30.345  -34.548  -13.074 0.5000000000
152691  30.452  -67.044  -6.763 0.6999999881
152849  30.592  -58.486  -10.635 0.8000000119
152925  30.273  -48.193  -10.326 1.0000000000
153013  29.997  -60.951  -8.016 0.6999999881
153258  38.727  -46.834  -16.060 0.8000000119
153470  34.182  -45.853  -10.179 0.8999999762
153512  33.170  -70.201  -6.408 0.5000000000
153633  39.755  -53.785  -11.727 0.3000000119
153718  40.359  -52.844  -10.939 0.4000000060
154654  31.156  -59.740  -6.539 0.6000000238
154968  31.559  -32.720  -15.464 0.4000000060
155157  32.923  -71.925  -6.617 0.5000000000
