#!ascii label  , from subject sub-v1s17x0051141_ses-1 vox2ras=TkReg
1899
136063  14.756  -91.646  -14.711 0.6999999881
5677  13.773  -92.288  -15.330 0.8000000119
5679  12.553  -92.296  -15.241 0.8000000119
5680  12.002  -92.202  -15.929 0.6999999881
6398  15.419  -91.661  -16.200 0.6000000238
6387  14.576  -91.981  -15.510 0.6000000238
5696  13.007  -92.750  -16.337 0.6000000238
6397  16.288  -91.319  -16.390 0.6000000238
6374  12.564  -91.771  -14.371 0.8000000119
6388  12.074  -91.844  -15.145 0.6999999881
7133  11.371  -90.519  -15.492 0.6999999881
7134  10.907  -89.640  -16.200 0.6999999881
6386  15.424  -91.528  -15.207 0.6000000238
6373  13.503  -91.741  -14.081 0.6999999881
6389  11.643  -91.408  -15.656 0.6999999881
7161  17.339  -90.768  -17.166 0.6000000238
150928  17.910  -90.328  -17.547 0.6000000238
143737  17.476  -90.647  -18.049 0.6000000238
145110  19.120  -89.568  -19.003 0.6000000238
135462  18.212  -90.176  -19.519 0.6000000238
7825  12.087  -89.792  -13.730 0.8000000119
8549  11.886  -89.121  -14.150 0.8000000119
7832  11.135  -88.815  -14.918 0.6999999881
9304  10.393  -87.022  -14.738 0.6999999881
9315  8.875  -87.540  -14.902 0.6999999881
7112  12.773  -90.565  -13.156 0.8000000119
7831  11.605  -89.717  -14.470 0.6999999881
8560  10.290  -88.195  -15.438 0.6999999881
6353  13.863  -91.211  -13.453 0.6999999881
7113  11.900  -90.464  -14.113 0.8000000119
7841  11.189  -89.662  -15.281 0.6999999881
6352  14.596  -91.046  -13.591 0.6999999881
6385  16.041  -91.345  -15.704 0.6999999881
7147  17.519  -90.646  -16.281 0.6000000238
139482  16.802  -90.991  -15.729 0.6000000238
7879  18.894  -89.669  -18.266 0.6000000238
131651  18.156  -90.151  -18.193 0.6000000238
7888  19.852  -89.313  -19.758 0.6000000238
130066  21.761  -89.564  -20.976 0.6999999881
7902  20.649  -89.728  -21.962 0.6000000238
131815  22.049  -91.033  -21.199 0.5000000000
6473  21.418  -90.752  -22.176 0.6000000238
5741  21.693  -91.779  -20.759 0.5000000000
132878  12.006  -88.036  -14.477 0.8999999762
9303  11.304  -87.545  -14.707 0.8000000119
10104  10.516  -86.230  -14.648 0.6999999881
7092  12.572  -89.814  -13.081 0.6999999881
8548  12.410  -89.178  -13.380 0.8999999762
10105  9.627  -86.441  -14.668 0.6999999881
7110  14.267  -90.590  -13.064 0.8000000119
7091  13.150  -89.879  -12.721 0.8000000119
7109  15.085  -90.537  -13.388 0.8000000119
7107  16.926  -90.370  -13.946 0.6999999881
6371  15.362  -91.146  -14.203 0.6999999881
7123  16.928  -90.726  -14.807 0.8000000119
7132  17.621  -90.525  -15.408 0.8000000119
7856  18.922  -89.802  -16.668 0.6999999881
7160  18.562  -89.906  -17.499 0.6999999881
7878  19.765  -89.282  -18.596 0.6000000238
7887  21.148  -89.014  -20.379 0.6999999881
7186  22.409  -90.293  -20.587 0.6999999881
9288  12.804  -88.055  -13.487 0.8999999762
10103  11.360  -86.310  -14.823 0.8000000119
11039  9.628  -85.340  -15.265 0.6999999881
8543  13.672  -88.446  -12.438 0.8000000119
8547  13.197  -88.111  -12.777 0.8000000119
7816  14.382  -89.095  -12.438 0.6999999881
7814  16.794  -89.365  -12.784 0.6999999881
7815  15.973  -89.359  -12.822 0.6000000238
7108  15.955  -90.466  -13.709 0.8000000119
7106  17.733  -90.093  -13.838 0.8000000119
7131  18.430  -90.123  -15.085 0.8000000119
7855  19.833  -89.446  -16.514 0.6999999881
130551  21.162  -89.095  -17.253 0.8000000119
7868  19.545  -89.442  -17.512 0.6999999881
7866  21.639  -88.882  -17.954 0.8000000119
7173  23.504  -89.640  -19.295 0.6999999881
7876  22.467  -88.930  -19.430 0.6999999881
7867  20.671  -89.013  -18.029 0.6999999881
7185  22.989  -89.865  -19.880 0.6999999881
7198  22.373  -89.725  -20.465 0.6999999881
9420  5.288  -87.608  -28.032 0.6000000238
10275  6.325  -86.138  -27.876 0.6000000238
12096  4.700  -84.724  -26.554 0.6000000238
12944  5.004  -83.804  -25.825 0.6999999881
9302  12.564  -87.835  -14.277 0.8999999762
11023  10.899  -85.680  -14.944 0.6999999881
9273  15.477  -87.693  -12.344 0.6000000238
145706  16.325  -88.876  -12.549 0.6000000238
8541  16.292  -88.228  -12.350 0.6000000238
7822  17.309  -89.828  -13.289 0.6999999881
7820  19.183  -89.671  -13.089 0.6999999881
7821  18.277  -89.772  -13.293 0.6999999881
11110  11.288  -85.882  -20.173 0.6999999881
141991  10.361  -85.287  -19.921 0.6999999881
7830  19.179  -89.787  -14.714 0.8000000119
7121  18.427  -90.011  -14.206 0.8000000119
148145  10.708  -85.696  -20.682 0.6000000238
139916  9.922  -85.333  -20.767 0.6999999881
7840  19.258  -89.728  -15.668 0.6999999881
11126  9.529  -85.440  -21.547 0.5000000000
11127  8.527  -85.405  -21.709 0.6999999881
7853  21.498  -89.286  -16.736 0.8000000119
7854  20.736  -89.306  -16.502 0.8000000119
11125  10.482  -85.799  -21.403 0.5000000000
10227  10.500  -86.163  -22.898 0.5000000000
7875  23.137  -89.197  -19.192 0.6999999881
10242  10.725  -86.447  -23.688 0.5000000000
10241  11.509  -86.581  -23.980 0.6000000238
10256  10.129  -86.414  -24.317 0.5000000000
128710  9.235  -86.208  -24.131 0.6000000238
10258  7.778  -86.904  -24.927 0.6999999881
9411  6.022  -88.036  -25.960 0.6999999881
129197  10.384  -86.552  -25.322 0.5000000000
10266  8.423  -86.741  -25.880 0.6000000238
10267  7.712  -87.166  -26.405 0.6000000238
150696  6.205  -87.514  -28.200 0.6000000238
10254  11.279  -86.538  -25.030 0.6000000238
10273  8.554  -86.751  -27.164 0.6000000238
10274  7.620  -87.171  -27.814 0.6000000238
10264  10.233  -86.562  -26.429 0.5000000000
10272  9.610  -86.487  -27.171 0.5000000000
11200  7.185  -86.468  -28.325 0.6000000238
11185  5.470  -85.323  -26.599 0.6000000238
12095  5.552  -84.280  -25.490 0.6999999881
14815  5.524  -81.991  -25.495 0.6000000238
14814  6.173  -81.275  -26.540 0.6999999881
10281  8.881  -86.323  -27.777 0.6000000238
149815  8.668  -86.059  -28.051 0.6000000238
11184  6.699  -85.331  -26.634 0.6000000238
12094  6.303  -84.665  -25.476 0.6999999881
12912  5.886  -82.334  -23.897 0.5000000000
10115  12.224  -86.601  -15.221 0.8999999762
8542  14.513  -88.036  -12.309 0.6000000238
9275  13.861  -87.370  -12.519 0.6999999881
11051  11.624  -85.396  -16.366 0.8000000119
11941  9.107  -85.040  -15.755 0.6999999881
11052  10.852  -85.064  -16.695 0.6999999881
11068  12.261  -85.760  -16.965 0.8000000119
8540  17.086  -88.708  -12.300 0.6999999881
133849  11.210  -85.549  -19.154 0.8000000119
11098  10.260  -84.975  -18.930 0.6000000238
10166  12.005  -86.231  -19.647 0.6999999881
138215  12.316  -86.775  -21.039 0.6000000238
7837  21.238  -89.563  -15.903 0.8000000119
7120  20.933  -90.063  -14.338 0.8000000119
7129  22.110  -89.986  -15.849 0.8000000119
150483  11.907  -86.637  -21.717 0.5000000000
7145  22.204  -89.443  -16.745 0.8000000119
10206  11.106  -86.312  -22.112 0.5000000000
10225  12.716  -86.687  -22.889 0.5000000000
10240  12.328  -86.463  -23.833 0.6000000238
147740  11.986  -86.619  -23.232 0.6000000238
129249  11.786  -86.388  -25.624 0.6000000238
10262  12.005  -86.260  -26.538 0.6000000238
143151  6.975  -80.446  -24.151 0.5000000000
10280  9.874  -86.128  -27.674 0.5000000000
15757  6.542  -80.938  -23.594 0.5000000000
15768  6.516  -80.886  -24.670 0.6000000238
11199  9.361  -85.930  -27.953 0.6000000238
12107  7.861  -84.990  -27.073 0.6999999881
12093  7.242  -84.742  -25.680 0.6999999881
12081  6.098  -84.052  -24.764 0.6999999881
134305  10.867  -85.635  -27.632 0.6000000238
12080  6.966  -84.252  -24.727 0.6000000238
133584  10.151  -84.562  -27.361 0.6999999881
12092  8.733  -84.425  -26.473 0.6000000238
12079  7.887  -84.169  -24.745 0.5000000000
9287  13.341  -87.334  -13.088 0.6999999881
9313  13.181  -87.328  -15.043 0.6999999881
9314  12.860  -87.385  -15.058 0.6999999881
11036  12.373  -86.022  -16.036 0.8000000119
10140  12.947  -86.561  -16.773 0.6999999881
10165  12.744  -86.677  -19.120 0.6999999881
11079  12.166  -85.774  -17.856 0.6999999881
16674  9.321  -79.175  -22.629 0.5000000000
146662  13.821  -85.498  -25.302 0.5000000000
11176  13.181  -85.845  -24.910 0.6000000238
16682  8.588  -79.601  -24.026 0.5000000000
11182  13.365  -85.747  -26.010 0.5000000000
11181  14.245  -85.385  -26.214 0.5000000000
11190  12.838  -85.984  -26.746 0.6000000238
10270  11.388  -86.212  -27.191 0.6000000238
138325  6.592  -83.171  -23.643 0.5000000000
11188  14.713  -85.296  -26.994 0.5000000000
11196  13.052  -85.663  -27.248 0.6000000238
138445  11.514  -85.156  -27.676 0.6000000238
12961  12.459  -84.789  -27.603 0.6000000238
9300  13.615  -86.814  -13.772 0.6999999881
9323  13.839  -87.221  -15.976 0.6999999881
9324  13.675  -87.179  -16.594 0.6999999881
12941  10.887  -83.582  -25.591 0.5000000000
12103  15.230  -85.017  -27.141 0.5000000000
12924  9.505  -83.647  -24.711 0.5000000000
12114  13.882  -84.936  -27.552 0.5000000000
132317  12.119  -83.685  -26.578 0.5000000000
12104  10.919  -84.420  -27.251 0.5000000000
12942  9.472  -83.951  -25.909 0.5000000000
12922  11.404  -83.340  -24.803 0.5000000000
12907  11.021  -83.204  -23.795 0.5000000000
13881  14.026  -82.806  -25.316 0.5000000000
12921  12.279  -83.232  -25.015 0.5000000000
12923  10.497  -83.451  -24.690 0.5000000000
12952  14.081  -83.253  -27.028 0.5000000000
12939  12.598  -83.306  -25.926 0.5000000000
12940  11.751  -83.461  -25.721 0.5000000000
12951  14.790  -83.322  -27.256 0.5000000000
12953  12.897  -83.558  -26.809 0.5000000000
145759  13.453  -82.929  -24.630 0.5000000000
17628  12.192  -77.903  -24.429 0.6000000238
137361  11.247  -77.997  -25.195 0.6000000238
18657  12.261  -78.135  -22.782 0.5000000000
19663  13.563  -76.662  -23.601 0.6999999881
18672  12.320  -77.417  -24.444 0.6000000238
18674  10.481  -77.767  -25.298 0.6000000238
19666  10.184  -76.297  -23.880 0.6999999881
20638  13.928  -75.981  -23.503 0.6000000238
20640  12.156  -76.158  -23.780 0.6999999881
145390  10.880  -76.708  -24.411 0.6999999881
155187  9.364  -76.809  -24.547 0.6999999881
20641  10.329  -75.748  -23.138 0.8000000119
20630  15.540  -75.381  -22.892 0.5000000000
19649  14.293  -76.636  -23.208 0.5000000000
144851  11.109  -76.182  -23.808 0.8000000119
20633  12.509  -75.407  -23.025 0.6000000238
20625  9.661  -75.275  -21.057 0.6999999881
20628  17.151  -75.315  -22.541 0.5000000000
19637  15.851  -76.388  -22.590 0.5000000000
131939  10.433  -75.305  -22.359 0.6999999881
20636  8.889  -75.762  -22.589 0.6999999881
21604  11.980  -74.756  -22.208 0.6999999881
20631  14.471  -75.376  -22.994 0.6999999881
19639  8.514  -76.433  -20.529 0.6999999881
21598  10.834  -74.395  -21.266 0.6999999881
21600  16.148  -74.738  -22.424 0.6000000238
21603  12.979  -74.644  -22.325 0.8000000119
22465  5.655  -72.680  -17.008 0.6999999881
22479  6.269  -72.771  -18.097 0.8000000119
20598  19.219  -75.837  -19.897 0.4000000060
20617  8.911  -75.755  -20.023 0.6999999881
20614  18.111  -75.301  -21.588 0.5000000000
148859  9.380  -75.299  -20.360 0.6999999881
21582  17.320  -74.759  -22.023 0.6000000238
21594  15.373  -74.371  -21.870 0.6000000238
21597  11.614  -74.207  -21.397 0.6999999881
137726  14.309  -74.132  -21.770 0.8000000119
22518  12.878  -73.527  -20.962 0.8000000119
19433  5.405  -76.557  -6.985 0.5000000000
20423  4.665  -75.855  -8.008 0.5000000000
20425  3.695  -75.965  -8.507 0.5000000000
149407  3.443  -71.941  -14.470 0.5000000000
22436  5.983  -73.176  -14.668 0.6000000238
23366  6.008  -72.761  -14.028 0.6000000238
23369  2.732  -72.056  -14.345 0.6000000238
20468  2.433  -75.585  -11.488 0.6000000238
23378  4.892  -72.637  -15.420 0.6999999881
23368  4.140  -72.308  -14.909 0.6999999881
23389  4.751  -72.555  -16.868 0.6999999881
21531  3.534  -73.344  -16.866 0.6999999881
21575  8.554  -73.711  -19.511 0.6999999881
147942  8.218  -73.003  -19.092 0.6999999881
23396  7.536  -72.915  -18.339 0.8000000119
20599  17.911  -75.502  -20.402 0.5000000000
20602  9.133  -74.744  -19.828 0.6999999881
20615  17.057  -75.004  -21.063 0.6000000238
21586  10.492  -74.005  -20.576 0.8000000119
22507  14.283  -74.069  -21.307 0.6999999881
22496  11.835  -73.068  -19.732 0.8000000119
22519  12.078  -73.503  -20.813 0.8000000119
19415  6.345  -76.529  -6.296 0.5000000000
20403  5.462  -76.142  -7.586 0.6000000238
131067  7.042  -75.903  -8.643 0.5000000000
20458  5.632  -75.057  -9.838 0.6000000238
21402  4.340  -75.035  -9.592 0.6000000238
21403  3.352  -75.285  -9.616 0.6000000238
21417  3.721  -74.666  -10.257 0.6000000238
21435  3.026  -74.236  -10.888 0.5000000000
23357  5.513  -71.964  -13.863 0.5000000000
24387  3.308  -71.348  -13.714 0.5000000000
22420  6.720  -73.186  -13.955 0.6000000238
155196  2.711  -71.460  -13.485 0.6000000238
22421  1.820  -72.763  -13.226 0.6999999881
21419  2.273  -74.596  -11.134 0.6000000238
21467  8.221  -73.988  -13.900 0.6000000238
22448  6.481  -73.553  -15.323 0.6999999881
21512  3.164  -73.342  -16.107 0.6999999881
22437  2.925  -72.712  -15.464 0.6999999881
21494  2.164  -73.095  -13.984 0.8000000119
21445  1.907  -74.127  -12.304 0.6999999881
21490  8.579  -74.411  -14.343 0.6999999881
21510  7.346  -74.020  -15.506 0.6999999881
21529  8.277  -74.234  -15.980 0.6999999881
22463  7.607  -73.560  -16.747 0.8000000119
22461  9.251  -73.850  -17.141 0.8000000119
22477  8.001  -73.085  -17.803 0.8000000119
20600  16.294  -75.462  -19.711 0.5000000000
20586  13.885  -75.343  -18.227 0.6000000238
129346  9.990  -72.689  -19.196 0.8000000119
22476  9.819  -73.549  -17.662 0.8000000119
21584  14.886  -74.462  -20.875 0.6000000238
20585  14.471  -75.274  -19.008 0.6999999881
149709  11.358  -73.025  -19.254 0.8000000119
21572  13.296  -74.188  -19.526 0.6999999881
21573  12.582  -73.991  -19.070 0.6999999881
141043  12.991  -73.508  -20.563 0.8000000119
19403  6.929  -76.273  -5.450 0.4000000060
19451  6.752  -76.192  -7.735 0.5000000000
20457  6.849  -75.224  -10.066 0.4000000060
21416  5.040  -74.566  -10.439 0.5000000000
22396  3.649  -73.371  -11.410 0.5000000000
23355  7.523  -72.685  -13.667 0.5000000000
136919  4.041  -70.534  -13.194 0.6000000238
24353  2.976  -71.016  -12.729 0.6000000238
22397  2.457  -73.555  -11.552 0.6000000238
22418  9.019  -73.313  -13.574 0.6000000238
22422  1.868  -72.603  -12.746 0.6999999881
22398  1.964  -73.671  -11.926 0.6999999881
21465  9.959  -74.205  -13.739 0.6000000238
21528  9.123  -74.325  -16.338 0.8000000119
21545  13.013  -75.079  -17.946 0.6999999881
21563  12.023  -73.972  -18.515 0.6999999881
22475  10.589  -73.349  -18.188 0.8000000119
21548  10.579  -74.168  -17.273 0.8000000119
21562  13.152  -74.692  -18.723 0.6999999881
19450  7.733  -76.236  -7.383 0.4000000060
20385  7.143  -75.745  -4.875 0.4000000060
20374  6.184  -74.908  -3.578 0.4000000060
20456  7.958  -75.350  -10.147 0.5000000000
138753  7.975  -75.938  -8.826 0.4000000060
134326  5.467  -74.745  -3.119 0.5000000000
21433  5.650  -74.096  -11.095 0.5000000000
134002  4.530  -71.480  -11.838 0.5000000000
23329  4.188  -72.416  -11.715 0.5000000000
25424  5.758  -69.848  -12.226 0.5000000000
23331  2.113  -72.752  -12.066 0.6999999881
21489  9.472  -74.603  -14.237 0.6000000238
21527  10.560  -74.725  -16.332 0.8000000119
20564  13.621  -75.446  -17.208 0.6000000238
145320  12.553  -75.321  -16.512 0.6000000238
143225  12.773  -75.401  -15.754 0.6999999881
20531  11.531  -75.208  -15.308 0.6999999881
21525  12.005  -74.990  -17.084 0.6999999881
22308  3.655  -73.304  -4.165 0.3000000119
20440  8.562  -75.715  -9.352 0.4000000060
20420  8.745  -75.882  -8.405 0.3000000119
20391  8.017  -75.674  -6.036 0.4000000060
151414  7.567  -75.242  -5.125 0.4000000060
21351  6.642  -74.523  -4.047 0.4000000060
22296  5.115  -73.808  -3.398 0.5000000000
21431  7.674  -74.233  -11.167 0.4000000060
22306  5.494  -73.376  -4.110 0.3000000119
21432  6.729  -74.182  -11.146 0.4000000060
25432  4.973  -69.936  -12.536 0.5000000000
22394  6.158  -73.418  -11.451 0.4000000060
26522  5.331  -69.689  -12.852 0.6000000238
22393  7.190  -73.528  -11.439 0.4000000060
25431  5.651  -69.582  -12.630 0.4000000060
134172  6.163  -71.821  -11.716 0.5000000000
131577  9.843  -74.725  -15.821 0.6999999881
21526  11.264  -74.773  -16.795 0.6999999881
22297  4.215  -73.639  -3.347 0.4000000060
22305  6.341  -73.637  -4.300 0.4000000060
22320  4.915  -72.911  -4.836 0.3000000119
21413  8.464  -74.712  -10.751 0.3000000119
133690  7.023  -71.867  -11.696 0.4000000060
25423  7.042  -69.610  -12.157 0.4000000060
24342  7.317  -71.038  -11.769 0.4000000060
20400  9.451  -75.407  -7.975 0.3000000119
20384  8.126  -75.090  -5.652 0.3000000119
21361  7.632  -74.588  -5.114 0.4000000060
22317  7.509  -73.709  -5.321 0.3000000119
22319  5.831  -72.984  -4.868 0.3000000119
20419  9.410  -75.598  -8.872 0.3000000119
22392  8.040  -73.706  -11.392 0.3000000119
24341  8.397  -71.214  -11.733 0.3000000119
23325  8.756  -72.300  -11.615 0.3000000119
130180  7.609  -70.245  -11.868 0.3000000119
21371  8.678  -74.510  -6.271 0.3000000119
22336  7.088  -72.886  -5.856 0.3000000119
21383  9.260  -74.947  -7.051 0.3000000119
22348  8.798  -73.633  -6.803 0.3000000119
22391  9.552  -73.070  -11.424 0.3000000119
152475  9.115  -71.682  -11.657 0.3000000119
25421  9.321  -69.871  -11.607 0.3000000119
22321  4.014  -73.008  -4.912 0.3000000119
21393  10.031  -75.126  -8.645 0.3000000119
22360  10.495  -74.383  -8.551 0.3000000119
24339  10.363  -71.452  -11.475 0.3000000119
11146  9.179  -85.590  -22.351 0.6000000238
10244  8.286  -86.298  -24.009 0.6999999881
10245  7.349  -86.787  -23.799 0.6999999881
10259  6.915  -87.430  -24.429 0.6999999881
23328  5.471  -72.386  -11.673 0.4000000060
24345  3.492  -71.284  -12.144 0.6000000238
23232  6.132  -72.661  -5.706 0.3000000119
5695  13.851  -92.468  -16.161 0.6999999881
7843  9.834  -88.412  -16.160 0.6999999881
155309  16.271  -90.778  -14.325 0.8000000119
7893  20.302  -89.366  -21.001 0.6000000238
7877  20.768  -88.907  -19.190 0.6999999881
145297  15.227  -89.407  -12.684 0.6000000238
11960  10.289  -84.933  -16.165 0.6999999881
7839  20.258  -89.483  -15.719 0.8000000119
8582  21.659  -88.766  -18.797 0.6999999881
7852  23.002  -89.244  -17.661 0.8000000119
145619  5.660  -83.300  -24.689 0.6999999881
10243  9.886  -86.123  -23.511 0.5000000000
9415  6.844  -87.691  -26.916 0.6000000238
15779  6.928  -80.717  -26.131 0.6000000238
12106  8.773  -84.988  -27.601 0.6999999881
11081  10.837  -85.183  -18.220 0.8000000119
154847  12.710  -86.879  -21.838 0.5000000000
10205  11.972  -86.685  -22.475 0.6000000238
146216  12.227  -85.965  -27.225 0.6000000238
22497  10.456  -72.832  -19.420 0.8000000119
4310  17.244  -94.648  -13.716 0.4000000060
3685  17.904  -95.017  -12.271 0.4000000060
4986  18.829  -94.082  -15.568 0.3000000119
4324  17.357  -94.498  -14.433 0.4000000060
4311  16.474  -94.929  -13.472 0.4000000060
4295  16.486  -95.269  -12.777 0.4000000060
4335  21.592  -95.443  -15.988 0.4000000060
3732  21.056  -95.878  -15.463 0.5000000000
3720  19.935  -95.795  -14.535 0.5000000000
4336  20.648  -94.863  -15.748 0.3000000119
3733  20.228  -95.531  -15.176 0.4000000060
3721  19.165  -95.227  -14.244 0.4000000060
4985  19.815  -93.935  -15.869 0.3000000119
154610  18.730  -94.792  -14.521 0.3000000119
4323  18.218  -94.748  -14.091 0.3000000119
145151  19.084  -93.513  -16.364 0.3000000119
4355  21.458  -94.430  -16.231 0.4000000060
4334  22.399  -95.586  -16.125 0.4000000060
3731  21.848  -96.018  -15.616 0.5000000000
5004  22.291  -93.946  -16.628 0.3000000119
5005  20.658  -93.687  -16.196 0.3000000119
5711  20.545  -92.505  -17.769 0.4000000060
5693  20.725  -92.791  -16.878 0.3000000119
5729  21.730  -91.714  -19.632 0.4000000060
5730  20.715  -92.442  -18.967 0.4000000060
5742  21.035  -92.507  -20.210 0.4000000060
141987  22.929  -94.879  -16.632 0.4000000060
4353  23.877  -94.645  -16.951 0.4000000060
5003  23.441  -93.878  -17.246 0.4000000060
5021  24.465  -93.231  -17.894 0.4000000060
5002  25.910  -93.379  -17.554 0.5000000000
5691  22.538  -92.960  -17.209 0.4000000060
5708  24.394  -92.360  -18.361 0.4000000060
5710  21.671  -91.968  -18.452 0.5000000000
5728  22.907  -91.584  -18.612 0.4000000060
7212  20.859  -90.418  -22.534 0.6000000238
6458  21.354  -91.545  -22.273 0.4000000060
142093  26.654  -92.883  -17.165 0.6000000238
6394  25.827  -91.627  -17.975 0.6000000238
5726  25.097  -91.524  -18.509 0.6000000238
6410  25.310  -91.085  -18.223 0.6000000238
6423  24.542  -90.683  -18.747 0.6000000238
7142  24.860  -90.460  -18.044 0.6999999881
6424  23.776  -90.852  -19.116 0.5000000000
6436  23.648  -90.185  -19.377 0.6000000238
7851  23.790  -89.547  -17.882 0.6999999881
5675  24.949  -92.033  -15.899 0.6999999881
5676  23.923  -91.665  -15.541 0.6999999881
5690  25.901  -91.805  -17.232 0.6000000238
6382  24.810  -91.306  -16.650 0.6999999881
7119  22.401  -90.588  -15.333 0.6999999881
141334  21.693  -90.443  -14.741 0.6999999881
7829  19.788  -89.695  -14.373 0.6999999881
6396  24.524  -90.576  -17.251 0.6999999881
7128  23.016  -90.377  -16.080 0.6999999881
7144  23.172  -89.755  -16.963 0.6999999881
5638  22.658  -92.403  -13.478 0.5000000000
5639  21.905  -92.086  -12.979 0.6000000238
6384  23.041  -91.126  -15.389 0.6999999881
6369  21.788  -91.042  -14.073 0.6000000238
7104  21.234  -90.631  -13.840 0.6999999881
7087  20.964  -90.775  -12.991 0.6999999881
6383  23.807  -90.880  -16.271 0.6999999881
7105  20.630  -90.203  -13.513 0.6999999881
7819  20.007  -89.790  -13.058 0.6000000238
6351  21.536  -91.320  -13.351 0.6000000238
6333  21.002  -91.268  -11.422 0.6000000238
144527  20.443  -90.261  -12.766 0.6000000238
7073  20.538  -90.484  -11.317 0.6000000238
8535  16.957  -88.016  -12.104 0.5000000000
7857  10.178  -88.873  -16.841 0.6000000238
7150  10.722  -89.623  -17.114 0.6000000238
7811  19.376  -89.567  -12.305 0.6000000238
7807  18.816  -89.129  -11.716 0.6000000238
8533  18.432  -88.347  -11.269 0.5000000000
8534  17.609  -88.217  -11.734 0.5000000000
7844  8.036  -88.824  -15.334 0.6000000238
8561  9.442  -88.021  -15.512 0.6000000238
8568  9.019  -88.444  -16.006 0.6000000238
7805  20.089  -89.757  -11.142 0.6000000238
8539  17.981  -88.894  -11.938 0.5000000000
10118  6.734  -86.495  -15.807 0.6000000238
10117  7.575  -86.092  -15.327 0.6000000238
9316  7.124  -86.800  -14.953 0.6000000238
8563  6.987  -88.472  -14.831 0.6000000238
8556  7.847  -87.874  -14.777 0.6000000238
11026  8.881  -85.536  -15.148 0.6000000238
139622  7.985  -86.569  -14.760 0.6000000238
10083  13.889  -86.556  -12.962 0.6000000238
8532  19.182  -88.817  -11.125 0.6000000238
10125  6.808  -86.185  -16.846 0.6000000238
11991  8.182  -84.941  -18.359 0.6000000238
150873  8.228  -85.387  -15.764 0.6000000238
11990  9.025  -84.610  -18.128 0.6000000238
11978  8.500  -84.850  -17.431 0.6000000238
12005  9.524  -84.715  -18.709 0.5000000000
11977  9.288  -84.670  -17.227 0.6000000238
11989  9.961  -84.754  -17.968 0.5000000000
9326  5.890  -87.124  -16.069 0.6999999881
10126  6.262  -86.728  -16.645 0.6000000238
11072  7.408  -85.618  -17.214 0.6000000238
11992  8.189  -84.996  -19.329 0.6000000238
12019  8.805  -84.810  -19.832 0.6000000238
9385  4.956  -87.394  -20.930 0.6000000238
10141  6.954  -86.210  -17.804 0.6000000238
10153  7.094  -86.188  -18.682 0.6000000238
11100  8.060  -85.101  -20.164 0.5000000000
10168  6.682  -86.979  -19.346 0.6000000238
138300  6.600  -87.203  -21.027 0.6000000238
9384  5.547  -87.664  -21.292 0.6000000238
136141  5.205  -87.280  -21.950 0.6000000238
10154  6.485  -86.955  -18.481 0.6000000238
144764  7.742  -85.486  -21.049 0.6000000238
10187  7.424  -85.779  -20.238 0.6000000238
10207  7.174  -86.354  -21.485 0.5000000000
10208  6.651  -87.158  -21.887 0.6000000238
9393  5.773  -87.637  -22.226 0.5000000000
9402  5.424  -87.563  -23.179 0.5000000000
11147  8.269  -85.709  -22.495 0.6000000238
10228  6.988  -86.909  -22.786 0.6000000238
9392  6.194  -87.590  -22.468 0.6000000238
134366  5.725  -87.862  -23.903 0.6000000238
9403  5.080  -87.697  -24.475 0.6999999881
11177  3.997  -86.548  -24.773 0.6999999881
11178  3.071  -86.130  -25.928 0.6999999881
12097  2.381  -85.278  -26.565 0.6999999881
10246  6.362  -87.626  -23.523 0.6000000238
9408  6.193  -87.885  -24.642 0.6999999881
9413  4.165  -87.848  -26.896 0.6999999881
10268  3.753  -87.458  -26.370 0.6999999881
10269  3.010  -86.874  -26.833 0.6999999881
150579  2.467  -85.430  -27.267 0.6000000238
9416  5.832  -87.959  -27.424 0.6000000238
10065  17.093  -86.926  -12.142 0.5000000000
9265  16.457  -87.375  -12.269 0.5000000000
143879  17.162  -85.356  -13.430 0.5000000000
10080  16.532  -86.545  -12.501 0.5000000000
10992  15.928  -85.940  -12.806 0.6000000238
11922  17.935  -84.730  -14.780 0.6000000238
11019  17.550  -84.968  -14.067 0.6000000238
11913  15.819  -84.781  -13.946 0.6000000238
153916  14.670  -85.503  -13.651 0.6000000238
11022  14.533  -85.608  -14.330 0.6000000238
11937  17.435  -84.257  -15.499 0.5000000000
11939  15.705  -84.525  -15.312 0.6000000238
10114  14.167  -86.912  -15.597 0.6000000238
11975  15.993  -84.789  -17.270 0.6000000238
10123  15.004  -86.531  -16.975 0.5000000000
11035  14.800  -86.059  -15.994 0.6000000238
10124  14.380  -87.039  -16.520 0.6000000238
11067  15.592  -85.833  -17.546 0.5000000000
10138  14.531  -87.119  -17.318 0.6000000238
9361  12.729  -86.932  -20.121 0.5000000000
154356  13.847  -87.413  -19.575 0.5000000000
10139  13.335  -86.857  -17.523 0.6000000238
131217  14.066  -87.383  -18.117 0.6000000238
6437  22.344  -90.985  -20.374 0.6000000238
7172  24.218  -89.989  -18.899 0.6999999881
10081  15.508  -86.733  -12.456 0.5000000000
11128  7.710  -85.790  -21.913 0.6000000238
9412  5.045  -88.091  -26.446 0.6999999881
10082  14.519  -86.566  -12.623 0.6000000238
9337  13.925  -87.311  -17.522 0.6000000238
9348  13.523  -87.106  -18.428 0.6000000238
4337  18.141  -94.410  -14.895 0.3000000119
139859  19.758  -94.685  -15.402 0.3000000119
4322  19.304  -94.934  -14.869 0.4000000060
5006  19.901  -93.195  -16.540 0.3000000119
144998  21.440  -93.384  -16.540 0.4000000060
138406  21.256  -92.456  -17.496 0.4000000060
4352  25.006  -94.247  -17.259 0.4000000060
5709  23.198  -92.250  -18.061 0.3000000119
5706  25.991  -92.001  -18.084 0.6000000238
136761  22.080  -92.267  -17.740 0.5000000000
5727  24.116  -91.509  -18.741 0.5000000000
6425  22.797  -91.007  -19.442 0.5000000000
6395  25.322  -91.092  -17.724 0.6000000238
5655  23.058  -91.951  -14.517 0.6999999881
11082  7.616  -85.440  -18.932 0.6000000238
12098  1.975  -84.712  -27.024 0.6000000238
11924  16.197  -84.450  -14.616 0.6000000238
136719  16.534  -84.241  -16.969 0.5000000000
11925  15.542  -84.669  -14.576 0.6000000238
11034  14.982  -85.137  -15.049 0.6000000238
11959  15.968  -84.434  -16.287 0.5000000000
135551  15.347  -85.007  -15.867 0.6000000238
130382  16.754  -84.401  -17.864 0.5000000000
10137  15.162  -86.757  -17.804 0.5000000000
137970  14.813  -87.159  -19.041 0.5000000000
283  6.444  -104.576  -2.225 0.4000000060
282  7.674  -104.553  -2.089 0.4000000060
154754  6.431  -103.877  -2.862 0.5000000000
111  3.524  -105.810  -1.169 0.5000000000
272  2.738  -105.578  -1.524 0.5000000000
289  1.928  -105.026  -3.113 0.5000000000
26  3.755  -106.103  -1.753 0.5000000000
132566  4.316  -105.697  -1.031 0.5000000000
479  8.133  -103.715  -2.441 0.4000000060
723  9.569  -102.934  -2.539 0.4000000060
724  8.626  -102.885  -2.687 0.5000000000
133126  16.999  -98.580  -11.142 0.3000000119
1747  17.483  -99.526  -10.581 0.3000000119
130248  16.546  -98.066  -11.804 0.3000000119
132314  16.393  -97.093  -11.609 0.3000000119
99  4.118  -105.392  -0.576 0.4000000060
260  3.424  -105.191  -0.665 0.5000000000
466  2.669  -104.655  -1.666 0.5000000000
97  6.006  -105.546  -0.310 0.4000000060
109  6.323  -105.370  -1.224 0.4000000060
281  8.692  -104.629  -2.039 0.3000000119
269  8.341  -105.196  -1.563 0.3000000119
1004  8.792  -101.505  -3.833 0.4000000060
722  10.529  -102.988  -2.542 0.3000000119
734  9.978  -102.171  -2.904 0.4000000060
735  9.109  -102.156  -3.046 0.5000000000
733  10.873  -102.175  -2.993 0.3000000119
1736  17.770  -99.426  -9.484 0.3000000119
1364  18.027  -100.657  -9.896 0.3000000119
2661  16.746  -97.643  -11.077 0.3000000119
3133  16.668  -96.167  -11.481 0.3000000119
3148  16.180  -96.487  -12.232 0.3000000119
90  4.867  -105.097  0.157 0.3000000119
259  4.036  -105.047  -0.216 0.4000000060
134977  6.575  -105.549  0.318 0.3000000119
721  11.457  -103.009  -2.698 0.3000000119
1013  10.564  -100.882  -4.173 0.4000000060
1318  9.745  -100.492  -4.857 0.4000000060
1002  11.250  -101.525  -3.694 0.4000000060
132132  18.073  -99.426  -8.366 0.4000000060
140935  18.203  -100.474  -8.573 0.4000000060
141762  18.247  -101.242  -7.755 0.4000000060
1346  18.081  -101.870  -7.823 0.4000000060
1037  17.644  -101.836  -7.584 0.4000000060
1038  16.847  -101.811  -7.591 0.5000000000
2647  17.513  -97.481  -9.721 0.3000000119
2194  17.299  -98.388  -10.178 0.3000000119
2648  17.078  -97.458  -10.434 0.3000000119
3670  17.213  -95.461  -11.652 0.3000000119
4293  18.023  -94.859  -13.226 0.3000000119
89  6.303  -105.262  0.953 0.3000000119
1315  12.346  -100.370  -4.582 0.3000000119
1012  11.706  -100.868  -4.443 0.3000000119
1324  10.337  -99.850  -5.672 0.4000000060
1695  9.762  -99.818  -6.480 0.4000000060
730  13.340  -103.165  -3.143 0.3000000119
1001  12.330  -101.629  -3.907 0.3000000119
731  12.614  -102.421  -3.396 0.3000000119
732  11.812  -102.281  -3.282 0.3000000119
139970  13.225  -99.855  -9.479 0.5000000000
1358  11.945  -99.976  -9.475 0.5000000000
145382  18.576  -98.547  -6.204 0.3000000119
2160  18.137  -99.248  -6.406 0.3000000119
150610  18.842  -97.877  -7.608 0.3000000119
2161  18.256  -99.450  -7.268 0.3000000119
1724  18.181  -100.481  -7.411 0.4000000060
1725  15.365  -100.032  -7.783 0.5000000000
132881  14.765  -100.455  -8.639 0.5000000000
2173  18.204  -98.453  -8.232 0.3000000119
1337  17.909  -101.097  -7.164 0.4000000060
1338  17.354  -100.994  -7.001 0.4000000060
1339  16.414  -100.629  -7.158 0.5000000000
1347  15.700  -101.113  -8.031 0.5000000000
3116  17.446  -96.671  -10.200 0.3000000119
3132  17.420  -95.932  -10.804 0.3000000119
3669  18.111  -95.351  -11.348 0.3000000119
134343  18.902  -95.294  -12.931 0.4000000060
1684  12.227  -99.656  -4.822 0.3000000119
1693  11.076  -99.310  -5.872 0.4000000060
1000  13.067  -101.314  -4.011 0.3000000119
1308  12.941  -100.552  -4.156 0.3000000119
1694  10.426  -99.350  -6.417 0.4000000060
729  14.030  -102.592  -3.383 0.3000000119
1729  10.674  -99.462  -8.637 0.4000000060
1740  11.356  -99.290  -9.234 0.5000000000
2637  11.773  -97.629  -9.088 0.4000000060
2188  11.594  -98.430  -9.224 0.5000000000
2583  19.048  -97.555  -5.319 0.3000000119
1727  13.666  -99.133  -9.251 0.5000000000
1738  12.847  -99.010  -9.536 0.5000000000
2145  17.946  -98.840  -5.797 0.3000000119
2163  14.636  -98.450  -8.069 0.4000000060
2174  13.984  -98.383  -8.833 0.5000000000
2611  19.034  -98.023  -6.947 0.3000000119
1701  17.628  -99.512  -6.153 0.4000000060
1702  17.123  -99.531  -6.022 0.4000000060
1714  15.106  -99.162  -7.687 0.5000000000
1726  14.492  -99.360  -8.534 0.5000000000
2621  18.627  -97.639  -8.263 0.3000000119
1711  17.872  -100.121  -6.704 0.4000000060
1712  17.504  -100.221  -6.586 0.5000000000
3115  18.047  -96.066  -10.056 0.3000000119
3645  18.954  -95.751  -10.261 0.4000000060
3114  19.737  -95.877  -10.734 0.3000000119
3668  18.992  -95.511  -11.075 0.4000000060
3684  18.950  -95.371  -11.989 0.4000000060
6459  16.618  -90.836  -21.513 0.5000000000
3701  19.625  -95.866  -13.710 0.3000000119
718  15.130  -102.948  -3.222 0.3000000119
146992  14.278  -101.790  -3.289 0.3000000119
2149  11.478  -97.996  -6.091 0.3000000119
154433  11.206  -97.752  -6.765 0.3000000119
2175  11.343  -97.974  -8.827 0.5000000000
2636  12.320  -97.239  -9.151 0.4000000060
3104  11.896  -96.895  -8.847 0.3000000119
3043  19.456  -96.977  -5.090 0.3000000119
2624  13.523  -97.555  -9.008 0.5000000000
145269  18.422  -98.210  -5.506 0.3000000119
152789  14.807  -97.779  -7.672 0.4000000060
2623  14.247  -97.611  -8.404 0.4000000060
2146  17.336  -98.908  -5.639 0.4000000060
2147  16.561  -98.677  -5.750 0.4000000060
2148  15.835  -98.625  -6.391 0.4000000060
2162  15.216  -98.516  -7.220 0.4000000060
2620  19.147  -97.498  -7.817 0.3000000119
129438  19.643  -96.506  -8.964 0.3000000119
1703  16.473  -99.342  -6.181 0.4000000060
1713  15.867  -99.531  -6.859 0.5000000000
3099  19.692  -96.100  -9.840 0.3000000119
3130  20.353  -96.562  -11.381 0.4000000060
137566  20.246  -96.630  -12.198 0.4000000060
6447  16.425  -91.137  -20.227 0.5000000000
148420  19.779  -96.104  -12.730 0.4000000060
3147  20.537  -97.006  -12.886 0.5000000000
7216  17.459  -90.475  -21.539 0.5000000000
991  15.139  -101.710  -2.850 0.3000000119
148889  7.013  -89.421  -15.246 0.5000000000
2635  12.978  -96.790  -9.055 0.3000000119
3635  12.137  -96.123  -8.559 0.3000000119
7859  8.637  -89.046  -16.448 0.5000000000
145406  6.085  -89.810  -15.356 0.6000000238
3042  20.415  -96.806  -5.137 0.3000000119
3044  18.575  -97.090  -5.107 0.3000000119
137031  20.142  -97.234  -5.390 0.3000000119
2584  18.133  -97.671  -5.200 0.3000000119
3046  17.163  -97.133  -5.364 0.3000000119
3071  14.704  -96.891  -7.988 0.4000000060
149369  13.817  -96.782  -8.726 0.4000000060
6400  11.598  -91.624  -16.429 0.5000000000
8571  3.365  -88.941  -16.465 0.5000000000
2133  17.006  -98.192  -5.319 0.3000000119
2600  15.966  -97.964  -6.116 0.3000000119
2612  15.395  -97.627  -6.924 0.3000000119
3070  15.501  -96.633  -7.294 0.3000000119
5698  11.809  -92.209  -16.865 0.5000000000
3083  20.388  -96.920  -8.482 0.3000000119
3098  20.419  -96.586  -9.420 0.3000000119
5713  13.748  -92.705  -17.769 0.5000000000
3113  20.431  -96.492  -10.397 0.3000000119
6428  14.882  -92.021  -18.641 0.5000000000
2646  20.965  -97.465  -11.114 0.4000000060
6427  15.594  -91.609  -18.897 0.6000000238
2659  21.536  -97.906  -11.603 0.4000000060
2672  21.159  -97.420  -12.740 0.5000000000
7189  17.055  -90.893  -19.578 0.5000000000
3146  21.667  -97.255  -12.890 0.4000000060
3165  20.798  -96.971  -13.579 0.3000000119
148323  20.256  -96.578  -13.457 0.4000000060
7202  17.933  -90.337  -20.945 0.6000000238
3699  24.133  -95.490  -13.806 0.3000000119
3716  23.118  -96.000  -14.515 0.4000000060
3175  22.235  -96.409  -14.541 0.4000000060
3177  21.007  -96.725  -14.311 0.3000000119
7201  18.798  -89.962  -21.430 0.6000000238
7215  18.260  -90.128  -22.230 0.5000000000
3698  25.387  -95.267  -14.454 0.3000000119
3715  24.253  -95.633  -15.046 0.5000000000
139170  23.326  -95.831  -15.508 0.4000000060
3730  22.566  -95.939  -15.675 0.4000000060
7214  19.286  -90.061  -22.740 0.6000000238
133903  26.656  -94.914  -14.541 0.3000000119
3729  24.257  -95.432  -15.961 0.4000000060
3736  23.347  -95.439  -16.266 0.4000000060
4321  26.360  -94.879  -15.494 0.4000000060
3714  25.265  -95.225  -15.655 0.5000000000
4333  24.276  -94.959  -16.606 0.4000000060
4351  26.071  -93.927  -17.101 0.5000000000
7846  6.123  -88.931  -15.020 0.6000000238
7847  5.318  -89.303  -15.307 0.6000000238
3582  20.655  -96.051  -5.077 0.3000000119
3583  19.805  -96.215  -5.249 0.3000000119
3598  18.428  -95.625  -5.921 0.3000000119
3585  18.089  -96.412  -5.451 0.3000000119
8565  5.394  -88.466  -15.337 0.6000000238
8566  4.631  -88.864  -15.626 0.6000000238
2582  21.332  -97.278  -5.229 0.3000000119
3600  16.912  -96.052  -6.441 0.3000000119
8575  3.681  -88.400  -17.052 0.6000000238
2595  22.831  -98.456  -5.807 0.3000000119
3056  16.657  -96.916  -5.878 0.3000000119
3069  16.208  -96.343  -6.808 0.3000000119
9340  3.163  -88.033  -17.559 0.6000000238
3082  21.067  -97.208  -8.884 0.3000000119
10170  3.659  -86.305  -18.496 0.6000000238
9353  2.459  -87.173  -17.657 0.6000000238
11084  2.577  -85.501  -18.454 0.6000000238
11102  2.672  -84.974  -18.768 0.5000000000
2670  22.371  -97.471  -12.021 0.4000000060
3162  22.450  -96.397  -13.834 0.4000000060
4320  27.405  -94.424  -15.431 0.4000000060
4330  27.140  -94.093  -16.205 0.5000000000
3581  21.581  -95.902  -4.746 0.3000000119
142265  20.862  -95.227  -5.203 0.3000000119
4200  20.112  -95.259  -5.546 0.3000000119
3597  19.258  -95.434  -5.738 0.3000000119
3599  17.653  -95.816  -6.173 0.3000000119
3617  17.286  -95.315  -7.009 0.3000000119
4228  16.924  -94.769  -7.937 0.3000000119
9317  6.368  -87.258  -15.267 0.5000000000
3041  22.010  -96.889  -4.807 0.3000000119
2581  22.345  -97.752  -5.220 0.3000000119
10127  5.645  -87.280  -17.154 0.5000000000
8569  4.780  -88.208  -15.916 0.6000000238
3040  22.834  -97.051  -4.828 0.3000000119
3619  15.772  -95.749  -7.753 0.3000000119
9339  4.082  -88.109  -17.752 0.6000000238
2580  23.067  -97.778  -5.306 0.3000000119
9352  3.581  -87.415  -18.077 0.6000000238
2658  22.241  -98.167  -11.427 0.3000000119
144835  22.101  -98.507  -10.789 0.3000000119
11101  3.899  -85.440  -18.956 0.6000000238
12862  3.572  -83.414  -20.396 0.6000000238
9338  4.895  -87.840  -17.812 0.6000000238
9350  5.190  -87.860  -18.909 0.5000000000
9378  4.799  -87.489  -20.093 0.6000000238
10169  4.297  -86.673  -19.328 0.6000000238
11113  4.374  -85.196  -19.703 0.6000000238
12853  3.416  -83.911  -19.699 0.6000000238
12033  4.136  -83.675  -20.962 0.6000000238
12020  4.159  -84.141  -20.032 0.6000000238
141227  3.535  -82.725  -21.813 0.5000000000
10155  5.718  -87.508  -18.269 0.5000000000
9362  6.174  -87.625  -20.036 0.5000000000
10189  4.594  -86.542  -20.343 0.5000000000
132637  4.604  -85.399  -21.747 0.6000000238
13852  2.737  -81.691  -23.778 0.5000000000
12947  1.903  -83.789  -26.916 0.6000000238
12929  2.267  -83.224  -25.811 0.6000000238
14802  2.275  -81.127  -24.509 0.5000000000
128496  2.125  -81.482  -25.530 0.6000000238
15780  1.820  -80.568  -25.319 0.6000000238
9377  5.315  -87.811  -20.577 0.5000000000
12062  4.286  -85.043  -22.960 0.5000000000
12063  3.764  -84.467  -23.800 0.5000000000
129547  4.373  -84.242  -21.857 0.6000000238
11165  3.722  -85.446  -24.479 0.6000000238
13851  3.256  -82.436  -23.279 0.5000000000
12082  3.067  -84.571  -25.079 0.6000000238
10277  3.778  -87.279  -27.741 0.6000000238
12946  2.222  -84.281  -26.284 0.6000000238
148086  1.849  -81.282  -26.903 0.5000000000
15702  5.079  -80.286  -19.133 0.5000000000
154288  6.414  -87.435  -20.523 0.5000000000
140466  4.764  -86.501  -22.093 0.5000000000
11164  4.393  -86.190  -23.580 0.6000000238
133382  5.238  -80.497  -17.856 0.5000000000
130891  4.835  -80.544  -16.198 0.6000000238
15687  5.486  -80.173  -18.584 0.6000000238
17572  6.035  -79.082  -19.310 0.6000000238
15688  4.782  -80.558  -18.538 0.5000000000
16643  5.306  -79.542  -20.300 0.5000000000
16655  5.117  -79.393  -21.205 0.5000000000
16708  2.332  -79.281  -26.990 0.5000000000
16714  2.058  -79.955  -27.081 0.5000000000
131563  6.484  -73.084  -18.533 0.6000000238
21566  5.222  -74.108  -18.581 0.6999999881
20606  5.767  -74.846  -18.825 0.6000000238
20566  5.853  -75.735  -17.554 0.6999999881
17530  8.187  -78.225  -16.286 0.6000000238
139897  7.377  -79.523  -16.337 0.6000000238
19599  6.347  -76.315  -18.557 0.6000000238
18557  7.135  -77.444  -17.669 0.6000000238
22501  6.734  -73.589  -19.028 0.6000000238
20605  6.468  -75.681  -19.009 0.6000000238
17543  6.891  -78.218  -18.004 0.6000000238
16596  7.169  -78.900  -17.507 0.5000000000
15629  5.402  -80.471  -15.505 0.6000000238
21576  7.599  -74.301  -19.357 0.6000000238
16597  6.591  -79.526  -17.737 0.5000000000
15668  6.342  -80.065  -17.140 0.6000000238
19613  6.500  -76.486  -18.914 0.6000000238
17557  6.377  -78.431  -18.858 0.6000000238
18596  6.968  -77.441  -19.538 0.6000000238
18576  6.574  -77.532  -19.052 0.6000000238
18597  6.685  -78.199  -19.898 0.6000000238
131063  5.808  -79.079  -20.853 0.5000000000
133032  4.756  -78.940  -22.041 0.5000000000
17620  5.199  -78.062  -22.376 0.5000000000
18660  4.716  -77.020  -22.636 0.5000000000
19653  4.247  -76.116  -22.880 0.5000000000
19574  6.590  -76.136  -16.942 0.6000000238
136920  8.149  -77.472  -16.033 0.6999999881
20603  8.451  -75.196  -19.610 0.5000000000
19624  7.877  -77.171  -20.202 0.6000000238
18638  7.547  -77.591  -20.990 0.6000000238
17597  5.589  -78.750  -21.721 0.5000000000
19641  7.402  -76.911  -21.893 0.6000000238
137959  5.930  -76.267  -22.829 0.5000000000
19669  6.991  -76.148  -23.130 0.6000000238
19670  5.571  -75.954  -23.118 0.6000000238
21462  12.805  -74.146  -13.603 0.4000000060
130491  3.714  -74.129  -16.452 0.6999999881
137115  5.773  -76.268  -14.023 0.5000000000
147393  7.441  -77.029  -13.670 0.5000000000
20515  11.967  -75.134  -14.626 0.6000000238
20516  11.223  -75.046  -14.640 0.5000000000
19546  6.358  -76.344  -14.530 0.6000000238
18510  7.989  -77.423  -14.132 0.5000000000
20513  13.848  -75.070  -14.896 0.5000000000
22466  3.780  -73.009  -17.206 0.6000000238
144146  6.025  -76.005  -15.304 0.8000000119
21551  4.655  -73.688  -18.128 0.6999999881
19563  6.480  -76.033  -16.063 0.8000000119
17505  8.344  -78.083  -14.664 0.6999999881
20627  8.484  -76.150  -21.758 0.6000000238
19650  7.661  -76.273  -22.518 0.6000000238
19508  6.244  -76.758  -12.775 0.5000000000
21464  10.915  -74.259  -13.643 0.5000000000
21511  3.380  -74.202  -15.489 0.6999999881
130569  7.654  -77.643  -12.585 0.5000000000
21483  15.068  -74.153  -14.779 0.4000000060
21485  13.331  -74.661  -14.195 0.4000000060
21505  15.463  -74.552  -15.448 0.4000000060
20544  15.269  -75.393  -16.625 0.5000000000
20562  15.553  -75.490  -17.561 0.4000000060
20496  4.932  -76.040  -13.943 0.5000000000
18475  6.946  -77.224  -12.087 0.5000000000
22415  12.282  -73.512  -13.342 0.3000000119
22416  11.323  -73.555  -13.373 0.3000000119
20517  3.769  -74.970  -14.709 0.6000000238
21504  16.235  -74.129  -15.986 0.4000000060
20543  16.179  -75.232  -17.054 0.4000000060
20584  15.925  -75.571  -18.530 0.4000000060
20518  3.232  -74.889  -13.973 0.6000000238
132003  2.754  -73.413  -14.993 0.6000000238
20561  16.612  -75.420  -18.053 0.4000000060
153458  3.611  -75.776  -13.114 0.5000000000
19509  5.194  -76.568  -12.508 0.5000000000
24383  14.647  -70.891  -14.191 0.3000000119
23351  11.791  -72.555  -13.316 0.3000000119
23352  10.691  -72.660  -13.404 0.3000000119
23354  8.586  -72.600  -13.583 0.4000000060
20560  18.032  -75.189  -18.677 0.3000000119
20583  17.266  -75.544  -19.162 0.4000000060
20582  18.878  -75.444  -19.705 0.4000000060
24367  10.052  -71.714  -13.662 0.4000000060
147516  2.771  -74.752  -13.517 0.6000000238
144856  4.064  -76.427  -12.048 0.4000000060
24368  9.068  -71.702  -13.704 0.4000000060
136811  15.751  -70.054  -15.865 0.3000000119
25455  14.404  -70.101  -14.585 0.3000000119
20479  3.142  -75.875  -12.357 0.5000000000
24370  7.049  -71.550  -13.704 0.4000000060
24372  4.995  -70.763  -13.546 0.4000000060
25433  4.555  -70.103  -12.828 0.5000000000
25446  6.688  -70.391  -13.681 0.4000000060
25447  5.751  -70.030  -13.452 0.4000000060
27620  9.756  -68.179  -13.711 0.3000000119
28779  8.716  -68.166  -12.808 0.3000000119
27621  8.901  -68.309  -13.425 0.3000000119
27615  7.310  -68.887  -12.819 0.3000000119
27604  8.360  -68.618  -12.285 0.3000000119
20380  6.585  -75.590  -4.134 0.4000000060
29929  10.911  -66.944  -12.977 0.3000000119
3633  15.320  -95.148  -8.521 0.3000000119
2671  21.737  -97.751  -12.154 0.4000000060
25462  7.326  -69.791  -13.747 0.3000000119
20643  8.687  -76.091  -23.343 0.6000000238
20364  4.067  -74.731  -2.462 0.4000000060
20529  14.279  -75.246  -15.518 0.5000000000
26528  7.128  -69.179  -13.347 0.3000000119
3718  21.370  -96.357  -14.993 0.3000000119
3717  22.615  -96.145  -15.171 0.4000000060
129432  4.602  -85.380  -20.649 0.5000000000
270  7.343  -105.209  -1.433 0.4000000060
114  5.637  -105.201  -1.760 0.5000000000
285  2.308  -105.323  -2.270 0.5000000000
129284  6.979  -105.558  -0.573 0.4000000060
1003  10.286  -101.529  -3.465 0.4000000060
1319  8.841  -100.751  -5.217 0.4000000060
2185  17.745  -98.409  -9.178 0.4000000060
1355  18.313  -101.507  -8.687 0.4000000060
772  17.709  -102.497  -8.024 0.4000000060
457  4.315  -104.144  0.113 0.3000000119
136557  12.016  -103.711  -2.514 0.3000000119
1317  10.899  -100.308  -4.927 0.4000000060
3101  17.970  -96.781  -9.542 0.4000000060
1323  11.201  -99.821  -5.371 0.4000000060
1704  10.169  -99.388  -7.170 0.4000000060
6449  15.026  -91.777  -20.312 0.5000000000
148782  18.284  -95.644  -10.670 0.4000000060
992  13.647  -100.848  -3.630 0.3000000119
2136  10.852  -98.616  -6.695 0.4000000060
2164  10.513  -98.722  -7.910 0.4000000060
1728  10.992  -98.613  -8.762 0.5000000000
2186  13.234  -98.279  -9.325 0.5000000000
2132  17.690  -98.282  -5.372 0.3000000119
3084  19.684  -97.036  -8.110 0.3000000119
2634  18.455  -97.008  -9.013 0.3000000119
3100  18.762  -96.333  -9.416 0.3000000119
7203  17.170  -90.708  -20.574 0.6000000238
2613  11.229  -97.198  -7.937 0.3000000119
134559  10.969  -97.872  -7.472 0.4000000060
6412  14.599  -92.207  -17.838 0.5000000000
2660  20.799  -97.364  -12.091 0.4000000060
152752  12.528  -95.617  -8.530 0.3000000119
3086  14.971  -95.916  -8.261 0.3000000119
3700  23.087  -95.919  -13.084 0.4000000060
3163  21.812  -96.794  -13.761 0.4000000060
3164  21.282  -97.019  -13.653 0.4000000060
4309  26.059  -95.038  -13.480 0.3000000119
139794  18.788  -94.835  -6.463 0.3000000119
9365  4.136  -87.367  -18.771 0.6000000238
3145  22.291  -96.766  -12.978 0.3000000119
4215  18.389  -94.353  -7.195 0.3000000119
4227  17.693  -94.611  -7.519 0.3000000119
3054  23.348  -97.167  -5.915 0.3000000119
12896  3.679  -82.978  -22.643 0.5000000000
12928  2.755  -83.686  -25.116 0.6000000238
20567  5.017  -75.070  -17.757 0.6999999881
19562  6.973  -76.478  -15.247 0.6999999881
152874  4.747  -75.017  -16.548 0.6999999881
20534  5.118  -75.578  -15.457 0.6000000238
23349  13.368  -72.350  -13.335 0.3000000119
24363  13.917  -71.356  -13.619 0.3000000119
153568  16.204  -91.401  -17.650 0.5000000000
140917  15.848  -91.541  -17.061 0.5000000000
5654  24.105  -92.335  -14.799 0.6000000238
10229  4.833  -86.921  -22.878 0.4000000060
10247  4.703  -87.160  -23.968 0.5000000000
14820  1.868  -82.039  -26.976 0.5000000000
11194  2.987  -85.792  -27.658 0.5000000000
12110  2.674  -84.850  -27.503 0.5000000000
12958  2.167  -83.606  -27.225 0.5000000000
14825  2.065  -81.505  -27.217 0.5000000000
13894  2.977  -82.378  -27.574 0.5000000000
11193  4.991  -86.477  -27.794 0.5000000000
16713  2.850  -79.981  -27.349 0.4000000060
12956  3.523  -84.108  -27.280 0.5000000000
12962  3.679  -83.259  -27.348 0.5000000000
14823  3.925  -81.657  -27.609 0.5000000000
16707  3.268  -79.295  -27.142 0.5000000000
13883  4.465  -83.325  -26.640 0.6000000238
14819  4.604  -81.996  -27.411 0.5000000000
16711  4.896  -80.029  -27.446 0.5000000000
19683  5.353  -76.138  -23.823 0.5000000000
14818  5.209  -81.851  -27.190 0.6000000238
18694  4.651  -77.512  -25.370 0.5000000000
18679  5.055  -76.815  -24.687 0.5000000000
14822  5.061  -81.402  -27.448 0.6000000238
16705  5.301  -79.455  -27.143 0.6000000238
17644  4.038  -78.052  -26.007 0.5000000000
13882  5.192  -82.889  -25.508 0.6000000238
14817  5.911  -81.183  -27.224 0.6000000238
149079  5.712  -80.075  -27.396 0.6000000238
18693  5.619  -77.640  -25.441 0.6000000238
16704  6.994  -80.057  -27.060 0.6000000238
18678  6.025  -76.897  -24.712 0.5000000000
19682  6.358  -76.267  -23.691 0.5000000000
17651  5.792  -78.962  -26.745 0.6000000238
17643  5.162  -78.245  -26.064 0.6000000238
15628  6.348  -80.257  -15.582 0.5000000000
16552  7.642  -79.487  -14.322 0.5000000000
16567  7.925  -79.107  -15.808 0.5000000000
19680  8.594  -76.597  -24.211 0.6000000238
17649  7.928  -79.297  -26.562 0.6000000238
18676  8.225  -77.258  -25.012 0.6000000238
147528  6.864  -78.478  -26.317 0.6000000238
18691  7.846  -77.917  -25.786 0.6000000238
17640  8.421  -78.761  -26.278 0.6000000238
24385  8.599  -70.776  -13.962 0.3000000119
142711  5.724  -76.933  -4.771 0.3000000119
4350  26.900  -93.559  -16.735 0.4000000060
5674  26.685  -92.528  -16.889 0.5000000000
7213  20.127  -90.164  -22.724 0.5000000000
7903  19.784  -89.683  -21.832 0.5000000000
135633  25.895  -92.238  -16.242 0.4000000060
7894  19.296  -89.684  -20.630 0.4000000060
5637  23.493  -92.655  -13.867 0.4000000060
6411  15.481  -91.694  -17.930 0.4000000060
7175  17.705  -90.474  -18.960 0.4000000060
7176  16.957  -91.017  -18.659 0.4000000060
7188  17.719  -90.464  -19.942 0.4000000060
7187  18.432  -90.104  -20.304 0.4000000060
5613  22.645  -92.396  -10.481 0.4000000060
5623  22.159  -92.593  -11.632 0.4000000060
5630  21.804  -92.272  -12.218 0.4000000060
142553  15.039  -91.886  -17.084 0.4000000060
4942  22.742  -93.031  -11.747 0.4000000060
4957  22.464  -92.733  -12.507 0.4000000060
6328  20.959  -90.852  -10.709 0.4000000060
7059  20.614  -90.095  -10.615 0.5000000000
15777  8.062  -79.766  -26.380 0.5000000000
15767  7.386  -80.387  -25.301 0.5000000000
17639  9.258  -78.950  -26.075 0.5000000000
16687  8.823  -79.681  -25.309 0.5000000000
16681  9.568  -79.286  -23.968 0.5000000000
18689  9.888  -78.353  -25.667 0.5000000000
17630  11.148  -78.776  -23.939 0.5000000000
17492  8.115  -78.743  -13.967 0.4000000060
17475  8.003  -78.469  -12.876 0.4000000060
138380  10.555  -78.839  -25.257 0.5000000000
18675  9.415  -77.395  -25.156 0.5000000000
4965  23.127  -92.898  -13.086 0.4000000060
6327  21.488  -91.530  -10.670 0.4000000060
116  2.440  -105.856  -2.219 0.4000000060
117  2.072  -105.769  -2.930 0.4000000060
147  3.975  -105.948  -7.215 0.4000000060
27  3.099  -106.180  -1.756 0.4000000060
33  2.845  -106.336  -2.351 0.4000000060
39  2.360  -106.511  -3.665 0.4000000060
138  5.865  -106.278  -6.928 0.4000000060
135307  4.846  -106.317  -6.959 0.4000000060
144403  3.846  -106.452  -6.710 0.4000000060
115  4.690  -105.656  -1.917 0.5000000000
32  3.297  -106.441  -2.557 0.5000000000
130318  3.968  -106.123  -2.650 0.4000000060
154862  3.632  -106.397  -3.097 0.4000000060
139  4.379  -106.648  -6.125 0.4000000060
287  5.821  -104.070  -3.156 0.5000000000
284  5.324  -104.831  -2.638 0.5000000000
37  4.027  -106.186  -3.668 0.4000000060
134471  2.881  -106.779  -3.842 0.4000000060
487  5.662  -103.772  -3.972 0.4000000060
288  5.088  -104.513  -3.785 0.4000000060
153803  6.578  -103.981  -5.615 0.4000000060
299  6.330  -104.797  -5.675 0.4000000060
131  5.260  -105.903  -5.480 0.4000000060
132  4.818  -106.488  -5.596 0.4000000060
41  3.420  -106.751  -4.640 0.4000000060
150781  6.783  -105.500  -6.119 0.4000000060
147328  5.300  -106.435  -6.220 0.4000000060
494  6.130  -103.346  -4.606 0.5000000000
495  5.474  -104.110  -4.686 0.4000000060
148522  4.568  -105.374  -4.026 0.4000000060
40  3.916  -106.552  -4.415 0.4000000060
751  6.566  -103.285  -5.332 0.5000000000
501  6.002  -103.950  -5.291 0.4000000060
300  5.640  -104.854  -5.301 0.4000000060
125  4.540  -106.132  -4.775 0.4000000060
149428  9.190  -103.127  -6.542 0.3000000119
514  10.089  -103.843  -6.503 0.3000000119
1040  9.708  -102.798  -6.935 0.4000000060
132773  8.438  -102.408  -6.310 0.3000000119
1029  9.032  -101.870  -6.836 0.4000000060
777  13.045  -103.712  -7.838 0.3000000119
778  12.068  -103.139  -7.839 0.4000000060
779  11.011  -102.591  -7.739 0.4000000060
1039  9.926  -101.910  -7.501 0.4000000060
1048  11.522  -101.900  -8.474 0.4000000060
1049  10.581  -101.386  -8.236 0.4000000060
1715  10.065  -99.706  -7.931 0.3000000119
500  7.169  -103.535  -5.761 0.3000000119
1331  9.261  -100.448  -6.531 0.3000000119
134663  8.881  -101.005  -6.590 0.4000000060
147032  12.584  -102.387  -8.553 0.4000000060
1340  9.865  -100.700  -7.850 0.3000000119
130809  11.132  -100.967  -8.745 0.4000000060
1349  11.209  -100.187  -9.061 0.4000000060
1350  10.511  -100.383  -8.478 0.4000000060
758  7.799  -102.937  -6.008 0.4000000060
1023  7.906  -101.998  -5.829 0.4000000060
791  13.643  -103.185  -8.316 0.4000000060
1716  9.657  -100.105  -7.204 0.3000000119
1056  14.173  -101.632  -8.938 0.4000000060
790  14.347  -102.818  -8.532 0.4000000060
150239  14.229  -100.854  -9.074 0.4000000060
1356  13.567  -100.743  -9.292 0.4000000060
1058  12.040  -101.070  -9.104 0.4000000060
745  6.728  -102.792  -4.834 0.4000000060
1016  7.766  -101.801  -5.056 0.4000000060
1332  8.783  -100.787  -5.976 0.3000000119
1022  8.323  -101.311  -5.523 0.4000000060
1325  9.379  -100.279  -5.788 0.3000000119
1047  15.101  -102.571  -8.502 0.4000000060
131557  15.945  -102.246  -8.168 0.4000000060
1348  14.928  -101.469  -8.688 0.4000000060
1737  13.994  -100.056  -9.198 0.4000000060
1357  12.741  -100.496  -9.419 0.4000000060
485  7.054  -102.980  -3.411 0.4000000060
1015  8.388  -101.296  -4.721 0.3000000119
480  7.092  -103.645  -2.715 0.4000000060
486  6.368  -103.400  -3.528 0.4000000060
736  7.423  -102.413  -3.785 0.4000000060
737  6.757  -102.790  -4.167 0.4000000060
1005  7.898  -101.824  -4.219 0.4000000060
150282  19.716  -89.189  -10.935 0.4000000060
1057  13.279  -101.696  -9.007 0.4000000060
28  2.741  -106.066  -1.913 0.4000000060
34  2.447  -106.206  -2.776 0.4000000060
38  2.824  -106.574  -3.074 0.4000000060
44  4.192  -106.660  -5.220 0.4000000060
98  5.058  -105.386  -0.306 0.4000000060
100  3.486  -105.442  -0.838 0.5000000000
101  3.140  -105.463  -1.014 0.5000000000
110  5.328  -105.511  -0.963 0.5000000000
112  3.072  -105.815  -1.304 0.5000000000
121  4.588  -105.435  -3.107 0.4000000060
122  1.831  -106.131  -3.651 0.4000000060
130  6.081  -105.869  -6.012 0.4000000060
137  6.695  -106.043  -6.669 0.4000000060
271  3.000  -104.981  -0.938 0.5000000000
295  5.003  -105.045  -4.703 0.4000000060
720  12.337  -103.079  -2.930 0.3000000119
725  7.732  -102.907  -2.999 0.4000000060
744  7.252  -102.297  -4.567 0.4000000060
750  7.217  -102.567  -5.418 0.4000000060
766  10.556  -103.290  -7.030 0.3000000119
999  13.600  -101.711  -3.610 0.3000000119
1011  12.520  -100.983  -4.331 0.3000000119
1014  9.619  -101.100  -3.992 0.4000000060
1030  8.485  -101.473  -6.217 0.4000000060
1055  18.079  -102.287  -8.673 0.4000000060
1316  11.713  -100.124  -4.936 0.3000000119
1341  9.308  -100.935  -7.168 0.3000000119
1739  12.060  -99.084  -9.539 0.5000000000
2135  11.540  -98.793  -5.725 0.3000000119
2172  18.569  -98.461  -7.244 0.3000000119
2176  11.030  -97.930  -8.282 0.4000000060
2187  12.346  -98.145  -9.409 0.4000000060
2200  16.901  -98.932  -12.000 0.3000000119
2585  17.401  -97.644  -5.228 0.3000000119
2586  16.895  -97.519  -5.386 0.3000000119
2599  16.454  -97.746  -5.699 0.3000000119
2622  18.073  -97.573  -9.033 0.3000000119
2625  11.450  -97.352  -8.596 0.5000000000
3039  23.186  -96.964  -5.028 0.3000000119
3045  17.746  -97.092  -5.205 0.3000000119
3055  17.336  -96.557  -5.684 0.3000000119
3057  15.979  -97.197  -6.372 0.3000000119
3085  19.004  -96.913  -8.613 0.3000000119
3088  13.387  -96.133  -8.816 0.4000000060
3089  11.608  -96.637  -8.330 0.3000000119
3102  12.806  -95.928  -8.768 0.3000000119
3103  12.388  -96.580  -8.892 0.3000000119
3117  16.881  -96.769  -10.880 0.3000000119
3131  19.713  -95.895  -11.668 0.3000000119
3176  21.570  -96.598  -14.418 0.4000000060
3178  20.407  -96.465  -14.126 0.4000000060
3191  22.027  -96.296  -15.139 0.5000000000
3584  18.933  -96.349  -5.280 0.3000000119
3618  16.530  -95.537  -7.355 0.3000000119
3671  16.517  -95.681  -12.146 0.3000000119
3686  17.024  -95.144  -12.293 0.4000000060
3702  18.831  -95.148  -13.652 0.4000000060
3719  20.673  -96.238  -14.817 0.5000000000
4216  18.029  -95.091  -6.715 0.3000000119
4294  17.174  -94.867  -12.908 0.4000000060
4331  26.167  -94.500  -16.350 0.5000000000
4332  25.149  -94.790  -16.509 0.4000000060
4354  22.137  -94.991  -16.359 0.4000000060
4374  24.407  -93.975  -17.492 0.4000000060
4922  22.664  -92.819  -11.041 0.4000000060
4956  23.333  -93.216  -12.320 0.4000000060
5019  26.040  -92.569  -17.820 0.6000000238
5020  25.295  -93.366  -17.819 0.5000000000
5022  23.559  -92.938  -17.733 0.3000000119
5614  22.064  -92.274  -10.881 0.4000000060
5624  21.553  -92.001  -11.511 0.4000000060
5652  26.393  -92.463  -15.702 0.4000000060
5656  14.040  -91.953  -14.712 0.6999999881
5657  13.242  -92.248  -14.813 0.8000000119
5678  13.152  -92.550  -15.581 0.6000000238
5689  26.184  -92.189  -17.654 0.6000000238
5692  21.603  -92.722  -17.017 0.4000000060
5694  20.008  -92.799  -17.200 0.3000000119
5697  12.361  -92.608  -16.560 0.5000000000
5707  25.455  -92.374  -18.250 0.6000000238
5725  25.596  -91.581  -18.274 0.6000000238
5750  21.552  -91.790  -21.629 0.4000000060
6341  21.296  -91.552  -12.371 0.6000000238
6350  22.197  -91.684  -13.829 0.6000000238
6354  13.016  -91.286  -13.485 0.6999999881
6355  12.324  -91.040  -13.779 0.8000000119
6368  22.342  -91.148  -14.637 0.6999999881
6370  16.172  -91.147  -14.974 0.8000000119
6372  14.363  -91.500  -14.078 0.6999999881
6375  11.810  -91.158  -14.684 0.6999999881
6399  14.648  -92.093  -16.398 0.6000000238
6413  11.395  -91.293  -17.346 0.5000000000
6422  25.192  -91.084  -18.443 0.6000000238
6426  16.236  -91.366  -18.359 0.4000000060
6438  15.009  -91.876  -19.448 0.5000000000
6446  21.730  -91.101  -21.801 0.4000000060
7088  20.679  -90.749  -12.133 0.6000000238
7089  14.720  -89.929  -12.802 0.8000000119
7090  13.882  -89.921  -12.634 0.8000000119
7111  13.474  -90.622  -12.996 0.6999999881
7122  17.686  -90.342  -14.535 0.8000000119
7127  23.727  -90.262  -16.821 0.6999999881
7130  21.278  -89.918  -15.122 0.8000000119
7135  6.878  -90.208  -15.839 0.6000000238
7143  24.166  -89.970  -17.627 0.6999999881
7146  18.312  -90.193  -15.990 0.6000000238
7148  16.925  -91.024  -16.533 0.6000000238
7149  11.264  -90.638  -16.521 0.6000000238
7159  24.347  -89.928  -18.340 0.6999999881
7162  16.819  -91.115  -17.825 0.5000000000
7171  24.771  -90.580  -18.453 0.6999999881
7174  18.463  -89.956  -18.907 0.6000000238
7199  21.889  -90.352  -21.323 0.6999999881
7200  21.367  -90.010  -21.791 0.6999999881
7800  20.276  -89.223  -10.442 0.4000000060
7806  19.551  -89.395  -11.549 0.6000000238
7810  20.095  -89.965  -12.042 0.6000000238
7812  18.530  -89.424  -12.450 0.6000000238
7813  17.643  -89.381  -12.614 0.6999999881
7817  13.559  -89.269  -12.508 0.8000000119
7818  12.966  -89.025  -12.718 0.6999999881
7823  16.430  -89.909  -13.276 0.6999999881
7824  15.570  -89.933  -13.115 0.6000000238
7828  20.272  -89.837  -13.979 0.6999999881
7838  20.521  -89.700  -14.905 0.8000000119
7842  10.536  -88.882  -15.827 0.6999999881
7858  9.404  -88.704  -16.792 0.6000000238
7864  23.654  -89.429  -18.609 0.6999999881
7865  22.607  -88.914  -18.458 0.6999999881
7885  22.847  -89.389  -19.738 0.6999999881
7886  22.160  -89.151  -20.188 0.6999999881
7889  18.865  -89.816  -19.647 0.6000000238
7892  21.107  -89.432  -21.291 0.6000000238
8552  12.288  -88.562  -13.887 0.8999999762
8553  11.636  -88.380  -14.570 0.8000000119
8554  10.814  -87.866  -14.903 0.6999999881
8555  9.882  -87.521  -15.078 0.6999999881
8557  6.947  -87.578  -14.763 0.6000000238
8562  8.645  -88.157  -15.247 0.6000000238
8564  6.170  -88.042  -14.962 0.5000000000
8570  4.092  -88.641  -16.236 0.6000000238
8587  21.694  -88.831  -19.646 0.6999999881
9264  17.318  -87.504  -11.881 0.5000000000
9274  14.704  -87.232  -12.363 0.6000000238
9301  13.105  -87.508  -14.124 0.6999999881
9305  9.493  -87.084  -14.765 0.6999999881
9306  8.168  -87.207  -14.656 0.6000000238
9307  7.560  -87.187  -14.690 0.6000000238
9312  13.608  -87.133  -14.937 0.6999999881
9318  5.566  -87.741  -15.591 0.6000000238
9325  13.047  -87.013  -15.862 0.6999999881
9327  5.110  -87.703  -16.511 0.6000000238
9328  4.368  -88.145  -16.920 0.6000000238
9336  14.231  -87.278  -17.600 0.6000000238
9347  14.071  -87.431  -18.939 0.5000000000
9349  5.953  -87.626  -19.193 0.5000000000
9351  4.478  -87.825  -18.472 0.6000000238
9359  14.313  -87.358  -19.830 0.5000000000
9360  13.437  -87.202  -19.407 0.5000000000
9363  5.361  -87.885  -19.827 0.5000000000
9364  4.655  -87.745  -19.302 0.6000000238
9376  5.979  -87.771  -20.758 0.5000000000
9383  6.096  -87.625  -21.576 0.5000000000
9401  5.881  -87.802  -23.035 0.6000000238
9407  6.927  -87.608  -25.486 0.6999999881
9409  5.416  -87.965  -25.115 0.6999999881
9410  4.605  -87.812  -25.760 0.6999999881
9414  3.500  -87.357  -27.288 0.6999999881
9417  4.695  -87.941  -27.464 0.6999999881
9418  4.027  -87.673  -27.517 0.6999999881
9419  6.976  -87.127  -28.331 0.6000000238
9421  4.423  -87.588  -27.782 0.6000000238
10079  17.439  -86.342  -12.352 0.5000000000
10101  14.056  -86.470  -14.572 0.6999999881
10102  11.906  -87.308  -14.721 0.8000000119
10106  8.799  -86.154  -14.768 0.6999999881
10116  8.244  -85.888  -15.024 0.6000000238
10142  6.319  -86.811  -17.537 0.6000000238
10150  14.563  -87.221  -18.164 0.5000000000
10151  12.753  -86.417  -18.220 0.6000000238
10152  12.074  -85.992  -18.738 0.6999999881
10156  2.743  -86.181  -18.059 0.6000000238
10167  7.229  -86.071  -19.499 0.6000000238
10186  11.399  -86.241  -21.087 0.6000000238
10188  6.853  -86.863  -20.202 0.6000000238
10209  4.741  -86.493  -21.289 0.6000000238
10226  11.327  -86.503  -23.060 0.5000000000
10252  12.616  -86.196  -24.546 0.6000000238
10253  12.007  -86.417  -24.744 0.6000000238
10255  10.838  -86.552  -24.440 0.5000000000
10257  8.746  -86.495  -24.926 0.6000000238
10260  4.315  -87.309  -25.177 0.6999999881
10261  3.566  -86.919  -25.814 0.6999999881
10263  11.109  -86.488  -26.235 0.6000000238
10265  9.373  -86.582  -26.002 0.5000000000
10271  10.532  -86.354  -27.186 0.5000000000
10276  4.651  -87.253  -28.050 0.6000000238
10278  2.954  -86.586  -27.535 0.6000000238
10279  10.728  -86.010  -27.565 0.6000000238
10282  7.974  -86.568  -28.113 0.6000000238
10283  6.009  -87.080  -28.397 0.6000000238
10991  16.806  -85.889  -12.891 0.5000000000
10993  15.105  -86.016  -12.732 0.6000000238
10994  14.526  -85.900  -13.029 0.6000000238
11004  16.280  -85.271  -13.357 0.6000000238
11005  15.319  -85.402  -13.320 0.6000000238
11020  16.666  -84.756  -13.979 0.6000000238
11021  15.075  -85.008  -14.100 0.6000000238
11024  10.159  -85.683  -14.861 0.6999999881
11025  9.498  -85.825  -14.807 0.6999999881
11037  11.548  -85.689  -15.402 0.8000000119
11038  10.400  -85.260  -15.432 0.6999999881
11053  8.004  -85.219  -16.778 0.6000000238
11054  7.415  -85.755  -16.244 0.6000000238
11066  16.145  -85.263  -18.113 0.5000000000
11069  11.437  -85.339  -17.404 0.8000000119
11070  10.630  -85.018  -17.449 0.6999999881
11071  7.901  -85.181  -17.577 0.6000000238
11080  11.553  -85.542  -18.286 0.8000000119
11083  3.233  -85.226  -18.585 0.6000000238
11085  2.143  -85.925  -18.316 0.6000000238
11099  9.553  -84.820  -19.445 0.5000000000
11111  9.501  -84.983  -20.171 0.6999999881
11112  8.854  -85.043  -20.789 0.6999999881
11129  4.482  -84.511  -20.878 0.6000000238
11145  10.098  -85.847  -22.189 0.5000000000
11148  7.598  -86.087  -22.515 0.6000000238
11149  4.569  -85.997  -22.620 0.5000000000
11162  8.911  -85.864  -23.231 0.6999999881
11163  7.852  -86.106  -23.177 0.6000000238
11183  12.533  -86.135  -25.605 0.6000000238
11186  2.531  -86.165  -27.042 0.6000000238
11187  15.571  -85.126  -26.907 0.5000000000
11189  13.704  -85.670  -26.919 0.5000000000
11191  8.125  -85.765  -28.089 0.6000000238
11192  7.291  -85.715  -27.838 0.6000000238
11195  13.869  -85.354  -27.299 0.5000000000
11197  11.514  -85.787  -27.463 0.6000000238
11198  10.158  -85.772  -27.794 0.6000000238
11923  17.053  -84.448  -14.698 0.6000000238
11938  16.510  -84.228  -15.440 0.5000000000
11940  9.791  -84.996  -15.774 0.6999999881
11958  16.884  -84.066  -16.277 0.5000000000
11961  9.548  -84.812  -16.381 0.6000000238
11962  8.748  -84.892  -16.524 0.6999999881
11976  10.094  -84.813  -16.967 0.6000000238
12006  8.844  -84.700  -18.984 0.6000000238
12007  3.768  -84.606  -19.237 0.6000000238
12008  3.054  -84.480  -19.118 0.5000000000
12009  2.376  -84.657  -19.343 0.5000000000
12048  4.024  -83.888  -22.819 0.5000000000
12105  9.487  -84.414  -27.030 0.6999999881
12108  4.122  -85.725  -27.498 0.6000000238
12109  3.564  -84.921  -27.392 0.5000000000
12111  2.120  -84.500  -27.215 0.5000000000
12112  15.119  -84.376  -27.369 0.5000000000
12113  14.554  -84.993  -27.374 0.5000000000
12115  13.197  -85.202  -27.530 0.6000000238
12116  10.536  -85.179  -27.724 0.6000000238
12117  9.614  -85.228  -27.795 0.6000000238
12118  8.915  -85.603  -28.006 0.6000000238
12863  2.872  -83.344  -20.167 0.6000000238
12873  3.588  -82.978  -21.131 0.6000000238
12895  3.989  -83.353  -21.849 0.5000000000
12911  6.034  -82.929  -23.949 0.5000000000
12913  3.451  -83.508  -23.872 0.5000000000
12920  13.120  -83.098  -25.240 0.5000000000
12925  8.466  -83.742  -24.217 0.5000000000
12927  6.395  -83.556  -24.211 0.6999999881
12938  13.516  -83.134  -26.275 0.5000000000
12943  8.714  -84.060  -25.263 0.6000000238
12945  4.283  -84.197  -26.773 0.5000000000
12954  11.790  -84.278  -27.225 0.5000000000
12955  10.309  -83.964  -26.465 0.5000000000
12957  2.733  -83.966  -27.411 0.5000000000
12959  14.228  -84.147  -27.495 0.5000000000
12960  13.271  -84.330  -27.487 0.6000000238
12963  2.901  -83.127  -27.517 0.5000000000
12964  2.364  -82.901  -27.367 0.5000000000
13812  2.994  -82.482  -21.444 0.5000000000
13850  6.341  -82.587  -23.436 0.5000000000
13864  12.822  -83.048  -24.393 0.5000000000
13865  5.638  -82.428  -24.551 0.6999999881
13866  2.908  -82.751  -24.472 0.5000000000
13867  2.463  -82.095  -25.086 0.6000000238
13884  1.959  -82.476  -26.474 0.6000000238
13889  14.412  -82.802  -26.461 0.5000000000
13890  5.030  -82.391  -26.498 0.6000000238
13891  4.529  -82.536  -27.151 0.6000000238
13892  1.930  -82.921  -27.075 0.5000000000
13893  3.810  -82.496  -27.500 0.5000000000
13895  2.224  -82.272  -27.309 0.5000000000
14800  6.079  -81.307  -25.309 0.6000000238
14801  5.969  -81.640  -24.154 0.5000000000
14816  1.890  -81.387  -26.370 0.5000000000
14821  1.745  -80.548  -26.432 0.5000000000
14824  2.783  -81.607  -27.522 0.5000000000
15649  6.730  -80.017  -16.378 0.6000000238
15650  5.774  -80.412  -16.448 0.6000000238
15669  5.667  -80.383  -17.276 0.5000000000
15670  4.453  -80.650  -17.751 0.5000000000
15689  3.875  -80.679  -18.548 0.5000000000
15703  4.441  -80.490  -19.244 0.5000000000
15778  7.717  -80.224  -26.223 0.5000000000
15782  7.396  -80.144  -26.700 0.6000000238
15783  6.693  -80.613  -26.960 0.6000000238
15784  1.654  -79.856  -26.642 0.5000000000
15785  6.296  -80.453  -27.254 0.6000000238
15786  5.521  -80.707  -27.465 0.6000000238
15787  4.504  -80.764  -27.582 0.5000000000
15788  3.389  -80.786  -27.557 0.5000000000
15789  2.426  -80.789  -27.344 0.5000000000
15790  1.893  -80.678  -27.042 0.5000000000
16535  7.665  -79.431  -13.422 0.4000000060
16568  7.219  -79.822  -15.669 0.5000000000
16583  7.684  -78.933  -16.742 0.5000000000
16584  7.057  -79.541  -17.008 0.5000000000
16598  5.947  -80.088  -17.883 0.5000000000
16613  6.108  -79.471  -18.608 0.6000000238
16627  5.526  -79.695  -19.381 0.6000000238
16628  4.885  -80.069  -19.780 0.5000000000
16656  4.266  -79.539  -21.387 0.5000000000
16683  7.899  -79.898  -23.597 0.5000000000
16686  10.071  -79.235  -25.187 0.5000000000
16688  7.845  -79.992  -24.480 0.5000000000
16696  10.051  -78.868  -25.618 0.5000000000
16697  8.782  -79.463  -26.037 0.5000000000
16698  8.243  -79.994  -25.797 0.5000000000
16703  7.560  -79.756  -26.775 0.6000000238
16706  4.284  -79.343  -27.149 0.6000000238
16712  3.867  -79.997  -27.452 0.5000000000
17491  8.188  -78.063  -13.773 0.5000000000
17506  8.153  -78.930  -14.871 0.6999999881
17518  8.301  -78.454  -15.434 0.5000000000
17542  7.601  -78.212  -17.187 0.5000000000
17571  6.324  -78.576  -19.592 0.6000000238
17583  6.312  -78.663  -20.433 0.6000000238
17584  5.881  -79.123  -19.988 0.5000000000
17596  6.322  -78.491  -21.316 0.5000000000
17598  3.797  -78.935  -22.122 0.5000000000
17616  12.416  -78.080  -23.855 0.6000000238
17617  11.711  -78.448  -23.339 0.5000000000
17629  11.812  -78.355  -24.327 0.5000000000
17634  11.689  -78.105  -24.805 0.6000000238
17635  11.163  -78.533  -24.906 0.6000000238
17636  10.561  -79.040  -24.561 0.5000000000
17641  7.504  -78.582  -26.328 0.6000000238
17642  6.190  -78.389  -26.204 0.6000000238
17648  8.538  -79.289  -26.282 0.5000000000
17650  6.971  -79.199  -26.768 0.6000000238
17652  4.715  -78.768  -26.678 0.6000000238
17653  3.692  -78.695  -26.687 0.5000000000
18476  5.932  -76.883  -12.066 0.5000000000
18495  7.855  -77.576  -13.308 0.4000000060
18496  7.183  -77.057  -12.988 0.5000000000
18526  8.377  -77.864  -15.523 0.6999999881
18527  8.001  -77.187  -15.155 0.6999999881
18544  7.796  -77.466  -16.816 0.6000000238
18558  6.603  -77.352  -18.487 0.6000000238
18615  7.232  -77.808  -20.295 0.6000000238
18616  6.902  -78.192  -20.806 0.5000000000
18639  6.874  -77.788  -21.623 0.6000000238
18640  6.080  -77.963  -22.103 0.6000000238
18658  6.496  -77.051  -22.333 0.6000000238
18659  5.612  -77.062  -22.542 0.5000000000
18668  12.822  -77.450  -24.000 0.6000000238
18673  11.774  -77.661  -24.757 0.6000000238
18677  7.087  -77.063  -24.830 0.6000000238
18680  4.223  -76.758  -24.723 0.5000000000
18688  10.630  -78.440  -25.409 0.6000000238
18690  8.936  -78.157  -25.836 0.5000000000
18692  6.723  -77.834  -25.692 0.6000000238
19397  6.473  -76.357  -4.764 0.4000000060
19402  7.584  -75.702  -5.512 0.4000000060
19404  6.103  -76.771  -5.462 0.5000000000
19414  7.409  -76.154  -6.115 0.4000000060
19416  5.543  -76.968  -6.231 0.5000000000
19431  7.104  -76.323  -6.888 0.5000000000
19432  6.159  -76.335  -7.087 0.5000000000
19490  2.394  -75.296  -10.534 0.6000000238
19497  5.029  -76.799  -11.652 0.4000000060
19510  4.336  -76.155  -13.052 0.5000000000
19531  6.577  -76.609  -13.656 0.5000000000
19532  5.510  -76.402  -13.339 0.5000000000
19545  7.291  -76.784  -14.375 0.6000000238
19547  5.461  -75.988  -14.653 0.6000000238
19573  7.458  -76.710  -16.216 0.6999999881
19586  7.197  -76.765  -17.170 0.6000000238
19587  6.397  -76.454  -17.887 0.6000000238
19588  5.695  -75.652  -18.227 0.6999999881
19611  8.238  -76.260  -19.765 0.6999999881
19612  7.289  -76.597  -19.415 0.6000000238
19640  8.101  -76.922  -21.142 0.6000000238
19647  16.230  -75.684  -22.788 0.5000000000
19648  15.237  -76.156  -23.010 0.5000000000
19651  6.769  -76.350  -22.719 0.5000000000
19652  5.123  -76.182  -22.842 0.6000000238
19662  14.546  -76.077  -23.337 0.6000000238
19664  12.727  -76.864  -24.141 0.6999999881
19665  11.807  -76.905  -24.470 0.6000000238
19667  9.369  -76.423  -23.976 0.6999999881
19668  7.885  -76.162  -23.298 0.6000000238
19671  4.753  -75.846  -23.195 0.5000000000
19678  11.097  -77.355  -24.862 0.6000000238
19679  10.128  -76.915  -24.692 0.6999999881
19681  7.482  -76.460  -24.002 0.6000000238
19684  4.506  -76.032  -23.982 0.5000000000
20376  4.770  -75.168  -2.678 0.4000000060
20379  7.220  -74.990  -4.565 0.4000000060
20390  8.553  -75.368  -6.434 0.3000000119
20401  8.648  -75.825  -7.379 0.3000000119
20402  8.017  -76.035  -6.669 0.4000000060
20421  7.874  -76.171  -8.109 0.4000000060
20422  5.787  -75.780  -8.297 0.6000000238
20424  4.081  -76.077  -8.044 0.5000000000
20439  9.814  -75.272  -9.567 0.3000000119
20441  7.464  -75.633  -9.432 0.5000000000
20442  6.291  -75.489  -9.223 0.5000000000
20443  4.883  -75.443  -8.837 0.6000000238
20444  3.832  -75.530  -8.925 0.5000000000
20455  8.966  -75.383  -10.023 0.4000000060
20469  2.156  -75.155  -11.189 0.6000000238
20480  2.147  -75.082  -12.082 0.6999999881
20497  3.946  -75.587  -13.820 0.6000000238
20498  2.985  -75.270  -13.125 0.6000000238
20499  2.245  -74.524  -12.965 0.6000000238
20514  12.896  -75.238  -14.849 0.6000000238
20528  15.020  -75.202  -15.783 0.5000000000
20530  13.572  -75.353  -15.584 0.5000000000
20532  10.656  -75.041  -15.300 0.6999999881
20533  5.666  -75.637  -16.012 0.8000000119
20545  14.249  -75.446  -16.307 0.6000000238
20546  13.276  -75.428  -16.394 0.6000000238
20547  11.184  -75.071  -15.964 0.6999999881
20548  5.762  -75.580  -16.797 0.6999999881
20563  14.584  -75.528  -17.316 0.4000000060
20565  12.770  -75.253  -17.174 0.6000000238
20587  5.956  -75.573  -18.635 0.6000000238
20588  5.287  -74.933  -18.475 0.6000000238
20601  15.109  -75.181  -19.796 0.6000000238
20604  7.512  -75.577  -19.320 0.6000000238
20613  18.447  -75.580  -21.583 0.5000000000
20616  15.850  -75.030  -20.600 0.6000000238
20626  9.112  -75.834  -20.873 0.6999999881
20629  16.525  -75.109  -22.675 0.5000000000
20632  13.515  -75.370  -23.025 0.6000000238
20634  11.340  -75.447  -22.935 0.6999999881
20635  9.907  -75.255  -21.788 0.6999999881
20637  8.261  -76.033  -22.697 0.6000000238
20639  13.144  -76.142  -23.636 0.6999999881
20642  9.472  -75.922  -23.260 0.6000000238
21339  5.950  -74.117  -3.636 0.4000000060
21340  4.611  -74.286  -2.846 0.4000000060
21360  8.092  -74.290  -5.617 0.3000000119
21382  9.906  -74.686  -7.882 0.3000000119
21414  7.340  -74.759  -10.682 0.4000000060
21415  6.252  -74.643  -10.588 0.4000000060
21418  2.757  -74.985  -10.306 0.5000000000
21430  8.678  -74.065  -11.214 0.3000000119
21434  4.384  -74.066  -10.979 0.5000000000
21461  13.714  -73.954  -13.768 0.4000000060
21463  11.868  -74.236  -13.579 0.5000000000
21466  9.005  -74.041  -13.749 0.6000000238
21468  1.906  -73.644  -13.133 0.6999999881
21484  14.228  -74.422  -14.420 0.4000000060
21486  12.392  -74.757  -14.054 0.4000000060
21487  11.476  -74.739  -14.026 0.5000000000
21488  10.504  -74.768  -14.244 0.5000000000
21491  7.757  -74.171  -14.484 0.6999999881
21492  3.097  -74.351  -14.674 0.6000000238
21493  2.534  -74.112  -13.925 0.8000000119
21506  14.682  -74.829  -15.091 0.4000000060
21507  9.876  -74.902  -14.923 0.6999999881
21508  9.019  -74.663  -15.245 0.6999999881
21509  8.157  -74.448  -15.093 0.6999999881
21523  16.641  -74.569  -16.847 0.4000000060
21524  15.856  -74.913  -16.177 0.5000000000
21530  4.132  -73.910  -17.518 0.6000000238
21546  12.281  -74.695  -17.844 0.6999999881
21547  11.430  -74.183  -17.796 0.6999999881
21549  9.857  -74.279  -16.771 0.8000000119
21550  4.761  -74.350  -18.198 0.6999999881
21561  13.749  -74.876  -19.071 0.6999999881
21564  11.339  -73.323  -18.689 0.8000000119
21565  5.827  -73.514  -18.629 0.6000000238
21571  14.162  -74.600  -19.805 0.6999999881
21574  9.483  -73.625  -19.746 0.6999999881
21577  6.588  -74.678  -19.136 0.6000000238
21583  16.190  -74.618  -21.597 0.6000000238
21585  13.624  -73.878  -20.496 0.6999999881
21587  9.800  -74.499  -20.353 0.6999999881
21592  17.056  -74.858  -22.368 0.6000000238
21593  16.502  -74.601  -22.164 0.6000000238
21595  13.426  -74.007  -21.642 0.8000000119
21596  12.509  -74.060  -21.535 0.6999999881
21599  10.208  -74.772  -21.128 0.6999999881
21601  15.037  -74.628  -22.420 0.6000000238
21602  13.982  -74.589  -22.391 0.6999999881
21605  11.079  -74.841  -21.993 0.6999999881
22307  4.586  -73.250  -4.070 0.3000000119
22318  7.111  -74.071  -4.616 0.4000000060
22335  8.074  -73.402  -6.160 0.3000000119
22395  4.981  -73.362  -11.445 0.4000000060
22399  1.923  -72.894  -12.355 0.6999999881
22406  1.823  -73.251  -12.561 0.6999999881
22414  13.164  -73.358  -13.398 0.3000000119
22417  10.357  -73.589  -13.476 0.3000000119
22419  8.314  -73.415  -13.687 0.6000000238
22433  15.403  -73.265  -14.820 0.4000000060
22435  6.953  -73.730  -14.558 0.6000000238
22449  5.667  -72.981  -15.906 0.6999999881
22462  8.523  -73.740  -17.002 0.8000000119
22464  6.541  -73.226  -16.513 0.6999999881
22478  6.993  -72.925  -17.683 0.8000000119
22480  5.396  -72.750  -17.765 0.6999999881
22481  4.430  -72.972  -17.656 0.6000000238
22486  11.971  -73.315  -19.203 0.6999999881
22487  10.646  -72.799  -19.004 0.8000000119
22488  9.665  -72.878  -18.651 0.8000000119
22489  8.416  -72.879  -18.649 0.8000000119
22490  7.416  -72.992  -18.803 0.8000000119
22491  5.134  -73.277  -18.242 0.8000000119
22495  12.657  -73.440  -19.869 0.8000000119
22498  9.986  -72.955  -19.579 0.8000000119
22499  9.189  -72.880  -19.243 0.6999999881
22500  7.677  -73.325  -19.183 0.6999999881
22508  11.575  -73.110  -20.167 0.8000000119
22509  10.709  -73.109  -20.013 0.8000000119
22510  10.101  -73.581  -20.053 0.8000000119
22517  13.577  -73.762  -21.113 0.8000000119
22520  11.236  -73.653  -20.699 0.8000000119
23233  5.200  -72.621  -5.635 0.3000000119
23324  9.820  -72.136  -11.546 0.3000000119
23326  7.763  -72.763  -11.584 0.3000000119
23327  6.663  -72.667  -11.622 0.4000000060
23330  2.954  -72.493  -11.835 0.6999999881
23339  2.549  -71.845  -12.394 0.6999999881
23340  2.062  -72.275  -12.590 0.6999999881
23348  14.189  -72.265  -13.624 0.3000000119
23350  12.647  -72.798  -13.279 0.3000000119
23353  9.618  -72.743  -13.508 0.4000000060
23356  6.490  -72.339  -13.782 0.5000000000
23358  4.316  -71.623  -13.940 0.5000000000
23359  1.962  -71.981  -13.126 0.6000000238
23367  5.180  -72.460  -14.390 0.6000000238
23370  2.140  -72.303  -13.830 0.6999999881
23379  3.979  -72.484  -16.165 0.6999999881
23380  3.409  -72.743  -16.490 0.6999999881
23390  3.981  -72.663  -17.004 0.6999999881
23397  6.923  -72.884  -18.341 0.6000000238
24340  9.433  -71.016  -11.648 0.3000000119
24343  6.190  -70.821  -11.829 0.5000000000
24344  5.291  -71.130  -11.810 0.5000000000
24352  4.395  -70.510  -12.194 0.5000000000
24354  2.331  -71.640  -12.827 0.6000000238
24364  12.900  -71.409  -13.442 0.3000000119
24366  11.038  -71.647  -13.574 0.4000000060
24369  8.062  -71.676  -13.686 0.4000000060
24371  6.025  -71.214  -13.697 0.4000000060
24373  3.118  -70.905  -13.117 0.6000000238
24374  2.484  -71.384  -13.115 0.6000000238
24384  9.532  -70.837  -14.033 0.3000000119
24386  7.643  -70.645  -13.827 0.4000000060
24388  2.333  -71.790  -13.540 0.6000000238
25422  8.495  -70.151  -11.764 0.3000000119
25425  5.228  -70.267  -12.077 0.5000000000
25434  3.775  -70.531  -12.797 0.5000000000
25441  13.977  -70.544  -14.020 0.3000000119
25448  5.017  -69.936  -13.108 0.4000000060
25454  15.212  -70.466  -14.937 0.3000000119
25463  6.475  -69.600  -13.421 0.3000000119
26512  7.074  -69.276  -12.428 0.4000000060
26513  6.372  -69.451  -12.464 0.4000000060
26520  6.849  -69.139  -12.729 0.3000000119
26521  6.119  -69.333  -12.862 0.4000000060
26529  5.794  -69.529  -13.096 0.6000000238
27605  7.646  -68.946  -12.449 0.3000000119
27614  8.030  -68.597  -12.717 0.3000000119
27616  6.814  -69.030  -12.984 0.3000000119
27622  8.162  -68.534  -13.190 0.3000000119
27623  7.453  -68.783  -13.072 0.3000000119
27633  8.428  -68.831  -13.753 0.3000000119
27634  7.781  -68.899  -13.445 0.3000000119
28777  10.274  -67.460  -13.174 0.3000000119
28778  9.381  -67.788  -12.930 0.3000000119
128961  5.789  -73.008  -18.298 0.8000000119
129034  18.775  -75.814  -20.683 0.4000000060
129195  7.689  -69.456  -12.064 0.3000000119
129441  8.800  -86.839  -14.648 0.6999999881
129489  9.242  -75.612  -21.780 0.6999999881
129676  11.532  -90.360  -14.774 0.6999999881
130083  12.348  -73.290  -20.329 0.8000000119
130124  11.086  -72.930  -19.569 0.8000000119
130179  6.668  -70.057  -11.964 0.4000000060
130306  10.126  -83.669  -25.466 0.5000000000
130401  4.219  -74.947  -15.567 0.6000000238
130858  5.717  -105.323  0.395 0.3000000119
131121  6.951  -80.068  -14.765 0.5000000000
131157  5.625  -81.729  -26.777 0.6000000238
131330  9.479  -79.257  -25.676 0.5000000000
131526  5.027  -80.596  -17.058 0.5000000000
131784  10.991  -85.168  -15.871 0.8000000119
131945  19.116  -89.760  -13.881 0.6999999881
131960  16.590  -91.231  -17.100 0.6000000238
132091  14.120  -87.251  -16.942 0.6000000238
132203  8.226  -102.199  -3.370 0.5000000000
132244  3.743  -70.608  -12.538 0.5000000000
132766  11.953  -86.418  -20.433 0.6000000238
133345  13.394  -87.187  -15.717 0.6999999881
133477  11.278  -83.809  -26.487 0.5000000000
133617  7.236  -86.439  -22.126 0.6000000238
133685  7.873  -71.865  -11.694 0.3000000119
133777  7.497  -85.525  -18.093 0.6000000238
133877  3.711  -86.692  -27.783 0.6000000238
134102  12.863  -97.582  -9.263 0.5000000000
134287  7.133  -86.283  -20.812 0.5000000000
134678  20.367  -89.230  -17.135 0.8000000119
135571  13.179  -102.105  -3.611 0.3000000119
135786  22.051  -89.074  -17.422 0.8000000119
136223  12.507  -84.093  -27.217 0.5000000000
136297  4.581  -75.578  -14.695 0.6000000238
136608  14.167  -86.051  -13.613 0.6000000238
136817  6.257  -79.728  -27.181 0.6000000238
136849  14.916  -75.518  -18.232 0.4000000060
137286  17.312  -84.022  -17.092 0.5000000000
137556  12.352  -85.488  -27.467 0.6000000238
137621  18.076  -90.246  -16.855 0.6000000238
138585  7.633  -79.523  -15.090 0.5000000000
139026  8.942  -73.186  -17.883 0.8000000119
139066  12.581  -92.554  -15.896 0.6000000238
140063  8.027  -84.489  -25.681 0.6999999881
140248  16.326  -91.276  -19.241 0.6000000238
140742  9.043  -100.968  -4.486 0.4000000060
140863  15.673  -91.505  -19.808 0.6000000238
140997  9.948  -86.000  -14.663 0.6999999881
141085  3.879  -77.345  -25.305 0.5000000000
141924  11.929  -75.245  -16.112 0.6999999881
142133  6.152  -72.748  -17.485 0.8000000119
142516  8.697  -73.295  -11.444 0.3000000119
142688  6.719  -73.259  -5.032 0.3000000119
142758  14.240  -92.388  -17.040 0.6999999881
143157  15.421  -85.382  -16.670 0.6000000238
143289  3.327  -72.489  -15.397 0.6999999881
143326  2.512  -72.643  -14.577 0.8000000119
143554  2.042  -74.557  -11.663 0.6999999881
143861  12.530  -99.679  -9.537 0.5000000000
144049  12.549  -72.122  -13.294 0.3000000119
144345  16.877  -100.091  -6.470 0.5000000000
144526  19.703  -89.725  -13.676 0.6000000238
144624  19.823  -89.587  -15.063 0.6999999881
144787  13.569  -83.552  -27.123 0.5000000000
145469  7.552  -73.594  -13.895 0.6000000238
145538  9.407  -79.508  -24.952 0.5000000000
145680  9.598  -73.640  -13.554 0.6000000238
146305  21.953  -93.213  -16.776 0.4000000060
146860  3.392  -106.617  -3.592 0.4000000060
147228  14.473  -86.043  -15.121 0.6000000238
147240  4.260  -70.275  -12.603 0.5000000000
147268  6.665  -78.916  -18.185 0.5000000000
147773  11.101  -86.812  -14.661 0.8000000119
147930  7.679  -85.391  -19.636 0.6000000238
147972  5.785  -82.711  -24.215 0.5000000000
148170  22.863  -90.335  -19.986 0.6999999881
148291  6.420  -69.270  -13.097 0.3000000119
148446  5.920  -74.122  -18.920 0.6000000238
148660  3.173  -78.195  -26.251 0.5000000000
148690  12.691  -86.226  -17.498 0.6999999881
149149  10.984  -85.388  -15.380 0.6999999881
149833  6.743  -87.587  -27.967 0.6000000238
150153  9.561  -86.444  -24.915 0.6000000238
150240  21.195  -96.635  -4.996 0.3000000119
150308  9.671  -75.562  -22.511 0.6999999881
150328  12.713  -88.605  -13.124 0.8000000119
150437  9.727  -85.857  -22.839 0.6000000238
150731  3.754  -106.746  -5.538 0.4000000060
150845  6.236  -76.073  -23.040 0.6000000238
151104  9.545  -101.646  -3.404 0.4000000060
151210  13.326  -82.874  -24.023 0.5000000000
151255  7.562  -84.430  -25.142 0.6999999881
151475  10.472  -74.940  -21.722 0.6999999881
151938  21.763  -97.812  -5.388 0.3000000119
152331  5.702  -87.854  -20.324 0.5000000000
152479  15.275  -75.475  -18.997 0.4000000060
153091  7.910  -76.482  -21.863 0.6000000238
153534  16.756  -76.008  -22.572 0.5000000000
153658  8.237  -86.729  -27.833 0.6000000238
153776  9.219  -75.553  -9.474 0.3000000119
153929  3.028  -85.360  -25.516 0.6000000238
154057  8.219  -74.210  -11.179 0.3000000119
154309  22.867  -96.639  -12.238 0.3000000119
154551  12.304  -90.373  -13.512 0.8000000119
154602  12.234  -75.332  -15.287 0.6999999881
154760  4.457  -84.712  -20.248 0.6000000238
154821  15.452  -88.669  -12.459 0.6000000238
155210  12.586  -74.499  -18.428 0.6999999881
155308  4.074  -75.763  -8.341 0.5000000000
155337  16.962  -98.002  -10.694 0.3000000119
