#!ascii label  , from subject sub-v1s17x0050247_ses-1 vox2ras=TkReg
980
102103  -52.403  17.049  35.629 0.0000000000
112152  -44.553  34.032  27.776 0.0000000000
107937  -42.278  26.070  33.792 0.0000000000
106026  -50.925  22.863  27.045 0.0000000000
109687  -46.549  29.727  23.814 0.0000000000
110326  -49.523  31.258  27.320 0.0000000000
135729  -47.682  27.827  27.406 0.0000000000
104700  -44.132  21.493  28.235 0.0000000000
97852  -43.892  11.874  38.070 0.0000000000
127042  -46.266  16.769  37.059 0.0000000000
111521  -38.014  32.323  29.902 0.0000000000
109088  -41.025  28.763  25.118 0.0000000000
107452  -46.293  26.023  19.879 0.0000000000
104017  -46.083  20.260  33.313 0.0000000000
109634  -43.810  30.201  28.968 0.0000000000
107322  -47.658  26.207  32.218 0.0000000000
103417  -49.843  19.464  31.588 0.0000000000
102777  -45.519  18.806  30.598 0.0000000000
101544  -40.377  17.015  30.738 0.0000000000
100863  -48.737  15.536  34.435 0.0000000000
108565  -47.994  28.738  22.405 0.0000000000
109670  -48.498  29.887  23.791 0.0000000000
108554  -45.706  27.467  26.056 0.0000000000
136814  -45.021  26.725  27.974 0.0000000000
99397  -45.032  13.603  36.241 0.0000000000
101488  -43.289  16.952  37.085 0.0000000000
123243  -38.063  33.166  33.789 0.0000000000
108574  -42.796  27.355  22.366 0.0000000000
104032  -43.750  20.735  32.683 0.0000000000
105942  -43.966  23.986  33.252 0.0000000000
113446  -44.881  35.489  30.217 0.0000000000
111535  -45.714  33.029  28.368 0.0000000000
108543  -51.383  27.272  28.367 0.0000000000
109051  -49.273  28.128  30.764 0.0000000000
106644  -49.713  25.080  30.486 0.0000000000
105300  -47.789  22.881  31.140 0.0000000000
104687  -49.573  21.141  28.450 0.0000000000
128665  -47.537  18.819  30.509 0.0000000000
103439  -47.897  19.420  27.309 0.0000000000
102796  -41.403  19.016  28.689 0.0000000000
110344  -45.470  31.484  25.812 0.0000000000
111546  -46.598  33.071  26.652 0.0000000000
111569  -48.512  32.675  25.271 0.0000000000
109657  -50.826  29.837  25.634 0.0000000000
107365  -50.084  25.308  27.638 0.0000000000
105346  -47.137  21.581  27.435 0.0000000000
106656  -46.273  24.458  29.329 0.0000000000
105992  -43.488  23.856  29.463 0.0000000000
98679  -46.946  11.808  38.756 0.0000000000
99401  -48.491  14.087  37.086 0.0000000000
102075  -49.848  17.093  37.279 0.0000000000
113340  -42.391  35.833  35.180 0.0000000000
112069  -41.316  34.139  32.588 0.0000000000
112112  -40.758  33.216  29.048 0.0000000000
110950  -41.994  31.025  27.038 0.0000000000
109685  -44.030  29.147  24.825 0.0000000000
108576  -45.874  28.178  22.095 0.0000000000
107443  -47.686  26.569  21.095 0.0000000000
105417  -47.351  22.224  19.908 0.0000000000
102729  -43.965  18.718  35.147 0.0000000000
135341  -47.108  18.690  35.727 0.0000000000
103351  -50.471  19.722  34.988 0.0000000000
108519  -42.460  27.635  30.476 0.0000000000
109637  -46.582  29.644  28.641 0.0000000000
109047  -45.485  27.942  30.454 0.0000000000
107940  -44.958  26.374  33.472 0.0000000000
134335  -46.635  23.180  32.191 0.0000000000
104020  -49.387  20.435  32.937 0.0000000000
102129  -51.523  18.797  33.626 0.0000000000
102142  -48.786  18.204  32.735 0.0000000000
127715  -45.769  17.548  32.784 0.0000000000
101540  -43.017  15.948  32.227 0.0000000000
103438  -44.590  19.450  28.016 0.0000000000
102157  -42.411  17.712  30.751 0.0000000000
144904  -40.798  14.965  31.581 0.0000000000
100856  -52.373  14.911  36.357 0.0000000000
100865  -50.948  14.910  35.274 0.0000000000
100853  -51.000  16.039  35.320 0.0000000000
108033  -46.618  26.759  23.170 0.0000000000
108559  -47.454  28.407  23.553 0.0000000000
147606  -45.329  26.539  24.858 0.0000000000
145167  -45.141  26.771  25.583 0.0000000000
106618  -43.094  25.095  34.103 0.0000000000
112770  -44.725  34.941  28.726 0.0000000000
106676  -51.446  25.064  28.165 0.0000000000
107335  -50.709  25.963  30.089 0.0000000000
105996  -51.143  23.697  28.475 0.0000000000
105323  -50.003  22.552  28.848 0.0000000000
105339  -50.324  21.969  27.871 0.0000000000
103441  -49.080  19.964  27.776 0.0000000000
134295  -49.310  20.617  26.652 0.0000000000
110354  -46.082  30.850  25.160 0.0000000000
110967  -46.491  31.958  25.617 0.0000000000
110368  -48.062  30.519  23.762 0.0000000000
109081  -48.046  28.955  25.693 0.0000000000
109656  -49.934  29.850  25.180 0.0000000000
109076  -49.636  28.513  26.688 0.0000000000
108548  -51.008  27.332  27.298 0.0000000000
107992  -48.997  26.730  28.083 0.0000000000
106673  -48.179  24.641  28.576 0.0000000000
124503  -47.319  26.460  28.646 0.0000000000
107343  -44.199  25.282  29.283 0.0000000000
100178  -45.839  15.000  36.296 0.0000000000
99399  -46.941  13.656  36.630 0.0000000000
100845  -47.294  15.438  36.813 0.0000000000
100831  -49.645  15.295  37.347 0.0000000000
101492  -48.007  17.244  37.189 0.0000000000
111492  -37.960  32.624  32.217 0.0000000000
112049  -39.853  33.548  33.018 0.0000000000
124263  -39.569  33.156  31.220 0.0000000000
145360  -40.898  33.587  30.058 0.0000000000
111523  -39.554  32.817  29.534 0.0000000000
139912  -39.386  29.878  26.384 0.0000000000
110339  -40.620  30.401  26.789 0.0000000000
109653  -41.071  29.777  26.305 0.0000000000
109655  -42.937  29.947  26.133 0.0000000000
109089  -41.948  28.768  25.114 0.0000000000
108042  -43.830  26.751  21.155 0.0000000000
142858  -44.778  27.672  22.102 0.0000000000
108044  -46.846  27.469  20.794 0.0000000000
108591  -47.661  27.789  21.211 0.0000000000
108057  -47.450  26.717  20.476 0.0000000000
106733  -47.196  24.824  20.779 0.0000000000
107469  -47.175  24.989  19.898 0.0000000000
104638  -38.920  21.669  33.536 0.0000000000
104009  -38.588  20.136  33.713 0.0000000000
103392  -41.050  19.612  33.672 0.0000000000
102727  -42.360  18.668  35.117 0.0000000000
103393  -41.843  19.881  33.372 0.0000000000
104016  -45.157  20.190  33.206 0.0000000000
103396  -44.729  19.606  33.757 0.0000000000
103398  -46.737  19.740  34.002 0.0000000000
103349  -47.983  19.140  35.247 0.0000000000
103378  -47.764  19.662  34.422 0.0000000000
110295  -42.336  30.781  29.831 0.0000000000
109044  -41.536  28.858  29.876 0.0000000000
109057  -42.758  28.914  29.562 0.0000000000
110325  -47.938  31.763  27.072 0.0000000000
110324  -47.152  31.581  27.406 0.0000000000
110309  -47.849  30.572  27.786 0.0000000000
108507  -48.299  27.381  31.960 0.0000000000
109049  -47.432  28.268  30.810 0.0000000000
108505  -46.727  27.544  32.086 0.0000000000
108484  -45.579  27.088  32.709 0.0000000000
107941  -46.362  26.424  33.009 0.0000000000
141703  -45.597  25.269  33.288 0.0000000000
106624  -46.867  24.889  32.321 0.0000000000
104055  -48.749  21.035  30.449 0.0000000000
104660  -48.115  21.294  31.880 0.0000000000
104038  -49.699  20.299  32.118 0.0000000000
103402  -51.069  19.806  33.459 0.0000000000
102753  -50.817  19.155  32.695 0.0000000000
102738  -49.805  18.330  32.933 0.0000000000
102751  -49.514  18.655  32.125 0.0000000000
102778  -46.459  18.796  30.658 0.0000000000
102748  -46.300  18.212  32.138 0.0000000000
102150  -45.384  18.090  32.057 0.0000000000
101530  -44.339  16.277  32.743 0.0000000000
102148  -43.639  17.434  31.828 0.0000000000
104702  -46.269  21.451  27.642 0.0000000000
104084  -46.254  20.122  26.664 0.0000000000
137253  -44.668  19.964  27.278 0.0000000000
102161  -40.574  17.994  29.877 0.0000000000
102163  -42.074  18.117  30.012 0.0000000000
133881  -41.584  17.514  30.500 0.0000000000
101546  -41.962  17.007  31.201 0.0000000000
100899  -40.876  15.772  31.413 0.0000000000
100230  -39.520  14.339  31.494 0.0000000000
98710  -50.911  12.567  37.149 0.0000000000
100872  -47.343  15.180  33.831 0.0000000000
109700  -47.484  29.339  22.853 0.0000000000
109688  -48.423  30.087  23.566 0.0000000000
109091  -47.828  28.925  23.738 0.0000000000
109080  -47.350  28.679  25.313 0.0000000000
135359  -46.756  27.773  27.199 0.0000000000
108003  -46.324  27.265  27.885 0.0000000000
146235  -45.337  27.187  26.947 0.0000000000
98706  -44.738  12.858  36.556 0.0000000000
99396  -43.677  13.558  36.149 0.0000000000
101489  -44.550  17.090  37.098 0.0000000000
111509  -36.777  31.963  30.840 0.0000000000
109119  -42.056  28.133  23.798 0.0000000000
107450  -43.622  25.843  20.120 0.0000000000
106755  -45.955  24.276  19.344 0.0000000000
104013  -42.510  20.300  33.015 0.0000000000
105281  -43.467  22.313  32.531 0.0000000000
104656  -44.863  21.703  32.525 0.0000000000
110916  -44.553  32.217  28.980 0.0000000000
109641  -50.541  29.693  28.508 0.0000000000
109630  -49.218  29.203  29.496 0.0000000000
109052  -49.992  27.847  30.315 0.0000000000
107978  -49.679  26.952  31.003 0.0000000000
106634  -48.960  25.562  31.097 0.0000000000
106633  -48.243  24.771  31.256 0.0000000000
105981  -49.071  23.654  30.178 0.0000000000
104678  -48.674  21.952  29.998 0.0000000000
104056  -49.069  20.369  30.047 0.0000000000
102780  -49.305  19.325  30.907 0.0000000000
103423  -48.785  19.646  29.354 0.0000000000
102790  -47.574  19.057  29.374 0.0000000000
102789  -46.637  19.133  29.140 0.0000000000
103444  -42.520  19.930  27.679 0.0000000000
107969  -40.491  26.627  31.683 0.0000000000
111556  -45.034  32.895  26.719 0.0000000000
136622  -46.110  33.672  26.944 0.0000000000
137979  -46.096  32.606  26.176 0.0000000000
111559  -47.682  32.945  26.175 0.0000000000
110956  -49.172  32.806  26.137 0.0000000000
110369  -48.937  30.814  23.634 0.0000000000
110971  -50.574  31.753  24.494 0.0000000000
110328  -51.060  30.982  26.932 0.0000000000
109072  -51.488  28.912  27.631 0.0000000000
108005  -51.110  26.477  27.579 0.0000000000
106684  -50.732  24.417  27.280 0.0000000000
105348  -49.387  22.052  26.907 0.0000000000
137692  -48.726  23.669  27.882 0.0000000000
123474  -47.518  23.258  28.382 0.0000000000
105336  -45.540  22.642  28.896 0.0000000000
107981  -45.918  25.983  29.110 0.0000000000
147073  -45.017  23.954  29.535 0.0000000000
98707  -46.329  12.822  36.877 0.0000000000
136356  -48.006  12.736  37.811 0.0000000000
98696  -49.813  12.752  38.121 0.0000000000
145829  -51.038  13.890  37.730 0.0000000000
140831  -51.445  15.492  37.503 0.0000000000
101493  -52.241  16.960  36.718 0.0000000000
113360  -43.897  35.752  34.946 0.0000000000
112652  -42.332  34.965  33.964 0.0000000000
112668  -43.938  35.527  33.332 0.0000000000
112706  -42.701  34.712  31.243 0.0000000000
112749  -42.770  34.558  29.623 0.0000000000
112131  -42.698  33.811  28.450 0.0000000000
126902  -38.076  31.660  28.470 0.0000000000
110926  -39.852  32.140  28.282 0.0000000000
110927  -41.222  31.961  27.797 0.0000000000
110938  -42.821  32.409  27.457 0.0000000000
110342  -43.432  30.800  26.401 0.0000000000
109669  -44.260  29.691  25.310 0.0000000000
109686  -45.159  29.574  24.578 0.0000000000
138264  -42.824  27.981  23.511 0.0000000000
122406  -44.615  28.502  23.462 0.0000000000
109122  -46.771  29.028  22.687 0.0000000000
108578  -47.745  28.330  21.887 0.0000000000
108034  -47.711  27.855  22.239 0.0000000000
141194  -46.360  24.862  21.707 0.0000000000
106732  -46.381  23.857  21.142 0.0000000000
106095  -46.368  23.213  19.187 0.0000000000
102684  -43.272  18.144  36.726 0.0000000000
102685  -44.689  18.036  36.646 0.0000000000
103395  -43.818  19.535  33.672 0.0000000000
102730  -44.792  18.753  35.160 0.0000000000
102687  -46.417  17.986  36.780 0.0000000000
102688  -47.983  18.251  36.472 0.0000000000
143460  -50.100  18.686  36.241 0.0000000000
102710  -52.167  18.769  35.446 0.0000000000
107971  -42.363  26.548  31.977 0.0000000000
111536  -46.205  33.961  27.667 0.0000000000
110306  -45.353  31.085  28.244 0.0000000000
109635  -44.672  30.101  28.690 0.0000000000
109628  -47.150  29.081  29.292 0.0000000000
109627  -46.144  29.125  29.109 0.0000000000
109059  -44.643  28.464  29.720 0.0000000000
109046  -43.936  27.971  30.152 0.0000000000
126624  -43.837  26.981  31.613 0.0000000000
107956  -43.658  26.455  33.200 0.0000000000
106620  -44.968  25.115  33.548 0.0000000000
105955  -45.381  23.626  32.720 0.0000000000
104658  -46.594  21.686  32.458 0.0000000000
105286  -47.196  22.840  31.810 0.0000000000
104659  -47.350  21.704  32.171 0.0000000000
104019  -48.101  20.550  33.115 0.0000000000
103401  -50.141  20.275  33.554 0.0000000000
103381  -51.493  19.671  34.311 0.0000000000
102118  -51.971  18.252  34.486 0.0000000000
102117  -50.025  17.345  34.352 0.0000000000
102116  -48.879  17.115  34.174 0.0000000000
101518  -47.100  16.301  33.871 0.0000000000
102750  -48.404  18.427  32.130 0.0000000000
102125  -46.614  17.166  33.397 0.0000000000
100870  -45.774  15.678  33.364 0.0000000000
100885  -44.489  15.380  32.762 0.0000000000
100215  -43.922  14.793  32.421 0.0000000000
104091  -47.624  19.925  26.252 0.0000000000
102807  -46.646  19.453  27.329 0.0000000000
102788  -45.147  19.099  29.617 0.0000000000
102798  -43.054  19.087  28.755 0.0000000000
102786  -43.366  18.787  29.555 0.0000000000
102775  -43.718  18.510  30.394 0.0000000000
102147  -42.779  17.256  31.456 0.0000000000
100901  -42.278  15.359  31.929 0.0000000000
101500  -52.434  15.931  36.136 0.0000000000
100855  -52.186  15.119  35.873 0.0000000000
100854  -51.722  15.300  35.537 0.0000000000
145260  -51.716  16.729  35.200 0.0000000000
108032  -45.511  26.054  23.743 0.0000000000
108028  -45.906  26.631  24.129 0.0000000000
107310  -42.592  25.623  34.186 0.0000000000
127193  -43.976  34.309  28.304 0.0000000000
112132  -44.965  34.661  27.958 0.0000000000
112153  -45.734  34.417  27.777 0.0000000000
106675  -51.410  24.168  28.005 0.0000000000
106660  -51.435  24.871  28.793 0.0000000000
106017  -51.123  23.238  27.531 0.0000000000
105324  -50.855  22.856  28.116 0.0000000000
105340  -50.790  22.522  27.264 0.0000000000
104704  -50.427  21.908  27.078 0.0000000000
137998  -49.917  21.329  26.839 0.0000000000
125720  -45.853  30.138  24.675 0.0000000000
110355  -47.153  31.257  24.783 0.0000000000
110367  -46.921  30.348  24.172 0.0000000000
109075  -48.393  28.476  26.629 0.0000000000
108546  -48.925  27.905  27.319 0.0000000000
108541  -48.378  27.307  27.916 0.0000000000
107991  -48.127  26.593  28.409 0.0000000000
108540  -47.269  27.185  28.177 0.0000000000
100844  -46.459  15.736  36.671 0.0000000000
123837  -47.003  16.318  37.028 0.0000000000
100829  -47.869  16.283  37.176 0.0000000000
101491  -47.136  17.028  37.229 0.0000000000
111501  -38.307  32.600  31.305 0.0000000000
112066  -38.879  32.948  31.958 0.0000000000
111502  -38.951  32.827  31.046 0.0000000000
111512  -39.392  32.917  30.283 0.0000000000
111522  -38.911  32.592  29.652 0.0000000000
109087  -39.992  28.860  25.063 0.0000000000
136032  -39.685  29.378  25.815 0.0000000000
109665  -40.576  29.254  25.756 0.0000000000
109652  -40.184  29.803  26.329 0.0000000000
109666  -41.506  29.230  25.728 0.0000000000
108055  -45.856  26.633  20.328 0.0000000000
108043  -45.157  27.035  20.948 0.0000000000
108056  -47.067  26.798  20.274 0.0000000000
107453  -47.108  26.016  20.041 0.0000000000
107468  -46.596  25.122  19.642 0.0000000000
105266  -39.426  22.531  33.713 0.0000000000
104639  -39.808  21.479  33.281 0.0000000000
104011  -40.259  20.327  33.387 0.0000000000
103397  -45.655  19.673  33.872 0.0000000000
103399  -47.647  20.093  33.773 0.0000000000
122585  -43.061  31.269  29.619 0.0000000000
139774  -42.980  30.352  29.413 0.0000000000
109623  -42.508  29.589  29.533 0.0000000000
109624  -43.260  29.526  29.323 0.0000000000
143329  -48.590  31.167  27.370 0.0000000000
110310  -49.054  30.472  28.017 0.0000000000
107960  -47.960  26.817  32.189 0.0000000000
108506  -47.532  27.657  32.016 0.0000000000
108486  -47.286  27.212  32.471 0.0000000000
107959  -46.602  26.897  32.847 0.0000000000
127819  -47.135  26.616  32.582 0.0000000000
107321  -46.839  25.820  32.657 0.0000000000
135921  -47.423  25.525  32.150 0.0000000000
104047  -49.482  20.110  31.247 0.0000000000
104039  -50.211  19.708  32.191 0.0000000000
102767  -50.406  19.252  32.252 0.0000000000
102752  -50.371  18.910  32.333 0.0000000000
102766  -49.899  19.072  31.709 0.0000000000
102762  -45.906  18.524  31.399 0.0000000000
102761  -44.987  18.427  31.323 0.0000000000
102149  -44.540  17.851  31.926 0.0000000000
104701  -45.290  21.577  28.170 0.0000000000
104716  -44.627  20.503  27.432 0.0000000000
104082  -43.887  20.116  27.418 0.0000000000
102156  -40.806  17.476  30.344 0.0000000000
101545  -41.057  16.765  30.982 0.0000000000
101537  -40.269  16.324  31.193 0.0000000000
132324  -39.454  16.116  31.377 0.0000000000
99402  -51.445  13.190  37.304 0.0000000000
100873  -48.233  14.924  34.046 0.0000000000
109105  -47.989  29.232  22.710 0.0000000000
108555  -46.723  28.211  24.996 0.0000000000
108551  -46.539  28.059  26.244 0.0000000000
108550  -45.970  27.516  27.054 0.0000000000
108015  -44.915  26.888  26.512 0.0000000000
146225  -43.003  13.777  36.061 0.0000000000
130230  -44.604  16.272  36.645 0.0000000000
143949  -44.010  16.871  37.037 0.0000000000
111499  -36.436  32.135  31.745 0.0000000000
129271  -43.155  26.358  20.662 0.0000000000
107466  -44.145  25.281  19.699 0.0000000000
107465  -42.905  25.397  19.678 0.0000000000
105952  -43.180  23.732  33.210 0.0000000000
145083  -43.051  22.996  32.719 0.0000000000
105953  -43.752  23.163  32.723 0.0000000000
105282  -44.313  22.458  32.533 0.0000000000
105954  -44.567  23.380  32.772 0.0000000000
113415  -45.233  35.489  31.493 0.0000000000
109066  -51.170  28.089  28.820 0.0000000000
109065  -50.449  28.556  29.439 0.0000000000
135385  -50.634  27.784  29.665 0.0000000000
106645  -50.364  25.415  30.245 0.0000000000
107979  -50.250  26.698  30.448 0.0000000000
107334  -49.886  26.302  30.761 0.0000000000
107327  -49.246  26.306  31.232 0.0000000000
131275  -49.648  25.795  30.784 0.0000000000
106643  -48.970  24.586  30.641 0.0000000000
145845  -49.677  24.307  30.111 0.0000000000
104686  -49.435  21.894  29.133 0.0000000000
105314  -49.184  22.741  29.667 0.0000000000
104679  -49.059  21.182  29.531 0.0000000000
104064  -49.170  20.453  29.081 0.0000000000
103424  -49.072  19.815  29.868 0.0000000000
103430  -49.056  19.963  28.785 0.0000000000
103440  -48.539  19.613  27.569 0.0000000000
103429  -48.658  19.613  28.557 0.0000000000
102803  -48.063  19.306  28.372 0.0000000000
102802  -47.203  19.227  28.081 0.0000000000
110953  -45.123  32.171  26.304 0.0000000000
138755  -45.841  33.082  26.537 0.0000000000
110968  -47.487  32.406  25.472 0.0000000000
110955  -48.726  32.981  25.821 0.0000000000
111570  -49.384  32.798  25.040 0.0000000000
109689  -49.129  30.525  23.802 0.0000000000
109672  -50.358  30.455  24.687 0.0000000000
109673  -50.910  30.510  25.266 0.0000000000
110345  -51.084  31.180  26.049 0.0000000000
110346  -51.181  30.621  25.817 0.0000000000
109645  -51.465  29.703  27.048 0.0000000000
109085  -51.454  29.120  26.903 0.0000000000
135989  -50.435  26.999  27.427 0.0000000000
136839  -50.705  25.707  27.457 0.0000000000
107382  -51.049  25.612  27.458 0.0000000000
107381  -50.855  25.112  27.340 0.0000000000
106016  -50.307  23.589  27.196 0.0000000000
106674  -49.532  24.459  27.774 0.0000000000
107346  -47.370  25.175  29.034 0.0000000000
142970  -47.645  23.963  28.643 0.0000000000
105994  -46.811  23.781  28.978 0.0000000000
106014  -46.503  22.974  28.734 0.0000000000
107989  -45.571  26.637  28.387 0.0000000000
107990  -46.508  26.647  28.583 0.0000000000
106654  -43.876  24.590  29.472 0.0000000000
138116  -44.645  24.623  29.485 0.0000000000
134994  -45.336  12.449  37.094 0.0000000000
138018  -45.484  13.044  36.494 0.0000000000
99400  -47.808  13.515  37.095 0.0000000000
99382  -48.773  13.206  37.668 0.0000000000
128885  -48.967  12.278  38.478 0.0000000000
99383  -50.677  13.283  37.888 0.0000000000
122668  -49.518  13.738  37.557 0.0000000000
101476  -49.719  16.151  37.377 0.0000000000
100832  -50.532  15.399  37.493 0.0000000000
101477  -50.896  16.448  37.430 0.0000000000
101478  -52.017  16.064  37.252 0.0000000000
102076  -50.759  17.384  37.156 0.0000000000
113321  -42.730  36.488  36.048 0.0000000000
113322  -43.511  35.950  36.490 0.0000000000
113341  -43.356  36.046  35.530 0.0000000000
127533  -43.996  35.550  35.760 0.0000000000
144282  -43.146  35.807  34.871 0.0000000000
112035  -38.478  33.604  34.441 0.0000000000
112649  -39.419  33.999  34.579 0.0000000000
112068  -40.486  33.703  32.377 0.0000000000
112050  -40.673  33.947  33.210 0.0000000000
112051  -41.629  34.481  33.449 0.0000000000
112667  -42.736  34.999  33.435 0.0000000000
112682  -42.236  34.588  32.747 0.0000000000
112683  -42.888  34.870  32.131 0.0000000000
112705  -41.961  34.371  31.921 0.0000000000
122602  -41.211  33.597  29.478 0.0000000000
112748  -41.683  34.026  30.071 0.0000000000
112113  -41.920  33.955  29.382 0.0000000000
112114  -42.419  34.132  29.010 0.0000000000
111534  -41.836  33.099  28.283 0.0000000000
110925  -38.960  31.975  28.327 0.0000000000
110935  -39.484  31.492  27.762 0.0000000000
110323  -41.114  31.135  27.287 0.0000000000
110937  -41.986  31.710  27.422 0.0000000000
110951  -42.919  31.536  26.926 0.0000000000
110341  -42.456  30.557  26.596 0.0000000000
109668  -43.404  29.472  25.505 0.0000000000
110352  -43.886  30.166  25.882 0.0000000000
108562  -42.357  27.676  23.041 0.0000000000
108563  -43.284  27.711  22.960 0.0000000000
108564  -44.480  27.988  22.778 0.0000000000
109121  -45.752  28.548  22.735 0.0000000000
145569  -45.558  28.841  23.307 0.0000000000
109134  -47.147  28.709  22.075 0.0000000000
108045  -47.692  27.195  20.895 0.0000000000
108037  -47.720  27.507  21.445 0.0000000000
107441  -47.396  26.436  21.668 0.0000000000
107437  -47.187  26.716  22.289 0.0000000000
107440  -46.645  25.740  22.126 0.0000000000
139706  -47.125  25.505  21.363 0.0000000000
106088  -47.371  23.183  20.100 0.0000000000
106080  -47.063  23.819  20.583 0.0000000000
106079  -47.019  22.888  20.386 0.0000000000
105405  -46.062  22.998  20.780 0.0000000000
105416  -46.867  21.921  20.230 0.0000000000
102700  -41.210  18.378  35.980 0.0000000000
102728  -43.163  18.670  35.145 0.0000000000
102702  -42.810  18.415  35.976 0.0000000000
141212  -43.602  18.420  35.955 0.0000000000
145559  -43.968  18.157  36.578 0.0000000000
102703  -44.399  18.407  35.930 0.0000000000
104031  -43.026  20.702  32.734 0.0000000000
104014  -43.353  20.085  33.085 0.0000000000
102731  -46.044  19.249  34.676 0.0000000000
103377  -45.178  19.205  34.493 0.0000000000
102705  -46.230  18.711  35.579 0.0000000000
141089  -46.025  18.307  36.329 0.0000000000
142479  -46.586  18.390  36.213 0.0000000000
102091  -47.314  17.752  36.945 0.0000000000
138652  -47.173  18.280  36.428 0.0000000000
103350  -49.159  19.413  35.165 0.0000000000
102707  -48.584  18.771  35.840 0.0000000000
135159  -49.672  19.049  35.760 0.0000000000
102689  -50.975  18.669  36.272 0.0000000000
102708  -50.732  19.209  35.713 0.0000000000
132698  -42.197  28.435  29.912 0.0000000000
108501  -41.918  27.024  31.048 0.0000000000
111557  -46.614  33.347  26.711 0.0000000000
111545  -46.415  33.651  27.108 0.0000000000
110308  -46.738  30.448  27.993 0.0000000000
110307  -46.364  31.592  27.667 0.0000000000
109636  -45.729  30.146  28.412 0.0000000000
109063  -48.811  28.685  30.210 0.0000000000
109629  -48.182  29.139  29.422 0.0000000000
109048  -46.441  28.116  30.621 0.0000000000
109061  -46.781  28.536  29.908 0.0000000000
109060  -45.743  28.505  29.741 0.0000000000
109626  -45.108  29.237  29.044 0.0000000000
146400  -44.717  27.803  30.446 0.0000000000
107957  -44.987  26.840  33.025 0.0000000000
108503  -44.862  27.106  32.057 0.0000000000
107973  -44.182  26.767  32.636 0.0000000000
107972  -43.290  26.639  32.278 0.0000000000
137545  -44.385  26.531  33.258 0.0000000000
107939  -44.037  26.185  33.656 0.0000000000
107312  -44.473  25.745  33.744 0.0000000000
105956  -46.230  24.018  32.500 0.0000000000
105944  -45.516  24.567  33.053 0.0000000000
105284  -46.073  22.725  32.429 0.0000000000
105969  -48.305  23.804  30.838 0.0000000000
105968  -47.633  23.872  31.460 0.0000000000
104037  -48.723  20.687  32.354 0.0000000000
127980  -47.918  20.968  32.465 0.0000000000
104036  -47.234  20.959  32.703 0.0000000000
103400  -48.743  20.141  33.877 0.0000000000
102740  -51.201  19.272  33.184 0.0000000000
125296  -51.523  19.346  33.741 0.0000000000
102732  -51.942  19.073  34.248 0.0000000000
135621  -51.182  17.997  34.081 0.0000000000
102127  -48.541  17.620  33.497 0.0000000000
125467  -49.503  17.712  33.754 0.0000000000
101519  -47.990  16.840  34.035 0.0000000000
102126  -47.520  17.202  33.623 0.0000000000
124423  -48.607  18.958  30.682 0.0000000000
102765  -49.109  18.818  31.405 0.0000000000
102764  -48.003  18.620  31.372 0.0000000000
102140  -46.697  17.853  32.744 0.0000000000
101516  -45.699  16.615  33.288 0.0000000000
101531  -45.042  15.983  33.112 0.0000000000
101529  -43.654  16.551  32.362 0.0000000000
100884  -43.734  15.645  32.516 0.0000000000
100902  -43.112  15.028  32.272 0.0000000000
105347  -48.175  21.824  27.246 0.0000000000
104720  -48.979  21.195  26.547 0.0000000000
104719  -47.836  20.994  26.622 0.0000000000
127809  -45.166  19.784  27.321 0.0000000000
103447  -46.282  19.745  26.917 0.0000000000
102806  -45.694  19.512  27.624 0.0000000000
102800  -45.297  19.311  28.505 0.0000000000
131656  -44.589  19.205  28.880 0.0000000000
103435  -41.840  19.548  28.042 0.0000000000
102797  -42.223  19.025  28.705 0.0000000000
102785  -42.553  18.641  29.443 0.0000000000
102774  -42.885  18.309  30.230 0.0000000000
102158  -43.232  17.957  31.025 0.0000000000
101538  -41.659  16.101  31.518 0.0000000000
100900  -41.445  15.176  31.655 0.0000000000
129662  -41.878  14.576  31.729 0.0000000000
100181  -52.277  14.332  36.664 0.0000000000
100187  -52.137  14.265  35.980 0.0000000000
100197  -50.389  14.337  34.663 0.0000000000
108029  -47.037  27.618  23.384 0.0000000000
108558  -46.120  27.313  24.716 0.0000000000
141090  -43.362  24.457  33.656 0.0000000000
112750  -44.168  35.160  29.484 0.0000000000
112751  -45.352  35.204  29.349 0.0000000000
111527  -46.134  33.911  28.383 0.0000000000
107983  -51.370  26.484  28.803 0.0000000000
107982  -50.908  26.529  29.704 0.0000000000
107347  -51.379  25.670  29.116 0.0000000000
131698  -51.068  25.190  29.591 0.0000000000
106658  -50.436  24.561  29.775 0.0000000000
105995  -50.165  23.517  29.336 0.0000000000
104072  -49.443  20.475  28.006 0.0000000000
104703  -49.974  21.229  27.326 0.0000000000
124156  -49.457  20.521  26.977 0.0000000000
103450  -48.407  19.746  26.742 0.0000000000
110356  -48.225  31.605  24.455 0.0000000000
109093  -48.512  29.468  24.859 0.0000000000
109671  -49.137  29.890  24.525 0.0000000000
109082  -49.074  29.234  25.774 0.0000000000
109083  -50.362  29.194  26.154 0.0000000000
109077  -50.805  28.348  26.867 0.0000000000
108547  -50.150  27.760  27.225 0.0000000000
107993  -49.991  26.342  27.655 0.0000000000
137201  -48.955  25.204  28.306 0.0000000000
107364  -49.042  25.983  28.304 0.0000000000
107363  -47.982  25.700  28.729 0.0000000000
107362  -46.929  25.918  29.013 0.0000000000
107360  -44.447  25.933  28.912 0.0000000000
97842  -45.999  11.564  38.814 0.0000000000
99398  -45.964  13.831  36.288 0.0000000000
100179  -46.686  14.671  36.489 0.0000000000
100180  -47.574  14.395  36.734 0.0000000000
100846  -48.195  15.124  36.973 0.0000000000
100159  -49.122  14.720  37.246 0.0000000000
100830  -48.846  15.749  37.243 0.0000000000
102074  -48.825  16.713  37.281 0.0000000000
140445  -41.788  36.100  35.662 0.0000000000
112048  -38.454  33.005  32.937 0.0000000000
124016  -39.069  33.448  33.645 0.0000000000
122753  -39.179  33.258  32.751 0.0000000000
112067  -39.705  33.350  32.141 0.0000000000
112084  -40.337  33.514  31.460 0.0000000000
112085  -41.128  33.898  31.717 0.0000000000
112097  -40.210  33.343  30.438 0.0000000000
139227  -40.490  33.307  29.640 0.0000000000
109651  -38.841  29.527  25.966 0.0000000000
110322  -40.079  30.957  27.267 0.0000000000
110338  -39.766  30.333  26.775 0.0000000000
110340  -41.532  30.437  26.724 0.0000000000
109654  -41.995  29.815  26.252 0.0000000000
109667  -42.447  29.295  25.645 0.0000000000
109090  -42.956  28.817  24.901 0.0000000000
138620  -43.294  27.066  21.757 0.0000000000
108575  -43.779  27.484  22.288 0.0000000000
108589  -44.360  27.263  21.645 0.0000000000
108590  -45.710  27.652  21.498 0.0000000000
108577  -47.172  28.182  21.504 0.0000000000
108599  -47.540  27.282  20.720 0.0000000000
107444  -47.515  26.364  20.682 0.0000000000
137455  -47.457  25.756  20.877 0.0000000000
106734  -47.310  25.352  20.506 0.0000000000
106758  -47.286  24.890  20.164 0.0000000000
106757  -47.266  23.941  19.956 0.0000000000
105932  -38.550  23.551  34.911 0.0000000000
105259  -38.557  22.597  34.150 0.0000000000
104628  -38.153  21.672  33.802 0.0000000000
104010  -39.253  20.695  33.450 0.0000000000
102726  -41.536  18.658  35.133 0.0000000000
103372  -40.878  18.965  34.443 0.0000000000
103373  -41.888  19.110  34.196 0.0000000000
103374  -42.739  18.961  34.459 0.0000000000
104015  -44.248  20.095  33.086 0.0000000000
103348  -46.973  19.186  34.931 0.0000000000
145563  -48.648  19.661  34.632 0.0000000000
109056  -41.822  29.560  29.735 0.0000000000
147449  -42.132  29.069  29.635 0.0000000000
109045  -43.028  28.167  29.953 0.0000000000
110940  -47.403  32.622  26.866 0.0000000000
144437  -46.974  32.695  27.152 0.0000000000
108525  -48.839  27.759  31.400 0.0000000000
109050  -48.417  28.280  30.907 0.0000000000
108524  -48.000  27.996  31.591 0.0000000000
108523  -47.072  27.941  31.501 0.0000000000
108522  -46.132  27.703  31.319 0.0000000000
143435  -45.225  27.508  31.203 0.0000000000
108504  -45.815  27.352  32.048 0.0000000000
108485  -46.335  27.153  32.659 0.0000000000
140051  -45.677  26.286  33.325 0.0000000000
107313  -45.288  25.791  33.512 0.0000000000
107314  -46.033  25.790  33.196 0.0000000000
106621  -46.190  25.075  32.854 0.0000000000
105957  -46.993  23.954  31.996 0.0000000000
104672  -48.175  21.796  30.972 0.0000000000
104046  -48.817  20.782  31.500 0.0000000000
104021  -50.426  20.065  32.775 0.0000000000
103409  -50.800  19.508  32.799 0.0000000000
102739  -50.849  18.845  32.954 0.0000000000
102128  -50.558  18.184  33.562 0.0000000000
102763  -46.909  18.550  31.393 0.0000000000
146516  -44.964  17.543  32.472 0.0000000000
102139  -44.968  16.898  32.913 0.0000000000
102138  -44.310  17.139  32.451 0.0000000000
104718  -46.776  20.674  26.804 0.0000000000
104717  -45.762  20.607  27.194 0.0000000000
103446  -44.207  19.782  27.594 0.0000000000
102784  -41.728  18.547  29.325 0.0000000000
102162  -41.264  18.008  29.848 0.0000000000
125159  -40.064  15.280  31.500 0.0000000000
97861  -50.345  11.988  37.692 0.0000000000
131794  -47.867  29.689  23.233 0.0000000000
109106  -47.857  29.579  23.302 0.0000000000
109092  -48.045  29.298  24.328 0.0000000000
108552  -47.389  28.341  26.496 0.0000000000
145505  -46.962  27.515  27.705 0.0000000000
108002  -45.500  27.048  27.635 0.0000000000
135302  -44.899  26.854  27.348 0.0000000000
98693  -44.368  12.323  37.231 0.0000000000
98705  -43.899  12.816  36.583 0.0000000000
138149  -44.351  13.381  36.253 0.0000000000
100177  -44.419  14.283  36.062 0.0000000000
100176  -43.515  14.471  35.985 0.0000000000
125563  -45.246  14.390  36.170 0.0000000000
123933  -44.972  15.231  36.247 0.0000000000
129887  -45.587  16.028  36.600 0.0000000000
101490  -45.286  16.913  37.062 0.0000000000
111477  -37.556  32.756  33.130 0.0000000000
111500  -37.434  32.329  31.400 0.0000000000
111510  -37.482  32.200  30.547 0.0000000000
109101  -41.518  28.447  24.463 0.0000000000
108588  -42.367  26.995  21.710 0.0000000000
138171  -42.907  26.715  21.251 0.0000000000
108054  -44.402  26.381  20.525 0.0000000000
107451  -44.969  25.882  20.019 0.0000000000
107467  -45.465  25.224  19.606 0.0000000000
106754  -44.667  24.532  19.386 0.0000000000
104655  -44.042  21.560  32.491 0.0000000000
104033  -44.688  20.851  32.670 0.0000000000
143346  -45.206  21.222  32.599 0.0000000000
104034  -45.544  20.803  32.792 0.0000000000
110915  -43.721  31.838  29.481 0.0000000000
110298  -43.863  31.143  29.025 0.0000000000
110311  -50.078  30.475  27.966 0.0000000000
109640  -49.644  29.788  28.747 0.0000000000
109631  -50.056  29.202  29.305 0.0000000000
109064  -49.663  28.602  30.012 0.0000000000
108534  -50.462  27.213  30.093 0.0000000000
108527  -49.948  27.226  30.638 0.0000000000
108526  -49.477  27.486  30.994 0.0000000000
108508  -49.121  27.189  31.477 0.0000000000
107974  -48.764  26.779  31.714 0.0000000000
107323  -48.279  26.413  31.895 0.0000000000
107326  -48.132  25.709  31.718 0.0000000000
105301  -48.426  22.843  30.431 0.0000000000
144409  -49.350  19.748  30.780 0.0000000000
102779  -48.767  19.376  30.063 0.0000000000
141073  -48.216  19.058  30.014 0.0000000000
102791  -48.360  19.319  29.333 0.0000000000
127342  -46.866  18.933  29.948 0.0000000000
126459  -46.074  19.083  29.898 0.0000000000
104081  -43.057  20.349  27.524 0.0000000000
104080  -42.284  20.551  27.533 0.0000000000
102783  -40.809  18.561  29.270 0.0000000000
102155  -40.020  17.609  30.348 0.0000000000
111555  -43.909  32.594  27.043 0.0000000000
111544  -45.122  33.660  27.270 0.0000000000
110954  -46.878  32.907  26.124 0.0000000000
111547  -47.246  32.937  26.503 0.0000000000
110941  -48.078  32.791  26.387 0.0000000000
128858  -48.834  32.011  26.750 0.0000000000
110942  -49.789  32.052  26.592 0.0000000000
110969  -49.271  31.908  24.174 0.0000000000
134182  -49.701  30.375  24.296 0.0000000000
110371  -50.173  31.378  23.854 0.0000000000
110970  -49.849  32.354  24.322 0.0000000000
142359  -50.115  32.612  24.943 0.0000000000
110943  -50.555  31.759  26.389 0.0000000000
110327  -50.387  31.206  27.174 0.0000000000
110312  -50.818  30.420  27.654 0.0000000000
109642  -51.250  29.735  27.850 0.0000000000
131461  -51.456  28.070  27.900 0.0000000000
109078  -51.323  28.284  27.223 0.0000000000
108549  -51.311  27.312  27.653 0.0000000000
107994  -51.430  26.520  27.990 0.0000000000
106686  -51.286  25.402  27.736 0.0000000000
106685  -51.131  24.700  27.485 0.0000000000
123911  -51.119  23.600  27.158 0.0000000000
145666  -50.274  22.294  26.815 0.0000000000
106025  -50.716  22.845  26.892 0.0000000000
106015  -49.756  22.864  27.039 0.0000000000
105338  -48.433  22.703  27.579 0.0000000000
105337  -47.212  22.376  28.038 0.0000000000
144094  -46.225  22.173  28.328 0.0000000000
107345  -46.580  25.213  29.274 0.0000000000
107344  -45.067  25.439  29.286 0.0000000000
136512  -45.848  25.158  29.399 0.0000000000
106655  -45.439  24.541  29.471 0.0000000000
98694  -46.107  12.131  37.844 0.0000000000
98695  -47.105  12.438  37.858 0.0000000000
98708  -47.227  13.003  37.139 0.0000000000
98680  -48.091  11.967  38.848 0.0000000000
141301  -49.729  12.004  38.422 0.0000000000
97845  -50.128  11.936  38.195 0.0000000000
98698  -50.737  12.540  37.815 0.0000000000
135945  -51.089  12.928  37.861 0.0000000000
99384  -51.441  13.642  37.582 0.0000000000
100160  -50.256  14.392  37.543 0.0000000000
100161  -51.343  14.537  37.589 0.0000000000
146938  -51.903  14.279  37.408 0.0000000000
100163  -52.319  15.248  37.054 0.0000000000
101479  -52.337  16.053  36.692 0.0000000000
130115  -52.442  16.911  36.197 0.0000000000
112637  -41.238  35.218  34.998 0.0000000000
112036  -40.057  33.842  33.827 0.0000000000
112651  -41.535  34.772  34.275 0.0000000000
113359  -42.447  35.352  34.515 0.0000000000
113379  -43.346  35.504  34.189 0.0000000000
113396  -44.642  35.562  32.700 0.0000000000
113414  -44.676  35.592  31.953 0.0000000000
113432  -44.678  35.569  31.063 0.0000000000
112730  -41.783  34.188  31.029 0.0000000000
112731  -42.474  34.537  30.432 0.0000000000
112732  -43.627  35.167  30.455 0.0000000000
112769  -43.399  34.577  28.896 0.0000000000
112151  -43.467  33.675  27.999 0.0000000000
110914  -38.491  32.229  29.027 0.0000000000
111531  -39.424  32.538  28.919 0.0000000000
111532  -40.286  32.707  28.712 0.0000000000
110936  -40.390  31.670  27.774 0.0000000000
140572  -40.672  32.338  28.230 0.0000000000
145923  -41.320  32.565  28.157 0.0000000000
111541  -41.943  32.467  27.834 0.0000000000
111542  -42.686  33.109  27.920 0.0000000000
111543  -43.712  33.234  27.551 0.0000000000
110952  -44.098  31.835  26.557 0.0000000000
110343  -44.460  31.071  26.126 0.0000000000
110353  -44.967  30.370  25.423 0.0000000000
109102  -42.900  28.356  24.099 0.0000000000
109103  -43.795  28.619  24.206 0.0000000000
109120  -43.617  28.173  23.528 0.0000000000
139203  -44.809  28.957  24.042 0.0000000000
109104  -46.054  29.263  23.514 0.0000000000
109123  -47.867  29.005  22.325 0.0000000000
125169  -46.854  24.503  21.106 0.0000000000
106756  -46.873  23.842  19.543 0.0000000000
106096  -46.983  22.745  19.335 0.0000000000
102086  -42.057  17.682  37.012 0.0000000000
102701  -42.001  18.390  35.961 0.0000000000
102683  -42.447  18.137  36.730 0.0000000000
102087  -42.900  17.643  37.084 0.0000000000
102088  -43.943  17.601  37.009 0.0000000000
102089  -44.972  17.537  36.961 0.0000000000
102090  -45.837  17.488  37.032 0.0000000000
103394  -42.804  19.515  33.685 0.0000000000
103375  -43.472  19.051  34.381 0.0000000000
103376  -44.326  19.129  34.411 0.0000000000
102704  -45.327  18.410  35.954 0.0000000000
102686  -45.550  17.999  36.731 0.0000000000
140986  -46.570  17.449  37.098 0.0000000000
102092  -48.967  17.555  37.017 0.0000000000
102706  -47.749  18.605  35.963 0.0000000000
138687  -49.058  18.312  36.453 0.0000000000
102093  -50.120  18.003  36.807 0.0000000000
102094  -51.262  17.970  36.711 0.0000000000
102095  -52.045  17.784  36.509 0.0000000000
102104  -52.408  17.735  35.722 0.0000000000
108500  -40.953  27.156  31.025 0.0000000000
107970  -41.428  26.556  31.787 0.0000000000
131834  -46.149  34.040  27.522 0.0000000000
110939  -46.672  33.091  27.175 0.0000000000
110929  -46.152  32.797  27.675 0.0000000000
110928  -45.012  31.733  28.470 0.0000000000
110305  -44.477  30.776  28.686 0.0000000000
109639  -48.569  29.740  28.671 0.0000000000
109638  -47.469  29.691  28.590 0.0000000000
109062  -47.805  28.630  30.100 0.0000000000
109625  -44.129  29.353  29.164 0.0000000000
109058  -43.600  28.716  29.577 0.0000000000
108520  -43.402  27.466  30.671 0.0000000000
108521  -44.336  27.394  30.975 0.0000000000
107955  -42.778  26.353  33.037 0.0000000000
107938  -43.155  26.103  33.806 0.0000000000
106619  -44.052  24.956  33.761 0.0000000000
105943  -44.755  24.281  33.221 0.0000000000
105283  -45.173  22.594  32.546 0.0000000000
104657  -45.706  21.635  32.557 0.0000000000
104035  -46.380  20.899  32.801 0.0000000000
106632  -47.533  24.823  31.802 0.0000000000
104671  -47.644  22.056  31.589 0.0000000000
105285  -46.759  22.404  32.202 0.0000000000
104018  -47.024  20.402  33.313 0.0000000000
103379  -49.694  19.994  34.410 0.0000000000
103380  -50.715  20.082  34.133 0.0000000000
103353  -51.995  19.251  34.888 0.0000000000
102733  -52.204  18.674  34.869 0.0000000000
101510  -52.101  17.318  35.126 0.0000000000
101509  -51.233  17.205  34.769 0.0000000000
141081  -50.162  16.530  34.918 0.0000000000
101508  -49.252  16.436  34.606 0.0000000000
140219  -48.483  16.374  34.320 0.0000000000
101507  -47.907  15.803  34.148 0.0000000000
102141  -47.647  17.879  32.974 0.0000000000
102749  -47.301  18.281  32.148 0.0000000000
101517  -46.301  16.249  33.581 0.0000000000
100204  -46.037  14.875  33.208 0.0000000000
100886  -45.246  15.121  33.011 0.0000000000
104093  -49.324  20.813  26.591 0.0000000000
140890  -48.851  20.275  26.506 0.0000000000
103449  -47.759  19.645  26.627 0.0000000000
104090  -46.900  20.028  26.366 0.0000000000
103448  -47.140  19.641  26.707 0.0000000000
102808  -47.323  19.444  27.122 0.0000000000
102801  -46.202  19.296  28.255 0.0000000000
133766  -45.858  19.245  29.114 0.0000000000
102776  -44.601  18.706  30.495 0.0000000000
103445  -43.358  19.832  27.708 0.0000000000
102799  -43.866  19.178  28.775 0.0000000000
102787  -44.204  18.946  29.639 0.0000000000
102760  -44.092  18.211  31.212 0.0000000000
125517  -43.081  16.750  31.974 0.0000000000
101539  -42.442  16.428  31.746 0.0000000000
98697  -50.466  12.475  38.058 0.0000000000
100162  -52.220  14.557  37.124 0.0000000000
100175  -42.693  14.511  35.974 0.0000000000
100182  -52.389  14.815  36.805 0.0000000000
100833  -52.017  14.990  37.419 0.0000000000
100847  -52.408  15.328  36.633 0.0000000000
101499  -52.064  16.232  35.575 0.0000000000
102077  -51.644  17.155  37.077 0.0000000000
102096  -52.343  17.573  36.219 0.0000000000
102119  -52.349  17.959  35.138 0.0000000000
102690  -51.821  18.508  36.124 0.0000000000
102691  -52.304  18.204  35.911 0.0000000000
102709  -51.589  19.079  35.614 0.0000000000
102711  -52.318  18.329  35.374 0.0000000000
103352  -51.365  19.519  35.120 0.0000000000
103454  -46.429  19.906  26.655 0.0000000000
103455  -47.025  19.824  26.503 0.0000000000
103456  -47.578  19.787  26.430 0.0000000000
104083  -45.570  19.982  26.940 0.0000000000
104085  -48.887  20.177  26.569 0.0000000000
104092  -48.230  19.924  26.352 0.0000000000
104715  -43.562  20.789  27.650 0.0000000000
104730  -47.499  20.274  26.345 0.0000000000
104731  -48.393  20.327  26.366 0.0000000000
105349  -50.527  22.215  26.945 0.0000000000
106097  -47.238  22.851  19.725 0.0000000000
106657  -47.143  24.511  29.048 0.0000000000
106659  -51.190  24.465  29.106 0.0000000000
106741  -47.293  24.265  20.324 0.0000000000
107311  -43.549  25.707  33.991 0.0000000000
107361  -45.127  26.147  28.876 0.0000000000
107366  -51.450  25.815  28.225 0.0000000000
107383  -51.264  25.931  27.745 0.0000000000
107454  -47.292  25.832  20.285 0.0000000000
107954  -41.872  26.278  32.809 0.0000000000
107958  -45.797  26.788  33.108 0.0000000000
107975  -49.352  26.749  31.277 0.0000000000
107988  -44.748  26.399  28.434 0.0000000000
108004  -50.844  26.364  27.430 0.0000000000
108535  -51.065  27.225  29.296 0.0000000000
108542  -49.485  27.213  27.631 0.0000000000
109071  -51.108  29.016  28.570 0.0000000000
109084  -51.162  29.104  26.550 0.0000000000
109658  -51.268  29.863  26.233 0.0000000000
109690  -49.947  30.822  23.909 0.0000000000
110297  -42.217  30.105  29.670 0.0000000000
110313  -51.266  30.296  27.256 0.0000000000
110329  -51.278  30.434  26.562 0.0000000000
110357  -50.582  30.983  24.377 0.0000000000
110358  -51.001  31.166  25.145 0.0000000000
110370  -49.675  31.109  23.614 0.0000000000
110957  -50.015  32.610  25.906 0.0000000000
110958  -50.675  31.973  25.473 0.0000000000
110981  -49.929  31.767  23.799 0.0000000000
110982  -50.193  32.059  24.110 0.0000000000
111511  -38.591  32.610  30.470 0.0000000000
111524  -40.070  32.939  29.245 0.0000000000
111533  -41.052  32.945  28.551 0.0000000000
111558  -47.015  33.049  26.518 0.0000000000
111560  -49.491  32.848  25.606 0.0000000000
112096  -39.930  33.092  29.796 0.0000000000
112098  -41.000  33.714  30.805 0.0000000000
112130  -41.644  33.571  28.861 0.0000000000
112666  -40.849  34.230  33.852 0.0000000000
112684  -43.851  35.419  32.435 0.0000000000
112707  -43.748  35.301  31.528 0.0000000000
112771  -45.610  35.115  28.547 0.0000000000
113433  -45.254  35.505  30.812 0.0000000000
130360  -45.785  34.827  28.840 0.0000000000
130890  -37.972  32.410  30.709 0.0000000000
132119  -49.920  21.606  26.770 0.0000000000
137602  -48.217  17.829  36.853 0.0000000000
139535  -48.714  26.229  31.559 0.0000000000
142292  -50.542  29.140  28.995 0.0000000000
144216  -42.264  28.497  24.495 0.0000000000
144366  -48.962  19.938  26.989 0.0000000000
144623  -45.520  18.852  35.165 0.0000000000
145165  -50.825  24.055  29.196 0.0000000000
145169  -43.080  35.075  32.837 0.0000000000
146549  -41.878  35.269  34.716 0.0000000000
147310  -46.687  21.929  27.935 0.0000000000
147569  -51.398  28.543  28.222 0.0000000000
147583  -38.512  20.974  33.574 0.0000000000
147635  -50.823  24.905  29.745 0.0000000000
