#!ascii label  , from subject sub-v1s17x0050253_ses-1 vox2ras=TkReg
1184
145217  26.212  -80.317  -15.063 0.3000000119
26557  19.502  -70.920  -5.166 0.6000000238
30438  17.522  -66.786  -5.281 0.6999999881
142343  17.457  -65.976  -5.357 0.6999999881
16958  25.637  -80.140  -15.093 0.4000000060
21768  20.515  -75.366  -10.562 0.4000000060
17857  25.808  -78.697  -14.043 0.5000000000
16947  26.079  -79.156  -13.937 0.5000000000
151479  19.833  -71.576  -5.478 0.6999999881
27530  18.651  -69.146  -4.940 0.6999999881
27542  19.024  -70.034  -5.008 0.5000000000
29476  18.783  -67.573  -4.642 0.6000000238
149396  18.228  -66.928  -4.892 0.6000000238
151061  18.775  -65.920  -4.581 0.6999999881
32346  18.216  -64.547  -5.394 0.6999999881
18842  24.303  -78.220  -13.823 0.5000000000
21767  21.564  -75.300  -10.778 0.4000000060
17858  24.912  -78.693  -14.241 0.6000000238
22718  19.981  -73.748  -9.563 0.4000000060
24601  19.935  -72.204  -8.469 0.5000000000
19815  24.870  -76.679  -13.154 0.6000000238
25592  19.995  -72.046  -7.812 0.6000000238
25587  20.525  -71.969  -6.427 0.6000000238
20814  25.549  -76.812  -13.073 0.6000000238
25576  21.099  -71.517  -5.961 0.6000000238
27529  19.628  -69.364  -4.614 0.6000000238
150186  19.548  -67.904  -4.297 0.6000000238
32328  20.103  -64.918  -3.682 0.6999999881
30431  19.427  -66.249  -4.127 0.6999999881
145714  19.519  -64.911  -4.213 0.6999999881
32337  19.013  -64.547  -4.835 0.6999999881
34356  18.567  -63.105  -5.475 0.6999999881
32336  19.735  -64.149  -4.294 0.6999999881
33338  19.768  -63.370  -4.818 0.6999999881
33350  19.255  -63.271  -5.288 0.6999999881
34338  20.358  -62.718  -4.777 0.6999999881
17859  23.564  -78.908  -13.898 0.5000000000
18836  21.890  -78.031  -12.762 0.5000000000
19817  21.463  -77.438  -12.236 0.5000000000
23656  20.767  -73.122  -9.496 0.4000000060
142325  23.823  -77.207  -13.168 0.5000000000
25604  20.790  -71.735  -8.726 0.5000000000
25591  20.603  -71.869  -7.250 0.6000000238
21774  25.170  -75.682  -12.165 0.6000000238
21772  24.498  -75.330  -11.884 0.5000000000
22727  23.848  -74.681  -11.227 0.5000000000
26545  21.019  -70.345  -4.701 0.6999999881
28514  20.181  -68.616  -4.190 0.6000000238
26546  20.056  -70.282  -4.754 0.6999999881
30422  20.771  -66.467  -3.352 0.6000000238
29475  20.180  -67.695  -3.881 0.6000000238
148397  20.955  -65.044  -3.126 0.6000000238
30423  20.086  -66.171  -3.659 0.6000000238
33327  21.071  -63.554  -3.259 0.6000000238
143789  20.530  -64.222  -3.475 0.6999999881
34355  19.366  -62.585  -5.457 0.6999999881
34322  21.620  -62.321  -3.445 0.6000000238
35385  20.724  -62.025  -5.238 0.6999999881
152351  20.488  -61.840  -5.685 0.6999999881
34323  20.922  -62.811  -3.740 0.6999999881
23668  21.544  -73.714  -10.007 0.4000000060
19816  22.791  -77.360  -12.728 0.5000000000
130072  22.131  -75.761  -11.292 0.4000000060
24613  21.164  -72.303  -9.261 0.5000000000
25596  20.693  -71.480  -8.104 0.6000000238
137468  22.734  -76.076  -11.779 0.4000000060
25586  21.224  -71.498  -6.774 0.6000000238
20807  23.715  -75.894  -12.236 0.4000000060
22722  22.446  -74.180  -10.496 0.4000000060
151088  23.151  -74.467  -10.834 0.4000000060
24611  23.270  -71.985  -9.701 0.4000000060
26555  21.528  -70.811  -5.435 0.6999999881
143935  21.145  -69.054  -3.989 0.6000000238
28495  20.976  -68.204  -3.673 0.6000000238
148208  21.356  -65.878  -3.002 0.6000000238
29464  20.907  -67.320  -3.483 0.6000000238
32327  21.460  -64.333  -2.912 0.6000000238
35398  20.563  -61.311  -5.929 0.6999999881
35397  21.069  -61.535  -5.773 0.6999999881
35383  22.084  -61.033  -4.541 0.6000000238
35396  21.775  -61.108  -5.697 0.6000000238
149493  22.292  -73.398  -10.112 0.4000000060
24612  21.889  -72.275  -9.478 0.4000000060
26568  21.797  -70.954  -6.352 0.6999999881
24622  22.635  -72.673  -9.878 0.4000000060
26554  22.334  -70.345  -5.788 0.8000000119
24621  23.657  -72.783  -10.183 0.5000000000
28513  21.920  -69.318  -4.158 0.6999999881
146029  21.827  -68.577  -3.726 0.6000000238
140353  22.307  -65.988  -2.827 0.5000000000
30421  21.738  -66.805  -3.164 0.6000000238
139175  19.585  -61.284  -5.661 0.6999999881
35359  23.172  -61.229  -3.534 0.6000000238
139047  22.265  -62.794  -2.929 0.6000000238
35406  21.417  -61.027  -6.217 0.8000000119
36380  20.964  -60.630  -6.229 0.8000000119
135611  22.521  -61.909  -3.275 0.6000000238
36332  22.817  -60.647  -4.108 0.6000000238
26583  21.982  -70.407  -8.383 0.5000000000
26584  21.447  -70.765  -8.002 0.6000000238
26595  22.587  -70.296  -8.747 0.5000000000
28550  24.117  -68.296  -8.599 0.6999999881
149546  23.242  -70.433  -9.121 0.4000000060
133828  22.495  -69.438  -4.508 0.6999999881
28494  22.517  -68.066  -3.553 0.6999999881
30420  22.742  -66.758  -3.074 0.6000000238
141458  22.366  -67.376  -3.305 0.6000000238
31352  22.865  -65.239  -2.725 0.6000000238
37364  21.171  -59.858  -6.192 0.6000000238
138170  23.053  -62.590  -2.914 0.6000000238
36378  22.447  -60.109  -6.512 0.6999999881
37362  22.793  -59.481  -6.680 0.6999999881
37333  24.078  -59.733  -4.937 0.6999999881
141799  23.293  -59.979  -5.380 0.6999999881
36360  22.846  -60.190  -6.197 0.6999999881
28544  23.086  -68.904  -7.919 0.5000000000
147533  22.618  -69.540  -7.713 0.6000000238
26575  22.442  -70.209  -6.916 0.6000000238
152186  24.994  -68.482  -7.768 0.6999999881
27575  23.361  -68.815  -8.366 0.6000000238
27557  22.957  -69.754  -6.207 0.6999999881
148435  25.366  -67.826  -8.489 0.6999999881
28549  24.859  -67.810  -9.037 0.6999999881
27526  23.178  -69.255  -4.684 0.6999999881
28493  23.355  -68.210  -3.685 0.6999999881
141264  23.262  -66.052  -2.841 0.5000000000
29462  23.098  -67.479  -3.366 0.6000000238
38362  20.883  -58.327  -5.505 0.5000000000
33324  24.083  -63.784  -2.807 0.6000000238
31351  23.797  -65.331  -2.729 0.6000000238
39458  22.760  -57.643  -6.412 0.6000000238
39459  21.997  -57.567  -6.001 0.5000000000
34321  23.561  -61.990  -3.187 0.6000000238
33325  23.013  -63.490  -2.719 0.6000000238
38386  23.878  -58.632  -7.084 0.6000000238
39457  23.506  -57.718  -6.799 0.5000000000
40417  24.366  -56.146  -7.254 0.5000000000
36359  24.869  -59.938  -4.730 0.6999999881
36331  23.578  -60.672  -3.850 0.6999999881
37360  25.429  -59.431  -6.622 0.6999999881
37374  24.439  -59.014  -7.136 0.6999999881
39468  25.463  -57.931  -7.874 0.5000000000
37344  24.871  -59.508  -5.668 0.6999999881
38397  26.604  -58.743  -8.559 0.6000000238
27555  24.309  -69.213  -7.065 0.6999999881
27556  23.594  -69.431  -6.591 0.6000000238
27553  25.872  -69.493  -7.383 0.6999999881
27540  23.450  -69.510  -5.533 0.6999999881
29461  23.934  -67.619  -3.397 0.6999999881
28511  23.666  -68.802  -4.163 0.6999999881
141265  24.181  -66.130  -2.857 0.6000000238
39447  21.190  -57.426  -5.486 0.4000000060
41321  23.597  -55.826  -6.774 0.4000000060
153681  24.801  -60.994  -3.887 0.6000000238
34320  24.525  -62.237  -3.310 0.6000000238
39469  24.788  -57.877  -7.485 0.5000000000
145605  24.454  -57.149  -7.279 0.5000000000
38384  25.183  -58.711  -7.561 0.5000000000
40432  25.886  -57.047  -8.069 0.4000000060
36376  25.910  -59.624  -5.918 0.6000000238
141689  27.257  -59.997  -8.237 0.6999999881
145282  26.961  -59.556  -8.454 0.6000000238
38396  27.247  -59.310  -8.868 0.5000000000
27554  25.101  -69.519  -7.005 0.6000000238
27538  24.921  -69.818  -6.092 0.6999999881
27539  24.168  -69.550  -5.784 0.6999999881
26567  26.881  -70.173  -6.987 0.6999999881
27537  26.311  -70.190  -6.218 0.6999999881
28510  24.564  -68.929  -4.143 0.6000000238
29460  24.655  -67.807  -3.405 0.6000000238
141261  24.948  -64.040  -2.894 0.6000000238
141266  25.057  -66.126  -2.813 0.5000000000
32324  24.348  -64.650  -2.735 0.6000000238
35357  25.234  -61.616  -3.751 0.6000000238
143810  24.777  -63.157  -3.087 0.6000000238
40416  25.246  -56.072  -7.649 0.5000000000
41319  25.344  -55.128  -7.770 0.4000000060
36358  25.691  -59.990  -5.006 0.6000000238
41334  26.705  -55.462  -8.497 0.4000000060
36401  27.152  -60.057  -7.792 0.6000000238
37384  27.687  -59.996  -8.738 0.5000000000
144468  25.754  -69.988  -5.465 0.6999999881
27524  24.964  -69.614  -4.840 0.6000000238
27536  27.494  -69.999  -5.169 0.6999999881
28509  25.503  -69.112  -3.996 0.6000000238
28491  25.052  -68.387  -3.651 0.6000000238
26552  27.905  -70.222  -5.782 0.6999999881
29459  25.447  -67.629  -3.249 0.5000000000
33323  25.698  -63.489  -3.081 0.6000000238
150563  25.583  -64.325  -2.848 0.6000000238
34319  25.440  -62.558  -3.409 0.6000000238
35381  25.907  -61.368  -4.050 0.5000000000
36357  26.307  -59.837  -5.282 0.6000000238
36389  27.620  -60.085  -7.610 0.6000000238
37395  28.501  -60.182  -9.267 0.5000000000
28507  27.418  -68.995  -3.957 0.6999999881
28489  26.877  -68.378  -3.457 0.6999999881
31348  25.959  -65.941  -2.714 0.6000000238
140360  25.813  -65.003  -2.716 0.5000000000
34318  26.144  -62.787  -3.330 0.6000000238
36346  26.619  -60.103  -4.564 0.6000000238
37357  27.668  -59.756  -6.938 0.6000000238
36398  29.062  -60.427  -9.183 0.5000000000
23664  25.037  -72.836  -9.924 0.5000000000
25601  25.189  -70.948  -9.834 0.5000000000
136472  25.751  -71.831  -9.786 0.5000000000
25600  25.988  -70.829  -10.091 0.5000000000
27582  25.297  -68.593  -9.563 0.6999999881
27587  27.698  -68.246  -10.709 0.6999999881
27581  26.195  -68.476  -10.082 0.5000000000
26591  26.416  -69.644  -10.333 0.5000000000
28540  25.977  -67.589  -9.096 0.6999999881
28539  26.829  -67.757  -9.770 0.6999999881
26574  26.677  -69.452  -7.802 0.6999999881
129970  26.238  -80.369  -14.701 0.3000000119
31369  17.799  -65.301  -5.353 0.6999999881
28515  19.186  -68.476  -4.592 0.6000000238
33351  18.706  -63.839  -5.367 0.6999999881
133190  19.062  -61.899  -5.541 0.6999999881
26594  23.963  -69.982  -9.202 0.6000000238
32326  22.439  -64.387  -2.692 0.6000000238
37345  23.673  -59.658  -6.169 0.6999999881
37363  21.951  -59.523  -6.419 0.6000000238
37361  23.609  -59.306  -6.791 0.6999999881
38374  23.167  -58.673  -6.783 0.6000000238
140292  24.479  -59.329  -6.710 0.6999999881
40406  23.103  -56.558  -6.453 0.5000000000
40407  22.343  -56.665  -6.039 0.5000000000
138599  27.300  -58.452  -9.106 0.5000000000
30418  24.646  -66.996  -3.106 0.5000000000
28508  26.467  -69.147  -3.866 0.6999999881
30417  25.587  -66.808  -2.949 0.5000000000
36356  26.748  -59.598  -5.674 0.6000000238
37372  28.337  -60.123  -7.797 0.6000000238
29458  26.301  -67.688  -3.180 0.6000000238
35356  26.122  -62.032  -3.697 0.6000000238
30416  26.467  -66.885  -2.858 0.5000000000
27579  29.509  -68.682  -11.031 0.6000000238
26598  33.230  -70.891  -11.236 0.6000000238
26597  34.161  -70.534  -10.453 0.4000000060
27585  30.267  -69.551  -11.757 0.5000000000
27580  28.598  -68.311  -10.659 0.6000000238
139624  18.768  -72.779  -7.065 0.5000000000
26596  34.747  -71.102  -10.587 0.4000000060
24575  19.905  -72.266  -6.163 0.5000000000
24577  18.529  -72.321  -5.846 0.5000000000
26600  31.123  -70.100  -11.504 0.5000000000
27567  34.636  -69.614  -9.265 0.4000000060
24586  19.132  -72.525  -6.276 0.5000000000
26559  17.317  -70.775  -5.472 0.5000000000
26599  32.286  -70.609  -11.429 0.6000000238
26558  18.478  -70.788  -5.326 0.5000000000
26589  30.039  -69.670  -10.163 0.5000000000
27572  28.279  -68.474  -9.762 0.6000000238
27548  34.255  -69.204  -6.995 0.4000000060
27533  33.791  -68.820  -6.068 0.4000000060
26586  33.068  -70.578  -10.537 0.4000000060
26561  15.453  -70.760  -5.124 0.5000000000
26587  31.952  -70.491  -10.343 0.5000000000
141982  16.780  -70.039  -5.464 0.5000000000
27545  15.147  -69.020  -5.249 0.5000000000
27571  29.170  -68.972  -10.054 0.6000000238
26582  28.778  -69.731  -8.905 0.6000000238
27563  27.029  -68.733  -8.568 0.6000000238
28516  18.327  -68.323  -4.977 0.5000000000
28524  15.496  -68.266  -5.421 0.5000000000
27546  14.839  -68.978  -4.952 0.4000000060
155735  30.152  -70.468  -8.296 0.5000000000
26588  30.955  -70.255  -10.173 0.5000000000
26571  29.416  -70.437  -8.059 0.6000000238
26572  28.474  -70.288  -7.687 0.6000000238
27562  27.881  -69.250  -8.708 0.6000000238
26551  28.600  -70.170  -5.957 0.6000000238
26573  27.467  -69.893  -7.713 0.6000000238
27576  34.384  -69.701  -9.606 0.4000000060
27547  34.537  -68.553  -7.729 0.4000000060
137747  16.060  -66.954  -5.477 0.5000000000
29485  15.160  -67.343  -5.341 0.5000000000
28500  14.461  -67.588  -4.216 0.4000000060
139788  16.762  -67.058  -5.464 0.6000000238
28517  14.450  -67.711  -4.620 0.4000000060
27570  32.001  -70.047  -8.666 0.6000000238
26570  30.212  -70.340  -7.507 0.6000000238
27534  29.971  -69.286  -5.941 0.6000000238
27552  29.168  -69.537  -5.535 0.6000000238
28518  33.908  -68.077  -5.917 0.4000000060
31372  15.016  -65.757  -5.027 0.5000000000
30427  14.327  -66.444  -4.154 0.4000000060
144273  15.692  -65.924  -3.507 0.4000000060
27569  33.092  -69.510  -9.197 0.6000000238
27568  34.022  -68.973  -9.379 0.4000000060
28532  31.850  -68.794  -7.487 0.6000000238
26578  32.553  -70.287  -9.601 0.6000000238
27561  31.003  -70.313  -8.162 0.5000000000
28519  30.364  -68.403  -5.775 0.6000000238
28529  30.882  -68.904  -6.549 0.5000000000
28521  28.873  -69.085  -4.915 0.6000000238
28503  33.335  -68.449  -5.294 0.4000000060
28530  34.370  -68.042  -8.377 0.4000000060
32348  16.163  -64.719  -5.319 0.6000000238
32339  14.396  -64.942  -4.000 0.5000000000
150428  15.545  -64.968  -3.467 0.5000000000
137567  16.620  -65.698  -3.293 0.5000000000
29493  33.020  -67.008  -8.226 0.4000000060
28537  34.082  -68.207  -9.026 0.4000000060
28531  32.853  -68.037  -8.280 0.5000000000
29479  31.181  -67.045  -6.164 0.5000000000
156200  30.631  -67.652  -5.722 0.5000000000
28520  29.601  -68.759  -5.288 0.6000000238
28505  29.160  -68.340  -4.647 0.6000000238
27521  27.841  -69.431  -4.605 0.6000000238
30434  33.595  -66.021  -6.083 0.4000000060
29488  34.095  -67.436  -6.677 0.4000000060
30428  33.433  -66.177  -4.931 0.4000000060
29470  33.185  -67.093  -4.471 0.4000000060
150773  17.654  -63.678  -5.475 0.6000000238
31366  33.297  -65.069  -6.601 0.4000000060
30442  33.768  -66.493  -6.940 0.4000000060
33340  14.843  -63.324  -4.236 0.6000000238
33329  15.311  -63.141  -3.613 0.5000000000
32330  15.985  -64.015  -3.369 0.4000000060
30445  33.070  -66.252  -7.845 0.4000000060
29489  31.765  -67.192  -6.917 0.5000000000
29472  30.035  -67.051  -4.807 0.5000000000
30430  29.719  -66.445  -4.290 0.6000000238
29474  28.681  -68.057  -4.111 0.6000000238
29457  28.049  -67.276  -3.227 0.6000000238
31343  33.225  -65.484  -4.566 0.4000000060
34357  17.452  -62.535  -5.240 0.6000000238
33352  15.577  -63.370  -4.749 0.6000000238
146047  14.869  -62.684  -4.029 0.5000000000
33315  17.686  -63.327  -2.991 0.5000000000
31374  33.091  -64.996  -7.083 0.4000000060
30443  32.739  -65.694  -7.448 0.4000000060
30435  31.890  -66.162  -6.869 0.5000000000
31368  30.980  -65.461  -5.572 0.5000000000
145603  28.849  -66.823  -3.533 0.5000000000
31344  32.913  -65.689  -3.788 0.4000000060
35400  16.703  -61.497  -4.778 0.6000000238
35387  15.586  -61.254  -4.200 0.5000000000
35364  15.645  -61.545  -3.736 0.5000000000
31367  31.677  -65.424  -6.455 0.5000000000
143675  30.308  -65.767  -4.755 0.4000000060
135917  29.585  -64.780  -3.478 0.4000000060
30414  28.606  -66.087  -3.023 0.4000000060
135155  27.836  -66.071  -2.683 0.6000000238
145275  26.601  -65.228  -2.627 0.4000000060
32319  32.768  -64.227  -3.686 0.4000000060
32334  33.216  -64.539  -5.228 0.4000000060
36364  18.612  -61.141  -5.295 0.6000000238
33334  32.992  -63.656  -5.716 0.4000000060
152106  19.129  -60.632  -5.354 0.5000000000
36365  17.434  -60.851  -4.848 0.5000000000
141218  15.535  -60.523  -3.983 0.5000000000
35363  16.687  -60.962  -3.512 0.4000000060
35386  16.149  -60.567  -4.369 0.4000000060
32345  31.314  -64.503  -5.711 0.5000000000
149605  30.965  -64.042  -5.142 0.5000000000
150139  30.224  -64.495  -4.212 0.6000000238
32314  28.907  -64.412  -2.781 0.4000000060
31346  28.326  -65.354  -2.699 0.4000000060
32321  27.334  -63.888  -2.577 0.4000000060
34305  29.289  -62.796  -2.867 0.5000000000
36363  19.071  -59.805  -5.073 0.5000000000
36351  18.233  -60.317  -4.938 0.6000000238
37334  19.502  -58.870  -4.961 0.4000000060
34307  27.730  -62.466  -2.567 0.5000000000
33322  26.600  -63.328  -2.946 0.5000000000
35354  29.741  -61.167  -3.272 0.5000000000
32320  29.786  -63.988  -3.522 0.5000000000
33312  28.713  -63.441  -2.576 0.5000000000
33313  27.940  -63.232  -2.432 0.5000000000
34314  32.939  -62.173  -4.901 0.4000000060
38372  28.135  -59.101  -7.118 0.5000000000
34317  26.883  -62.439  -3.086 0.4000000060
33321  27.290  -63.078  -2.705 0.5000000000
37309  28.526  -60.050  -2.763 0.5000000000
35342  28.958  -61.268  -2.644 0.5000000000
39448  20.528  -57.669  -5.178 0.4000000060
38373  27.577  -58.833  -6.265 0.4000000060
37343  27.007  -59.524  -5.013 0.4000000060
37332  27.070  -59.683  -4.154 0.5000000000
35343  27.529  -61.666  -2.786 0.5000000000
36330  27.142  -60.215  -3.613 0.5000000000
36313  28.192  -60.870  -2.621 0.5000000000
152458  27.668  -58.508  -3.741 0.5000000000
39446  27.560  -57.627  -4.928 0.4000000060
29483  17.127  -67.611  -5.412 0.5000000000
31371  15.880  -65.568  -5.357 0.6000000238
135322  17.889  -69.805  -5.328 0.6000000238
146103  18.471  -72.717  -7.979 0.5000000000
37347  20.493  -59.149  -5.561 0.5000000000
146803  27.180  -67.550  -3.106 0.6000000238
31347  27.467  -65.367  -2.572 0.4000000060
27544  15.779  -69.784  -5.371 0.5000000000
28523  16.899  -69.147  -5.451 0.5000000000
135677  16.528  -68.316  -5.485 0.5000000000
30433  14.424  -66.550  -4.441 0.4000000060
30425  15.180  -66.584  -3.634 0.4000000060
27560  32.486  -69.164  -8.377 0.6000000238
31364  14.556  -65.236  -4.366 0.6000000238
31357  14.852  -65.717  -3.681 0.4000000060
30444  33.377  -66.278  -7.621 0.4000000060
132746  16.425  -63.903  -5.232 0.6000000238
33353  15.314  -64.025  -4.800 0.6000000238
32332  14.608  -64.030  -3.986 0.5000000000
31356  16.834  -64.803  -3.194 0.5000000000
30411  17.465  -66.337  -3.039 0.5000000000
32329  17.197  -64.018  -3.102 0.5000000000
34358  15.990  -62.129  -4.625 0.5000000000
34324  15.829  -62.422  -3.549 0.5000000000
34325  15.117  -62.317  -3.887 0.5000000000
31361  29.827  -65.447  -4.030 0.5000000000
140905  16.516  -61.865  -3.452 0.5000000000
144808  31.622  -64.817  -6.219 0.5000000000
31340  27.910  -64.634  -2.469 0.3000000119
38361  27.310  -58.643  -5.181 0.4000000060
8137  31.710  -89.931  -15.708 0.3000000119
8914  30.090  -90.163  -16.253 0.3000000119
8912  31.249  -89.476  -16.254 0.3000000119
8883  29.960  -89.840  -14.203 0.3000000119
8899  29.938  -89.907  -15.733 0.3000000119
8882  30.498  -89.315  -14.998 0.3000000119
8095  29.335  -90.026  -12.156 0.3000000119
8869  29.881  -89.666  -12.786 0.3000000119
141667  32.707  -85.819  -15.476 0.3000000119
9707  31.415  -88.070  -14.826 0.3000000119
9695  30.693  -88.397  -12.872 0.3000000119
152347  29.648  -89.353  -11.902 0.3000000119
11371  31.831  -86.621  -13.996 0.3000000119
12222  31.992  -85.674  -13.902 0.3000000119
10506  30.818  -87.528  -12.454 0.4000000060
9682  30.263  -88.051  -11.857 0.4000000060
8836  28.977  -88.841  -10.725 0.4000000060
8838  27.674  -89.350  -10.064 0.3000000119
13080  31.061  -84.600  -11.941 0.3000000119
12214  31.069  -85.645  -12.006 0.4000000060
11353  30.491  -86.216  -11.385 0.4000000060
10489  29.782  -87.647  -11.034 0.4000000060
13079  31.519  -83.488  -12.829 0.3000000119
10471  28.644  -87.618  -10.011 0.4000000060
14998  30.716  -81.849  -12.526 0.4000000060
14007  30.982  -83.378  -12.213 0.4000000060
9647  27.391  -88.517  -9.609 0.4000000060
11328  27.036  -87.136  -9.630 0.3000000119
13068  30.312  -84.041  -11.365 0.4000000060
12206  30.500  -85.229  -11.310 0.3000000119
11337  29.953  -85.844  -10.808 0.4000000060
13993  30.168  -82.565  -11.794 0.4000000060
130042  28.103  -86.023  -9.835 0.5000000000
11339  28.567  -86.740  -9.878 0.4000000060
19814  25.747  -77.427  -13.095 0.5000000000
14986  30.029  -81.048  -12.038 0.4000000060
10451  27.846  -87.591  -9.637 0.4000000060
16953  25.846  -80.677  -13.944 0.3000000119
145403  25.348  -79.964  -13.194 0.4000000060
12207  25.511  -85.973  -12.122 0.3000000119
24602  18.860  -72.804  -8.625 0.4000000060
24603  18.028  -73.111  -8.317 0.4000000060
146600  24.565  -71.468  -9.773 0.4000000060
137809  24.984  -72.098  -9.897 0.4000000060
136725  24.340  -74.157  -10.642 0.4000000060
13994  29.523  -83.160  -11.201 0.4000000060
12191  29.873  -84.952  -10.787 0.3000000119
154226  29.437  -85.548  -10.454 0.5000000000
21771  24.910  -75.260  -11.665 0.4000000060
14987  29.412  -81.788  -11.439 0.4000000060
156297  25.807  -78.921  -13.299 0.4000000060
11340  27.355  -86.284  -9.942 0.4000000060
18832  25.313  -77.874  -12.143 0.5000000000
11341  26.612  -86.508  -10.127 0.5000000000
16935  24.395  -79.921  -11.990 0.4000000060
16018  25.456  -81.666  -13.766 0.4000000060
12196  25.808  -85.781  -10.931 0.3000000119
14999  24.526  -82.272  -12.891 0.4000000060
24587  17.861  -72.812  -6.566 0.4000000060
142652  24.479  -70.734  -9.627 0.4000000060
13978  28.836  -82.510  -10.904 0.4000000060
12192  29.071  -84.810  -10.441 0.4000000060
21765  24.721  -74.895  -11.056 0.4000000060
20806  25.429  -76.352  -12.243 0.5000000000
13053  28.227  -84.225  -10.464 0.4000000060
12193  28.235  -85.181  -10.241 0.4000000060
141504  25.091  -76.314  -11.336 0.5000000000
14975  28.239  -81.981  -10.501 0.4000000060
14976  27.589  -82.715  -10.115 0.4000000060
13980  27.490  -83.755  -10.247 0.4000000060
13981  26.657  -84.297  -10.110 0.5000000000
13034  26.124  -85.048  -10.437 0.5000000000
21762  24.712  -75.121  -10.231 0.4000000060
19807  24.402  -77.060  -10.526 0.5000000000
15937  27.361  -81.252  -9.270 0.4000000060
134930  25.075  -84.667  -10.543 0.5000000000
17850  24.581  -78.906  -11.734 0.4000000060
13069  25.059  -85.239  -11.565 0.4000000060
13983  23.748  -82.585  -11.321 0.4000000060
14988  23.989  -81.888  -12.187 0.4000000060
15986  24.228  -80.885  -12.177 0.4000000060
24600  25.508  -72.484  -9.630 0.4000000060
24609  26.544  -71.821  -9.552 0.3000000119
13967  26.839  -83.344  -9.784 0.4000000060
13968  26.091  -83.747  -9.639 0.4000000060
20802  24.647  -76.030  -10.421 0.4000000060
30424  16.400  -66.722  -3.426 0.4000000060
15918  26.384  -81.322  -8.262 0.4000000060
15938  26.492  -81.915  -8.806 0.4000000060
13035  24.863  -83.957  -9.837 0.5000000000
150864  24.358  -83.512  -9.910 0.5000000000
146549  24.646  -75.287  -9.330 0.5000000000
19804  24.197  -76.674  -9.654 0.4000000060
15902  25.867  -81.120  -7.773 0.4000000060
13982  23.929  -83.197  -10.497 0.4000000060
17847  23.819  -78.970  -10.588 0.4000000060
15987  23.687  -81.634  -11.316 0.4000000060
17851  23.809  -79.803  -10.993 0.4000000060
25599  26.810  -70.819  -10.177 0.4000000060
22716  25.017  -73.856  -9.578 0.3000000119
153346  25.880  -82.446  -8.768 0.4000000060
14937  24.891  -82.094  -8.462 0.4000000060
22710  25.349  -74.019  -8.759 0.3000000119
15919  25.204  -81.566  -8.015 0.4000000060
15920  24.440  -81.314  -8.218 0.4000000060
14959  24.481  -82.596  -9.016 0.4000000060
14960  23.840  -82.155  -9.528 0.5000000000
16870  25.560  -80.520  -7.241 0.4000000060
16871  24.856  -80.430  -7.314 0.4000000060
16905  23.575  -80.487  -9.269 0.4000000060
140091  23.545  -79.813  -10.001 0.4000000060
18826  23.790  -78.147  -10.026 0.4000000060
26603  27.841  -68.852  -11.008 0.4000000060
16890  23.826  -80.607  -8.426 0.4000000060
9686  21.836  -88.986  -12.501 0.3000000119
13098  32.605  -84.426  -14.945 0.3000000119
13090  31.809  -84.069  -13.281 0.3000000119
14006  31.398  -82.530  -12.954 0.4000000060
15985  29.539  -80.398  -11.285 0.4000000060
14974  28.818  -81.198  -10.941 0.4000000060
16920  28.943  -80.103  -10.229 0.4000000060
15917  27.108  -80.922  -8.633 0.4000000060
24608  27.333  -71.692  -9.589 0.3000000119
16858  26.025  -80.029  -6.737 0.4000000060
25598  27.632  -70.704  -10.422 0.4000000060
154129  26.727  -73.071  -8.556 0.4000000060
21759  25.292  -74.880  -8.332 0.4000000060
18789  25.373  -78.675  -6.164 0.4000000060
17822  24.438  -79.221  -6.947 0.4000000060
17823  23.889  -79.223  -7.607 0.4000000060
18805  23.746  -78.445  -7.989 0.4000000060
19799  24.421  -76.435  -8.279 0.3000000119
21760  24.728  -75.547  -8.577 0.4000000060
19777  25.182  -77.779  -6.125 0.4000000060
18831  25.754  -77.766  -12.880 0.4000000060
26602  28.718  -69.062  -11.448 0.4000000060
8140  29.403  -90.605  -16.191 0.3000000119
9723  30.981  -88.817  -15.729 0.3000000119
8111  29.459  -90.342  -13.303 0.3000000119
8870  21.374  -89.606  -12.764 0.3000000119
8855  22.295  -89.256  -11.530 0.3000000119
8868  30.428  -89.187  -13.463 0.3000000119
12227  32.431  -85.301  -14.897 0.3000000119
10522  31.191  -87.860  -13.533 0.4000000060
8854  29.157  -89.446  -11.326 0.4000000060
11362  31.521  -86.121  -12.926 0.3000000119
12213  31.619  -85.016  -12.847 0.3000000119
10488  30.414  -87.154  -11.554 0.4000000060
10470  29.273  -87.191  -10.335 0.4000000060
15011  31.951  -82.029  -13.658 0.3000000119
15984  30.352  -80.093  -11.794 0.4000000060
12194  27.492  -85.465  -10.206 0.4000000060
155661  26.236  -86.151  -10.628 0.5000000000
152132  24.242  -83.942  -11.926 0.3000000119
12195  26.729  -85.739  -10.458 0.5000000000
15936  27.994  -80.728  -9.668 0.4000000060
15964  23.565  -81.476  -10.334 0.4000000060
18818  23.608  -78.336  -8.944 0.4000000060
24619  30.849  -71.811  -11.624 0.4000000060
25613  31.009  -70.801  -12.176 0.4000000060
24617  32.694  -72.414  -11.381 0.4000000060
24623  33.767  -71.562  -11.362 0.3000000119
144681  31.730  -71.038  -12.189 0.5000000000
25614  30.354  -70.142  -11.982 0.4000000060
26609  29.714  -69.021  -11.610 0.4000000060
21701  30.496  -75.810  -4.129 0.3000000119
22668  31.033  -75.404  -4.619 0.3000000119
25585  32.069  -72.003  -6.547 0.3000000119
25590  33.534  -72.062  -8.067 0.3000000119
25583  33.633  -70.876  -7.689 0.3000000119
26569  34.674  -69.678  -8.648 0.3000000119
22682  31.069  -74.527  -5.016 0.3000000119
24573  31.222  -72.760  -5.703 0.3000000119
25575  30.901  -71.971  -5.339 0.3000000119
22652  29.503  -74.963  -3.604 0.3000000119
22669  29.610  -74.104  -3.940 0.3000000119
26563  32.923  -70.741  -6.825 0.3000000119
27517  33.020  -69.221  -5.578 0.3000000119
24564  30.030  -72.606  -4.477 0.3000000119
26544  30.713  -70.685  -4.419 0.3000000119
25573  32.228  -71.116  -6.355 0.3000000119
25559  29.508  -71.608  -3.501 0.3000000119
25568  29.847  -71.897  -4.093 0.3000000119
27508  30.764  -69.580  -3.423 0.3000000119
26534  29.741  -70.792  -3.281 0.3000000119
27483  30.200  -68.928  -2.033 0.3000000119
24551  28.846  -73.001  -3.160 0.3000000119
27519  31.770  -69.410  -4.431 0.3000000119
28486  32.368  -68.235  -3.983 0.3000000119
29454  32.764  -66.908  -3.783 0.3000000119
26508  29.133  -70.213  -1.766 0.3000000119
27507  31.411  -69.167  -3.754 0.3000000119
30408  32.099  -66.817  -2.653 0.3000000119
27497  29.791  -69.698  -2.300 0.3000000119
28469  30.533  -68.189  -1.689 0.3000000119
28478  31.024  -68.434  -2.555 0.3000000119
29442  31.203  -67.650  -2.021 0.3000000119
134177  32.608  -65.313  -3.151 0.3000000119
29455  32.377  -67.189  -3.285 0.3000000119
31335  32.171  -65.303  -2.357 0.3000000119
33310  32.445  -63.591  -3.132 0.3000000119
33318  32.909  -63.168  -4.338 0.3000000119
34304  32.007  -62.014  -2.734 0.3000000119
145247  32.598  -62.478  -3.690 0.3000000119
34303  32.552  -61.623  -3.726 0.3000000119
24615  34.712  -72.403  -10.606 0.3000000119
24625  32.141  -71.601  -11.955 0.4000000060
142147  34.367  -69.881  -7.770 0.3000000119
28504  33.022  -68.003  -4.522 0.3000000119
23663  31.037  -72.835  -10.781 0.5000000000
135366  30.298  -74.274  -4.475 0.3000000119
26543  31.442  -70.211  -4.805 0.3000000119
25584  32.745  -71.742  -7.171 0.3000000119
25589  34.152  -71.400  -8.508 0.3000000119
25593  34.703  -71.291  -9.278 0.3000000119
25567  30.427  -71.705  -4.664 0.3000000119
23615  29.776  -73.379  -4.226 0.3000000119
26542  32.204  -69.707  -5.192 0.3000000119
26533  30.400  -70.344  -3.691 0.3000000119
28460  30.121  -68.052  -1.022 0.3000000119
29443  30.696  -67.396  -1.176 0.3000000119
145976  31.700  -68.422  -3.397 0.3000000119
135263  29.267  -69.094  -0.747 0.3000000119
129810  31.645  -67.138  -2.227 0.3000000119
133517  26.019  -74.377  -8.120 0.3000000119
22701  25.810  -75.234  -7.680 0.4000000060
22698  28.775  -74.791  -7.549 0.4000000060
22699  27.665  -74.990  -7.311 0.4000000060
23643  27.263  -73.515  -8.402 0.3000000119
22697  29.576  -74.686  -7.850 0.4000000060
22696  30.686  -74.923  -7.829 0.3000000119
22709  26.973  -74.373  -7.970 0.4000000060
22707  28.862  -74.327  -8.293 0.4000000060
22715  31.480  -74.359  -9.031 0.3000000119
23652  28.535  -72.957  -9.161 0.3000000119
23641  29.113  -73.778  -8.924 0.4000000060
23650  30.745  -73.975  -9.371 0.4000000060
24605  29.960  -72.301  -10.672 0.3000000119
23651  29.480  -73.119  -9.603 0.4000000060
23662  32.142  -73.118  -10.737 0.4000000060
156324  28.382  -72.332  -9.508 0.3000000119
24620  29.192  -71.260  -10.888 0.3000000119
26601  29.532  -69.924  -11.706 0.3000000119
24607  28.253  -71.588  -9.989 0.3000000119
140216  30.412  -73.345  -9.915 0.4000000060
22708  27.945  -74.352  -8.045 0.4000000060
16016  32.101  -80.908  -13.632 0.3000000119
19789  24.126  -77.763  -7.521 0.3000000119
16929  35.405  -80.268  -12.374 0.3000000119
16943  33.844  -80.352  -13.174 0.3000000119
16944  32.743  -80.247  -13.069 0.3000000119
16946  31.049  -79.952  -12.291 0.3000000119
21753  25.511  -75.845  -7.227 0.3000000119
19778  24.554  -77.661  -6.792 0.3000000119
142303  34.565  -81.244  -10.832 0.3000000119
15982  33.022  -80.778  -11.943 0.3000000119
15981  33.965  -81.210  -11.427 0.3000000119
16932  31.349  -79.963  -12.043 0.3000000119
16934  30.007  -79.830  -11.188 0.3000000119
21740  25.903  -76.169  -6.438 0.3000000119
15914  35.119  -81.660  -8.763 0.3000000119
15958  33.740  -81.793  -10.430 0.3000000119
152554  34.318  -82.219  -8.968 0.3000000119
15983  31.910  -80.381  -11.701 0.3000000119
14973  32.803  -81.807  -10.598 0.3000000119
15933  30.791  -80.617  -10.352 0.3000000119
14932  33.583  -82.649  -8.566 0.3000000119
143925  32.964  -82.608  -9.291 0.3000000119
15960  31.798  -81.127  -10.743 0.3000000119
14953  32.362  -82.158  -9.931 0.3000000119
16902  29.085  -80.022  -10.030 0.3000000119
16904  27.834  -80.538  -9.112 0.3000000119
16857  26.939  -79.975  -6.867 0.3000000119
14931  34.385  -82.333  -8.146 0.3000000119
15934  29.992  -80.327  -9.936 0.3000000119
14955  30.554  -81.436  -9.493 0.3000000119
16886  28.805  -80.308  -9.485 0.3000000119
131996  26.787  -75.869  -6.255 0.3000000119
13953  33.036  -83.110  -7.928 0.3000000119
13937  33.182  -83.189  -7.104 0.3000000119
14933  32.056  -82.748  -9.100 0.3000000119
14934  31.105  -82.476  -8.983 0.3000000119
15916  28.961  -80.701  -8.711 0.3000000119
16868  27.291  -80.352  -7.567 0.3000000119
18788  26.137  -78.936  -5.921 0.3000000119
20773  26.560  -76.721  -5.681 0.3000000119
140372  27.786  -75.578  -6.272 0.3000000119
154762  24.167  -77.131  -8.067 0.3000000119
13956  30.792  -83.024  -8.262 0.3000000119
14936  29.500  -81.898  -8.272 0.3000000119
16867  27.944  -80.376  -7.874 0.3000000119
17814  26.536  -79.507  -6.309 0.3000000119
16945  31.808  -80.164  -12.706 0.3000000119
15980  34.933  -80.583  -11.671 0.3000000119
154324  33.166  -80.365  -12.731 0.3000000119
8138  31.278  -90.554  -15.506 0.3000000119
8153  31.053  -90.042  -16.274 0.3000000119
8856  21.828  -89.434  -12.013 0.3000000119
8898  30.584  -89.492  -16.037 0.3000000119
8913  30.801  -89.772  -16.278 0.3000000119
9648  26.545  -88.479  -9.462 0.4000000060
9667  29.149  -88.088  -10.497 0.4000000060
9668  28.344  -88.510  -10.058 0.4000000060
9683  29.610  -88.629  -11.323 0.4000000060
9696  30.104  -88.887  -12.290 0.3000000119
9708  30.919  -88.618  -14.240 0.3000000119
9710  21.747  -88.871  -13.235 0.3000000119
9737  31.007  -89.163  -16.247 0.3000000119
10452  27.029  -87.899  -9.467 0.4000000060
10453  26.332  -87.788  -9.535 0.3000000119
10505  31.361  -87.037  -13.124 0.4000000060
10521  31.592  -87.377  -14.099 0.4000000060
11327  27.820  -86.755  -9.665 0.4000000060
11338  29.358  -86.310  -10.322 0.5000000000
11354  29.909  -86.734  -10.853 0.4000000060
11363  30.942  -86.622  -12.185 0.4000000060
11379  32.293  -86.213  -14.947 0.3000000119
13051  29.575  -84.158  -10.852 0.4000000060
13052  28.913  -83.691  -10.708 0.4000000060
13054  27.510  -84.658  -10.357 0.4000000060
13055  24.364  -83.923  -10.527 0.5000000000
13070  24.454  -84.339  -11.361 0.4000000060
13938  32.458  -83.377  -7.429 0.3000000119
13940  30.597  -83.335  -7.437 0.3000000119
13954  32.259  -83.229  -8.238 0.3000000119
13955  31.553  -83.075  -8.478 0.3000000119
13969  25.412  -83.546  -9.436 0.4000000060
13970  24.741  -83.292  -9.376 0.5000000000
13979  28.195  -83.165  -10.519 0.4000000060
13995  24.033  -83.486  -11.444 0.4000000060
14020  31.872  -83.132  -13.546 0.3000000119
14917  33.742  -82.775  -7.612 0.3000000119
14951  33.756  -82.273  -9.487 0.3000000119
14952  33.154  -82.235  -9.936 0.3000000119
14954  31.451  -81.819  -9.773 0.3000000119
14956  27.031  -82.317  -9.506 0.4000000060
14957  26.128  -82.926  -9.228 0.4000000060
14958  25.300  -82.762  -8.876 0.4000000060
14977  24.092  -82.927  -9.698 0.5000000000
14978  23.685  -82.379  -10.398 0.4000000060
14997  31.338  -81.220  -13.147 0.4000000060
15899  35.045  -81.855  -7.738 0.3000000119
15903  25.033  -81.020  -7.608 0.4000000060
15915  29.738  -81.057  -9.126 0.3000000119
15932  34.684  -81.605  -9.843 0.3000000119
15935  29.294  -80.264  -9.643 0.3000000119
15939  24.135  -81.838  -8.823 0.4000000060
15940  23.659  -81.325  -9.433 0.5000000000
15959  32.557  -81.184  -11.243 0.3000000119
15961  29.045  -80.325  -10.641 0.4000000060
15962  28.431  -80.728  -10.261 0.4000000060
15963  27.739  -81.574  -9.918 0.4000000060
16000  32.377  -80.344  -13.359 0.3000000119
16001  31.537  -80.314  -12.979 0.3000000119
16002  30.779  -80.522  -12.531 0.3000000119
16003  24.822  -81.231  -13.040 0.4000000060
16017  26.173  -81.104  -14.618 0.3000000119
16025  26.323  -80.858  -15.142 0.3000000119
16026  25.923  -80.795  -15.356 0.3000000119
16869  26.412  -80.453  -7.321 0.4000000060
16872  23.764  -79.945  -7.994 0.4000000060
16887  28.270  -80.447  -8.826 0.3000000119
16888  27.602  -80.502  -8.356 0.3000000119
16889  26.799  -80.679  -8.006 0.4000000060
16901  29.547  -80.043  -10.267 0.3000000119
16903  28.547  -80.330  -9.684 0.4000000060
16916  35.772  -80.069  -11.753 0.3000000119
16917  31.027  -80.056  -11.223 0.3000000119
16918  30.146  -79.889  -10.765 0.3000000119
16919  29.492  -79.998  -10.603 0.3000000119
16921  23.543  -80.587  -10.220 0.4000000060
16930  34.187  -80.553  -12.450 0.3000000119
16931  32.243  -80.239  -12.461 0.3000000119
16933  30.592  -79.957  -11.557 0.4000000060
16936  23.734  -80.691  -11.229 0.4000000060
16949  34.549  -80.459  -13.282 0.3000000119
16952  26.091  -79.917  -14.193 0.4000000060
16957  26.105  -79.710  -14.615 0.3000000119
17799  27.011  -79.072  -5.841 0.3000000119
17815  25.684  -79.392  -6.378 0.4000000060
17816  24.989  -79.150  -6.508 0.4000000060
17821  25.094  -79.867  -6.846 0.4000000060
17835  23.591  -79.188  -8.428 0.4000000060
17843  23.539  -79.177  -9.463 0.4000000060
17854  25.162  -79.239  -12.586 0.4000000060
17863  25.323  -79.473  -14.605 0.6000000238
18771  26.548  -78.377  -5.621 0.3000000119
18772  25.809  -78.279  -5.800 0.4000000060
18790  24.646  -78.446  -6.606 0.4000000060
18804  24.140  -78.535  -7.242 0.3000000119
18829  24.449  -77.996  -11.129 0.4000000060
18834  25.808  -78.253  -13.417 0.5000000000
18835  25.534  -78.463  -12.723 0.5000000000
18840  25.669  -77.714  -13.398 0.6000000238
18841  25.256  -77.941  -13.805 0.6000000238
18843  23.053  -78.163  -13.322 0.5000000000
19774  26.036  -77.596  -5.663 0.4000000060
19800  23.853  -77.666  -8.442 0.3000000119
19805  23.867  -77.454  -9.392 0.4000000060
19809  25.654  -77.178  -12.585 0.4000000060
19810  25.238  -77.051  -11.695 0.5000000000
19811  21.723  -76.582  -11.666 0.5000000000
19819  25.699  -77.154  -13.152 0.6000000238
19820  25.373  -77.250  -13.374 0.6000000238
19821  24.501  -77.532  -13.513 0.6000000238
20783  25.542  -76.919  -6.102 0.3000000119
20784  24.918  -77.106  -6.557 0.3000000119
20791  25.151  -76.474  -6.826 0.3000000119
20792  24.529  -76.920  -7.335 0.3000000119
20797  24.097  -76.898  -8.847 0.3000000119
20800  24.428  -75.980  -9.311 0.5000000000
20810  25.642  -76.862  -12.895 0.5000000000
20811  25.400  -76.323  -12.722 0.6000000238
20812  24.738  -75.972  -12.561 0.5000000000
20813  22.717  -76.670  -12.214 0.5000000000
21702  29.886  -76.134  -3.628 0.3000000119
21751  28.787  -75.293  -6.606 0.3000000119
21752  26.242  -75.582  -6.988 0.3000000119
21754  24.883  -76.118  -7.660 0.4000000060
21766  22.663  -74.960  -10.938 0.4000000060
22700  26.594  -75.039  -7.512 0.4000000060
22705  30.650  -74.393  -8.731 0.3000000119
22706  29.761  -74.330  -8.500 0.4000000060
22711  24.830  -74.639  -9.256 0.3000000119
22717  24.672  -74.282  -10.226 0.4000000060
22721  23.544  -74.048  -10.705 0.4000000060
22723  21.276  -74.574  -10.343 0.4000000060
22726  24.573  -74.951  -11.328 0.4000000060
23598  29.306  -73.364  -3.677 0.3000000119
23614  30.439  -73.502  -4.794 0.3000000119
23625  31.134  -73.669  -5.388 0.3000000119
23640  29.987  -73.860  -9.192 0.4000000060
23642  28.233  -73.679  -8.558 0.4000000060
23644  26.483  -73.596  -8.397 0.4000000060
23645  18.208  -73.369  -8.867 0.4000000060
23653  25.407  -73.209  -9.346 0.4000000060
23654  24.824  -73.499  -10.067 0.5000000000
23655  21.725  -72.940  -9.693 0.4000000060
23658  18.102  -73.979  -9.180 0.4000000060
23665  24.459  -73.026  -10.158 0.4000000060
23666  23.924  -73.476  -10.485 0.5000000000
23667  23.123  -73.421  -10.365 0.4000000060
23669  20.760  -73.984  -9.865 0.4000000060
24542  28.957  -72.117  -3.011 0.3000000119
24550  29.439  -72.546  -3.743 0.3000000119
24574  30.622  -72.688  -5.099 0.3000000119
24576  19.528  -72.117  -5.795 0.5000000000
24592  19.773  -72.419  -6.864 0.6000000238
24593  19.239  -72.425  -7.883 0.5000000000
24594  17.894  -73.002  -7.579 0.5000000000
24596  34.881  -72.032  -9.667 0.3000000119
24597  27.839  -72.373  -9.226 0.4000000060
24598  27.045  -72.540  -8.821 0.4000000060
24599  26.200  -72.727  -8.952 0.3000000119
24606  28.970  -72.266  -9.879 0.3000000119
24610  24.168  -72.126  -9.918 0.5000000000
24614  19.748  -72.845  -9.133 0.4000000060
24616  33.884  -72.377  -11.149 0.3000000119
24618  31.691  -72.257  -11.553 0.4000000060
24624  32.988  -71.661  -11.637 0.4000000060
24626  31.481  -71.466  -12.038 0.5000000000
25549  29.167  -71.283  -2.822 0.3000000119
25558  30.080  -71.148  -3.951 0.3000000119
25566  31.094  -71.121  -5.133 0.3000000119
25574  31.508  -71.727  -5.891 0.3000000119
25577  20.305  -71.852  -5.816 0.6999999881
25578  19.025  -71.615  -5.489 0.6000000238
25588  34.514  -70.531  -8.559 0.3000000119
25595  21.373  -71.088  -8.515 0.6000000238
25602  23.805  -71.167  -9.546 0.6000000238
25603  22.869  -71.121  -9.269 0.4000000060
25605  34.955  -71.733  -10.533 0.3000000119
25606  34.537  -71.685  -11.043 0.3000000119
25607  34.034  -71.111  -11.117 0.3000000119
25608  30.132  -71.020  -11.712 0.4000000060
25609  28.512  -70.342  -11.062 0.3000000119
25610  27.960  -69.710  -11.004 0.4000000060
25611  33.123  -71.150  -11.550 0.6000000238
25612  32.351  -71.059  -12.028 0.5000000000
26520  30.103  -70.023  -3.003 0.3000000119
26521  29.446  -70.497  -2.555 0.3000000119
26532  31.066  -69.865  -4.105 0.3000000119
26549  32.713  -70.104  -6.096 0.3000000119
26550  31.826  -70.620  -5.584 0.3000000119
26553  27.192  -70.306  -5.981 0.6999999881
26556  20.526  -71.126  -5.251 0.6999999881
26562  33.587  -70.044  -6.901 0.3000000119
26564  29.433  -70.421  -7.060 0.6000000238
26565  28.761  -70.396  -6.679 0.6000000238
26566  27.888  -70.377  -6.662 0.6000000238
26576  21.754  -70.874  -7.254 0.6999999881
26577  21.154  -71.317  -7.523 0.6000000238
26579  31.478  -70.381  -9.208 0.6000000238
26580  30.557  -70.419  -9.057 0.5000000000
26581  29.664  -70.150  -9.054 0.6000000238
26585  34.733  -70.419  -9.912 0.4000000060
26590  27.221  -69.710  -10.664 0.5000000000
26592  25.632  -69.696  -9.939 0.5000000000
26593  24.816  -69.824  -9.606 0.4000000060
26604  27.056  -68.535  -10.600 0.6999999881
26605  32.513  -70.851  -11.808 0.5000000000
26606  31.671  -70.597  -12.055 0.5000000000
26607  30.724  -70.021  -12.010 0.4000000060
26608  30.049  -69.487  -11.861 0.4000000060
27484  29.845  -68.659  -1.294 0.3000000119
27495  31.087  -68.953  -3.187 0.3000000119
27496  30.516  -69.265  -2.750 0.3000000119
27506  31.954  -68.791  -4.056 0.3000000119
27518  32.543  -68.828  -4.697 0.3000000119
27520  28.377  -69.254  -4.746 0.6000000238
27522  26.998  -69.675  -4.437 0.6999999881
27523  26.059  -69.716  -4.514 0.6999999881
27525  23.990  -69.275  -4.804 0.6000000238
27527  21.966  -70.047  -4.785 0.6999999881
27528  20.587  -69.586  -4.400 0.6000000238
27532  14.642  -68.468  -4.490 0.4000000060
27535  28.341  -69.695  -5.220 0.6000000238
27541  22.751  -69.718  -5.233 0.6999999881
27543  17.880  -68.928  -5.265 0.6000000238
27549  30.987  -69.727  -7.287 0.5000000000
27550  30.197  -69.852  -6.666 0.6000000238
27551  29.401  -70.018  -6.223 0.6000000238
27558  34.581  -68.848  -8.637 0.4000000060
27559  34.644  -69.208  -7.959 0.4000000060
27564  23.614  -68.799  -7.562 0.6999999881
27565  23.043  -69.395  -7.189 0.6000000238
27566  22.118  -70.148  -7.832 0.6000000238
27573  27.393  -68.084  -9.453 0.6000000238
27574  26.676  -67.823  -9.132 0.6999999881
27577  33.724  -69.935  -9.821 0.4000000060
27578  30.261  -69.381  -11.242 0.5000000000
27583  24.427  -68.827  -9.156 0.6999999881
27584  23.161  -69.596  -8.739 0.4000000060
27586  28.971  -68.499  -11.308 0.6000000238
28487  32.198  -67.812  -3.457 0.3000000119
28488  27.904  -68.130  -3.621 0.6000000238
28490  25.936  -68.427  -3.513 0.6000000238
28492  24.207  -68.304  -3.731 0.6000000238
28499  14.907  -68.165  -3.917 0.4000000060
28506  28.342  -68.769  -4.342 0.6000000238
28512  22.706  -68.843  -3.999 0.6999999881
28522  17.492  -68.312  -5.335 0.5000000000
28525  14.718  -68.191  -5.046 0.4000000060
28526  34.321  -67.746  -7.618 0.4000000060
28527  34.286  -68.328  -6.765 0.4000000060
28528  31.593  -68.097  -6.909 0.5000000000
28533  26.138  -68.355  -8.418 0.6999999881
28534  24.825  -67.830  -8.394 0.6999999881
28535  24.279  -68.185  -7.952 0.6999999881
28536  34.304  -68.276  -8.865 0.4000000060
28538  33.501  -68.493  -8.907 0.4000000060
28541  25.187  -67.607  -8.884 0.6999999881
28542  24.497  -67.870  -8.530 0.6999999881
28543  23.794  -68.312  -8.158 0.6000000238
28545  34.372  -68.855  -9.155 0.4000000060
28546  28.120  -68.215  -10.726 0.6999999881
28547  27.756  -67.952  -10.216 0.6000000238
28548  25.953  -67.759  -9.415 0.6999999881
28551  27.401  -67.956  -10.386 0.6999999881
29450  31.776  -67.640  -2.793 0.3000000119
29456  28.580  -67.562  -3.729 0.6000000238
29463  21.715  -67.741  -3.447 0.6000000238
29465  20.109  -66.861  -3.726 0.6000000238
29467  15.531  -67.493  -3.622 0.4000000060
29468  14.665  -67.218  -3.846 0.4000000060
29469  14.365  -67.002  -4.044 0.4000000060
29471  32.652  -67.547  -3.902 0.3000000119
29473  29.313  -67.458  -4.294 0.6000000238
29477  14.343  -67.100  -4.361 0.4000000060
29478  33.582  -67.614  -5.264 0.4000000060
29480  30.561  -67.045  -5.445 0.5000000000
29481  29.965  -67.822  -5.113 0.6000000238
29482  17.941  -67.580  -5.118 0.5000000000
29484  16.193  -67.602  -5.506 0.6000000238
29486  14.504  -67.281  -4.820 0.5000000000
29487  33.920  -66.993  -7.669 0.4000000060
29490  31.098  -67.907  -6.270 0.5000000000
29491  34.079  -67.433  -8.238 0.4000000060
29492  33.510  -67.106  -8.121 0.4000000060
29494  32.326  -67.562  -7.587 0.5000000000
29495  34.018  -67.749  -8.669 0.4000000060
29496  33.600  -67.705  -8.587 0.4000000060
30397  30.475  -66.793  -0.350 0.3000000119
30412  33.037  -66.311  -4.079 0.4000000060
30413  32.600  -66.342  -3.278 0.3000000119
30415  27.443  -66.766  -2.829 0.6000000238
30419  23.651  -66.840  -3.106 0.5000000000
30426  14.512  -66.432  -3.874 0.4000000060
30429  30.447  -66.359  -5.112 0.4000000060
30432  18.794  -66.645  -4.569 0.6000000238
30436  31.129  -66.263  -5.909 0.5000000000
30437  18.141  -66.099  -4.973 0.6999999881
30439  16.648  -66.314  -5.483 0.6999999881
30440  15.526  -66.410  -5.344 0.5000000000
30441  14.777  -66.515  -5.048 0.5000000000
30446  32.535  -66.536  -7.585 0.4000000060
31345  29.110  -65.393  -3.178 0.4000000060
31349  25.315  -65.457  -2.724 0.6000000238
31350  24.640  -65.418  -2.740 0.5000000000
31353  21.898  -65.162  -2.766 0.6000000238
31354  20.490  -65.677  -3.411 0.6000000238
31355  19.751  -65.556  -3.874 0.6999999881
31358  14.458  -65.677  -3.929 0.4000000060
31359  33.372  -65.259  -5.608 0.4000000060
31360  30.581  -64.979  -4.885 0.5000000000
31362  19.156  -65.401  -4.428 0.6999999881
31363  18.503  -65.275  -4.932 0.6999999881
31365  14.393  -65.799  -4.144 0.4000000060
31370  16.946  -65.418  -5.511 0.6000000238
31373  14.588  -65.873  -4.577 0.6000000238
31379  33.057  -65.579  -7.437 0.4000000060
32313  29.344  -63.542  -2.996 0.5000000000
32315  28.173  -63.936  -2.439 0.4000000060
32318  33.000  -64.854  -4.164 0.4000000060
32322  26.371  -64.280  -2.771 0.5000000000
32323  25.110  -64.812  -2.757 0.6000000238
32325  23.438  -64.488  -2.691 0.6000000238
32331  14.965  -63.968  -3.659 0.5000000000
32335  33.065  -63.833  -4.817 0.4000000060
32338  14.606  -64.203  -4.194 0.5000000000
32342  33.116  -64.436  -6.256 0.4000000060
32344  31.998  -64.141  -6.333 0.5000000000
32347  17.279  -64.601  -5.475 0.6000000238
32349  15.094  -64.880  -4.869 0.6000000238
32352  33.123  -64.724  -6.741 0.4000000060
33319  30.555  -63.546  -4.475 0.5000000000
33320  30.043  -62.985  -3.686 0.6000000238
33326  21.952  -63.595  -2.805 0.6000000238
33328  16.481  -63.265  -3.343 0.5000000000
33330  14.813  -63.195  -3.902 0.5000000000
33331  14.635  -63.396  -4.007 0.6000000238
33335  32.905  -62.869  -5.271 0.4000000060
33337  20.318  -63.435  -4.027 0.6999999881
33339  19.286  -63.821  -4.976 0.6999999881
33349  31.777  -63.621  -5.916 0.5000000000
34306  28.537  -62.625  -2.504 0.5000000000
34309  17.110  -62.581  -3.276 0.5000000000
34337  21.062  -62.136  -4.304 0.6999999881
34339  19.774  -62.862  -5.219 0.6999999881
34340  15.293  -62.691  -4.396 0.6000000238
34354  20.113  -62.344  -5.464 0.6999999881
35333  31.453  -61.475  -1.863 0.3000000119
35341  32.226  -60.872  -3.152 0.3000000119
35355  26.792  -61.598  -3.398 0.4000000060
35358  24.175  -61.265  -3.588 0.6000000238
35360  22.429  -61.211  -3.773 0.6000000238
35361  21.744  -61.574  -3.912 0.6000000238
35365  15.396  -61.312  -3.985 0.5000000000
35379  26.646  -60.903  -3.817 0.5000000000
35380  26.264  -61.383  -3.879 0.6000000238
35382  25.404  -60.726  -4.257 0.6000000238
35384  21.377  -61.550  -4.929 0.6000000238
35399  18.015  -61.746  -5.222 0.6000000238
36312  29.142  -60.496  -2.832 0.5000000000
36329  27.763  -60.072  -2.920 0.5000000000
36347  26.151  -60.682  -4.418 0.6000000238
36348  24.330  -60.410  -4.129 0.6999999881
36349  23.432  -60.195  -4.473 0.6999999881
36350  22.579  -60.455  -5.220 0.6999999881
36352  16.941  -59.824  -4.549 0.4000000060
36361  22.141  -60.616  -6.212 0.6999999881
36362  19.995  -60.514  -5.690 0.5000000000
36374  27.151  -59.761  -6.694 0.6000000238
36375  26.579  -59.673  -6.281 0.6000000238
36377  23.030  -59.837  -6.570 0.6999999881
36379  21.742  -60.396  -6.367 0.6999999881
36388  28.163  -60.317  -8.227 0.6000000238
36390  26.917  -59.948  -7.125 0.6000000238
36399  28.338  -60.346  -8.703 0.5000000000
36400  27.718  -60.250  -8.221 0.6000000238
37321  27.578  -59.314  -3.494 0.5000000000
37346  21.224  -59.061  -5.950 0.5000000000
37358  27.193  -59.458  -6.013 0.5000000000
37359  26.507  -59.733  -7.466 0.6999999881
37373  25.977  -59.267  -7.704 0.6000000238
37383  28.749  -60.350  -8.616 0.5000000000
37385  26.691  -59.717  -8.012 0.6999999881
37386  26.406  -59.238  -8.201 0.6000000238
38349  27.293  -58.943  -4.225 0.4000000060
38363  20.146  -58.246  -5.105 0.4000000060
38375  22.398  -58.613  -6.437 0.6000000238
38376  21.611  -58.426  -5.971 0.5000000000
38385  24.477  -58.477  -7.316 0.6000000238
38398  25.924  -58.701  -8.078 0.5000000000
38409  27.865  -59.487  -9.316 0.5000000000
39456  27.569  -57.970  -5.715 0.4000000060
39470  24.152  -57.818  -7.185 0.6000000238
40418  23.877  -56.864  -6.934 0.5000000000
41308  23.085  -55.599  -6.356 0.5000000000
41320  24.619  -55.190  -7.445 0.4000000060
41335  26.004  -55.895  -8.073 0.5000000000
129802  15.157  -61.974  -4.102 0.5000000000
129895  19.918  -61.920  -5.717 0.6999999881
130324  21.549  -71.630  -9.088 0.5000000000
130680  25.215  -59.209  -7.224 0.6999999881
131456  26.932  -85.020  -10.434 0.5000000000
132216  26.968  -66.063  -2.641 0.4000000060
132477  16.398  -63.041  -5.017 0.6000000238
133274  23.821  -76.549  -12.763 0.5000000000
134151  27.317  -60.888  -3.103 0.5000000000
134181  23.993  -82.738  -12.106 0.4000000060
134470  25.689  -81.944  -8.375 0.4000000060
134758  31.522  -73.732  -9.865 0.4000000060
134979  31.329  -67.044  -1.681 0.3000000119
135033  19.466  -67.160  -4.202 0.6000000238
135533  33.219  -81.475  -11.118 0.3000000119
136500  29.137  -61.968  -2.719 0.5000000000
136597  28.872  -90.590  -12.583 0.3000000119
137464  22.063  -71.009  -8.914 0.4000000060
137472  27.115  -64.693  -2.578 0.4000000060
137562  23.932  -55.114  -7.090 0.4000000060
137655  25.061  -57.034  -7.560 0.5000000000
138438  25.594  -69.934  -6.429 0.6000000238
138444  20.523  -59.993  -5.859 0.6000000238
138859  19.930  -59.670  -5.424 0.5000000000
138876  33.392  -65.625  -7.109 0.4000000060
138939  28.306  -68.449  -11.082 0.4000000060
139261  23.332  -75.401  -11.593 0.4000000060
139575  27.518  -58.075  -4.232 0.5000000000
140361  23.851  -62.870  -2.961 0.6000000238
140773  28.837  -85.774  -10.085 0.5000000000
140957  23.830  -81.158  -8.784 0.4000000060
141363  29.494  -69.402  -1.518 0.3000000119
141365  29.237  -66.065  -3.581 0.5000000000
141572  21.545  -63.010  -3.149 0.6000000238
142313  26.648  -70.098  -5.216 0.6999999881
142922  25.880  -59.462  -7.214 0.6999999881
143222  28.335  -61.806  -2.509 0.5000000000
144875  21.344  -69.704  -4.364 0.6999999881
145646  14.624  -64.850  -3.803 0.4000000060
146193  32.795  -82.947  -8.632 0.3000000119
146230  23.560  -79.899  -8.807 0.4000000060
146379  22.591  -69.523  -8.241 0.5000000000
147983  32.828  -61.692  -4.525 0.4000000060
148045  24.322  -79.909  -7.365 0.4000000060
148092  20.422  -72.342  -9.041 0.5000000000
148151  29.484  -69.051  -11.669 0.4000000060
148233  22.372  -71.789  -9.407 0.4000000060
148771  24.321  -80.579  -7.773 0.4000000060
148889  33.496  -69.474  -6.287 0.3000000119
149098  24.313  -78.092  -6.991 0.3000000119
149189  26.988  -75.405  -6.878 0.3000000119
149686  18.561  -62.425  -5.451 0.6999999881
149706  26.834  -67.853  -10.189 0.6999999881
150190  25.010  -75.544  -11.457 0.5000000000
150292  30.153  -74.891  -4.165 0.3000000119
150462  28.168  -66.628  -2.978 0.4000000060
151291  15.898  -68.926  -5.454 0.5000000000
151394  23.762  -69.030  -8.784 0.6999999881
151481  27.747  -72.994  -8.742 0.3000000119
151485  33.823  -66.983  -5.996 0.4000000060
151625  31.643  -69.691  -7.920 0.6000000238
151915  26.253  -59.656  -6.789 0.6000000238
151921  31.443  -84.146  -12.530 0.3000000119
151933  33.605  -66.802  -5.276 0.4000000060
152381  25.228  -75.536  -7.887 0.4000000060
152849  25.632  -84.268  -9.938 0.5000000000
153369  21.975  -74.766  -10.631 0.4000000060
153997  15.104  -62.087  -4.010 0.5000000000
154418  27.275  -68.022  -10.509 0.6999999881
154794  25.865  -73.541  -8.616 0.3000000119
154868  15.512  -60.599  -3.919 0.5000000000
154969  23.524  -79.853  -9.392 0.4000000060
155085  33.884  -67.558  -5.910 0.4000000060
155526  25.557  -68.460  -8.034 0.6999999881
155564  25.509  -85.284  -10.825 0.5000000000
155820  25.946  -67.246  -3.059 0.6000000238
