#!ascii label  , from subject sub-v1s17x0050261_ses-1 vox2ras=TkReg
917
28262  -19.752  -63.097  48.202 0.0000000000
53219  -40.703  -39.832  47.031 0.0000000000
57614  -47.987  -34.800  41.988 0.0000000000
57741  -56.659  -35.408  33.942 0.0000000000
137462  -39.878  -45.224  47.368 0.0000000000
58772  -52.911  -34.456  37.889 0.0000000000
67128  -54.953  -27.134  31.253 0.0000000000
71178  -58.197  -22.567  30.067 0.0000000000
50987  -43.703  -40.812  46.425 0.0000000000
153347  -46.925  -38.259  43.296 0.0000000000
57558  -42.669  -35.470  44.343 0.0000000000
29411  -19.710  -61.030  51.903 0.0000000000
32909  -24.495  -58.323  51.546 0.0000000000
139718  -28.623  -53.534  52.425 0.0000000000
44529  -29.914  -47.507  51.321 0.0000000000
47730  -32.495  -44.242  50.235 0.0000000000
44543  -37.454  -47.420  50.764 0.0000000000
151821  -42.289  -45.270  48.829 0.0000000000
52192  -50.717  -40.114  39.836 0.0000000000
74241  -58.854  -19.276  29.822 0.0000000000
53195  -42.527  -39.530  48.345 0.0000000000
55388  -43.766  -37.780  47.139 0.0000000000
55413  -41.722  -37.391  45.681 0.0000000000
32894  -20.134  -57.866  52.917 0.0000000000
31896  -22.070  -59.155  51.558 0.0000000000
132203  -33.921  -43.265  48.278 0.0000000000
45552  -35.188  -46.113  50.901 0.0000000000
46675  -36.492  -45.050  49.258 0.0000000000
49833  -39.960  -42.398  46.428 0.0000000000
47733  -40.117  -44.526  49.602 0.0000000000
49822  -41.187  -41.863  49.049 0.0000000000
48794  -43.579  -43.387  47.381 0.0000000000
56468  -48.313  -35.343  44.108 0.0000000000
53268  -49.448  -39.409  41.803 0.0000000000
56493  -50.504  -35.662  42.498 0.0000000000
129250  -54.186  -35.029  35.700 0.0000000000
55493  -54.344  -36.876  37.108 0.0000000000
147253  -56.670  -37.427  34.504 0.0000000000
56664  -57.343  -36.601  31.910 0.0000000000
67114  -57.885  -26.193  33.310 0.0000000000
133816  -56.339  -29.002  33.188 0.0000000000
46694  -37.455  -45.872  46.715 0.0000000000
129665  -52.847  -36.088  32.933 0.0000000000
68195  -56.403  -25.080  30.271 0.0000000000
69192  -59.050  -24.540  31.686 0.0000000000
73218  -60.437  -20.689  28.585 0.0000000000
49851  -42.825  -41.665  43.258 0.0000000000
54355  -44.687  -38.291  44.935 0.0000000000
56454  -45.510  -36.048  45.750 0.0000000000
27014  -19.840  -63.451  50.738 0.0000000000
32925  -26.309  -57.938  50.189 0.0000000000
35049  -27.172  -56.011  52.471 0.0000000000
35063  -28.424  -56.300  50.440 0.0000000000
139572  -30.578  -53.528  50.498 0.0000000000
40493  -31.417  -50.909  50.246 0.0000000000
44569  -30.986  -47.669  48.531 0.0000000000
46648  -30.194  -44.944  49.678 0.0000000000
137907  -34.392  -47.471  47.602 0.0000000000
45592  -38.361  -46.023  49.798 0.0000000000
44546  -39.953  -46.980  50.253 0.0000000000
43585  -41.386  -48.567  47.029 0.0000000000
45619  -43.171  -46.510  46.382 0.0000000000
47808  -43.228  -44.798  44.980 0.0000000000
56533  -52.397  -36.479  39.744 0.0000000000
62075  -55.620  -31.041  32.274 0.0000000000
58818  -58.994  -34.275  32.965 0.0000000000
149370  -18.048  -63.433  49.456 0.0000000000
149163  -41.603  -39.404  48.128 0.0000000000
54336  -42.204  -38.264  47.616 0.0000000000
53232  -41.161  -38.694  46.001 0.0000000000
48802  -34.664  -43.642  46.796 0.0000000000
47745  -35.725  -43.960  49.124 0.0000000000
47771  -35.995  -43.969  47.145 0.0000000000
155487  -40.168  -41.248  47.376 0.0000000000
49821  -40.357  -41.908  48.367 0.0000000000
52102  -40.771  -40.557  48.244 0.0000000000
50965  -42.172  -41.093  48.881 0.0000000000
57595  -49.602  -35.043  43.163 0.0000000000
153188  -49.176  -34.494  42.640 0.0000000000
134280  -55.712  -35.503  35.040 0.0000000000
56595  -55.952  -36.067  35.721 0.0000000000
57723  -57.148  -35.988  34.565 0.0000000000
55556  -56.768  -37.493  33.111 0.0000000000
56633  -58.025  -36.157  33.754 0.0000000000
149258  -58.301  -26.596  31.651 0.0000000000
65133  -58.242  -27.958  33.031 0.0000000000
131898  -57.363  -28.023  30.550 0.0000000000
69216  -56.046  -24.560  28.719 0.0000000000
69204  -57.591  -23.881  30.674 0.0000000000
69180  -58.322  -24.375  32.239 0.0000000000
70163  -58.912  -23.107  31.764 0.0000000000
70176  -59.700  -23.436  30.858 0.0000000000
71164  -59.167  -22.445  31.367 0.0000000000
74234  -60.204  -19.454  30.476 0.0000000000
50997  -43.432  -41.233  45.074 0.0000000000
52152  -43.601  -39.936  44.059 0.0000000000
52130  -43.762  -39.919  45.873 0.0000000000
56442  -43.364  -36.193  46.586 0.0000000000
55404  -44.916  -36.692  46.241 0.0000000000
148796  -44.584  -35.148  45.806 0.0000000000
58699  -46.000  -34.343  44.641 0.0000000000
58697  -43.772  -34.739  44.061 0.0000000000
28242  -21.165  -63.246  50.474 0.0000000000
141545  -21.301  -62.228  50.595 0.0000000000
32908  -23.333  -58.449  52.060 0.0000000000
38289  -27.917  -53.288  52.703 0.0000000000
36133  -27.701  -54.710  52.758 0.0000000000
35050  -27.835  -55.744  51.968 0.0000000000
36139  -28.820  -54.765  51.761 0.0000000000
36147  -29.823  -54.696  50.640 0.0000000000
37152  -29.731  -53.735  51.556 0.0000000000
42475  -31.217  -49.534  50.819 0.0000000000
42490  -31.665  -49.749  48.993 0.0000000000
144394  -30.760  -47.421  49.724 0.0000000000
149451  -31.956  -43.621  49.879 0.0000000000
48762  -30.249  -43.825  49.693 0.0000000000
46649  -31.005  -44.573  49.586 0.0000000000
46671  -30.863  -45.915  48.248 0.0000000000
46673  -32.220  -45.283  48.978 0.0000000000
45603  -33.124  -46.370  47.661 0.0000000000
45589  -33.424  -46.235  48.793 0.0000000000
44541  -35.728  -47.061  50.847 0.0000000000
44558  -35.549  -47.693  50.358 0.0000000000
43561  -36.464  -48.463  50.001 0.0000000000
43562  -37.857  -48.694  49.923 0.0000000000
151291  -38.146  -46.395  47.901 0.0000000000
46695  -39.433  -45.711  48.145 0.0000000000
47735  -41.338  -44.281  49.546 0.0000000000
144134  -40.442  -45.582  50.087 0.0000000000
45594  -41.479  -46.544  49.097 0.0000000000
44572  -40.773  -47.836  48.717 0.0000000000
45595  -42.132  -46.536  48.342 0.0000000000
46696  -43.063  -45.710  47.576 0.0000000000
50971  -43.698  -41.613  47.251 0.0000000000
136910  -43.641  -43.230  46.670 0.0000000000
49844  -43.525  -42.768  45.688 0.0000000000
138512  -43.079  -42.869  44.644 0.0000000000
31885  -18.636  -59.398  52.865 0.0000000000
29409  -18.367  -61.565  52.329 0.0000000000
138411  -18.585  -62.865  51.529 0.0000000000
53249  -45.873  -38.861  43.027 0.0000000000
53261  -46.969  -39.546  42.491 0.0000000000
53269  -49.904  -39.645  41.305 0.0000000000
57657  -51.533  -34.699  38.984 0.0000000000
58756  -51.798  -34.380  40.310 0.0000000000
58758  -52.926  -34.412  39.516 0.0000000000
54425  -54.858  -38.056  35.631 0.0000000000
54415  -53.915  -37.907  36.782 0.0000000000
63097  -58.334  -30.073  33.319 0.0000000000
63096  -56.709  -30.150  33.157 0.0000000000
60956  -57.841  -31.731  33.045 0.0000000000
60969  -57.001  -32.394  32.345 0.0000000000
60958  -59.083  -32.603  32.738 0.0000000000
58837  -59.149  -34.131  31.592 0.0000000000
72194  -57.666  -21.485  27.939 0.0000000000
150627  -58.769  -20.878  30.325 0.0000000000
73207  -57.902  -20.492  28.159 0.0000000000
74248  -58.015  -19.065  28.034 0.0000000000
52105  -43.698  -40.111  47.165 0.0000000000
144007  -43.820  -39.425  46.858 0.0000000000
146420  -43.317  -38.792  47.795 0.0000000000
154622  -42.502  -37.177  47.000 0.0000000000
56465  -42.364  -35.949  44.903 0.0000000000
31886  -19.484  -59.393  52.554 0.0000000000
30671  -20.929  -60.128  51.378 0.0000000000
32897  -23.198  -57.836  53.031 0.0000000000
48752  -33.152  -43.842  50.242 0.0000000000
46631  -33.773  -44.756  50.530 0.0000000000
47716  -34.577  -44.147  50.323 0.0000000000
47718  -35.729  -44.776  50.407 0.0000000000
46654  -36.585  -45.861  50.611 0.0000000000
138079  -40.017  -43.731  47.194 0.0000000000
155511  -39.770  -44.907  48.218 0.0000000000
48781  -40.096  -43.171  48.663 0.0000000000
48769  -40.511  -43.065  49.110 0.0000000000
48771  -41.775  -43.519  49.365 0.0000000000
151361  -42.957  -44.357  48.281 0.0000000000
49824  -42.759  -42.564  48.750 0.0000000000
50966  -43.481  -41.646  47.989 0.0000000000
136391  -18.742  -58.548  52.782 0.0000000000
55426  -47.394  -36.861  44.244 0.0000000000
54370  -48.308  -38.595  42.658 0.0000000000
55434  -48.901  -36.987  43.226 0.0000000000
54372  -50.039  -37.658  42.087 0.0000000000
55454  -50.693  -38.040  41.041 0.0000000000
153107  -53.246  -34.674  36.633 0.0000000000
57671  -53.971  -34.679  38.041 0.0000000000
57685  -54.716  -34.839  36.829 0.0000000000
55506  -55.529  -36.669  36.128 0.0000000000
144953  -56.445  -26.401  32.437 0.0000000000
65132  -55.435  -27.947  32.353 0.0000000000
129395  -57.088  -27.729  33.526 0.0000000000
65123  -58.410  -28.998  33.041 0.0000000000
136739  -40.321  -40.243  45.383 0.0000000000
49839  -39.953  -41.922  45.516 0.0000000000
57633  -48.488  -35.239  41.104 0.0000000000
57683  -51.628  -35.257  36.551 0.0000000000
131910  -52.332  -35.496  35.250 0.0000000000
57720  -53.709  -35.438  34.883 0.0000000000
57740  -54.919  -35.687  33.467 0.0000000000
68178  -56.029  -25.736  30.750 0.0000000000
68165  -57.419  -25.304  32.544 0.0000000000
147463  -58.486  -25.477  32.430 0.0000000000
67143  -58.455  -26.071  29.681 0.0000000000
72177  -59.923  -20.869  31.009 0.0000000000
71191  -60.559  -22.329  29.053 0.0000000000
51023  -43.177  -40.958  42.666 0.0000000000
52153  -44.171  -39.321  43.553 0.0000000000
54356  -45.448  -37.888  44.372 0.0000000000
54349  -44.398  -38.409  45.941 0.0000000000
54350  -45.050  -37.788  45.286 0.0000000000
55416  -46.233  -36.861  44.929 0.0000000000
57561  -46.827  -35.182  44.907 0.0000000000
58710  -46.730  -34.222  44.213 0.0000000000
54354  -40.842  -38.604  44.273 0.0000000000
55432  -41.481  -36.889  44.146 0.0000000000
57590  -42.441  -35.583  43.109 0.0000000000
27024  -19.933  -64.030  49.958 0.0000000000
25797  -21.515  -64.456  49.394 0.0000000000
32947  -26.992  -58.368  48.338 0.0000000000
35043  -23.521  -56.270  53.820 0.0000000000
33934  -24.118  -56.779  53.764 0.0000000000
33950  -25.590  -57.381  52.257 0.0000000000
33963  -27.545  -57.106  50.135 0.0000000000
38334  -31.296  -53.399  49.254 0.0000000000
40509  -31.615  -52.234  48.751 0.0000000000
45548  -28.960  -46.217  50.678 0.0000000000
47727  -29.341  -44.515  49.507 0.0000000000
45572  -29.831  -45.898  50.067 0.0000000000
148934  -30.563  -46.764  49.010 0.0000000000
44579  -31.108  -46.943  47.142 0.0000000000
45590  -34.123  -46.803  49.431 0.0000000000
46693  -36.757  -45.230  48.305 0.0000000000
45575  -37.435  -46.118  50.182 0.0000000000
130131  -37.913  -46.763  50.679 0.0000000000
46656  -39.660  -45.310  49.972 0.0000000000
46634  -39.356  -45.948  50.339 0.0000000000
43550  -38.974  -47.958  50.241 0.0000000000
43564  -39.360  -48.453  49.519 0.0000000000
42495  -40.065  -49.271  47.902 0.0000000000
45637  -43.287  -47.088  44.858 0.0000000000
130774  -43.580  -44.643  46.825 0.0000000000
46707  -43.550  -45.336  46.175 0.0000000000
140920  -43.351  -46.885  44.250 0.0000000000
141880  -42.836  -45.451  43.438 0.0000000000
151197  -18.184  -63.469  51.013 0.0000000000
58726  -50.913  -34.553  41.581 0.0000000000
56500  -51.546  -36.049  41.367 0.0000000000
55462  -51.756  -37.466  39.870 0.0000000000
129563  -53.443  -35.734  38.811 0.0000000000
55477  -52.795  -37.480  38.381 0.0000000000
53297  -51.712  -39.593  38.200 0.0000000000
57782  -53.633  -35.606  31.504 0.0000000000
58816  -56.147  -34.957  32.324 0.0000000000
64126  -54.834  -29.481  32.208 0.0000000000
63107  -54.263  -30.254  31.817 0.0000000000
151067  -55.385  -32.536  31.371 0.0000000000
58824  -56.811  -34.225  32.148 0.0000000000
58807  -58.004  -35.007  33.581 0.0000000000
57785  -58.831  -35.225  32.327 0.0000000000
28273  -19.534  -62.348  47.364 0.0000000000
53207  -41.146  -39.478  47.769 0.0000000000
53220  -41.154  -39.021  46.901 0.0000000000
48801  -33.724  -43.575  46.459 0.0000000000
48803  -35.370  -43.713  47.501 0.0000000000
152044  -35.459  -43.836  46.736 0.0000000000
52128  -40.327  -40.414  46.265 0.0000000000
52116  -40.384  -40.630  47.358 0.0000000000
53206  -40.797  -40.025  47.842 0.0000000000
52103  -41.240  -39.908  48.288 0.0000000000
58735  -48.480  -34.379  42.807 0.0000000000
58736  -48.930  -34.525  42.112 0.0000000000
131979  -55.898  -35.465  34.134 0.0000000000
57722  -56.515  -35.696  34.713 0.0000000000
57724  -57.692  -35.947  34.097 0.0000000000
57742  -57.403  -35.566  34.066 0.0000000000
67142  -58.012  -26.644  30.344 0.0000000000
66105  -57.880  -27.242  31.095 0.0000000000
71189  -57.763  -22.500  28.854 0.0000000000
70174  -57.941  -23.254  30.408 0.0000000000
141279  -58.381  -23.388  31.566 0.0000000000
70175  -58.644  -22.719  31.294 0.0000000000
71179  -58.884  -21.813  30.945 0.0000000000
52129  -43.663  -40.791  45.769 0.0000000000
151296  -43.726  -40.061  46.636 0.0000000000
57543  -43.026  -35.411  45.211 0.0000000000
57544  -44.051  -35.532  46.258 0.0000000000
57560  -43.896  -35.001  45.465 0.0000000000
58698  -44.248  -34.618  44.657 0.0000000000
57559  -43.395  -34.977  44.583 0.0000000000
29415  -19.713  -61.977  51.573 0.0000000000
29416  -20.162  -61.528  51.458 0.0000000000
32922  -23.801  -58.944  50.927 0.0000000000
37141  -27.835  -53.955  52.739 0.0000000000
37150  -28.400  -54.370  52.364 0.0000000000
36138  -28.170  -55.122  52.214 0.0000000000
37151  -29.108  -54.061  51.957 0.0000000000
37159  -29.485  -54.398  51.348 0.0000000000
138511  -29.330  -53.452  52.014 0.0000000000
43537  -30.437  -48.155  51.445 0.0000000000
43538  -30.862  -48.816  51.318 0.0000000000
43546  -30.882  -48.191  51.011 0.0000000000
142670  -31.165  -48.719  50.547 0.0000000000
44540  -30.445  -47.484  50.803 0.0000000000
146171  -32.492  -43.871  50.144 0.0000000000
47729  -31.654  -43.904  50.058 0.0000000000
47744  -31.851  -44.609  49.656 0.0000000000
46692  -32.637  -45.833  48.291 0.0000000000
46674  -33.022  -45.566  49.420 0.0000000000
44542  -36.461  -47.215  50.836 0.0000000000
43560  -36.129  -47.788  50.582 0.0000000000
43547  -36.811  -48.011  50.568 0.0000000000
134921  -37.173  -48.645  49.980 0.0000000000
43548  -37.453  -48.218  50.439 0.0000000000
45607  -39.209  -46.220  47.442 0.0000000000
46659  -41.699  -45.086  49.406 0.0000000000
46658  -41.238  -45.753  49.643 0.0000000000
46678  -41.950  -45.856  48.991 0.0000000000
45608  -42.674  -46.401  47.626 0.0000000000
136010  -42.550  -45.837  48.302 0.0000000000
50976  -43.698  -41.634  46.702 0.0000000000
49840  -43.652  -42.538  46.423 0.0000000000
50986  -43.654  -41.695  45.987 0.0000000000
30666  -19.193  -60.311  52.397 0.0000000000
30665  -18.484  -60.561  52.666 0.0000000000
29410  -19.082  -61.324  52.092 0.0000000000
28234  -19.006  -62.360  51.698 0.0000000000
53250  -46.714  -38.775  42.958 0.0000000000
53276  -50.379  -39.749  40.643 0.0000000000
52191  -50.250  -40.799  40.376 0.0000000000
52203  -50.474  -41.091  39.761 0.0000000000
52204  -50.781  -40.559  39.282 0.0000000000
58771  -52.193  -34.565  38.458 0.0000000000
58765  -51.968  -34.440  38.907 0.0000000000
58766  -52.940  -34.318  38.938 0.0000000000
66104  -54.079  -27.415  30.810 0.0000000000
63109  -58.937  -30.662  32.872 0.0000000000
62060  -58.452  -31.095  33.171 0.0000000000
60957  -58.700  -31.964  33.098 0.0000000000
53196  -43.267  -39.447  48.065 0.0000000000
53208  -43.621  -39.437  47.430 0.0000000000
54324  -42.763  -38.948  48.100 0.0000000000
55385  -42.107  -37.668  47.097 0.0000000000
55400  -42.092  -37.197  46.423 0.0000000000
56441  -42.614  -36.643  46.496 0.0000000000
129496  -42.117  -36.657  45.539 0.0000000000
135962  -19.867  -58.591  52.706 0.0000000000
33942  -22.730  -57.273  53.577 0.0000000000
137238  -33.165  -43.377  47.091 0.0000000000
130987  -33.086  -43.111  48.186 0.0000000000
48778  -32.716  -43.148  49.357 0.0000000000
48779  -33.594  -43.214  49.124 0.0000000000
48753  -33.772  -43.843  50.201 0.0000000000
48766  -34.096  -43.567  49.764 0.0000000000
47732  -36.039  -44.465  49.727 0.0000000000
47731  -35.455  -44.262  50.057 0.0000000000
152187  -36.272  -46.064  50.828 0.0000000000
134430  -39.962  -42.892  47.248 0.0000000000
48793  -39.950  -43.411  47.941 0.0000000000
49820  -40.053  -42.569  48.125 0.0000000000
50963  -40.831  -41.342  48.668 0.0000000000
49816  -40.708  -42.190  48.888 0.0000000000
49817  -41.277  -42.685  49.232 0.0000000000
144627  -42.123  -42.831  49.212 0.0000000000
49823  -41.954  -41.986  49.055 0.0000000000
52091  -42.308  -40.265  48.648 0.0000000000
141205  -43.060  -40.913  48.507 0.0000000000
52092  -43.171  -40.132  48.286 0.0000000000
50972  -43.597  -40.760  47.683 0.0000000000
32893  -19.527  -57.900  52.791 0.0000000000
130352  -19.161  -58.651  52.823 0.0000000000
56480  -48.075  -36.433  44.018 0.0000000000
154144  -48.390  -36.967  43.587 0.0000000000
56481  -48.725  -36.110  43.726 0.0000000000
56492  -50.011  -35.830  42.908 0.0000000000
55435  -49.589  -37.075  42.722 0.0000000000
55441  -50.321  -36.590  42.413 0.0000000000
132655  -50.403  -37.931  41.552 0.0000000000
155809  -50.578  -37.114  41.930 0.0000000000
57701  -53.771  -34.713  36.370 0.0000000000
58781  -54.259  -34.614  36.881 0.0000000000
57702  -54.563  -34.870  36.352 0.0000000000
55519  -56.531  -36.500  35.192 0.0000000000
55518  -56.126  -37.066  35.486 0.0000000000
54426  -55.564  -37.869  35.240 0.0000000000
54456  -56.173  -37.868  34.214 0.0000000000
67113  -57.237  -26.362  33.205 0.0000000000
151563  -56.967  -26.998  33.401 0.0000000000
66086  -57.508  -26.896  33.433 0.0000000000
64120  -58.721  -29.824  32.956 0.0000000000
50985  -40.063  -40.976  45.483 0.0000000000
57700  -51.890  -35.358  35.813 0.0000000000
57738  -52.351  -36.006  33.674 0.0000000000
57739  -53.273  -35.868  33.922 0.0000000000
129857  -54.217  -35.642  34.207 0.0000000000
129664  -53.852  -35.954  33.120 0.0000000000
69203  -56.781  -24.416  29.682 0.0000000000
69202  -56.042  -24.995  29.372 0.0000000000
68194  -55.625  -25.537  29.715 0.0000000000
68164  -56.560  -25.802  31.906 0.0000000000
68179  -56.837  -25.148  31.453 0.0000000000
69181  -58.777  -24.056  32.018 0.0000000000
68167  -58.430  -24.836  32.388 0.0000000000
67130  -58.561  -25.897  31.352 0.0000000000
134783  -58.785  -25.163  31.834 0.0000000000
141137  -59.011  -25.233  30.533 0.0000000000
68180  -59.447  -24.490  30.611 0.0000000000
70165  -60.039  -22.781  30.698 0.0000000000
73201  -59.084  -19.948  30.344 0.0000000000
72176  -59.412  -21.111  30.960 0.0000000000
136263  -59.526  -20.460  30.801 0.0000000000
73209  -60.553  -20.391  29.593 0.0000000000
144310  -60.536  -20.861  30.072 0.0000000000
49864  -42.600  -42.557  42.742 0.0000000000
49865  -42.878  -41.749  42.354 0.0000000000
52142  -43.870  -39.465  44.766 0.0000000000
54361  -44.401  -38.760  44.386 0.0000000000
54362  -45.121  -38.287  43.910 0.0000000000
148089  -43.792  -38.675  47.155 0.0000000000
53221  -44.049  -38.813  46.581 0.0000000000
54344  -44.222  -38.132  46.625 0.0000000000
55415  -45.555  -37.022  45.560 0.0000000000
129936  -45.836  -37.426  44.715 0.0000000000
56455  -46.186  -36.160  45.240 0.0000000000
56466  -46.870  -36.378  44.774 0.0000000000
141763  -46.016  -35.404  45.354 0.0000000000
58709  -45.729  -34.219  44.047 0.0000000000
27018  -19.928  -63.772  50.414 0.0000000000
27032  -20.727  -64.274  49.460 0.0000000000
27025  -20.766  -64.104  50.025 0.0000000000
28243  -21.905  -63.030  50.130 0.0000000000
31905  -21.667  -59.834  51.124 0.0000000000
31906  -22.398  -59.716  50.750 0.0000000000
31918  -25.378  -59.189  48.914 0.0000000000
31919  -26.173  -58.794  48.630 0.0000000000
31928  -26.493  -59.113  47.793 0.0000000000
32936  -26.634  -58.143  49.238 0.0000000000
36129  -23.948  -55.708  53.500 0.0000000000
33945  -25.992  -56.809  52.669 0.0000000000
33951  -26.344  -57.151  51.739 0.0000000000
33946  -26.763  -56.563  52.173 0.0000000000
35056  -28.134  -56.057  51.232 0.0000000000
33953  -27.676  -56.664  50.822 0.0000000000
33964  -28.110  -56.770  49.926 0.0000000000
33975  -27.808  -57.286  49.278 0.0000000000
155742  -28.694  -56.469  49.727 0.0000000000
33986  -29.060  -56.791  48.478 0.0000000000
155698  -30.437  -54.284  50.197 0.0000000000
36156  -30.193  -55.051  49.869 0.0000000000
36157  -30.776  -54.644  49.364 0.0000000000
37175  -31.284  -54.227  48.851 0.0000000000
140055  -30.901  -53.820  49.703 0.0000000000
41484  -31.157  -50.356  50.947 0.0000000000
40484  -31.018  -51.304  50.908 0.0000000000
130563  -31.275  -51.805  50.059 0.0000000000
40500  -31.403  -52.218  49.424 0.0000000000
40499  -31.586  -51.380  49.340 0.0000000000
41490  -31.667  -50.363  49.608 0.0000000000
144316  -31.424  -48.868  48.785 0.0000000000
139689  -31.622  -49.530  48.022 0.0000000000
43570  -31.295  -48.434  47.780 0.0000000000
42501  -31.447  -48.925  47.249 0.0000000000
47713  -30.055  -44.493  49.639 0.0000000000
48761  -29.646  -44.003  49.510 0.0000000000
46629  -29.628  -45.352  49.809 0.0000000000
44556  -30.240  -46.612  50.038 0.0000000000
45588  -30.378  -45.903  49.176 0.0000000000
46690  -31.438  -45.902  47.680 0.0000000000
45600  -31.194  -46.453  47.389 0.0000000000
45615  -33.658  -46.924  47.117 0.0000000000
44592  -34.141  -47.466  46.584 0.0000000000
46652  -34.324  -45.555  50.708 0.0000000000
45573  -33.771  -46.033  50.036 0.0000000000
45574  -34.536  -46.512  50.493 0.0000000000
138999  -36.897  -45.242  47.207 0.0000000000
134747  -37.470  -45.949  47.915 0.0000000000
45591  -37.827  -46.225  48.964 0.0000000000
45576  -38.017  -46.403  50.359 0.0000000000
48768  -40.138  -43.860  49.146 0.0000000000
47747  -39.716  -44.842  49.201 0.0000000000
45557  -39.945  -46.155  50.353 0.0000000000
45556  -39.294  -46.645  50.500 0.0000000000
44545  -39.321  -47.310  50.401 0.0000000000
44559  -39.717  -47.746  49.925 0.0000000000
43575  -41.143  -48.235  47.873 0.0000000000
43574  -40.430  -48.595  48.307 0.0000000000
43584  -40.727  -48.952  47.498 0.0000000000
44595  -42.891  -47.177  46.117 0.0000000000
132396  -43.185  -47.146  45.308 0.0000000000
47748  -43.320  -43.877  47.859 0.0000000000
46680  -43.342  -44.796  47.518 0.0000000000
47760  -43.561  -44.094  47.243 0.0000000000
48820  -43.623  -43.525  46.122 0.0000000000
47775  -43.611  -44.173  46.456 0.0000000000
47788  -43.553  -44.554  45.816 0.0000000000
139734  -43.421  -45.602  45.403 0.0000000000
46728  -43.179  -45.848  44.442 0.0000000000
135966  -43.064  -41.821  44.313 0.0000000000
48844  -42.603  -43.263  43.606 0.0000000000
148750  -42.743  -42.411  43.726 0.0000000000
27013  -19.192  -63.158  51.192 0.0000000000
27012  -18.527  -63.312  51.168 0.0000000000
27017  -19.249  -63.532  50.777 0.0000000000
141093  -19.203  -63.762  50.373 0.0000000000
134558  -48.936  -39.056  42.251 0.0000000000
53263  -48.393  -39.560  42.286 0.0000000000
52168  -49.004  -40.042  41.945 0.0000000000
148216  -49.444  -35.044  40.588 0.0000000000
131161  -50.218  -34.431  41.434 0.0000000000
56519  -52.485  -35.397  40.232 0.0000000000
57634  -51.987  -35.178  40.955 0.0000000000
56518  -51.879  -36.393  40.595 0.0000000000
56555  -54.241  -35.239  37.865 0.0000000000
57658  -53.789  -35.052  38.508 0.0000000000
56554  -53.990  -36.103  37.987 0.0000000000
54408  -53.158  -38.465  37.209 0.0000000000
54407  -52.432  -39.026  37.605 0.0000000000
147952  -52.120  -38.876  38.141 0.0000000000
53307  -52.084  -39.679  37.419 0.0000000000
57784  -55.187  -35.408  32.059 0.0000000000
58823  -55.209  -34.974  31.547 0.0000000000
65120  -56.151  -28.368  33.007 0.0000000000
65131  -55.123  -28.679  32.322 0.0000000000
64117  -55.681  -29.033  32.759 0.0000000000
62058  -56.430  -30.725  32.799 0.0000000000
63108  -55.165  -30.252  32.288 0.0000000000
62074  -54.622  -30.928  31.794 0.0000000000
62073  -53.802  -30.877  31.413 0.0000000000
60967  -55.006  -31.743  31.576 0.0000000000
60986  -54.539  -32.606  30.961 0.0000000000
138292  -55.940  -32.031  31.930 0.0000000000
154719  -58.293  -33.325  32.725 0.0000000000
59875  -57.218  -33.348  32.265 0.0000000000
59863  -58.126  -33.949  32.795 0.0000000000
58817  -57.492  -34.599  32.949 0.0000000000
151345  -58.419  -34.542  33.166 0.0000000000
58808  -58.655  -34.893  33.208 0.0000000000
58809  -59.018  -34.779  32.990 0.0000000000
54323  -42.154  -38.969  48.087 0.0000000000
141022  -41.649  -38.882  47.733 0.0000000000
142458  -41.665  -38.333  47.121 0.0000000000
54343  -41.602  -37.950  46.325 0.0000000000
48791  -34.592  -43.480  47.860 0.0000000000
48780  -34.411  -43.442  48.857 0.0000000000
48792  -35.208  -43.679  48.486 0.0000000000
47757  -35.950  -43.875  48.077 0.0000000000
47746  -36.244  -44.429  48.668 0.0000000000
49828  -40.028  -41.881  47.488 0.0000000000
50970  -40.323  -41.216  48.009 0.0000000000
50964  -41.457  -41.336  48.936 0.0000000000
52090  -41.451  -40.555  48.646 0.0000000000
53194  -41.817  -39.736  48.387 0.0000000000
57577  -48.297  -34.568  43.863 0.0000000000
57578  -48.964  -35.106  43.661 0.0000000000
58724  -48.903  -34.593  43.212 0.0000000000
57596  -50.206  -34.985  42.669 0.0000000000
137565  -55.016  -35.242  35.603 0.0000000000
133760  -55.149  -35.197  36.184 0.0000000000
57703  -55.764  -35.597  35.530 0.0000000000
56596  -56.549  -35.985  35.134 0.0000000000
56617  -56.979  -36.474  34.748 0.0000000000
55547  -56.824  -37.500  33.955 0.0000000000
56618  -57.498  -36.409  34.272 0.0000000000
55548  -57.510  -36.887  33.686 0.0000000000
55557  -58.117  -36.338  32.994 0.0000000000
67122  -58.347  -26.182  32.697 0.0000000000
66087  -58.082  -26.803  33.239 0.0000000000
66096  -58.297  -27.106  32.427 0.0000000000
65141  -58.104  -27.985  31.890 0.0000000000
70173  -57.351  -23.767  29.624 0.0000000000
69190  -57.187  -24.517  31.015 0.0000000000
69191  -57.987  -23.964  31.861 0.0000000000
70156  -58.651  -23.706  31.956 0.0000000000
69182  -58.982  -23.457  31.890 0.0000000000
69193  -59.317  -23.775  31.506 0.0000000000
70164  -59.335  -22.958  31.494 0.0000000000
71165  -59.631  -22.300  31.223 0.0000000000
74232  -59.426  -19.281  30.375 0.0000000000
73196  -59.682  -19.810  30.668 0.0000000000
148452  -60.083  -18.651  30.361 0.0000000000
74242  -60.411  -18.791  29.897 0.0000000000
73217  -60.181  -19.805  27.932 0.0000000000
51009  -43.242  -40.814  43.902 0.0000000000
52141  -43.615  -40.329  44.941 0.0000000000
143861  -44.148  -38.961  45.450 0.0000000000
55402  -43.596  -36.967  47.005 0.0000000000
55403  -44.299  -37.248  46.717 0.0000000000
56443  -44.197  -36.348  46.597 0.0000000000
56453  -44.812  -35.786  46.134 0.0000000000
57545  -45.363  -35.117  45.596 0.0000000000
57546  -46.087  -34.716  45.117 0.0000000000
58686  -44.789  -34.699  45.242 0.0000000000
134924  -45.161  -34.401  44.614 0.0000000000
150890  -44.585  -34.500  43.852 0.0000000000
28235  -19.776  -62.867  51.130 0.0000000000
28241  -20.440  -63.354  50.646 0.0000000000
36145  -28.502  -55.447  51.529 0.0000000000
35057  -28.801  -55.723  50.793 0.0000000000
36155  -29.505  -55.405  50.340 0.0000000000
36146  -29.189  -55.109  51.101 0.0000000000
154370  -30.101  -53.998  50.938 0.0000000000
38306  -30.263  -53.308  51.198 0.0000000000
153752  -31.481  -50.146  50.335 0.0000000000
42481  -31.524  -49.409  49.846 0.0000000000
43559  -31.189  -48.353  49.637 0.0000000000
48777  -31.158  -43.072  49.138 0.0000000000
48776  -30.544  -43.379  49.391 0.0000000000
48763  -31.170  -43.549  49.768 0.0000000000
47728  -30.714  -44.053  49.833 0.0000000000
135741  -30.666  -45.303  49.107 0.0000000000
46691  -31.957  -45.590  48.073 0.0000000000
45604  -33.890  -46.891  48.194 0.0000000000
44557  -35.149  -46.986  50.727 0.0000000000
150182  -35.976  -48.114  50.259 0.0000000000
42483  -37.665  -49.165  49.348 0.0000000000
42484  -38.313  -49.181  49.283 0.0000000000
45605  -37.995  -46.410  47.092 0.0000000000
45593  -38.739  -46.176  48.414 0.0000000000
46677  -39.171  -45.666  49.474 0.0000000000
47734  -40.585  -44.331  49.635 0.0000000000
132069  -40.181  -44.946  50.030 0.0000000000
132395  -40.881  -44.949  49.817 0.0000000000
45577  -40.674  -46.508  49.821 0.0000000000
44560  -40.399  -47.424  49.562 0.0000000000
44561  -41.013  -47.158  49.145 0.0000000000
44573  -41.557  -47.353  48.310 0.0000000000
44582  -41.799  -47.810  47.296 0.0000000000
44574  -42.258  -47.075  47.554 0.0000000000
144593  -42.683  -46.815  47.049 0.0000000000
45609  -43.037  -46.335  46.973 0.0000000000
49829  -43.601  -42.490  47.500 0.0000000000
139866  -43.677  -43.051  47.046 0.0000000000
49835  -43.698  -42.406  46.929 0.0000000000
48835  -43.355  -43.759  45.333 0.0000000000
151235  -43.395  -42.073  45.193 0.0000000000
30659  -17.824  -59.928  53.030 0.0000000000
30664  -17.800  -60.878  52.812 0.0000000000
52180  -49.471  -40.342  41.474 0.0000000000
52181  -49.901  -40.554  40.958 0.0000000000
57644  -50.918  -34.699  39.800 0.0000000000
58748  -51.050  -34.392  40.893 0.0000000000
146912  -51.833  -34.345  39.662 0.0000000000
58757  -52.427  -34.403  39.703 0.0000000000
57645  -52.902  -35.063  39.927 0.0000000000
55505  -54.810  -37.439  36.328 0.0000000000
64110  -57.761  -29.386  33.559 0.0000000000
64109  -56.970  -29.389  33.429 0.0000000000
63082  -57.654  -30.125  33.442 0.0000000000
62059  -57.327  -30.853  33.138 0.0000000000
62076  -56.668  -31.472  32.590 0.0000000000
59876  -58.316  -32.657  32.810 0.0000000000
59865  -59.208  -33.578  32.574 0.0000000000
58819  -59.174  -34.441  32.491 0.0000000000
71190  -58.271  -21.810  29.623 0.0000000000
72187  -58.130  -21.150  28.974 0.0000000000
73208  -58.456  -20.212  29.425 0.0000000000
73216  -58.270  -19.577  28.767 0.0000000000
74249  -58.621  -18.600  29.243 0.0000000000
50977  -43.739  -40.835  46.972 0.0000000000
154505  -43.347  -38.189  47.513 0.0000000000
54337  -42.740  -38.281  47.760 0.0000000000
55386  -42.629  -37.624  47.361 0.0000000000
55401  -42.965  -36.959  47.117 0.0000000000
56451  -42.748  -35.961  45.854 0.0000000000
30667  -19.783  -60.167  52.081 0.0000000000
30670  -20.275  -60.619  51.648 0.0000000000
31887  -20.324  -59.502  52.095 0.0000000000
31895  -21.223  -59.238  51.850 0.0000000000
137962  -22.461  -58.638  52.049 0.0000000000
32898  -24.010  -57.969  52.735 0.0000000000
44528  -29.424  -47.610  51.428 0.0000000000
130722  -32.024  -42.963  48.661 0.0000000000
48764  -32.560  -43.495  49.934 0.0000000000
47714  -33.139  -44.234  50.372 0.0000000000
46630  -33.127  -44.593  50.404 0.0000000000
47715  -33.816  -44.291  50.417 0.0000000000
46632  -34.538  -44.917  50.690 0.0000000000
45551  -34.798  -45.489  50.809 0.0000000000
48767  -34.957  -43.797  49.513 0.0000000000
47717  -35.248  -44.804  50.592 0.0000000000
46633  -35.112  -45.358  50.813 0.0000000000
139828  -35.780  -45.541  50.841 0.0000000000
45553  -36.049  -46.401  50.953 0.0000000000
45554  -36.961  -46.536  50.704 0.0000000000
47759  -39.926  -44.316  47.684 0.0000000000
133326  -39.919  -44.037  48.572 0.0000000000
138086  -40.358  -42.547  48.654 0.0000000000
142846  -40.441  -43.872  49.322 0.0000000000
48770  -40.943  -43.594  49.405 0.0000000000
47736  -42.269  -44.442  49.009 0.0000000000
46679  -42.821  -45.081  48.267 0.0000000000
151910  -42.693  -43.518  48.725 0.0000000000
48782  -43.309  -43.032  48.081 0.0000000000
142062  -42.879  -41.739  48.701 0.0000000000
55433  -47.128  -37.611  43.761 0.0000000000
132816  -47.682  -38.093  43.152 0.0000000000
54364  -48.327  -37.686  43.127 0.0000000000
55440  -48.905  -37.986  42.659 0.0000000000
56482  -49.382  -35.960  43.347 0.0000000000
54371  -49.463  -38.362  42.189 0.0000000000
54378  -49.918  -38.692  41.687 0.0000000000
54384  -50.331  -38.831  41.149 0.0000000000
54385  -50.744  -38.686  40.588 0.0000000000
129183  -53.573  -34.516  38.130 0.0000000000
58773  -54.166  -34.628  37.421 0.0000000000
57672  -54.557  -34.995  37.357 0.0000000000
56566  -54.648  -35.809  37.291 0.0000000000
148907  -55.534  -35.540  36.003 0.0000000000
56567  -55.182  -35.601  36.525 0.0000000000
56578  -54.991  -36.465  36.700 0.0000000000
151306  -55.444  -37.460  35.770 0.0000000000
67120  -55.674  -27.137  32.172 0.0000000000
66095  -54.788  -27.700  31.604 0.0000000000
146767  -56.326  -27.493  32.966 0.0000000000
65121  -56.947  -28.663  33.503 0.0000000000
133504  -57.779  -27.557  33.496 0.0000000000
65122  -57.796  -28.565  33.533 0.0000000000
65113  -57.389  -28.991  33.573 0.0000000000
64119  -58.238  -29.364  33.376 0.0000000000
63121  -58.913  -30.381  32.099 0.0000000000
53231  -40.696  -39.553  45.903 0.0000000000
53240  -40.497  -39.668  44.709 0.0000000000
46706  -40.014  -45.336  46.463 0.0000000000
48804  -40.074  -43.547  46.349 0.0000000000
49834  -40.060  -41.329  46.547 0.0000000000
57632  -47.423  -35.511  41.106 0.0000000000
56516  -48.557  -35.892  40.055 0.0000000000
56517  -49.285  -35.815  39.604 0.0000000000
128944  -51.315  -35.132  38.113 0.0000000000
57669  -51.944  -34.896  37.505 0.0000000000
57670  -52.646  -34.749  36.869 0.0000000000
57684  -52.787  -35.014  36.114 0.0000000000
131899  -53.298  -35.201  35.525 0.0000000000
57719  -52.783  -35.655  34.624 0.0000000000
146155  -54.464  -35.336  35.058 0.0000000000
57721  -55.090  -35.450  34.615 0.0000000000
57760  -55.775  -35.464  32.994 0.0000000000
67141  -55.176  -26.159  30.164 0.0000000000
67129  -55.616  -26.468  31.298 0.0000000000
67121  -57.129  -25.846  32.786 0.0000000000
68157  -57.707  -25.688  33.071 0.0000000000
69179  -57.668  -24.651  32.162 0.0000000000
68166  -58.027  -25.008  32.787 0.0000000000
68158  -58.125  -25.615  33.013 0.0000000000
134343  -59.568  -21.691  31.101 0.0000000000
71166  -60.090  -21.729  30.910 0.0000000000
73198  -60.091  -20.206  30.797 0.0000000000
72178  -60.248  -20.857  30.679 0.0000000000
52163  -43.637  -40.125  43.074 0.0000000000
52164  -44.536  -39.840  42.489 0.0000000000
148673  -44.869  -38.762  43.472 0.0000000000
134210  -46.077  -38.264  43.530 0.0000000000
53233  -43.960  -39.256  46.298 0.0000000000
55414  -44.748  -37.598  46.085 0.0000000000
54363  -46.320  -37.742  43.936 0.0000000000
55425  -46.646  -37.206  44.399 0.0000000000
56467  -47.585  -35.810  44.485 0.0000000000
57562  -47.683  -34.784  44.387 0.0000000000
58701  -47.102  -34.460  44.470 0.0000000000
58711  -47.554  -34.306  44.029 0.0000000000
149947  -46.548  -35.004  41.967 0.0000000000
54347  -40.865  -38.933  45.202 0.0000000000
54348  -41.268  -38.047  45.222 0.0000000000
55423  -41.221  -37.593  44.292 0.0000000000
55424  -41.599  -37.159  44.887 0.0000000000
131694  -41.846  -36.486  44.478 0.0000000000
57557  -42.058  -35.962  44.021 0.0000000000
130154  -43.037  -35.122  43.727 0.0000000000
57631  -46.418  -35.566  41.132 0.0000000000
27031  -19.859  -63.783  49.162 0.0000000000
27037  -20.746  -63.839  48.497 0.0000000000
25800  -21.384  -64.554  48.989 0.0000000000
29417  -20.812  -61.270  51.045 0.0000000000
29420  -21.452  -61.260  50.616 0.0000000000
33933  -23.170  -56.774  53.836 0.0000000000
150616  -24.355  -57.438  53.241 0.0000000000
32899  -24.849  -57.713  52.493 0.0000000000
33952  -27.051  -56.791  51.439 0.0000000000
32926  -27.099  -57.577  49.782 0.0000000000
32937  -27.247  -57.790  49.004 0.0000000000
35065  -29.825  -55.740  49.512 0.0000000000
143787  -30.325  -52.602  51.476 0.0000000000
38307  -30.656  -52.787  50.814 0.0000000000
38320  -30.965  -53.053  50.090 0.0000000000
39435  -31.219  -52.612  49.739 0.0000000000
41496  -31.755  -50.497  48.672 0.0000000000
41504  -31.754  -50.501  47.657 0.0000000000
44538  -28.961  -47.047  51.091 0.0000000000
44539  -29.405  -46.900  51.016 0.0000000000
47743  -29.115  -44.135  49.062 0.0000000000
47711  -29.004  -45.076  49.861 0.0000000000
45549  -29.401  -46.139  50.450 0.0000000000
45550  -29.831  -46.727  50.760 0.0000000000
44568  -30.834  -46.651  48.010 0.0000000000
44580  -31.085  -47.502  47.419 0.0000000000
46651  -33.452  -45.219  50.348 0.0000000000
136873  -34.573  -47.448  48.757 0.0000000000
44570  -34.790  -47.323  49.972 0.0000000000
44581  -35.079  -48.026  48.111 0.0000000000
47772  -36.386  -44.563  46.690 0.0000000000
47758  -36.362  -44.491  47.638 0.0000000000
46676  -37.016  -45.675  49.407 0.0000000000
46655  -38.898  -45.953  50.187 0.0000000000
46657  -39.881  -45.528  50.223 0.0000000000
45555  -38.644  -46.418  50.530 0.0000000000
44544  -38.537  -47.210  50.646 0.0000000000
43549  -38.145  -48.084  50.464 0.0000000000
43563  -38.597  -48.625  49.797 0.0000000000
42485  -38.997  -49.091  49.046 0.0000000000
43565  -40.082  -48.183  49.159 0.0000000000
43573  -39.707  -48.883  48.685 0.0000000000
46697  -43.399  -45.662  46.784 0.0000000000
48806  -43.643  -43.759  46.912 0.0000000000
145555  -43.396  -46.171  46.153 0.0000000000
141267  -43.082  -45.919  42.565 0.0000000000
48845  -42.847  -43.992  44.387 0.0000000000
47827  -42.574  -44.339  43.307 0.0000000000
27023  -18.330  -63.635  50.179 0.0000000000
27030  -18.947  -63.658  49.554 0.0000000000
54369  -47.577  -38.976  42.694 0.0000000000
58747  -49.376  -34.623  41.511 0.0000000000
147776  -50.274  -34.574  42.144 0.0000000000
57615  -50.777  -35.009  42.173 0.0000000000
58738  -51.645  -34.489  40.997 0.0000000000
57616  -51.340  -35.103  41.554 0.0000000000
56499  -50.954  -36.077  41.994 0.0000000000
154073  -51.439  -36.771  41.032 0.0000000000
55455  -51.242  -37.586  40.643 0.0000000000
54391  -51.224  -38.459  39.990 0.0000000000
58759  -53.376  -34.526  38.765 0.0000000000
56535  -53.277  -34.858  39.234 0.0000000000
133672  -52.863  -36.567  38.978 0.0000000000
56553  -53.340  -36.686  38.356 0.0000000000
55463  -52.270  -37.462  39.109 0.0000000000
54398  -51.629  -39.030  38.734 0.0000000000
53287  -51.131  -39.826  39.003 0.0000000000
57758  -53.306  -35.932  32.188 0.0000000000
57759  -54.450  -35.723  32.360 0.0000000000
57761  -57.006  -35.128  33.407 0.0000000000
135187  -54.657  -28.288  31.847 0.0000000000
65130  -54.026  -28.848  31.719 0.0000000000
64118  -55.939  -29.636  32.866 0.0000000000
64125  -53.755  -29.686  31.630 0.0000000000
59889  -55.323  -33.314  31.142 0.0000000000
60968  -56.150  -32.928  31.631 0.0000000000
59874  -56.078  -33.782  31.549 0.0000000000
144865  -55.867  -34.501  31.655 0.0000000000
57743  -58.149  -35.516  33.581 0.0000000000
56651  -58.641  -35.558  32.854 0.0000000000
56665  -58.262  -35.884  32.187 0.0000000000
57806  -58.784  -34.878  31.643 0.0000000000
154529  -58.370  -35.464  31.663 0.0000000000
56676  -57.655  -35.901  31.322 0.0000000000
27016  -18.574  -63.564  50.754 0.0000000000
28228  -18.165  -62.341  51.972 0.0000000000
28261  -18.881  -62.725  47.965 0.0000000000
33943  -23.605  -57.383  53.499 0.0000000000
33965  -28.552  -56.834  49.155 0.0000000000
35055  -27.467  -56.323  51.696 0.0000000000
44584  -42.863  -46.840  46.598 0.0000000000
45629  -43.199  -46.847  45.820 0.0000000000
46627  -28.757  -45.690  50.198 0.0000000000
46628  -29.151  -45.539  50.164 0.0000000000
46650  -32.675  -44.888  49.967 0.0000000000
46653  -36.267  -45.216  50.207 0.0000000000
47712  -29.487  -44.879  49.673 0.0000000000
47828  -42.846  -44.913  44.149 0.0000000000
48751  -29.788  -44.287  49.601 0.0000000000
48765  -33.295  -43.455  49.888 0.0000000000
48788  -30.385  -43.140  48.489 0.0000000000
52104  -43.547  -40.006  47.688 0.0000000000
53277  -50.813  -39.275  40.108 0.0000000000
54392  -51.672  -38.334  39.259 0.0000000000
54399  -52.687  -38.300  37.869 0.0000000000
54466  -56.124  -37.900  33.463 0.0000000000
55387  -43.126  -37.580  47.386 0.0000000000
55446  -51.005  -37.110  41.394 0.0000000000
55538  -56.723  -37.053  34.921 0.0000000000
55539  -57.174  -37.021  34.430 0.0000000000
56452  -43.407  -35.551  45.944 0.0000000000
56534  -52.953  -35.576  39.540 0.0000000000
56634  -58.413  -35.754  33.307 0.0000000000
57613  -47.133  -35.059  41.784 0.0000000000
57744  -58.739  -35.241  33.161 0.0000000000
57762  -58.994  -35.040  32.827 0.0000000000
58687  -45.499  -34.564  45.057 0.0000000000
58700  -46.582  -34.469  44.687 0.0000000000
58725  -49.657  -34.654  42.658 0.0000000000
58737  -49.675  -34.463  42.154 0.0000000000
58749  -52.344  -34.571  40.259 0.0000000000
58780  -53.619  -34.512  37.202 0.0000000000
59864  -58.932  -33.398  32.838 0.0000000000
63095  -55.941  -30.322  32.707 0.0000000000
66085  -56.556  -26.877  32.932 0.0000000000
67115  -58.160  -26.155  33.216 0.0000000000
72184  -60.498  -21.567  30.112 0.0000000000
73197  -59.912  -20.234  30.859 0.0000000000
73202  -60.387  -20.209  30.352 0.0000000000
74227  -59.950  -19.792  30.735 0.0000000000
74233  -59.844  -19.199  30.533 0.0000000000
131244  -52.181  -38.281  38.544 0.0000000000
132022  -47.841  -37.332  43.667 0.0000000000
132328  -31.893  -43.230  49.621 0.0000000000
133154  -57.856  -21.879  28.587 0.0000000000
134859  -43.340  -46.434  44.974 0.0000000000
135382  -38.696  -49.500  48.662 0.0000000000
138282  -20.433  -62.745  47.524 0.0000000000
141271  -60.509  -19.660  29.981 0.0000000000
143554  -59.691  -23.988  30.508 0.0000000000
144365  -51.152  -39.189  39.471 0.0000000000
150748  -31.021  -47.983  50.418 0.0000000000
151545  -57.930  -19.810  27.989 0.0000000000
152271  -31.465  -53.797  48.737 0.0000000000
153726  -41.384  -38.498  46.593 0.0000000000
154319  -20.417  -63.717  50.418 0.0000000000
154612  -52.244  -35.089  36.315 0.0000000000
155759  -43.304  -42.302  48.218 0.0000000000
