#!ascii label  , from subject sub-v1s17x0050261_ses-1 vox2ras=TkReg
1998
13609  -38.155  -76.862  -39.469 0.1000000015
13624  -37.445  -76.987  -40.088 0.1000000015
12519  -35.617  -77.400  -40.309 0.1000000015
12520  -36.774  -77.232  -40.605 0.1000000015
147382  -35.811  -77.756  -41.713 0.1000000015
12559  -37.406  -77.926  -42.242 0.1000000015
11556  -35.193  -78.365  -43.326 0.1000000015
11558  -37.146  -78.532  -43.716 0.1000000015
11574  -36.577  -78.656  -44.419 0.1000000015
129723  -36.015  -78.703  -45.226 0.1000000015
130693  -37.076  -78.999  -45.323 0.1000000015
11587  -36.695  -79.002  -45.922 0.1000000015
11586  -35.224  -78.526  -45.940 0.1000000015
10639  -36.813  -79.223  -46.809 0.1000000015
11637  -37.321  -79.163  -48.239 0.1000000015
11603  -35.929  -78.785  -46.810 0.1000000015
11620  -35.442  -78.597  -48.229 0.1000000015
138142  -35.890  -78.810  -47.592 0.1000000015
12492  -40.259  -77.372  -38.999 0.1000000015
13610  -39.225  -77.065  -39.180 0.1000000015
12521  -37.696  -77.357  -40.827 0.1000000015
12523  -39.884  -78.024  -40.673 0.1000000015
12522  -38.770  -77.682  -40.962 0.1000000015
12541  -38.038  -77.769  -41.611 0.1000000015
146139  -38.946  -78.116  -41.771 0.1000000015
11538  -37.731  -78.401  -43.057 0.1000000015
151190  -38.614  -78.727  -43.270 0.1000000015
137924  -38.202  -78.829  -43.905 0.1000000015
11588  -37.483  -79.355  -46.223 0.1000000015
14845  -41.661  -74.956  -47.855 0.1000000015
13759  -40.454  -76.047  -48.269 0.1000000015
13758  -39.803  -76.241  -48.473 0.1000000015
12630  -39.977  -77.050  -47.961 0.1000000015
12638  -38.444  -78.289  -48.170 0.1000000015
11638  -38.122  -79.218  -47.887 0.1000000015
146661  -38.605  -79.480  -47.298 0.1000000015
10649  -38.409  -79.613  -47.110 0.1000000015
11622  -37.174  -79.361  -47.829 0.1000000015
138778  -36.491  -79.128  -47.517 0.1000000015
138598  -42.251  -77.117  -37.166 0.1000000015
12495  -43.462  -77.718  -38.865 0.2000000030
12494  -42.483  -77.830  -38.870 0.2000000030
13597  -40.656  -77.182  -38.207 0.1000000015
12510  -43.797  -77.499  -39.560 0.1000000015
12508  -42.330  -78.236  -39.727 0.1000000015
12493  -41.354  -77.663  -38.925 0.1000000015
11502  -42.729  -78.624  -40.636 0.1000000015
12524  -40.961  -78.355  -40.456 0.1000000015
136690  -43.994  -69.777  -38.167 0.1000000015
130750  -43.441  -70.313  -38.840 0.1000000015
11501  -42.238  -78.927  -41.155 0.1000000015
11517  -41.086  -79.298  -42.225 0.1000000015
12561  -39.758  -78.772  -42.327 0.1000000015
20272  -43.570  -71.129  -40.314 0.1000000015
19126  -42.707  -71.528  -40.597 0.1000000015
18006  -41.682  -72.642  -42.356 0.1000000015
18005  -40.787  -73.151  -42.256 0.1000000015
16934  -41.012  -74.190  -44.465 0.1000000015
11560  -40.420  -79.653  -43.758 0.1000000015
11576  -38.906  -79.470  -44.841 0.1000000015
17997  -42.698  -72.276  -42.459 0.1000000015
16925  -42.528  -72.887  -44.163 0.1000000015
16924  -41.302  -73.570  -43.799 0.1000000015
14801  -40.842  -74.919  -45.256 0.1000000015
13710  -40.281  -76.728  -45.102 0.1000000015
12603  -40.641  -77.912  -46.293 0.1000000015
10615  -40.053  -79.817  -44.553 0.1000000015
10629  -39.139  -79.859  -45.878 0.1000000015
16935  -42.045  -73.495  -44.816 0.1000000015
15884  -41.793  -74.512  -46.300 0.1000000015
14822  -41.246  -75.207  -46.271 0.1000000015
13731  -40.572  -76.907  -46.209 0.1000000015
11606  -40.447  -78.666  -46.529 0.1000000015
11604  -39.279  -79.451  -47.043 0.1000000015
14844  -40.967  -75.927  -47.743 0.1000000015
13751  -40.474  -76.897  -47.533 0.1000000015
12618  -40.510  -77.663  -46.939 0.1000000015
148788  -39.742  -78.864  -47.124 0.1000000015
10641  -39.127  -79.722  -46.632 0.1000000015
10628  -38.410  -79.673  -46.509 0.1000000015
12496  -44.044  -77.428  -38.833 0.1000000015
12480  -43.771  -77.498  -38.183 0.2000000030
155317  -43.589  -77.282  -37.034 0.1000000015
13567  -44.057  -77.207  -36.626 0.2000000030
13550  -44.156  -77.078  -35.670 0.2000000030
150535  -44.277  -77.015  -39.090 0.1000000015
13629  -43.661  -77.483  -40.242 0.1000000015
149039  -45.039  -68.890  -37.107 0.1000000015
21369  -44.469  -69.332  -37.662 0.1000000015
143918  -42.914  -78.748  -41.265 0.1000000015
11519  -42.793  -78.898  -41.831 0.1000000015
11542  -42.533  -78.909  -42.548 0.1000000015
150254  -42.995  -70.715  -39.387 0.1000000015
17996  -41.952  -72.258  -41.661 0.1000000015
17995  -40.994  -72.658  -41.589 0.1000000015
11541  -42.024  -79.521  -43.052 0.1000000015
16915  -40.601  -73.642  -42.911 0.1000000015
14785  -40.201  -74.932  -44.049 0.1000000015
13709  -39.991  -76.436  -44.054 0.1000000015
139868  -40.683  -77.576  -44.342 0.1000000015
139199  -41.141  -79.425  -45.045 0.1000000015
11561  -41.417  -79.646  -43.671 0.1000000015
11590  -40.573  -79.488  -45.781 0.1000000015
15763  -44.215  -74.419  -35.951 0.1000000015
15779  -45.140  -74.927  -36.382 0.1000000015
15791  -43.685  -74.874  -37.184 0.1000000015
14708  -44.577  -75.407  -37.674 0.1000000015
14709  -45.175  -75.604  -37.128 0.1000000015
13569  -45.377  -76.468  -36.478 0.2000000030
13584  -44.702  -76.716  -37.998 0.2000000030
13551  -45.079  -77.079  -35.651 0.2000000030
13612  -44.014  -76.948  -39.834 0.1000000015
14728  -43.448  -75.653  -38.748 0.1000000015
13611  -43.484  -76.536  -40.065 0.1000000015
13645  -43.240  -77.400  -41.211 0.1000000015
21376  -43.150  -69.878  -38.119 0.1000000015
20234  -42.232  -70.075  -37.830 0.1000000015
20245  -41.724  -70.583  -38.350 0.1000000015
13628  -43.575  -77.161  -40.537 0.1000000015
12544  -42.879  -77.850  -42.237 0.1000000015
22486  -46.474  -68.390  -36.843 0.1000000015
22485  -45.648  -68.494  -36.524 0.1000000015
20246  -42.596  -70.381  -38.604 0.1000000015
19124  -40.693  -72.211  -40.139 0.1000000015
17985  -40.426  -72.746  -40.820 0.1000000015
16904  -39.718  -73.992  -41.372 0.1000000015
14766  -39.731  -75.385  -41.683 0.1000000015
13642  -40.128  -76.269  -42.153 0.1000000015
13663  -41.013  -77.262  -42.740 0.1000000015
12562  -42.509  -78.229  -42.782 0.1000000015
23548  -46.991  -67.902  -36.308 0.1000000015
15855  -39.992  -74.241  -42.731 0.1000000015
14775  -39.731  -75.623  -42.669 0.1000000015
13687  -40.392  -77.010  -43.495 0.1000000015
12576  -41.692  -78.112  -43.603 0.1000000015
11578  -41.924  -79.150  -43.932 0.1000000015
23549  -47.771  -67.633  -36.736 0.1000000015
23538  -48.325  -67.075  -36.257 0.1000000015
23550  -48.590  -67.261  -37.262 0.1000000015
24604  -49.252  -66.625  -36.770 0.1000000015
16801  -42.318  -73.760  -35.263 0.1000000015
145034  -43.686  -74.574  -36.508 0.1000000015
16800  -41.303  -73.623  -35.444 0.1000000015
15776  -41.719  -74.394  -36.714 0.1000000015
15749  -44.327  -74.050  -35.048 0.1000000015
15780  -45.554  -74.954  -35.877 0.1000000015
14710  -45.552  -75.512  -36.243 0.2000000030
16822  -41.009  -73.877  -36.203 0.1000000015
14717  -42.381  -75.222  -38.081 0.1000000015
14718  -43.588  -75.258  -37.944 0.1000000015
13552  -45.703  -76.353  -35.651 0.2000000030
15775  -40.693  -74.160  -36.954 0.1000000015
15789  -41.451  -74.693  -37.478 0.1000000015
23525  -46.476  -67.400  -34.681 0.1000000015
23535  -46.011  -67.840  -35.122 0.1000000015
22466  -45.433  -68.187  -35.657 0.1000000015
138253  -44.564  -68.238  -35.366 0.1000000015
21350  -44.082  -68.894  -36.894 0.1000000015
21349  -43.167  -69.036  -36.721 0.1000000015
21367  -42.695  -69.522  -37.304 0.1000000015
16840  -39.974  -73.777  -37.287 0.1000000015
15797  -40.100  -74.534  -38.607 0.1000000015
14727  -42.151  -75.604  -38.973 0.1000000015
14741  -42.480  -76.103  -39.847 0.1000000015
22484  -44.738  -68.523  -36.262 0.1000000015
20244  -40.865  -70.915  -38.081 0.1000000015
19096  -40.400  -71.678  -38.581 0.1000000015
17968  -40.182  -72.311  -39.345 0.1000000015
14753  -40.402  -75.696  -40.508 0.1000000015
14754  -41.425  -76.060  -40.211 0.1000000015
13644  -42.540  -77.242  -41.692 0.1000000015
24585  -46.882  -66.849  -34.307 0.1000000015
19108  -40.936  -71.667  -39.453 0.1000000015
17967  -39.685  -73.015  -39.265 0.1000000015
15826  -39.628  -74.447  -40.343 0.1000000015
14752  -39.783  -75.185  -40.825 0.1000000015
13643  -41.129  -76.817  -41.885 0.1000000015
13626  -41.307  -76.482  -41.025 0.1000000015
23526  -47.206  -67.138  -35.016 0.1000000015
23537  -47.497  -67.390  -35.825 0.1000000015
24594  -47.987  -66.796  -35.383 0.1000000015
24595  -48.877  -66.405  -35.775 0.1000000015
24596  -49.864  -65.830  -36.220 0.1000000015
24605  -50.372  -65.850  -37.386 0.1000000015
16802  -43.347  -73.902  -35.160 0.1000000015
16779  -41.599  -73.362  -34.680 0.1000000015
16780  -42.584  -73.495  -34.496 0.1000000015
15750  -45.189  -74.264  -34.881 0.1000000015
16799  -40.441  -73.342  -35.737 0.1000000015
17893  -40.227  -72.553  -34.522 0.1000000015
16782  -44.507  -73.808  -34.232 0.1000000015
15765  -45.643  -74.704  -35.369 0.1000000015
17921  -39.619  -72.477  -36.413 0.1000000015
16798  -39.827  -72.965  -36.079 0.1000000015
14680  -46.311  -75.392  -34.686 0.2000000030
23524  -45.784  -67.596  -34.359 0.1000000015
22483  -43.686  -68.588  -35.972 0.1000000015
22482  -42.791  -68.830  -36.073 0.1000000015
129527  -39.620  -72.567  -37.145 0.1000000015
15787  -39.848  -73.986  -37.977 0.1000000015
15740  -45.988  -74.379  -33.942 0.1000000015
15741  -46.499  -74.992  -33.944 0.2000000030
22455  -45.258  -67.917  -34.845 0.1000000015
21366  -41.847  -69.759  -37.077 0.1000000015
20232  -40.597  -70.712  -37.280 0.1000000015
17950  -39.808  -72.459  -38.601 0.1000000015
16855  -39.577  -73.143  -38.530 0.1000000015
15809  -39.668  -74.264  -39.425 0.1000000015
24586  -47.653  -66.500  -34.617 0.1000000015
24587  -48.533  -66.091  -34.926 0.1000000015
25728  -49.450  -65.517  -35.323 0.1000000015
25719  -50.092  -64.306  -35.067 0.1000000015
25729  -50.401  -64.818  -35.724 0.1000000015
25742  -50.867  -65.003  -36.576 0.1000000015
17876  -39.837  -71.905  -34.065 0.1000000015
17877  -40.449  -72.378  -33.744 0.1000000015
17878  -41.213  -72.657  -33.410 0.1000000015
133588  -39.639  -71.236  -33.951 0.1000000015
16778  -40.686  -73.172  -34.936 0.1000000015
16764  -41.879  -73.098  -33.913 0.1000000015
16781  -43.559  -73.634  -34.344 0.1000000015
17906  -39.726  -72.145  -34.934 0.1000000015
17879  -42.105  -72.855  -33.126 0.1000000015
19071  -39.985  -71.245  -36.793 0.1000000015
19055  -39.597  -71.688  -35.439 0.1000000015
16766  -43.796  -73.428  -33.450 0.1000000015
23509  -46.226  -67.176  -33.954 0.1000000015
23508  -45.550  -67.373  -33.637 0.1000000015
22454  -45.070  -67.771  -34.070 0.1000000015
138569  -44.576  -68.017  -34.587 0.1000000015
22465  -42.923  -68.574  -35.474 0.1000000015
21347  -41.504  -69.534  -36.309 0.1000000015
20216  -41.065  -70.107  -36.828 0.1000000015
142389  -40.449  -70.531  -36.598 0.1000000015
151078  -39.621  -71.931  -36.632 0.1000000015
142722  -44.292  -73.414  -32.895 0.1000000015
15739  -45.381  -74.052  -34.139 0.1000000015
24569  -46.581  -66.601  -33.649 0.1000000015
21348  -42.320  -69.250  -36.515 0.1000000015
20233  -41.369  -70.329  -37.582 0.1000000015
19084  -39.735  -71.965  -37.358 0.1000000015
16742  -46.172  -74.389  -32.559 0.1000000015
24570  -47.294  -66.198  -33.932 0.1000000015
25703  -47.624  -65.298  -33.660 0.1000000015
25717  -48.112  -65.672  -34.260 0.1000000015
25718  -49.097  -65.027  -34.598 0.1000000015
28152  -50.323  -62.047  -35.006 0.1000000015
143115  -50.812  -63.760  -35.580 0.1000000015
28162  -50.764  -62.336  -35.877 0.1000000015
132671  -39.726  -71.012  -32.801 0.1000000015
19017  -40.110  -71.625  -32.795 0.1000000015
17853  -40.664  -71.838  -32.139 0.1000000015
20173  -39.640  -70.763  -33.454 0.1000000015
17866  -41.386  -72.433  -32.607 0.1000000015
20185  -39.701  -70.609  -34.242 0.1000000015
21305  -39.780  -70.003  -33.454 0.1000000015
17867  -42.302  -72.664  -32.310 0.1000000015
16752  -43.005  -73.045  -32.875 0.1000000015
20200  -40.194  -70.135  -35.369 0.1000000015
21318  -39.935  -69.946  -34.201 0.1000000015
24552  -46.307  -66.378  -33.123 0.1000000015
22453  -43.676  -68.266  -34.867 0.1000000015
21332  -41.183  -69.415  -35.694 0.1000000015
21331  -40.693  -69.622  -35.394 0.1000000015
21319  -40.392  -69.605  -34.708 0.1000000015
17868  -43.275  -72.900  -32.011 0.1000000015
16754  -45.010  -73.577  -32.701 0.1000000015
25702  -46.857  -65.925  -33.357 0.1000000015
24568  -45.963  -66.899  -33.304 0.1000000015
23507  -44.835  -67.550  -33.333 0.1000000015
22438  -44.174  -67.918  -33.883 0.1000000015
130435  -43.159  -68.164  -34.023 0.1000000015
22464  -41.988  -68.956  -35.576 0.1000000015
16741  -44.875  -73.417  -31.814 0.1000000015
26909  -46.973  -65.042  -33.162 0.1000000015
26910  -47.936  -64.069  -33.539 0.1000000015
28141  -48.680  -62.663  -33.833 0.1000000015
26911  -48.902  -63.471  -34.036 0.1000000015
28142  -49.570  -62.330  -34.372 0.1000000015
29344  -49.850  -61.264  -34.751 0.1000000015
22418  -40.620  -68.766  -32.528 0.1000000015
21282  -40.132  -69.240  -32.089 0.1000000015
21281  -39.834  -69.854  -31.748 0.1000000015
19008  -40.926  -71.682  -31.240 0.1000000015
22436  -42.752  -68.084  -33.239 0.1000000015
148785  -41.928  -68.346  -33.324 0.1000000015
22435  -41.396  -68.612  -33.762 0.1000000015
21293  -40.176  -69.337  -32.979 0.1000000015
17842  -41.771  -72.067  -30.947 0.1000000015
25693  -46.335  -65.786  -32.806 0.1000000015
24551  -45.728  -66.481  -32.663 0.1000000015
23506  -44.104  -67.676  -33.033 0.1000000015
132023  -42.230  -68.386  -33.961 0.1000000015
22451  -41.659  -68.739  -34.576 0.1000000015
17856  -43.157  -72.682  -31.210 0.1000000015
26899  -46.201  -64.855  -32.587 0.1000000015
134922  -44.201  -73.246  -32.225 0.1000000015
149923  -45.568  -73.852  -32.212 0.1000000015
138880  -46.990  -64.020  -33.054 0.1000000015
28140  -47.713  -62.945  -33.424 0.1000000015
29334  -48.461  -61.626  -33.672 0.1000000015
29335  -49.279  -61.398  -34.213 0.1000000015
30593  -48.036  -60.769  -33.395 0.1000000015
31829  -48.033  -60.005  -33.690 0.1000000015
29353  -49.691  -60.800  -34.985 0.1000000015
20151  -39.959  -70.655  -31.528 0.1000000015
19007  -40.343  -71.282  -31.547 0.1000000015
18983  -40.686  -70.925  -29.835 0.1000000015
18997  -41.151  -71.532  -30.393 0.1000000015
24533  -45.265  -66.259  -32.114 0.1000000015
146662  -43.759  -67.504  -32.264 0.1000000015
22420  -42.887  -67.819  -32.427 0.1000000015
136243  -41.276  -68.478  -32.979 0.1000000015
145100  -46.301  -63.840  -32.688 0.1000000015
25692  -45.716  -65.734  -32.323 0.1000000015
24550  -44.998  -66.803  -32.275 0.1000000015
23487  -44.591  -67.303  -32.594 0.1000000015
154628  -43.545  -67.917  -33.401 0.1000000015
17855  -42.446  -72.506  -31.487 0.1000000015
28127  -46.875  -62.948  -33.016 0.1000000015
29322  -45.808  -61.925  -32.324 0.1000000015
145001  -46.937  -61.581  -32.855 0.1000000015
30585  -46.556  -60.717  -32.434 0.1000000015
31820  -46.641  -59.656  -32.317 0.1000000015
142720  -47.428  -59.983  -32.905 0.1000000015
31828  -47.415  -59.521  -33.260 0.1000000015
22407  -40.560  -68.607  -31.524 0.1000000015
21271  -40.052  -69.244  -31.184 0.1000000015
20143  -39.930  -70.019  -30.876 0.1000000015
131797  -40.200  -70.204  -30.036 0.1000000015
21262  -40.237  -69.657  -29.335 0.1000000015
22408  -41.229  -68.080  -31.389 0.1000000015
130609  -42.037  -68.151  -32.651 0.1000000015
28113  -45.242  -63.044  -31.967 0.1000000015
144008  -45.537  -64.125  -32.177 0.1000000015
28126  -46.038  -62.957  -32.570 0.1000000015
30567  -45.676  -60.847  -31.834 0.1000000015
31821  -46.991  -59.292  -32.783 0.1000000015
32855  -46.586  -59.015  -32.720 0.1000000015
140204  -40.292  -68.735  -30.709 0.1000000015
135146  -40.089  -69.288  -30.193 0.1000000015
22409  -42.113  -67.839  -31.775 0.1000000015
26898  -45.521  -65.095  -32.095 0.1000000015
25679  -45.161  -65.689  -31.785 0.1000000015
24532  -44.663  -66.368  -31.572 0.1000000015
23463  -44.303  -67.045  -31.849 0.1000000015
23486  -43.039  -67.558  -31.795 0.1000000015
29309  -45.092  -62.158  -31.773 0.1000000015
31802  -46.065  -59.418  -31.652 0.1000000015
32838  -45.997  -58.826  -31.701 0.1000000015
32850  -45.938  -58.701  -32.303 0.1000000015
132845  -41.242  -67.509  -29.966 0.1000000015
23440  -43.134  -66.853  -30.610 0.1000000015
23461  -42.664  -67.401  -31.118 0.1000000015
23460  -41.671  -67.660  -30.865 0.1000000015
144518  -44.784  -63.899  -31.466 0.1000000015
26885  -45.007  -64.866  -31.590 0.1000000015
24524  -44.160  -66.100  -30.812 0.1000000015
149339  -43.945  -66.703  -31.131 0.1000000015
28112  -44.611  -62.890  -31.343 0.1000000015
31801  -45.456  -59.067  -30.868 0.1000000015
32823  -45.082  -58.393  -30.623 0.1000000015
32802  -44.650  -58.402  -30.063 0.1000000015
32837  -45.407  -58.401  -31.407 0.1000000015
24523  -43.636  -66.376  -30.534 0.1000000015
26884  -44.452  -64.646  -30.891 0.1000000015
25665  -44.141  -65.353  -30.428 0.1000000015
25664  -43.705  -65.860  -30.154 0.1000000015
29308  -44.697  -61.808  -31.244 0.1000000015
30566  -45.112  -60.466  -31.020 0.1000000015
32801  -44.111  -58.602  -29.424 0.1000000015
28097  -44.269  -62.622  -30.635 0.1000000015
30530  -44.491  -60.364  -30.098 0.1000000015
31759  -44.238  -59.850  -29.355 0.1000000015
31782  -44.831  -59.091  -30.032 0.1000000015
32789  -43.612  -58.964  -28.422 0.1000000015
33851  -42.652  -58.203  -27.715 0.1000000015
33852  -43.099  -58.873  -27.590 0.1000000015
29286  -44.330  -61.589  -30.492 0.1000000015
31758  -43.968  -59.464  -28.857 0.1000000015
32778  -43.413  -59.542  -27.433 0.1000000015
13623  -36.774  -76.934  -39.922 0.1000000015
12537  -35.469  -77.584  -41.015 0.1000000015
12540  -37.094  -77.548  -41.424 0.1000000015
11536  -35.742  -78.078  -42.522 0.1000000015
11557  -36.141  -78.370  -43.496 0.1000000015
135955  -35.574  -78.511  -44.212 0.1000000015
12506  -40.003  -77.649  -39.825 0.1000000015
12507  -41.060  -77.957  -39.669 0.1000000015
12505  -39.002  -77.362  -40.060 0.1000000015
12542  -39.861  -78.443  -41.518 0.1000000015
12560  -38.530  -78.330  -42.472 0.1000000015
11539  -39.541  -79.020  -43.105 0.1000000015
11559  -39.269  -79.279  -43.886 0.1000000015
13757  -38.207  -77.101  -48.668 0.1000000015
12629  -39.431  -78.072  -47.725 0.1000000015
12639  -39.175  -77.110  -48.294 0.1000000015
12479  -42.589  -77.489  -37.986 0.1000000015
13582  -43.221  -77.359  -37.395 0.2000000030
21368  -43.569  -69.385  -37.477 0.1000000015
19110  -42.443  -71.190  -39.838 0.1000000015
15865  -40.390  -74.232  -43.491 0.1000000015
15873  -41.805  -74.058  -45.484 0.1000000015
151659  -40.134  -75.720  -44.600 0.1000000015
14821  -40.590  -75.847  -45.736 0.1000000015
14784  -39.821  -75.625  -43.594 0.1000000015
131365  -40.833  -78.119  -45.309 0.1000000015
10614  -39.808  -79.920  -45.306 0.1000000015
139297  -40.959  -78.830  -45.646 0.1000000015
10630  -39.919  -79.899  -45.887 0.1000000015
13600  -44.593  -76.499  -38.558 0.1000000015
13568  -44.930  -76.667  -37.255 0.2000000030
14729  -44.421  -75.820  -38.443 0.1000000015
12545  -43.207  -77.897  -41.737 0.1000000015
11562  -41.908  -79.297  -43.714 0.1000000015
19125  -41.680  -71.674  -40.212 0.1000000015
16905  -40.228  -73.284  -41.481 0.1000000015
15864  -39.810  -74.882  -43.081 0.1000000015
13662  -40.095  -76.433  -42.863 0.1000000015
12591  -41.616  -78.771  -44.203 0.1000000015
149822  -41.090  -79.706  -44.683 0.1000000015
133173  -43.385  -76.064  -39.484 0.1000000015
19109  -41.674  -71.281  -39.491 0.1000000015
13664  -42.222  -77.494  -42.355 0.1000000015
22467  -46.237  -68.114  -35.945 0.1000000015
16891  -39.828  -73.462  -40.712 0.1000000015
129493  -39.591  -74.032  -40.704 0.1000000015
15840  -39.615  -74.606  -41.161 0.1000000015
14767  -40.237  -75.986  -41.320 0.1000000015
23564  -47.991  -67.806  -37.772 0.1000000015
15762  -43.053  -74.225  -35.882 0.1000000015
15777  -42.782  -74.503  -36.578 0.1000000015
15798  -41.168  -74.997  -38.277 0.1000000015
13532  -46.090  -76.225  -34.866 0.2000000030
136451  -41.438  -75.714  -39.533 0.1000000015
16820  -39.710  -73.129  -36.853 0.1000000015
15810  -40.128  -74.867  -39.368 0.1000000015
14726  -40.832  -75.264  -39.031 0.1000000015
153250  -40.202  -71.422  -37.680 0.1000000015
16873  -39.589  -73.586  -39.140 0.1000000015
15796  -39.657  -73.813  -38.562 0.1000000015
16755  -45.710  -73.979  -32.842 0.1000000015
26927  -49.725  -63.492  -34.563 0.1000000015
25730  -51.276  -63.934  -36.132 0.1000000015
20199  -39.724  -70.858  -35.221 0.1000000015
25704  -48.569  -64.553  -34.040 0.1000000015
26928  -50.666  -62.940  -35.391 0.1000000015
22450  -40.856  -69.001  -34.245 0.1000000015
22434  -40.710  -68.891  -33.400 0.1000000015
30594  -48.818  -60.648  -33.969 0.1000000015
31834  -47.394  -59.616  -33.812 0.1000000015
23462  -43.528  -67.198  -31.450 0.1000000015
16613  -52.907  -73.469  -20.409 0.5000000000
14475  -45.813  -75.418  -20.808 0.5000000000
14476  -46.164  -75.130  -20.209 0.5000000000
132766  -51.882  -72.982  -20.585 0.5000000000
16614  -53.516  -74.021  -20.320 0.5000000000
15547  -53.262  -74.593  -19.695 0.5000000000
15554  -46.425  -74.367  -20.535 0.5000000000
18874  -50.690  -72.089  -22.666 0.5000000000
155170  -51.128  -72.525  -21.932 0.5000000000
136505  -52.348  -72.893  -21.369 0.5000000000
16610  -46.853  -73.829  -20.931 0.5000000000
17741  -51.883  -72.450  -22.331 0.5000000000
17742  -52.944  -72.688  -22.034 0.5000000000
17743  -53.761  -72.871  -22.344 0.4000000060
16648  -47.131  -73.545  -23.277 0.5000000000
16658  -46.944  -73.632  -24.203 0.5000000000
15607  -47.680  -74.328  -24.776 0.5000000000
14535  -49.202  -76.596  -25.817 0.5000000000
14516  -49.422  -75.898  -25.094 0.5000000000
14555  -50.553  -76.596  -26.132 0.4000000060
15633  -50.322  -74.737  -26.626 0.4000000060
10368  -48.270  -80.243  -19.943 0.1000000015
154242  -46.398  -76.681  -20.254 0.5000000000
17724  -52.204  -73.242  -19.821 0.5000000000
147557  -53.298  -74.527  -19.185 0.5000000000
15545  -51.498  -75.224  -19.506 0.4000000060
129362  -46.659  -74.630  -19.785 0.5000000000
17740  -50.176  -72.266  -21.958 0.5000000000
17733  -50.868  -72.592  -21.145 0.5000000000
18873  -49.768  -71.858  -22.528 0.5000000000
20026  -48.575  -70.805  -23.410 0.5000000000
149803  -49.348  -71.081  -23.507 0.5000000000
18883  -49.912  -71.534  -23.159 0.5000000000
148210  -49.214  -70.493  -23.975 0.4000000060
20027  -50.174  -70.988  -23.881 0.3000000119
18884  -50.743  -71.581  -23.362 0.5000000000
18875  -51.666  -71.991  -23.133 0.4000000060
17750  -52.816  -72.323  -22.747 0.4000000060
15572  -53.815  -73.863  -21.484 0.6999999881
15586  -53.079  -74.931  -21.584 0.5000000000
20042  -49.897  -70.159  -24.429 0.3000000119
20028  -51.493  -71.313  -23.865 0.3000000119
18885  -52.660  -71.819  -23.470 0.4000000060
16639  -53.926  -73.434  -22.010 0.5000000000
15588  -53.914  -73.760  -22.123 0.6000000238
15585  -51.345  -75.207  -22.211 0.6000000238
15569  -49.393  -74.566  -20.684 0.6000000238
16636  -46.424  -73.540  -22.607 0.3000000119
20043  -50.911  -70.540  -24.411 0.3000000119
18887  -54.174  -72.015  -23.731 0.4000000060
15600  -53.922  -73.772  -22.922 0.5000000000
14493  -52.336  -75.208  -22.411 0.6000000238
15598  -50.966  -75.277  -23.039 0.6000000238
16649  -48.032  -73.844  -23.042 0.5000000000
15595  -47.878  -73.964  -23.921 0.5000000000
140565  -51.883  -70.834  -24.423 0.4000000060
18897  -53.737  -71.428  -24.235 0.4000000060
134315  -54.307  -72.467  -23.532 0.5000000000
155476  -53.586  -73.924  -23.666 0.5000000000
14504  -51.184  -75.523  -23.798 0.5000000000
15597  -50.375  -75.261  -23.517 0.5000000000
15608  -48.656  -74.807  -24.484 0.5000000000
20057  -52.536  -70.173  -25.236 0.4000000060
20045  -54.040  -70.991  -24.800 0.4000000060
18898  -54.304  -71.642  -24.453 0.5000000000
154475  -53.491  -73.747  -24.254 0.5000000000
155365  -52.484  -74.654  -24.883 0.4000000060
14503  -50.524  -75.708  -24.264 0.5000000000
14517  -50.242  -76.210  -24.946 0.5000000000
20059  -54.232  -70.772  -25.360 0.4000000060
17759  -54.436  -71.824  -24.687 0.5000000000
16659  -52.897  -73.971  -25.007 0.5000000000
15622  -52.224  -74.766  -25.324 0.4000000060
14537  -50.586  -76.458  -25.558 0.4000000060
14536  -49.944  -76.744  -25.649 0.5000000000
150329  -53.965  -72.137  -26.383 0.5000000000
129517  -52.724  -73.237  -26.481 0.4000000060
15635  -51.776  -74.901  -25.801 0.4000000060
149366  -50.833  -75.846  -26.354 0.4000000060
17788  -53.419  -72.657  -26.572 0.3000000119
17787  -52.342  -73.118  -26.847 0.4000000060
16679  -51.894  -73.896  -26.283 0.3000000119
17786  -51.637  -73.146  -26.708 0.3000000119
16677  -50.059  -73.317  -26.519 0.3000000119
9452  -48.265  -81.089  -19.163 0.1000000015
9472  -48.183  -81.099  -20.122 0.1000000015
10335  -48.341  -80.750  -17.813 0.1000000015
10352  -48.461  -80.489  -18.787 0.1000000015
12252  -47.694  -78.130  -18.143 0.4000000060
12265  -47.585  -78.299  -19.120 0.4000000060
12264  -46.859  -77.416  -20.004 0.4000000060
13322  -46.458  -76.332  -19.639 0.5000000000
12251  -47.040  -77.131  -18.953 0.4000000060
14461  -46.900  -75.356  -18.705 0.5000000000
153840  -46.266  -75.694  -19.896 0.5000000000
17714  -51.236  -72.817  -19.375 0.5000000000
17715  -52.565  -73.498  -18.981 0.5000000000
143536  -53.238  -74.189  -18.979 0.5000000000
131177  -52.242  -75.201  -18.743 0.4000000060
15529  -47.399  -74.953  -18.421 0.5000000000
15528  -46.967  -74.781  -19.083 0.5000000000
18866  -49.264  -71.879  -21.976 0.5000000000
17732  -49.709  -72.170  -21.236 0.5000000000
17723  -51.001  -72.728  -20.185 0.5000000000
20019  -48.079  -71.088  -22.688 0.5000000000
18882  -49.006  -71.448  -22.795 0.5000000000
15543  -48.716  -74.454  -19.075 0.6000000238
21164  -48.311  -69.983  -23.968 0.4000000060
20041  -49.109  -69.820  -24.371 0.2000000030
22298  -48.950  -68.348  -24.762 0.2000000030
21180  -50.571  -69.762  -24.839 0.3000000119
21181  -51.650  -70.181  -24.905 0.4000000060
21179  -49.594  -69.209  -24.779 0.3000000119
21192  -50.426  -68.949  -25.210 0.3000000119
22299  -49.727  -68.247  -25.154 0.3000000119
138791  -51.203  -68.902  -25.559 0.4000000060
21193  -51.874  -69.608  -25.438 0.4000000060
20080  -54.465  -70.801  -25.859 0.4000000060
21216  -52.017  -69.030  -25.916 0.3000000119
21218  -53.615  -69.550  -26.572 0.3000000119
20079  -54.334  -70.332  -26.599 0.3000000119
18932  -54.501  -71.224  -25.891 0.4000000060
20101  -54.192  -70.736  -27.626 0.3000000119
18953  -53.935  -71.522  -27.349 0.3000000119
17805  -52.932  -72.664  -27.305 0.4000000060
137585  -54.218  -70.143  -28.292 0.2000000030
20121  -53.583  -70.879  -29.004 0.2000000030
18951  -52.579  -72.149  -28.044 0.3000000119
17804  -52.153  -72.625  -27.345 0.3000000119
20135  -53.159  -70.374  -30.249 0.1000000015
20134  -52.579  -70.922  -29.962 0.2000000030
134738  -51.731  -71.976  -27.826 0.4000000060
23465  -53.704  -67.855  -32.374 0.1000000015
139720  -48.372  -79.197  -17.387 0.1000000015
11277  -48.390  -79.619  -18.254 0.1000000015
12240  -47.956  -77.986  -17.214 0.2000000030
13309  -47.719  -76.767  -17.176 0.5000000000
13316  -47.241  -76.925  -18.022 0.4000000060
14462  -47.262  -75.815  -17.985 0.4000000060
17706  -52.552  -73.396  -18.167 0.5000000000
139088  -53.160  -74.328  -18.332 0.4000000060
15533  -52.579  -74.930  -18.119 0.4000000060
15532  -51.580  -75.095  -18.062 0.4000000060
15530  -48.378  -74.695  -18.202 0.5000000000
15516  -47.822  -75.174  -17.785 0.5000000000
18857  -49.321  -71.961  -20.451 0.5000000000
17713  -50.018  -72.332  -19.717 0.5000000000
20018  -47.379  -70.678  -22.453 0.4000000060
155616  -47.741  -71.158  -22.010 0.4000000060
18865  -48.815  -71.727  -21.204 0.5000000000
21163  -47.401  -69.689  -23.603 0.4000000060
20025  -47.727  -70.444  -23.233 0.5000000000
151524  -47.157  -68.983  -23.829 0.3000000119
21177  -47.832  -69.105  -24.125 0.3000000119
22297  -48.190  -68.369  -24.438 0.3000000119
23348  -48.477  -67.566  -24.585 0.2000000030
24439  -48.793  -66.717  -24.595 0.1000000015
23349  -49.205  -67.491  -24.912 0.3000000119
24451  -49.503  -66.645  -24.964 0.1000000015
23360  -49.907  -67.369  -25.299 0.3000000119
22311  -50.569  -68.044  -25.556 0.3000000119
24452  -50.165  -66.590  -25.304 0.2000000030
23361  -50.491  -67.186  -25.561 0.2000000030
23362  -51.076  -67.376  -25.885 0.2000000030
22329  -52.174  -68.428  -26.416 0.2000000030
139381  -53.738  -68.940  -27.436 0.2000000030
24470  -52.242  -66.817  -26.820 0.2000000030
22346  -53.145  -68.102  -27.465 0.2000000030
23394  -52.785  -67.334  -27.349 0.2000000030
134286  -54.244  -69.309  -28.281 0.2000000030
21254  -53.971  -69.951  -29.263 0.2000000030
23409  -54.294  -67.449  -28.903 0.1000000015
152852  -54.336  -68.262  -29.015 0.1000000015
142140  -53.719  -69.686  -30.399 0.1000000015
20145  -52.945  -69.809  -31.281 0.1000000015
150034  -54.980  -67.731  -30.671 0.1000000015
22381  -54.390  -68.381  -31.324 0.1000000015
21266  -53.446  -69.337  -31.352 0.1000000015
23443  -54.655  -67.705  -32.161 0.1000000015
22411  -54.026  -68.091  -32.264 0.1000000015
24535  -54.596  -66.902  -32.729 0.1000000015
25667  -55.005  -65.615  -32.741 0.1000000015
138929  -48.510  -77.901  -16.256 0.3000000119
13300  -48.409  -76.710  -16.512 0.3000000119
14433  -51.514  -76.700  -13.936 0.3000000119
14448  -51.183  -75.781  -15.080 0.3000000119
14446  -49.115  -76.165  -16.276 0.3000000119
14453  -48.025  -75.847  -17.189 0.3000000119
15509  -52.867  -74.598  -16.005 0.3000000119
15506  -49.651  -75.260  -16.715 0.5000000000
14454  -48.629  -75.202  -17.324 0.5000000000
17697  -52.663  -73.212  -17.326 0.4000000060
15520  -53.169  -74.332  -17.052 0.5000000000
15519  -52.740  -74.717  -17.244 0.4000000060
15518  -51.923  -74.994  -17.272 0.4000000060
150754  -49.417  -74.807  -17.627 0.5000000000
20003  -47.316  -70.771  -20.856 0.4000000060
18856  -48.457  -71.487  -20.350 0.4000000060
17704  -50.432  -72.411  -18.952 0.5000000000
21144  -46.096  -69.816  -21.526 0.4000000060
21151  -46.256  -69.647  -22.526 0.4000000060
20011  -47.267  -70.791  -21.620 0.4000000060
18864  -47.901  -71.270  -21.182 0.5000000000
22271  -45.924  -68.852  -22.979 0.4000000060
21162  -46.660  -69.317  -23.318 0.4000000060
22283  -45.810  -67.897  -23.244 0.3000000119
22284  -46.628  -68.333  -23.678 0.3000000119
23338  -47.248  -67.496  -24.015 0.3000000119
22285  -47.460  -68.334  -24.129 0.3000000119
135858  -47.201  -66.547  -23.705 0.3000000119
25581  -48.485  -66.093  -24.248 0.1000000015
147900  -49.866  -66.002  -24.964 0.1000000015
24453  -50.810  -66.548  -25.685 0.2000000030
25594  -50.467  -65.800  -25.300 0.1000000015
25595  -51.257  -65.632  -25.811 0.1000000015
24469  -51.473  -66.647  -26.200 0.2000000030
131259  -51.937  -65.883  -26.435 0.2000000030
24481  -52.996  -66.465  -27.504 0.1000000015
24482  -53.645  -66.668  -28.206 0.1000000015
25626  -53.733  -65.720  -28.003 0.1000000015
148498  -54.895  -66.960  -29.590 0.1000000015
24499  -55.140  -66.266  -29.527 0.1000000015
24513  -55.543  -66.973  -30.821 0.1000000015
25682  -55.897  -65.588  -32.591 0.1000000015
25669  -56.474  -65.277  -32.077 0.1000000015
26886  -55.643  -65.194  -32.700 0.1000000015
28099  -56.460  -63.531  -32.477 0.1000000015
29289  -56.426  -62.632  -32.342 0.1000000015
131157  -55.975  -61.942  -32.195 0.1000000015
31785  -55.173  -60.183  -32.198 0.1000000015
13280  -51.489  -76.915  -13.207 0.3000000119
13292  -50.529  -78.214  -14.016 0.2000000030
14421  -52.520  -75.450  -13.736 0.3000000119
17668  -53.388  -73.514  -15.345 0.4000000060
17667  -52.976  -72.821  -15.613 0.3000000119
19994  -47.600  -70.462  -19.392 0.3000000119
18855  -47.698  -70.979  -20.222 0.3000000119
18841  -48.798  -71.212  -18.789 0.4000000060
18835  -50.722  -71.889  -17.217 0.4000000060
18821  -52.008  -72.238  -15.900 0.3000000119
136089  -46.289  -69.725  -20.327 0.3000000119
20002  -47.058  -70.395  -20.189 0.3000000119
130857  -49.950  -71.422  -17.525 0.4000000060
18820  -50.977  -71.647  -16.306 0.4000000060
18805  -52.224  -72.245  -14.833 0.3000000119
23312  -44.717  -67.778  -21.998 0.3000000119
21150  -45.557  -69.165  -22.046 0.3000000119
22270  -45.276  -68.332  -22.481 0.3000000119
24415  -45.275  -66.618  -22.746 0.3000000119
23323  -45.185  -67.444  -22.736 0.3000000119
24416  -45.996  -66.227  -23.040 0.3000000119
23337  -46.510  -67.312  -23.602 0.3000000119
24429  -46.469  -66.595  -23.385 0.3000000119
24430  -47.947  -65.933  -23.818 0.1000000015
146785  -48.647  -65.380  -23.845 0.1000000015
25569  -48.859  -64.887  -23.280 0.1000000015
25582  -49.213  -65.769  -24.516 0.1000000015
26769  -49.475  -64.781  -23.928 0.1000000015
25583  -50.020  -65.235  -24.724 0.1000000015
26770  -50.500  -64.395  -24.344 0.1000000015
26789  -50.793  -64.923  -25.170 0.1000000015
25611  -51.889  -65.108  -26.150 0.2000000030
25612  -52.443  -65.171  -26.630 0.2000000030
25625  -53.026  -65.380  -27.259 0.1000000015
26825  -53.209  -64.397  -26.742 0.1000000015
26826  -53.765  -64.757  -27.513 0.1000000015
25639  -54.586  -65.537  -28.699 0.1000000015
26841  -54.283  -64.991  -28.109 0.1000000015
25641  -56.497  -65.542  -30.249 0.1000000015
25640  -55.518  -65.492  -29.403 0.1000000015
25656  -56.940  -65.167  -31.056 0.1000000015
26888  -56.538  -64.242  -32.441 0.1000000015
29290  -57.018  -62.577  -32.096 0.1000000015
29310  -56.565  -61.499  -32.311 0.1000000015
30550  -57.151  -61.505  -31.871 0.1000000015
30549  -55.661  -61.124  -32.165 0.1000000015
31806  -56.695  -60.672  -32.188 0.1000000015
31804  -55.810  -59.716  -32.507 0.1000000015
30568  -56.162  -60.429  -32.459 0.1000000015
32839  -54.944  -58.613  -32.463 0.1000000015
13279  -49.909  -77.928  -13.261 0.2000000030
12207  -49.987  -78.651  -13.880 0.2000000030
14419  -50.485  -77.263  -13.001 0.2000000030
14407  -52.318  -75.725  -13.223 0.3000000119
15466  -50.531  -75.171  -13.009 0.2000000030
15468  -52.416  -75.356  -12.973 0.3000000119
15469  -52.791  -74.935  -13.459 0.3000000119
18848  -48.239  -71.097  -19.496 0.3000000119
18842  -49.409  -71.342  -18.114 0.3000000119
19987  -48.743  -70.476  -18.011 0.3000000119
19980  -49.418  -70.741  -17.399 0.3000000119
23305  -44.590  -67.847  -21.082 0.3000000119
22256  -45.081  -68.447  -20.389 0.3000000119
150396  -49.478  -70.372  -16.792 0.3000000119
19965  -50.348  -70.876  -15.850 0.3000000119
18804  -51.178  -71.500  -15.341 0.2000000030
23311  -44.446  -67.260  -21.571 0.2000000030
24403  -44.847  -66.303  -22.273 0.3000000119
25551  -45.443  -65.866  -22.526 0.3000000119
25568  -46.783  -65.960  -23.219 0.3000000119
129788  -47.451  -65.750  -23.382 0.1000000015
147662  -47.231  -65.377  -22.826 0.2000000030
25554  -48.092  -65.239  -23.143 0.1000000015
26729  -48.710  -64.718  -22.455 0.1000000015
26730  -50.234  -64.412  -22.422 0.1000000015
26713  -50.344  -64.670  -21.508 0.1000000015
26699  -51.283  -65.144  -20.327 0.1000000015
130311  -51.069  -64.566  -21.952 0.1000000015
26714  -51.921  -64.858  -21.498 0.1000000015
25512  -52.865  -65.658  -20.300 0.1000000015
25495  -53.645  -66.174  -19.715 0.1000000015
143825  -50.907  -64.014  -23.654 0.1000000015
26731  -52.001  -64.302  -22.467 0.1000000015
150550  -52.705  -64.716  -21.862 0.1000000015
154767  -53.412  -65.585  -20.695 0.1000000015
25513  -53.978  -65.917  -20.395 0.1000000015
139499  -51.198  -64.256  -24.915 0.1000000015
26771  -51.369  -63.891  -24.250 0.1000000015
26790  -51.640  -64.554  -25.582 0.1000000015
26810  -52.396  -64.473  -26.133 0.2000000030
26827  -54.669  -64.370  -27.758 0.1000000015
26842  -55.079  -64.781  -28.573 0.1000000015
26843  -56.355  -64.792  -29.155 0.1000000015
26863  -57.021  -64.986  -30.017 0.1000000015
28081  -57.559  -63.949  -30.345 0.1000000015
136829  -57.778  -63.202  -29.821 0.1000000015
133661  -57.430  -63.139  -31.059 0.1000000015
31787  -57.089  -60.846  -31.649 0.1000000015
31786  -56.687  -60.057  -31.731 0.1000000015
17637  -49.063  -72.255  -12.858 0.2000000030
16529  -51.051  -73.402  -12.705 0.2000000030
16531  -52.822  -74.305  -13.111 0.3000000119
17652  -53.324  -73.522  -14.426 0.3000000119
18765  -48.965  -71.408  -12.706 0.2000000030
150500  -49.724  -72.696  -12.834 0.2000000030
17638  -51.168  -72.594  -12.814 0.2000000030
16530  -52.048  -73.695  -12.776 0.3000000119
17651  -52.836  -72.785  -14.070 0.3000000119
21121  -46.998  -69.348  -18.640 0.3000000119
21116  -48.268  -69.689  -17.665 0.3000000119
19979  -48.969  -70.015  -17.184 0.3000000119
22250  -45.533  -68.482  -19.416 0.3000000119
22251  -46.339  -69.062  -19.212 0.3000000119
21115  -47.883  -69.124  -17.164 0.3000000119
21105  -48.497  -69.444  -16.777 0.3000000119
19964  -49.758  -70.427  -16.251 0.3000000119
23297  -44.209  -66.965  -19.855 0.2000000030
133870  -44.607  -67.674  -20.176 0.3000000119
19949  -50.419  -70.763  -14.914 0.2000000030
18791  -51.149  -71.454  -14.360 0.2000000030
24393  -44.094  -66.276  -20.711 0.2000000030
24402  -44.411  -66.468  -21.588 0.2000000030
25528  -44.382  -65.710  -21.307 0.2000000030
25529  -44.837  -65.679  -21.936 0.3000000119
25552  -46.326  -65.546  -22.675 0.2000000030
25530  -45.703  -65.072  -22.047 0.3000000119
130265  -46.430  -64.416  -21.657 0.2000000030
26710  -47.412  -64.435  -21.698 0.2000000030
26711  -48.319  -64.491  -21.712 0.2000000030
26712  -49.044  -64.517  -21.673 0.1000000015
26750  -52.666  -63.956  -23.289 0.1000000015
26732  -53.167  -64.434  -22.541 0.1000000015
26715  -53.684  -64.944  -21.827 0.1000000015
27980  -52.816  -63.643  -24.637 0.1000000015
27968  -53.261  -63.769  -24.036 0.1000000015
26733  -54.382  -64.742  -22.596 0.1000000015
28000  -52.881  -63.684  -25.306 0.1000000015
27981  -53.787  -63.740  -24.876 0.1000000015
27969  -54.444  -64.128  -24.086 0.1000000015
26772  -55.756  -64.525  -24.072 0.1000000015
145668  -53.615  -63.714  -25.651 0.1000000015
28002  -56.124  -64.290  -25.455 0.1000000015
28026  -55.426  -63.980  -26.206 0.1000000015
28025  -54.129  -63.823  -26.360 0.1000000015
28044  -54.165  -64.095  -27.095 0.1000000015
28045  -55.436  -63.986  -27.051 0.1000000015
28046  -57.351  -64.185  -27.276 0.1000000015
26828  -55.942  -64.276  -28.086 0.1000000015
28061  -57.441  -64.261  -28.381 0.1000000015
26844  -57.362  -64.412  -29.459 0.1000000015
29267  -57.464  -62.378  -30.932 0.1000000015
19914  -46.408  -70.730  -12.653 0.3000000119
21031  -48.099  -69.975  -12.755 0.3000000119
21044  -48.630  -69.979  -13.160 0.3000000119
19915  -49.245  -70.452  -13.129 0.2000000030
18777  -50.046  -70.943  -13.101 0.2000000030
18778  -50.883  -71.500  -13.502 0.2000000030
21065  -48.552  -69.602  -13.917 0.3000000119
21066  -49.168  -70.011  -13.757 0.3000000119
136239  -49.702  -70.431  -13.636 0.3000000119
18792  -51.856  -72.125  -13.821 0.2000000030
22244  -45.961  -68.420  -18.518 0.3000000119
22239  -46.756  -68.563  -17.328 0.3000000119
21086  -47.908  -69.050  -15.390 0.3000000119
21088  -49.138  -69.756  -15.279 0.3000000119
19931  -50.325  -70.806  -13.942 0.2000000030
23287  -44.480  -67.302  -18.918 0.2000000030
137896  -45.166  -67.908  -18.812 0.3000000119
23273  -45.577  -68.000  -17.857 0.3000000119
24383  -43.887  -66.040  -19.971 0.2000000030
25510  -44.138  -65.377  -20.701 0.2000000030
26708  -44.783  -64.926  -21.400 0.2000000030
26709  -45.561  -64.445  -21.508 0.3000000119
28027  -57.075  -64.240  -26.100 0.1000000015
132159  -57.952  -63.926  -27.707 0.1000000015
28062  -57.886  -63.901  -28.896 0.1000000015
19928  -45.415  -70.697  -13.753 0.1000000015
19899  -45.111  -70.027  -12.172 0.2000000030
19913  -45.627  -70.571  -12.711 0.3000000119
142882  -46.823  -69.591  -12.405 0.3000000119
21029  -46.255  -69.093  -12.361 0.3000000119
21042  -47.175  -69.140  -13.027 0.3000000119
22231  -46.642  -68.442  -16.573 0.3000000119
22218  -46.667  -68.553  -15.028 0.3000000119
129749  -44.841  -67.608  -18.118 0.3000000119
131715  -45.385  -67.872  -17.125 0.3000000119
23259  -45.792  -68.154  -16.291 0.3000000119
140724  -46.465  -68.419  -15.835 0.3000000119
24357  -44.069  -67.106  -18.243 0.2000000030
25493  -43.788  -65.090  -19.973 0.1000000015
26673  -43.938  -64.100  -20.183 0.1000000015
26692  -44.360  -64.500  -20.675 0.2000000030
26693  -45.082  -64.062  -21.080 0.2000000030
27926  -45.528  -63.360  -20.710 0.2000000030
153717  -46.518  -68.694  -13.191 0.3000000119
22201  -46.078  -68.408  -14.041 0.3000000119
22217  -45.889  -68.286  -15.222 0.3000000119
23257  -44.061  -67.374  -16.630 0.3000000119
23258  -44.889  -67.739  -16.450 0.3000000119
23271  -43.849  -67.203  -17.428 0.2000000030
24356  -43.364  -66.765  -17.920 0.2000000030
25456  -42.905  -66.111  -18.387 0.1000000015
26672  -43.401  -64.447  -19.643 0.1000000015
135087  -43.625  -63.738  -19.834 0.1000000015
27903  -44.177  -63.281  -20.063 0.1000000015
27925  -44.655  -63.652  -20.528 0.1000000015
23216  -45.119  -68.261  -12.478 0.3000000119
23227  -44.629  -67.717  -13.027 0.2000000030
23237  -45.312  -68.089  -13.428 0.3000000119
135613  -45.273  -68.049  -14.479 0.3000000119
149750  -44.539  -67.678  -14.719 0.3000000119
23246  -45.110  -67.928  -15.497 0.3000000119
138947  -42.785  -66.507  -17.650 0.2000000030
24342  -43.166  -66.994  -16.925 0.2000000030
25474  -41.682  -65.227  -18.124 0.1000000015
25455  -42.244  -65.965  -17.901 0.1000000015
155155  -41.232  -65.277  -17.678 0.1000000015
25475  -42.467  -65.345  -18.620 0.1000000015
26657  -42.786  -64.574  -19.133 0.1000000015
26656  -42.071  -64.555  -18.696 0.1000000015
27889  -43.125  -63.763  -19.463 0.1000000015
27902  -43.607  -63.086  -19.679 0.1000000015
23236  -44.029  -67.446  -13.810 0.2000000030
24341  -42.583  -66.744  -15.842 0.2000000030
23244  -43.776  -67.347  -14.888 0.2000000030
24355  -42.294  -66.457  -17.002 0.1000000015
24354  -41.517  -65.780  -17.291 0.1000000015
26655  -41.459  -64.501  -18.333 0.1000000015
144894  -42.434  -63.771  -19.068 0.1000000015
27901  -42.878  -62.881  -19.329 0.1000000015
29122  -43.564  -62.416  -19.469 0.1000000015
26654  -40.916  -64.054  -18.206 0.1000000015
27888  -41.632  -63.733  -18.652 0.1000000015
145418  -41.525  -62.971  -18.711 0.1000000015
135831  -42.067  -63.006  -19.001 0.1000000015
26637  -40.395  -64.439  -17.670 0.1000000015
27872  -40.160  -63.467  -18.010 0.1000000015
27887  -40.978  -63.205  -18.437 0.1000000015
15570  -52.835  -75.104  -20.896 0.4000000060
16626  -53.367  -73.531  -21.029 0.5000000000
15559  -52.487  -75.193  -20.120 0.4000000060
16627  -53.674  -73.527  -21.581 0.5000000000
15571  -53.536  -74.391  -20.952 0.6000000238
15544  -49.984  -74.833  -19.295 0.5000000000
131102  -50.921  -75.059  -18.701 0.4000000060
15567  -45.600  -74.454  -21.691 0.5000000000
130468  -51.598  -75.195  -21.094 0.5000000000
15555  -47.083  -74.145  -20.188 0.5000000000
15558  -51.286  -75.183  -20.342 0.6000000238
16624  -47.519  -73.742  -21.502 0.5000000000
16623  -46.638  -73.663  -21.752 0.3000000119
16647  -46.212  -73.491  -23.498 0.5000000000
16601  -47.952  -74.224  -19.814 0.5000000000
151367  -45.858  -76.768  -21.642 0.5000000000
16611  -47.684  -73.961  -20.662 0.5000000000
17751  -53.672  -72.217  -23.177 0.4000000060
13400  -50.158  -76.936  -26.014 0.4000000060
13399  -49.704  -77.043  -26.246 0.4000000060
14556  -51.211  -75.917  -25.854 0.4000000060
16678  -50.999  -73.868  -26.457 0.3000000119
15634  -51.218  -74.957  -26.203 0.4000000060
11290  -48.116  -79.371  -19.426 0.2000000030
15534  -53.050  -74.643  -18.704 0.5000000000
18886  -53.507  -71.755  -23.717 0.3000000119
16650  -54.181  -73.092  -22.730 0.4000000060
130661  -52.256  -75.248  -21.618 0.6000000238
18896  -52.686  -71.327  -24.093 0.4000000060
17752  -54.103  -72.555  -23.141 0.5000000000
15587  -53.570  -74.369  -22.493 0.6000000238
131873  -50.422  -74.905  -21.719 0.6000000238
131634  -50.423  -74.916  -20.889 0.6000000238
15556  -49.117  -74.467  -19.908 0.6000000238
16625  -48.593  -74.180  -21.287 0.5000000000
16637  -47.317  -73.600  -22.374 0.5000000000
139419  -54.450  -72.013  -24.039 0.4000000060
16660  -54.162  -73.188  -23.637 0.5000000000
14492  -51.582  -75.300  -22.996 0.6000000238
14506  -52.792  -74.888  -22.948 0.5000000000
135060  -49.543  -74.710  -23.160 0.5000000000
15583  -49.336  -74.491  -22.168 0.5000000000
15596  -48.756  -74.415  -23.600 0.5000000000
16638  -48.259  -73.930  -22.189 0.5000000000
20044  -52.873  -70.761  -24.710 0.4000000060
17758  -54.372  -72.401  -24.187 0.5000000000
15610  -52.846  -74.445  -24.273 0.5000000000
14519  -51.650  -75.561  -24.325 0.4000000060
14520  -52.409  -75.013  -23.863 0.5000000000
15609  -49.687  -75.283  -24.164 0.5000000000
20058  -53.470  -70.453  -25.285 0.4000000060
21194  -52.897  -69.748  -25.790 0.3000000119
18910  -54.475  -71.248  -25.188 0.5000000000
17767  -54.195  -72.425  -25.125 0.5000000000
16681  -53.350  -73.125  -25.702 0.5000000000
14538  -51.386  -75.939  -25.149 0.4000000060
14518  -50.941  -76.033  -24.729 0.5000000000
142440  -53.910  -72.423  -25.920 0.5000000000
15621  -51.698  -75.435  -25.400 0.4000000060
16680  -52.436  -73.986  -25.791 0.4000000060
17806  -53.631  -72.152  -27.075 0.4000000060
18931  -54.219  -71.618  -26.491 0.4000000060
16583  -53.279  -74.073  -17.782 0.5000000000
15542  -47.694  -74.489  -18.989 0.5000000000
15531  -49.558  -74.664  -18.446 0.5000000000
21178  -48.639  -69.157  -24.465 0.3000000119
134719  -51.109  -69.499  -25.208 0.4000000060
22312  -51.418  -68.233  -25.986 0.3000000119
21217  -52.720  -69.106  -26.297 0.3000000119
21195  -53.967  -70.252  -25.863 0.3000000119
18954  -54.405  -71.008  -26.595 0.3000000119
22330  -52.969  -68.677  -26.834 0.2000000030
21237  -54.271  -69.795  -27.409 0.3000000119
18971  -53.602  -71.451  -28.221 0.3000000119
18952  -53.238  -72.002  -27.896 0.4000000060
18970  -52.818  -71.623  -28.860 0.3000000119
18969  -52.142  -71.714  -28.628 0.2000000030
22410  -53.249  -68.357  -32.149 0.1000000015
23466  -54.282  -67.396  -32.589 0.1000000015
17705  -51.405  -72.769  -18.581 0.4000000060
133323  -53.022  -74.474  -18.027 0.5000000000
15517  -50.583  -74.911  -17.268 0.4000000060
152968  -50.348  -74.794  -17.971 0.5000000000
21152  -46.947  -70.093  -22.937 0.4000000060
23347  -47.853  -67.705  -24.332 0.2000000030
24438  -47.972  -66.843  -24.251 0.1000000015
23380  -51.751  -67.570  -26.404 0.2000000030
23381  -52.445  -67.848  -26.920 0.2000000030
23395  -53.395  -67.378  -27.930 0.1000000015
22347  -53.908  -68.305  -28.287 0.2000000030
22363  -54.330  -69.003  -29.333 0.2000000030
24498  -54.281  -66.384  -28.775 0.1000000015
23424  -54.556  -68.352  -29.932 0.1000000015
22380  -54.088  -69.004  -30.698 0.1000000015
22397  -53.707  -68.732  -31.744 0.1000000015
21274  -53.051  -69.039  -31.947 0.1000000015
134931  -55.249  -67.224  -31.980 0.1000000015
24526  -54.928  -66.973  -32.694 0.1000000015
25681  -55.143  -66.168  -32.728 0.1000000015
26874  -55.996  -64.345  -32.827 0.1000000015
13301  -49.351  -77.646  -15.493 0.3000000119
14434  -52.034  -76.029  -13.875 0.3000000119
14432  -50.930  -77.313  -14.244 0.3000000119
14435  -52.782  -74.888  -14.735 0.3000000119
15494  -52.058  -75.382  -14.897 0.3000000119
13302  -50.258  -77.520  -14.742 0.3000000119
14447  -50.212  -76.016  -15.528 0.3000000119
15507  -50.818  -75.122  -16.265 0.3000000119
15508  -52.038  -74.926  -16.146 0.3000000119
16573  -53.365  -74.075  -16.019 0.3000000119
17696  -51.547  -72.612  -17.733 0.4000000060
17682  -51.761  -72.424  -16.832 0.4000000060
17683  -52.827  -72.933  -16.467 0.4000000060
17698  -53.259  -73.753  -16.825 0.4000000060
20017  -46.714  -70.302  -22.082 0.4000000060
18849  -49.031  -71.671  -19.616 0.4000000060
134090  -49.585  -71.909  -18.884 0.4000000060
23336  -45.823  -67.003  -23.226 0.3000000119
140391  -52.501  -65.945  -26.924 0.1000000015
25655  -55.994  -66.280  -30.620 0.1000000015
24514  -55.688  -66.487  -32.196 0.1000000015
25668  -56.390  -65.810  -31.583 0.1000000015
26875  -57.104  -64.439  -31.364 0.1000000015
147332  -50.685  -77.479  -13.470 0.2000000030
12218  -49.735  -79.210  -14.130 0.2000000030
136990  -53.342  -74.164  -14.892 0.3000000119
19986  -48.193  -70.514  -18.725 0.3000000119
21143  -45.543  -69.190  -20.985 0.3000000119
22261  -45.039  -68.523  -21.504 0.3000000119
26747  -49.455  -64.533  -22.951 0.1000000015
26748  -50.206  -64.273  -23.387 0.1000000015
13263  -51.183  -77.103  -12.969 0.2000000030
15482  -49.967  -75.889  -13.350 0.2000000030
145666  -51.144  -75.851  -12.681 0.2000000030
14405  -51.421  -76.639  -12.773 0.3000000119
130104  -51.317  -74.611  -12.704 0.2000000030
21135  -45.712  -69.019  -20.060 0.3000000119
21128  -46.972  -69.814  -19.358 0.3000000119
21122  -47.663  -69.790  -18.469 0.3000000119
154095  -48.226  -70.084  -18.221 0.3000000119
23304  -44.289  -67.108  -20.821 0.3000000119
25531  -46.829  -64.946  -22.203 0.2000000030
25553  -47.782  -64.879  -22.324 0.1000000015
130327  -49.561  -64.563  -22.006 0.1000000015
129213  -51.125  -64.997  -21.092 0.1000000015
25532  -51.966  -65.271  -20.696 0.1000000015
129274  -50.986  -64.141  -22.861 0.1000000015
25533  -52.904  -65.247  -21.119 0.1000000015
25494  -52.657  -65.733  -19.686 0.1000000015
26749  -51.675  -63.896  -23.415 0.1000000015
25534  -54.197  -65.503  -21.109 0.1000000015
24394  -54.977  -66.423  -20.064 0.1000000015
27999  -51.996  -63.809  -24.961 0.1000000015
27967  -52.272  -63.686  -24.079 0.1000000015
26791  -52.333  -64.022  -25.633 0.1000000015
28024  -53.041  -63.876  -26.000 0.1000000015
18764  -47.997  -71.087  -12.661 0.2000000030
18766  -49.838  -71.479  -12.765 0.2000000030
16518  -50.353  -72.687  -12.709 0.2000000030
19903  -48.550  -70.571  -12.781 0.3000000119
17627  -50.319  -72.054  -12.712 0.2000000030
131568  -47.302  -69.225  -18.089 0.3000000119
19963  -49.184  -69.884  -16.266 0.3000000119
23298  -44.995  -68.029  -19.617 0.3000000119
22245  -46.734  -68.815  -18.146 0.3000000119
21104  -47.928  -69.017  -16.348 0.3000000119
22246  -47.311  -68.942  -17.535 0.3000000119
141930  -48.545  -69.385  -15.856 0.3000000119
19948  -49.743  -70.274  -15.530 0.3000000119
148061  -44.661  -67.587  -19.436 0.3000000119
26716  -54.945  -65.285  -21.946 0.1000000015
26751  -53.781  -64.247  -23.323 0.1000000015
28001  -54.623  -63.829  -25.615 0.1000000015
19902  -47.697  -70.382  -12.592 0.3000000119
18763  -47.170  -70.923  -12.650 0.3000000119
21030  -47.494  -69.734  -12.628 0.3000000119
21064  -47.783  -69.186  -14.203 0.3000000119
21087  -48.516  -69.418  -14.878 0.3000000119
22238  -46.254  -68.378  -17.784 0.3000000119
22240  -47.336  -68.737  -16.819 0.3000000119
23260  -46.095  -68.219  -17.157 0.3000000119
22232  -47.227  -68.663  -15.885 0.3000000119
24370  -43.970  -66.621  -19.172 0.2000000030
26694  -46.016  -63.849  -21.184 0.2000000030
26695  -47.019  -63.852  -21.192 0.2000000030
26696  -47.995  -64.023  -21.121 0.2000000030
21028  -45.436  -69.287  -11.971 0.2000000030
19900  -46.112  -69.971  -12.102 0.3000000119
22219  -47.326  -68.816  -14.944 0.3000000119
22202  -46.944  -68.772  -14.068 0.3000000119
23272  -44.611  -67.546  -17.374 0.3000000119
24369  -43.508  -66.356  -18.741 0.2000000030
25477  -43.623  -65.927  -19.429 0.2000000030
22163  -45.551  -68.751  -12.184 0.3000000119
22179  -45.864  -68.484  -12.833 0.3000000119
25476  -43.192  -65.427  -19.171 0.1000000015
135314  -44.762  -67.787  -13.887 0.3000000119
23245  -44.310  -67.542  -15.688 0.3000000119
139738  -43.488  -67.203  -15.852 0.2000000030
24317  -43.240  -67.075  -14.165 0.2000000030
24325  -43.120  -67.025  -15.066 0.2000000030
24340  -41.689  -66.255  -16.240 0.1000000015
15594  -44.718  -74.403  -23.804 0.3000000119
155450  -43.816  -75.719  -24.275 0.3000000119
14515  -44.137  -75.152  -24.285 0.3000000119
135023  -39.352  -76.977  -26.417 0.2000000030
12355  -38.876  -77.575  -26.912 0.2000000030
13384  -43.507  -76.257  -24.318 0.4000000060
13397  -42.469  -76.297  -25.177 0.3000000119
15604  -44.563  -74.416  -24.806 0.4000000060
13398  -43.104  -75.939  -25.011 0.3000000119
12328  -41.333  -77.372  -25.103 0.3000000119
16657  -46.000  -73.579  -24.412 0.4000000060
14532  -43.444  -75.371  -25.672 0.4000000060
14530  -41.330  -75.922  -25.823 0.3000000119
13407  -39.335  -76.091  -26.583 0.2000000030
150362  -45.083  -74.104  -25.263 0.4000000060
14533  -44.045  -74.931  -25.230 0.4000000060
14547  -42.009  -75.438  -26.525 0.4000000060
16666  -45.794  -73.906  -25.221 0.4000000060
15606  -46.729  -73.962  -25.071 0.4000000060
145923  -42.819  -75.521  -26.213 0.4000000060
14546  -40.965  -75.414  -26.397 0.3000000119
14563  -39.443  -75.244  -27.075 0.3000000119
15617  -45.536  -74.407  -25.862 0.4000000060
14548  -43.605  -75.307  -26.683 0.4000000060
14564  -40.439  -74.956  -26.998 0.4000000060
15619  -47.453  -74.879  -25.576 0.4000000060
14581  -41.787  -74.999  -28.146 0.3000000119
15620  -48.456  -75.411  -25.312 0.4000000060
14550  -45.796  -75.580  -27.109 0.4000000060
14549  -44.665  -75.438  -27.170 0.4000000060
133513  -43.256  -75.699  -28.069 0.4000000060
15631  -47.186  -75.492  -26.301 0.4000000060
129068  -43.863  -75.681  -27.617 0.4000000060
14582  -42.673  -75.522  -28.637 0.3000000119
14534  -48.221  -76.134  -26.036 0.4000000060
14567  -45.460  -76.039  -27.647 0.4000000060
14584  -44.059  -76.213  -28.391 0.4000000060
14551  -46.857  -76.031  -26.957 0.4000000060
14568  -46.496  -76.645  -27.604 0.4000000060
13423  -45.716  -76.767  -28.173 0.4000000060
13422  -44.753  -76.146  -27.988 0.4000000060
14595  -43.123  -75.931  -29.414 0.3000000119
14552  -47.899  -76.796  -26.681 0.4000000060
13439  -46.105  -77.656  -28.672 0.4000000060
13438  -44.968  -76.976  -28.757 0.4000000060
13437  -44.165  -76.665  -29.024 0.3000000119
14594  -42.695  -75.640  -29.952 0.2000000030
14553  -48.943  -77.184  -26.529 0.3000000119
13409  -47.496  -77.110  -27.245 0.4000000060
13425  -48.405  -77.584  -27.336 0.4000000060
13424  -47.525  -77.777  -27.839 0.4000000060
12366  -45.601  -77.915  -29.355 0.4000000060
13453  -44.589  -77.384  -29.592 0.4000000060
13451  -43.365  -76.302  -30.179 0.2000000030
14623  -41.702  -75.227  -31.516 0.3000000119
13411  -50.007  -76.994  -26.406 0.3000000119
13410  -49.308  -77.292  -26.971 0.3000000119
12357  -48.244  -78.006  -27.975 0.3000000119
12383  -45.232  -78.163  -30.058 0.3000000119
144109  -43.740  -76.783  -30.745 0.2000000030
13465  -44.041  -77.106  -30.211 0.2000000030
13478  -43.232  -76.210  -30.938 0.2000000030
14639  -41.685  -75.408  -32.506 0.2000000030
14554  -50.352  -76.262  -26.623 0.3000000119
13426  -48.816  -77.676  -27.781 0.3000000119
13440  -47.063  -78.122  -28.428 0.4000000060
13466  -44.314  -77.485  -30.973 0.1000000015
15648  -49.932  -75.550  -26.957 0.3000000119
14570  -49.297  -76.927  -27.766 0.3000000119
12387  -48.313  -77.594  -28.850 0.2000000030
12400  -46.532  -78.393  -30.246 0.2000000030
132636  -43.068  -76.042  -31.572 0.1000000015
14659  -41.572  -75.622  -33.411 0.2000000030
14586  -48.120  -76.221  -28.961 0.2000000030
13441  -47.904  -76.871  -29.678 0.2000000030
12413  -46.917  -77.832  -30.754 0.1000000015
12410  -44.835  -77.914  -31.431 0.1000000015
13494  -43.207  -76.178  -32.283 0.1000000015
14660  -42.556  -75.890  -33.033 0.1000000015
15647  -49.373  -75.553  -27.382 0.3000000119
14569  -48.647  -76.232  -28.363 0.3000000119
17785  -50.780  -72.982  -26.590 0.2000000030
144383  -49.420  -73.628  -26.608 0.1000000015
15632  -49.299  -74.426  -26.855 0.3000000119
148856  -47.440  -77.437  -30.332 0.1000000015
12428  -45.106  -77.772  -32.157 0.1000000015
130337  -43.401  -76.344  -33.056 0.1000000015
150719  -47.749  -74.465  -27.718 0.2000000030
14596  -47.520  -75.807  -29.492 0.1000000015
13481  -47.209  -77.006  -31.310 0.1000000015
12430  -46.473  -77.118  -32.685 0.1000000015
13496  -44.748  -77.315  -32.969 0.1000000015
13513  -43.274  -76.421  -33.847 0.1000000015
14694  -41.110  -76.123  -35.109 0.1000000015
16692  -48.320  -74.197  -27.183 0.1000000015
15663  -47.757  -75.134  -28.373 0.2000000030
15675  -46.841  -75.001  -29.486 0.1000000015
14625  -47.101  -76.071  -31.729 0.1000000015
152919  -46.716  -76.379  -32.859 0.1000000015
133645  -44.787  -77.180  -33.951 0.1000000015
13530  -44.298  -76.965  -34.628 0.1000000015
13528  -42.106  -76.330  -34.941 0.1000000015
13547  -40.855  -76.322  -35.910 0.1000000015
15691  -46.907  -75.406  -31.094 0.1000000015
14661  -46.679  -75.778  -33.355 0.1000000015
13516  -46.010  -76.865  -34.087 0.1000000015
13566  -42.766  -77.039  -36.581 0.1000000015
13565  -41.564  -76.737  -36.576 0.1000000015
27927  -46.576  -63.210  -20.645 0.2000000030
18930  -50.102  -72.285  -26.676 0.1000000015
16676  -48.588  -73.360  -26.670 0.1000000015
15662  -46.733  -74.469  -28.630 0.1000000015
16675  -47.646  -73.088  -26.762 0.1000000015
13549  -42.999  -76.820  -35.719 0.1000000015
13529  -43.169  -76.599  -34.804 0.1000000015
13531  -45.422  -77.054  -34.729 0.1000000015
15725  -46.639  -75.019  -33.002 0.1000000015
14514  -43.640  -75.532  -24.785 0.3000000119
13395  -40.726  -76.723  -25.562 0.3000000119
14531  -42.174  -75.877  -25.754 0.3000000119
144942  -42.819  -75.755  -25.585 0.3000000119
14545  -40.063  -75.614  -26.404 0.3000000119
131744  -44.206  -74.947  -26.215 0.4000000060
14565  -41.441  -75.008  -27.183 0.3000000119
15618  -46.468  -74.520  -25.791 0.4000000060
143177  -42.978  -75.408  -27.140 0.4000000060
14566  -42.400  -75.295  -27.624 0.3000000119
141676  -46.610  -77.468  -28.132 0.4000000060
13452  -43.788  -76.602  -29.537 0.2000000030
14608  -42.826  -75.794  -30.550 0.2000000030
12356  -47.751  -78.153  -28.283 0.3000000119
12384  -46.106  -78.444  -29.799 0.2000000030
14640  -42.466  -75.672  -32.022 0.2000000030
14571  -49.873  -76.747  -27.018 0.3000000119
12370  -48.466  -77.807  -28.245 0.3000000119
12398  -44.977  -78.146  -30.770 0.2000000030
13479  -43.723  -76.687  -31.540 0.1000000015
12385  -46.963  -78.382  -29.561 0.4000000060
13442  -48.710  -77.214  -28.443 0.2000000030
12401  -47.195  -78.156  -30.062 0.2000000030
12411  -45.559  -78.147  -31.424 0.1000000015
12412  -46.520  -77.562  -31.693 0.1000000015
13495  -43.957  -76.743  -32.541 0.1000000015
15646  -48.601  -75.375  -27.844 0.3000000119
14609  -47.347  -76.465  -30.780 0.1000000015
12443  -45.375  -77.559  -32.913 0.1000000015
13514  -44.099  -76.772  -33.524 0.1000000015
14678  -42.315  -76.093  -34.050 0.1000000015
17784  -49.092  -72.653  -26.533 0.1000000015
139811  -47.212  -75.720  -30.192 0.1000000015
13497  -46.900  -76.634  -32.170 0.1000000015
12444  -45.929  -77.301  -33.248 0.1000000015
13548  -41.870  -76.538  -35.786 0.1000000015
14641  -46.873  -75.799  -32.563 0.1000000015
13564  -40.537  -76.541  -36.694 0.1000000015
15690  -46.354  -74.619  -30.261 0.1000000015
133268  -47.163  -73.644  -27.322 0.1000000015
10385  -45.992  -79.744  -22.583 0.3000000119
154225  -45.489  -79.042  -22.644 0.2000000030
9505  -44.485  -80.167  -23.517 0.3000000119
11324  -44.376  -78.500  -23.266 0.2000000030
11306  -46.428  -78.485  -21.811 0.2000000030
13344  -46.308  -76.970  -20.906 0.4000000060
131593  -45.719  -77.940  -22.270 0.3000000119
150246  -44.180  -79.225  -23.415 0.2000000030
13343  -45.783  -76.093  -21.205 0.4000000060
10384  -45.154  -78.368  -22.770 0.2000000030
9523  -43.563  -80.369  -24.025 0.1000000015
10407  -42.964  -79.442  -24.004 0.2000000030
139803  -42.705  -80.114  -24.280 0.1000000015
12296  -45.104  -77.399  -22.731 0.3000000119
9522  -42.990  -80.881  -24.531 0.1000000015
153084  -42.995  -78.121  -24.016 0.2000000030
9521  -42.141  -80.373  -24.674 0.1000000015
10405  -41.472  -79.690  -24.883 0.1000000015
10406  -42.179  -79.493  -24.411 0.1000000015
11354  -40.968  -79.010  -25.141 0.1000000015
9543  -40.343  -80.837  -26.476 0.1000000015
9531  -40.741  -80.503  -25.820 0.1000000015
11353  -40.397  -79.090  -25.624 0.1000000015
9542  -39.815  -80.198  -26.668 0.1000000015
10414  -40.244  -79.839  -26.088 0.1000000015
13358  -45.400  -76.065  -22.039 0.3000000119
12302  -43.930  -77.898  -23.540 0.2000000030
12312  -42.704  -77.586  -24.320 0.2000000030
11337  -42.509  -78.563  -24.224 0.2000000030
12311  -41.861  -77.927  -24.627 0.2000000030
10425  -39.670  -79.485  -26.553 0.1000000015
9556  -39.326  -80.593  -27.832 0.1000000015
14491  -45.185  -75.030  -22.177 0.2000000030
14490  -44.886  -75.613  -22.732 0.3000000119
142606  -43.274  -77.034  -24.158 0.2000000030
140040  -41.141  -78.223  -25.037 0.2000000030
140087  -39.984  -79.085  -26.110 0.1000000015
9572  -38.799  -79.946  -28.227 0.1000000015
132179  -39.308  -79.917  -27.231 0.1000000015
13385  -44.086  -76.024  -23.742 0.3000000119
13383  -42.865  -76.686  -24.614 0.3000000119
133531  -45.350  -74.263  -22.449 0.2000000030
12327  -40.598  -77.740  -25.422 0.2000000030
12344  -39.962  -77.325  -25.866 0.1000000015
10438  -38.840  -79.104  -27.504 0.1000000015
11375  -39.062  -78.433  -26.943 0.1000000015
10453  -38.340  -78.991  -28.237 0.1000000015
15581  -44.861  -74.724  -22.917 0.2000000030
133925  -38.263  -76.780  -27.573 0.1000000015
12342  -38.726  -76.656  -27.004 0.1000000015
11381  -37.524  -77.891  -28.682 0.1000000015
12365  -37.953  -77.398  -27.986 0.1000000015
15582  -45.153  -74.147  -23.123 0.2000000030
14562  -38.698  -75.339  -27.607 0.1000000015
13420  -38.366  -76.075  -27.533 0.1000000015
150938  -39.157  -74.827  -27.746 0.1000000015
11402  -37.093  -78.817  -30.130 0.1000000015
12364  -37.309  -76.847  -28.620 0.1000000015
13436  -37.856  -76.435  -28.022 0.1000000015
14580  -38.013  -75.553  -28.194 0.1000000015
15644  -40.835  -74.675  -27.814 0.3000000119
14592  -36.887  -75.473  -29.529 0.1000000015
14482  -45.521  -75.273  -21.446 0.3000000119
151003  -46.164  -77.572  -21.660 0.3000000119
12289  -45.572  -77.061  -22.206 0.2000000030
13372  -43.891  -77.032  -23.704 0.3000000119
12343  -39.458  -77.894  -26.389 0.1000000015
11374  -38.485  -78.160  -27.590 0.1000000015
13382  -42.124  -77.064  -24.810 0.2000000030
12303  -44.511  -77.653  -23.187 0.2000000030
13373  -44.550  -76.794  -23.214 0.3000000119
150924  -40.600  -78.484  -25.396 0.1000000015
10462  -37.750  -79.296  -29.718 0.1000000015
11394  -37.308  -78.418  -29.397 0.1000000015
13435  -37.470  -76.041  -28.508 0.1000000015
151438  -37.467  -79.432  -30.441 0.1000000015
145791  -36.770  -76.704  -29.250 0.1000000015
15643  -39.884  -74.645  -27.676 0.2000000030
15686  -37.518  -74.627  -30.240 0.1000000015
140722  -37.208  -74.674  -31.682 0.1000000015
134506  -37.951  -74.567  -31.775 0.2000000030
15719  -36.712  -74.908  -32.429 0.1000000015
15671  -39.591  -74.339  -29.130 0.2000000030
130824  -38.251  -74.425  -30.456 0.2000000030
15704  -38.496  -74.484  -31.326 0.1000000015
151283  -36.575  -75.130  -33.240 0.1000000015
15720  -37.708  -74.782  -32.447 0.2000000030
131968  -39.352  -74.608  -31.625 0.1000000015
15660  -40.222  -74.447  -28.478 0.2000000030
15687  -39.778  -74.363  -30.087 0.1000000015
15735  -37.361  -75.018  -33.209 0.1000000015
15736  -38.299  -74.993  -33.179 0.1000000015
15661  -41.155  -74.678  -28.700 0.2000000030
15672  -40.610  -74.499  -29.477 0.2000000030
15705  -39.978  -74.550  -31.031 0.1000000015
15722  -39.659  -74.879  -32.434 0.1000000015
15688  -40.658  -74.621  -30.487 0.1000000015
131046  -40.194  -74.810  -31.853 0.1000000015
152039  -41.441  -74.812  -29.401 0.2000000030
15673  -41.387  -74.822  -30.093 0.2000000030
15723  -40.364  -75.022  -32.486 0.1000000015
15706  -40.811  -74.832  -31.325 0.1000000015
140235  -42.511  -75.484  -29.337 0.2000000030
14622  -40.954  -75.037  -32.117 0.1000000015
15738  -40.100  -75.155  -33.095 0.1000000015
148635  -38.884  -74.430  -28.877 0.1000000015
147734  -38.042  -74.512  -29.767 0.1000000015
11296  -47.028  -78.268  -20.945 0.2000000030
10397  -45.506  -80.456  -23.092 0.1000000015
13291  -50.088  -78.627  -14.259 0.2000000030
11244  -48.327  -80.275  -15.920 0.1000000015
17649  -47.837  -72.107  -13.778 0.1000000015
14430  -48.547  -76.890  -14.021 0.1000000015
13278  -48.883  -78.372  -13.674 0.1000000015
16528  -50.315  -73.658  -12.968 0.1000000015
17666  -47.532  -72.161  -14.831 0.2000000030
17650  -48.171  -72.855  -14.716 0.1000000015
136222  -47.546  -75.881  -15.118 0.1000000015
18776  -47.478  -71.529  -13.098 0.2000000030
134702  -48.578  -72.580  -13.543 0.1000000015
16541  -48.941  -73.511  -14.253 0.1000000015
15481  -49.016  -74.824  -14.515 0.1000000015
14418  -49.338  -76.469  -13.682 0.1000000015
12278  -47.497  -78.438  -20.008 0.2000000030
12229  -48.673  -79.463  -16.238 0.1000000015
16542  -49.731  -74.316  -13.668 0.1000000015
16527  -49.380  -73.115  -13.275 0.1000000015
18775  -46.755  -71.271  -13.238 0.2000000030
12230  -49.445  -79.156  -14.952 0.1000000015
13277  -47.365  -78.193  -14.314 0.1000000015
13290  -47.479  -77.120  -14.535 0.1000000015
149277  -47.974  -73.293  -15.353 0.1000000015
10376  -47.444  -80.092  -21.498 0.1000000015
11316  -46.660  -79.419  -22.021 0.1000000015
23226  -43.850  -67.455  -12.785 0.1000000015
23203  -43.506  -68.068  -11.857 0.1000000015
22148  -43.961  -68.688  -11.735 0.1000000015
21026  -43.572  -69.481  -12.065 0.1000000015
21062  -43.517  -69.650  -13.985 0.1000000015
23215  -44.263  -68.009  -12.185 0.1000000015
21027  -44.445  -69.408  -11.815 0.1000000015
22146  -42.618  -68.615  -11.641 0.1000000015
137557  -42.136  -68.910  -12.005 0.1000000015
22178  -42.248  -69.070  -12.962 0.1000000015
22216  -42.253  -68.866  -15.011 0.1000000015
23213  -42.942  -67.659  -11.901 0.1000000015
22147  -43.274  -68.510  -11.687 0.1000000015
21039  -42.882  -69.410  -13.422 0.1000000015
21084  -43.468  -69.497  -15.191 0.1000000015
23225  -43.019  -67.204  -12.553 0.1000000015
142246  -41.195  -68.483  -14.473 0.1000000015
22145  -41.696  -68.329  -11.520 0.1000000015
22177  -41.524  -68.709  -12.654 0.1000000015
22199  -41.714  -68.716  -13.665 0.1000000015
23201  -42.205  -67.889  -11.538 0.1000000015
22200  -42.333  -68.982  -13.991 0.1000000015
22215  -41.521  -68.622  -15.300 0.1000000015
24303  -42.634  -66.746  -13.429 0.1000000015
22176  -40.770  -68.433  -12.438 0.1000000015
22198  -40.985  -68.459  -13.492 0.1000000015
23200  -41.375  -67.886  -11.360 0.1000000015
24291  -42.325  -67.263  -11.961 0.1000000015
129148  -42.348  -66.808  -12.565 0.1000000015
136077  -42.557  -66.698  -14.609 0.1000000015
27928  -47.603  -63.432  -20.596 0.1000000015
27929  -48.587  -63.710  -20.421 0.1000000015
24302  -41.825  -66.416  -12.996 0.1000000015
29146  -47.265  -62.902  -20.168 0.1000000015
27907  -49.392  -63.902  -19.971 0.1000000015
152721  -49.164  -64.087  -20.496 0.1000000015
22161  -41.250  -68.444  -11.806 0.1000000015
130291  -40.322  -68.262  -13.265 0.1000000015
22197  -40.295  -68.217  -14.386 0.1000000015
150262  -48.928  -64.303  -21.011 0.1000000015
19912  -44.827  -70.457  -12.994 0.1000000015
19927  -44.763  -70.340  -14.159 0.1000000015
21041  -44.256  -69.963  -12.480 0.1000000015
24304  -43.361  -67.169  -13.308 0.1000000015
21014  -42.883  -69.170  -11.898 0.1000000015
21040  -43.517  -69.764  -12.885 0.1000000015
21085  -44.154  -69.875  -14.638 0.1000000015
24290  -41.765  -66.787  -12.135 0.1000000015
26697  -49.633  -64.383  -20.531 0.1000000015
18968  -51.187  -71.224  -28.484 0.1000000015
20120  -51.940  -71.220  -29.459 0.1000000015
7698  -45.369  -82.668  -22.531 0.1000000015
7707  -44.965  -83.017  -23.311 0.1000000015
8573  -45.497  -81.961  -23.603 0.1000000015
7682  -44.277  -82.675  -22.280 0.1000000015
6821  -44.243  -83.264  -23.314 0.1000000015
6828  -43.584  -83.576  -23.864 0.1000000015
7709  -45.755  -82.443  -22.690 0.1000000015
8563  -43.559  -82.352  -22.264 0.1000000015
7683  -44.950  -82.691  -22.028 0.1000000015
7699  -46.051  -82.410  -22.214 0.1000000015
8572  -42.307  -82.356  -22.917 0.1000000015
8561  -41.914  -81.455  -22.652 0.1000000015
8553  -44.209  -82.113  -21.715 0.1000000015
9504  -41.185  -81.013  -22.983 0.1000000015
8552  -43.196  -81.487  -21.897 0.1000000015
11301  -34.900  -78.424  -21.168 0.1000000015
143548  -34.809  -77.514  -21.402 0.1000000015
12292  -32.688  -77.563  -22.704 0.1000000015
12298  -32.221  -77.507  -23.530 0.1000000015
153678  -33.283  -76.563  -23.734 0.1000000015
13391  -34.210  -76.535  -24.918 0.1000000015
9508  -46.374  -81.567  -22.604 0.1000000015
12308  -32.902  -77.061  -24.869 0.1000000015
13392  -35.206  -76.398  -25.070 0.1000000015
8571  -41.500  -81.945  -23.192 0.1000000015
9503  -40.523  -80.575  -23.379 0.1000000015
9506  -45.179  -81.192  -23.621 0.1000000015
12323  -34.050  -77.288  -25.568 0.1000000015
130474  -36.403  -77.996  -25.717 0.1000000015
11352  -37.980  -79.002  -25.173 0.1000000015
8569  -39.907  -81.053  -23.952 0.1000000015
9502  -39.953  -80.052  -23.714 0.1000000015
9490  -40.978  -80.037  -22.829 0.1000000015
9492  -42.370  -80.978  -22.176 0.1000000015
12339  -32.892  -77.829  -26.115 0.1000000015
10411  -37.004  -79.534  -25.782 0.1000000015
10404  -39.525  -79.402  -24.044 0.1000000015
151763  -40.439  -79.812  -23.297 0.1000000015
11300  -34.011  -78.070  -21.550 0.1000000015
12284  -33.983  -77.200  -21.889 0.1000000015
13367  -33.570  -76.426  -23.108 0.1000000015
8556  -46.554  -82.079  -21.325 0.1000000015
8557  -47.356  -81.622  -21.005 0.1000000015
8564  -46.547  -81.946  -22.146 0.1000000015
13379  -34.735  -75.918  -24.364 0.1000000015
9507  -45.867  -81.380  -23.103 0.1000000015
147802  -37.145  -77.959  -25.442 0.1000000015
141983  -38.537  -78.868  -24.770 0.1000000015
11335  -39.133  -78.858  -24.364 0.1000000015
10383  -42.071  -80.060  -22.053 0.1000000015
132254  -38.848  -78.028  -24.415 0.1000000015
11322  -39.620  -78.501  -23.820 0.1000000015
10393  -40.077  -79.239  -23.514 0.1000000015
148451  -41.503  -79.825  -22.389 0.1000000015
13338  -34.748  -76.633  -21.744 0.1000000015
144462  -35.551  -76.985  -21.107 0.1000000015
13327  -35.969  -76.872  -20.477 0.1000000015
8537  -47.683  -81.453  -20.348 0.1000000015
13354  -34.888  -75.824  -22.305 0.1000000015
8554  -45.234  -82.274  -21.444 0.1000000015
145309  -47.831  -81.108  -20.847 0.1000000015
14484  -34.954  -75.435  -23.127 0.1000000015
9486  -44.655  -81.545  -21.128 0.1000000015
9487  -47.454  -81.040  -21.577 0.1000000015
13368  -34.566  -75.718  -23.648 0.1000000015
13380  -35.556  -75.762  -24.569 0.1000000015
13394  -37.173  -76.386  -24.963 0.1000000015
12309  -37.443  -77.328  -25.147 0.1000000015
12326  -36.695  -77.168  -25.354 0.1000000015
145585  -38.154  -77.076  -24.711 0.1000000015
11323  -40.291  -78.516  -23.212 0.1000000015
10394  -40.614  -79.227  -22.989 0.1000000015
12310  -38.925  -77.186  -24.238 0.1000000015
12300  -39.454  -77.606  -23.830 0.1000000015
14471  -35.999  -76.107  -21.013 0.1000000015
8535  -46.421  -81.901  -20.631 0.1000000015
13339  -35.377  -76.155  -21.543 0.1000000015
14479  -36.230  -75.299  -21.263 0.1000000015
14472  -36.273  -75.350  -20.611 0.1000000015
134804  -36.001  -76.090  -20.211 0.1000000015
9470  -45.058  -81.101  -20.562 0.1000000015
8534  -45.617  -81.902  -20.844 0.1000000015
8522  -47.642  -81.510  -19.569 0.1000000015
14485  -35.544  -75.183  -22.564 0.1000000015
14478  -35.709  -75.523  -21.763 0.1000000015
141126  -43.696  -81.009  -21.370 0.1000000015
10386  -46.884  -80.407  -22.161 0.1000000015
14497  -35.719  -74.993  -23.433 0.1000000015
10382  -41.714  -79.257  -22.081 0.1000000015
9485  -42.823  -80.449  -21.671 0.1000000015
14510  -35.842  -75.252  -24.146 0.1000000015
12295  -40.518  -77.718  -22.836 0.1000000015
14511  -36.413  -75.617  -24.604 0.1000000015
13381  -37.938  -76.121  -24.602 0.1000000015
13370  -39.344  -76.790  -23.823 0.1000000015
131870  -36.906  -74.207  -21.954 0.1000000015
9469  -44.177  -80.550  -20.876 0.1000000015
11308  -47.652  -79.527  -20.859 0.1000000015
11313  -40.830  -78.561  -22.652 0.1000000015
10374  -42.467  -79.331  -21.577 0.1000000015
13369  -39.149  -75.919  -23.851 0.1000000015
14498  -36.544  -74.868  -24.005 0.1000000015
14512  -37.312  -75.456  -24.475 0.1000000015
14513  -38.292  -75.446  -24.192 0.1000000015
10365  -43.973  -79.726  -20.704 0.1000000015
10367  -45.476  -80.624  -20.016 0.1000000015
136665  -43.641  -79.176  -20.773 0.1000000015
15576  -36.581  -74.417  -22.708 0.1000000015
139655  -41.201  -77.994  -22.272 0.1000000015
11303  -41.881  -78.412  -21.820 0.1000000015
11304  -42.569  -78.448  -21.414 0.1000000015
13371  -39.804  -76.337  -23.366 0.1000000015
135261  -41.094  -77.093  -22.379 0.1000000015
15590  -37.008  -74.406  -23.405 0.1000000015
14501  -39.620  -75.485  -23.385 0.1000000015
10349  -45.027  -79.699  -19.979 0.1000000015
10350  -45.811  -80.067  -19.278 0.1000000015
12288  -43.092  -77.953  -21.100 0.1000000015
11294  -43.681  -78.421  -20.676 0.1000000015
15577  -37.595  -73.742  -22.054 0.1000000015
13340  -41.708  -76.545  -21.992 0.1000000015
130443  -42.260  -76.920  -21.624 0.1000000015
13355  -40.423  -76.719  -22.853 0.1000000015
12286  -41.732  -77.457  -21.914 0.1000000015
143969  -38.296  -74.728  -23.772 0.1000000015
11275  -45.885  -79.053  -17.884 0.1000000015
11288  -45.013  -78.879  -19.673 0.1000000015
12276  -43.711  -77.464  -20.566 0.1000000015
12277  -44.350  -78.072  -20.095 0.1000000015
15564  -37.338  -73.884  -21.232 0.1000000015
14488  -40.281  -75.807  -22.968 0.1000000015
15591  -37.897  -74.178  -23.330 0.1000000015
146342  -37.917  -73.782  -22.683 0.1000000015
15536  -35.688  -74.998  -18.994 0.1000000015
148910  -36.201  -74.599  -19.409 0.1000000015
14465  -36.521  -74.612  -20.125 0.1000000015
141419  -36.074  -75.256  -19.818 0.1000000015
12293  -33.361  -77.012  -22.535 0.1000000015
12324  -34.892  -77.138  -25.549 0.1000000015
11349  -35.496  -77.886  -25.882 0.1000000015
11351  -37.339  -78.780  -25.486 0.1000000015
10413  -38.309  -79.650  -25.007 0.1000000015
9520  -39.395  -80.256  -24.271 0.1000000015
142180  -39.288  -80.999  -24.504 0.1000000015
12294  -34.082  -76.456  -22.418 0.1000000015
12301  -39.919  -77.194  -23.323 0.1000000015
10375  -43.372  -79.852  -21.140 0.1000000015
11295  -44.290  -79.110  -20.322 0.1000000015
12287  -42.409  -77.689  -21.502 0.1000000015
13356  -41.027  -76.035  -22.456 0.1000000015
130739  -35.638  -75.879  -19.347 0.1000000015
7038  -35.171  -83.502  -40.770 0.1000000015
7037  -34.566  -83.491  -40.106 0.1000000015
6212  -36.152  -85.170  -44.966 0.1000000015
147689  -36.889  -84.811  -44.047 0.1000000015
7066  -35.948  -83.543  -43.313 0.1000000015
137609  -36.702  -83.486  -42.636 0.1000000015
6153  -35.307  -84.104  -41.368 0.1000000015
148333  -35.695  -85.361  -45.518 0.1000000015
6221  -34.579  -84.785  -46.869 0.1000000015
6220  -34.165  -85.191  -47.469 0.1000000015
7921  -36.131  -81.881  -40.174 0.1000000015
7023  -36.087  -82.294  -39.809 0.1000000015
7003  -35.758  -82.668  -38.966 0.1000000015
129899  -36.047  -82.345  -40.980 0.1000000015
6155  -36.843  -83.557  -42.270 0.1000000015
6154  -36.542  -83.940  -41.903 0.1000000015
7047  -36.078  -83.125  -41.182 0.1000000015
7022  -35.221  -83.024  -39.541 0.1000000015
7083  -36.340  -84.238  -43.991 0.1000000015
5281  -35.751  -84.978  -41.937 0.1000000015
6171  -37.144  -84.428  -42.566 0.1000000015
7082  -35.326  -84.000  -44.318 0.1000000015
7100  -34.666  -84.461  -46.251 0.1000000015
7099  -34.038  -84.065  -46.871 0.1000000015
7107  -33.619  -84.106  -47.730 0.1000000015
7856  -40.192  -82.559  -35.769 0.1000000015
8720  -39.262  -82.068  -37.075 0.1000000015
8703  -39.666  -81.601  -35.823 0.1000000015
7892  -36.147  -81.798  -39.662 0.1000000015
8753  -36.201  -81.655  -38.975 0.1000000015
7004  -36.520  -82.041  -38.791 0.1000000015
8735  -37.191  -81.557  -37.945 0.1000000015
7880  -37.783  -82.299  -37.726 0.1000000015
8737  -38.694  -81.697  -37.162 0.1000000015
150359  -35.986  -81.614  -39.646 0.1000000015
7879  -37.129  -82.113  -38.187 0.1000000015
8785  -35.906  -81.674  -40.021 0.1000000015
7935  -36.102  -82.380  -41.491 0.1000000015
7920  -35.788  -81.868  -40.733 0.1000000015
7093  -34.996  -84.312  -45.364 0.1000000015
8693  -39.288  -81.226  -34.871 0.1000000015
8721  -39.763  -82.180  -36.573 0.1000000015
8684  -39.791  -81.860  -34.277 0.1000000015
9667  -36.804  -80.912  -36.646 0.1000000015
8718  -37.427  -81.122  -37.206 0.1000000015
8734  -36.483  -81.349  -38.243 0.1000000015
8733  -35.611  -81.296  -38.257 0.1000000015
7943  -35.827  -82.481  -42.053 0.1000000015
7055  -35.190  -82.935  -42.724 0.1000000015
7065  -34.412  -83.335  -43.585 0.1000000015
7081  -34.187  -83.724  -44.704 0.1000000015
8784  -34.746  -81.701  -40.148 0.1000000015
135682  -40.001  -82.970  -36.536 0.1000000015
8701  -38.369  -80.900  -35.972 0.1000000015
7919  -34.350  -81.962  -40.861 0.1000000015
6985  -39.127  -83.521  -37.157 0.1000000015
8752  -35.349  -81.445  -38.954 0.1000000015
8751  -34.002  -81.494  -38.788 0.1000000015
6098  -39.361  -84.172  -36.269 0.1000000015
8750  -32.681  -81.535  -38.759 0.1000000015
9675  -32.378  -80.982  -37.295 0.1000000015
10530  -31.726  -79.613  -37.167 0.1000000015
9668  -37.439  -80.858  -36.168 0.1000000015
9666  -35.986  -80.908  -36.527 0.1000000015
8716  -35.758  -81.105  -37.416 0.1000000015
8714  -33.387  -81.238  -37.134 0.1000000015
9665  -34.922  -80.951  -36.365 0.1000000015
8731  -33.034  -81.420  -37.965 0.1000000015
9663  -32.701  -80.717  -36.490 0.1000000015
9654  -36.468  -80.696  -35.679 0.1000000015
9652  -34.291  -80.577  -35.490 0.1000000015
8715  -34.593  -81.225  -37.206 0.1000000015
9674  -31.686  -80.419  -37.656 0.1000000015
9664  -33.689  -80.875  -36.206 0.1000000015
5282  -36.804  -84.964  -42.381 0.1000000015
5312  -37.153  -85.336  -43.540 0.1000000015
6203  -35.956  -84.636  -44.813 0.1000000015
6971  -39.538  -83.602  -36.706 0.1000000015
7021  -33.819  -83.517  -39.321 0.1000000015
7039  -35.811  -82.671  -40.355 0.1000000015
7048  -36.457  -82.956  -41.689 0.1000000015
7056  -36.480  -82.865  -42.060 0.1000000015
7057  -37.110  -84.039  -42.778 0.1000000015
7067  -36.945  -84.120  -43.326 0.1000000015
7092  -34.096  -83.869  -45.797 0.1000000015
7684  -45.716  -82.453  -21.777 0.1000000015
7696  -43.931  -83.004  -22.703 0.1000000015
7697  -44.661  -82.924  -22.701 0.1000000015
7706  -43.571  -83.257  -23.158 0.1000000015
7708  -45.470  -82.464  -23.193 0.1000000015
7846  -40.236  -82.536  -34.729 0.1000000015
7868  -39.500  -82.828  -37.021 0.1000000015
7881  -38.686  -82.630  -37.390 0.1000000015
7893  -36.671  -81.727  -38.459 0.1000000015
8536  -47.114  -81.758  -20.396 0.1000000015
8555  -45.984  -82.250  -21.173 0.1000000015
8562  -42.713  -81.899  -22.404 0.1000000015
8565  -47.017  -81.652  -21.638 0.1000000015
8574  -46.027  -82.091  -22.854 0.1000000015
8717  -36.685  -81.078  -37.489 0.1000000015
8719  -38.199  -81.177  -36.820 0.1000000015
8730  -32.054  -81.178  -38.116 0.1000000015
8732  -34.329  -81.377  -38.050 0.1000000015
8736  -38.007  -81.668  -37.445 0.1000000015
8768  -35.038  -81.553  -39.528 0.1000000015
9471  -45.989  -81.515  -20.204 0.1000000015
9491  -41.647  -80.557  -22.490 0.1000000015
9494  -46.883  -81.302  -22.190 0.1000000015
9524  -44.445  -81.014  -23.988 0.1000000015
9557  -39.782  -80.862  -27.187 0.1000000015
9636  -33.802  -80.089  -34.861 0.1000000015
10366  -44.612  -80.111  -20.404 0.1000000015
10377  -47.941  -80.497  -20.759 0.1000000015
10381  -41.146  -79.257  -22.518 0.1000000015
10395  -43.687  -79.557  -23.689 0.2000000030
10396  -44.996  -79.354  -22.990 0.2000000030
10403  -38.941  -79.577  -24.546 0.1000000015
10415  -40.822  -79.802  -25.425 0.1000000015
10439  -39.270  -79.135  -26.918 0.1000000015
10604  -40.924  -79.780  -44.350 0.1000000015
10616  -40.566  -79.853  -45.088 0.1000000015
10640  -37.772  -79.549  -47.121 0.1000000015
11305  -43.112  -78.855  -21.111 0.1000000015
11307  -47.069  -79.114  -21.462 0.1000000015
11314  -41.344  -78.688  -22.260 0.1000000015
11315  -45.902  -78.806  -22.352 0.3000000119
11334  -37.945  -78.140  -25.053 0.1000000015
11336  -41.634  -78.804  -24.666 0.1000000015
11338  -43.473  -78.612  -23.723 0.2000000030
11364  -39.568  -78.729  -26.449 0.1000000015
11365  -40.049  -78.335  -25.859 0.1000000015
11382  -38.010  -78.263  -28.263 0.1000000015
11395  -37.868  -78.765  -28.893 0.1000000015
11486  -43.145  -78.335  -40.292 0.1000000015
11487  -43.469  -77.978  -40.316 0.1000000015
11503  -43.199  -78.399  -40.893 0.1000000015
11518  -42.202  -79.313  -42.089 0.1000000015
11520  -43.087  -78.448  -41.515 0.1000000015
11537  -36.746  -78.170  -42.833 0.1000000015
11540  -40.837  -79.574  -43.010 0.1000000015
11543  -43.012  -78.436  -42.171 0.1000000015
11575  -37.658  -78.944  -44.637 0.1000000015
11577  -41.554  -79.386  -44.299 0.1000000015
11589  -38.121  -79.423  -45.590 0.1000000015
11602  -35.017  -78.392  -47.051 0.1000000015
11605  -39.898  -79.491  -46.511 0.1000000015
11621  -36.471  -79.078  -48.317 0.1000000015
11623  -37.922  -79.450  -47.621 0.1000000015
11624  -38.957  -79.039  -47.568 0.1000000015
11625  -40.144  -77.886  -47.300 0.1000000015
12299  -32.921  -76.924  -23.259 0.1000000015
12313  -43.376  -77.716  -23.891 0.2000000030
12325  -35.807  -77.126  -25.497 0.1000000015
12341  -34.659  -77.872  -26.018 0.1000000015
12354  -38.453  -77.319  -27.399 0.1000000015
12367  -46.585  -78.303  -29.097 0.4000000060
12368  -47.439  -78.265  -28.822 0.4000000060
12369  -48.098  -78.142  -28.538 0.3000000119
12382  -36.974  -77.500  -29.215 0.1000000015
12386  -47.728  -78.001  -29.387 0.2000000030
12399  -45.729  -78.387  -30.508 0.2000000030
12429  -45.838  -77.729  -32.399 0.1000000015
12445  -46.412  -76.626  -33.431 0.1000000015
12481  -44.366  -77.126  -38.384 0.1000000015
12504  -36.172  -77.162  -40.076 0.1000000015
12509  -43.291  -78.043  -39.635 0.1000000015
12525  -41.865  -78.481  -40.306 0.1000000015
12526  -43.449  -77.879  -40.980 0.1000000015
12539  -36.276  -77.532  -41.230 0.1000000015
12543  -41.058  -78.840  -41.329 0.1000000015
12558  -36.497  -77.787  -42.001 0.1000000015
12577  -42.147  -78.951  -43.440 0.1000000015
13264  -51.549  -76.868  -12.982 0.2000000030
13315  -46.744  -76.108  -18.729 0.4000000060
13342  -43.018  -76.899  -21.120 0.1000000015
13353  -34.244  -75.900  -23.048 0.1000000015
13357  -45.025  -76.526  -22.701 0.3000000119
13393  -36.146  -76.350  -25.100 0.1000000015
13396  -41.686  -76.523  -25.342 0.3000000119
13408  -39.945  -76.416  -26.043 0.3000000119
13421  -38.847  -75.845  -27.078 0.1000000015
13450  -36.965  -76.085  -29.039 0.1000000015
13480  -44.462  -77.380  -31.913 0.1000000015
13515  -45.388  -77.370  -33.709 0.1000000015
13533  -46.437  -75.999  -34.119 0.2000000030
13583  -44.243  -77.267  -37.574 0.2000000030
13598  -41.631  -77.440  -38.257 0.1000000015
13599  -44.160  -76.322  -39.206 0.1000000015
13625  -38.188  -77.203  -40.277 0.1000000015
13627  -42.755  -76.660  -40.742 0.1000000015
13686  -39.866  -76.184  -43.328 0.1000000015
13743  -40.697  -76.859  -46.982 0.1000000015
14404  -50.826  -76.598  -12.798 0.2000000030
14406  -51.907  -76.273  -12.947 0.3000000119
14420  -51.943  -76.351  -13.242 0.3000000119
14468  -46.527  -75.378  -19.397 0.5000000000
14486  -36.218  -74.820  -22.006 0.1000000015
14496  -35.183  -75.444  -23.890 0.1000000015
14499  -37.531  -74.734  -23.953 0.1000000015
14502  -44.492  -75.307  -23.438 0.2000000030
14505  -52.002  -75.317  -23.399 0.6000000238
14529  -40.566  -75.959  -25.949 0.3000000119
14539  -52.105  -75.227  -24.783 0.4000000060
14583  -43.508  -76.116  -28.847 0.3000000119
14585  -47.336  -75.301  -28.972 0.1000000015
14593  -42.029  -75.183  -29.724 0.2000000030
14624  -42.577  -75.670  -31.185 0.2000000030
14654  -35.937  -75.201  -32.832 0.1000000015
14679  -45.982  -75.337  -35.445 0.2000000030
14719  -44.935  -76.051  -37.980 0.2000000030
14739  -39.908  -74.976  -40.032 0.1000000015
14740  -40.573  -75.451  -39.750 0.1000000015
14835  -41.102  -75.771  -46.936 0.1000000015
14836  -41.793  -74.863  -47.077 0.1000000015
15467  -51.795  -75.694  -12.728 0.3000000119
15483  -53.016  -74.657  -14.123 0.3000000119
15546  -52.819  -75.089  -19.279 0.4000000060
15553  -45.858  -74.720  -20.943 0.5000000000
15557  -50.283  -74.901  -20.116 0.5000000000
15560  -53.275  -74.709  -20.310 0.4000000060
15563  -36.710  -74.613  -21.067 0.1000000015
15568  -46.156  -74.061  -21.282 0.5000000000
15575  -36.352  -74.641  -23.309 0.1000000015
15584  -50.314  -74.966  -22.629 0.6000000238
15599  -53.232  -74.442  -23.359 0.5000000000
15605  -45.151  -73.881  -24.545 0.4000000060
15616  -44.709  -74.499  -25.697 0.4000000060
15629  -45.161  -74.864  -26.502 0.4000000060
15630  -46.163  -75.057  -26.470 0.4000000060
15645  -47.115  -74.272  -27.960 0.1000000015
15658  -38.561  -74.810  -28.311 0.1000000015
15659  -39.355  -74.499  -28.325 0.1000000015
15703  -37.676  -74.512  -31.039 0.2000000030
15708  -46.663  -75.046  -32.048 0.1000000015
15721  -38.680  -74.728  -32.296 0.1000000015
15724  -46.150  -74.403  -33.305 0.1000000015
15737  -39.237  -75.025  -33.154 0.1000000015
15751  -45.999  -74.644  -34.705 0.1000000015
15761  -42.013  -74.091  -35.981 0.1000000015
15764  -45.071  -74.532  -35.624 0.1000000015
15778  -44.573  -74.915  -36.904 0.1000000015
15788  -40.424  -74.389  -37.736 0.1000000015
15790  -42.594  -74.819  -37.315 0.1000000015
15854  -39.677  -74.654  -42.107 0.1000000015
16543  -53.241  -74.189  -13.885 0.3000000119
16592  -53.238  -74.129  -18.509 0.4000000060
16602  -53.201  -73.910  -19.548 0.5000000000
16612  -48.509  -74.239  -20.467 0.5000000000
16622  -45.893  -73.826  -22.057 0.3000000119
16635  -45.668  -73.750  -22.868 0.3000000119
16646  -45.385  -73.760  -23.681 0.5000000000
16667  -53.846  -73.147  -24.659 0.5000000000
16753  -43.713  -73.209  -32.679 0.1000000015
16765  -42.819  -73.260  -33.690 0.1000000015
16767  -44.761  -73.661  -33.476 0.1000000015
16768  -45.532  -73.953  -33.415 0.1000000015
16821  -40.181  -73.548  -36.515 0.1000000015
16839  -39.647  -73.312  -37.743 0.1000000015
16890  -39.596  -73.675  -39.945 0.1000000015
16914  -40.041  -73.802  -42.145 0.1000000015
16916  -41.515  -73.063  -43.090 0.1000000015
17626  -49.691  -72.063  -12.680 0.2000000030
17636  -48.273  -71.813  -12.975 0.2000000030
17639  -52.273  -72.858  -13.242 0.3000000119
17640  -53.041  -73.534  -13.570 0.3000000119
17684  -53.292  -73.445  -16.088 0.4000000060
17722  -50.117  -72.385  -20.554 0.5000000000
17734  -53.369  -73.092  -21.634 0.5000000000
17768  -54.373  -71.771  -25.636 0.4000000060
17803  -51.215  -72.402  -27.009 0.2000000030
17843  -42.608  -72.357  -30.705 0.1000000015
17854  -41.556  -72.241  -31.771 0.1000000015
17865  -40.619  -72.182  -32.994 0.1000000015
17894  -40.969  -72.907  -34.173 0.1000000015
17907  -40.038  -72.768  -35.314 0.1000000015
17933  -39.652  -72.590  -37.894 0.1000000015
17984  -39.970  -72.905  -40.031 0.1000000015
17986  -41.284  -72.197  -40.911 0.1000000015
18767  -50.608  -71.720  -12.936 0.2000000030
18779  -51.378  -72.131  -13.214 0.2000000030
18819  -50.079  -70.999  -16.760 0.3000000119
18843  -50.349  -72.103  -18.147 0.4000000060
18872  -48.421  -71.484  -21.993 0.5000000000
18996  -40.365  -70.942  -30.748 0.1000000015
19006  -40.002  -71.193  -32.151 0.1000000015
19028  -39.799  -71.430  -33.397 0.1000000015
19029  -40.112  -71.940  -33.382 0.1000000015
19041  -39.627  -71.420  -34.641 0.1000000015
19070  -39.691  -71.402  -36.026 0.1000000015
19085  -39.880  -72.018  -38.020 0.1000000015
19097  -41.265  -71.131  -38.852 0.1000000015
19134  -42.238  -71.896  -41.016 0.1000000015
19901  -46.944  -70.240  -12.397 0.3000000119
19904  -49.349  -70.924  -12.821 0.2000000030
19930  -49.654  -70.210  -14.510 0.3000000119
20010  -46.742  -70.355  -21.095 0.3000000119
20160  -39.753  -70.485  -32.266 0.1000000015
20186  -39.925  -70.215  -34.753 0.1000000015
20214  -40.038  -70.681  -36.014 0.1000000015
20215  -40.702  -69.969  -36.049 0.1000000015
20253  -42.103  -70.841  -39.100 0.1000000015
21015  -43.334  -69.048  -11.655 0.1000000015
21025  -42.872  -69.369  -12.437 0.1000000015
21043  -47.990  -69.562  -13.191 0.3000000119
21061  -42.876  -69.264  -14.522 0.1000000015
21063  -44.143  -70.102  -13.460 0.1000000015
21292  -39.807  -69.831  -32.576 0.1000000015
21306  -40.265  -69.430  -33.836 0.1000000015
21320  -41.093  -69.172  -35.054 0.1000000015
22162  -44.850  -68.699  -11.945 0.3000000119
22376  -40.257  -68.760  -29.263 0.1000000015
22419  -41.256  -68.284  -32.151 0.1000000015
22437  -43.437  -67.796  -32.866 0.1000000015
22452  -42.588  -68.475  -34.764 0.1000000015
23202  -42.925  -68.120  -11.675 0.1000000015
23214  -43.543  -67.635  -12.226 0.1000000015
23322  -44.671  -66.987  -22.240 0.3000000119
23488  -45.316  -67.120  -32.933 0.1000000015
23536  -46.730  -67.633  -35.461 0.1000000015
25678  -44.615  -65.541  -31.171 0.1000000015
26638  -41.041  -64.827  -17.917 0.1000000015
26873  -55.487  -64.912  -32.677 0.1000000015
26887  -56.166  -64.867  -32.683 0.1000000015
28100  -57.099  -63.636  -31.862 0.1000000015
29333  -47.591  -61.987  -33.292 0.1000000015
30595  -49.398  -60.786  -34.622 0.1000000015
30602  -47.933  -60.020  -34.384 0.1000000015
31803  -55.263  -59.360  -32.444 0.1000000015
32851  -46.504  -59.016  -32.232 0.1000000015
129131  -41.338  -78.954  -44.890 0.1000000015
129689  -39.098  -74.384  -30.710 0.1000000015
129967  -39.552  -71.951  -36.060 0.1000000015
130692  -38.814  -74.344  -29.711 0.1000000015
130941  -36.127  -78.829  -46.109 0.1000000015
134192  -49.034  -69.744  -14.476 0.3000000119
134537  -44.835  -77.059  -36.376 0.2000000030
134858  -39.096  -81.398  -36.534 0.1000000015
135070  -39.974  -77.907  -23.397 0.1000000015
135994  -37.271  -74.027  -22.732 0.1000000015
137850  -46.270  -78.245  -30.943 0.1000000015
137968  -47.703  -69.327  -17.766 0.3000000119
138148  -36.663  -78.812  -25.838 0.1000000015
139037  -36.058  -77.375  -40.642 0.1000000015
139175  -48.773  -74.246  -22.830 0.5000000000
141870  -53.655  -74.360  -21.734 0.6000000238
142264  -36.166  -82.977  -42.500 0.1000000015
142299  -44.607  -77.731  -30.316 0.2000000030
142394  -33.918  -76.116  -23.897 0.1000000015
142604  -45.125  -67.750  -17.607 0.3000000119
143303  -44.437  -58.967  -29.563 0.1000000015
143510  -41.956  -75.103  -28.989 0.2000000030
144676  -39.931  -81.871  -35.123 0.1000000015
145187  -46.090  -76.038  -20.395 0.5000000000
145595  -34.070  -84.581  -47.429 0.1000000015
146108  -53.125  -72.936  -14.855 0.3000000119
146657  -38.666  -76.414  -24.287 0.1000000015
147585  -39.663  -72.341  -35.710 0.1000000015
147668  -53.697  -73.868  -20.988 0.5000000000
148679  -33.535  -76.929  -25.096 0.1000000015
148963  -42.873  -71.735  -41.114 0.1000000015
149271  -47.228  -74.403  -19.558 0.5000000000
151132  -39.669  -70.389  -32.905 0.1000000015
151326  -57.231  -64.634  -30.355 0.1000000015
151491  -52.216  -74.767  -12.728 0.3000000119
151844  -51.326  -64.889  -37.392 0.1000000015
151983  -53.502  -68.351  -32.153 0.1000000015
152025  -43.709  -70.052  -38.491 0.1000000015
152136  -31.604  -80.727  -38.402 0.1000000015
152272  -48.357  -77.055  -29.006 0.2000000030
152568  -53.185  -74.370  -15.483 0.3000000119
153051  -42.052  -74.515  -47.591 0.1000000015
153412  -43.849  -76.470  -39.669 0.1000000015
153433  -43.824  -69.230  -11.710 0.1000000015
153778  -52.695  -73.584  -13.111 0.3000000119
153793  -36.112  -81.733  -39.927 0.1000000015
153815  -36.898  -78.393  -25.635 0.1000000015
154235  -53.168  -74.818  -22.203 0.6000000238
154238  -36.025  -74.752  -22.802 0.1000000015
154368  -49.603  -74.620  -21.354 0.6000000238
155053  -56.716  -64.824  -31.992 0.1000000015
155257  -44.601  -76.070  -23.175 0.3000000119
155342  -47.726  -80.708  -21.182 0.1000000015
155420  -36.953  -79.199  -48.371 0.1000000015
