#!ascii label  , from subject sub-v1s17x0050244_ses-1 vox2ras=TkReg
1569
93688  -46.082  -10.735  30.316 0.0000000000
91912  -51.497  -12.076  14.845 0.0000000000
150052  -53.240  -2.666  30.273 0.0000000000
91806  -51.217  -12.529  24.833 0.0000000000
90608  -54.417  -13.533  33.571 0.0000000000
98198  -48.336  -5.756  22.335 0.0000000000
109431  -55.171  6.829  23.093 0.0000000000
110296  -43.340  7.831  26.111 0.0000000000
88513  -46.070  -15.277  40.341 0.0000000000
90687  -46.814  -13.163  27.058 0.0000000000
92804  -47.886  -11.894  22.918 0.0000000000
96454  -45.713  -8.247  26.165 0.0000000000
105621  -56.842  2.504  32.785 0.0000000000
104694  -56.418  1.473  27.644 0.0000000000
164572  -52.679  4.063  28.301 0.0000000000
108495  -48.882  5.900  24.562 0.0000000000
108413  -46.743  5.868  31.214 0.0000000000
94766  -48.674  -9.718  15.706 0.0000000000
96409  -42.047  -5.965  32.413 0.0000000000
98137  -48.245  -5.390  30.523 0.0000000000
94679  -56.010  -8.859  25.544 0.0000000000
90658  -53.378  -13.245  28.587 0.0000000000
88589  -47.471  -15.551  31.844 0.0000000000
91666  -47.468  -12.592  35.686 0.0000000000
93805  -50.496  -10.285  18.858 0.0000000000
98219  -52.141  -5.105  19.017 0.0000000000
99928  -49.645  -3.215  27.556 0.0000000000
103812  -51.885  0.308  23.310 0.0000000000
104756  -53.429  1.033  19.491 0.0000000000
108523  -50.637  5.597  21.304 0.0000000000
108558  -45.331  6.659  18.728 0.0000000000
91740  -45.838  -12.223  28.695 0.0000000000
92767  -45.679  -11.150  26.419 0.0000000000
94639  -46.301  -10.097  28.889 0.0000000000
107514  -55.191  4.542  32.759 0.0000000000
106577  -54.779  3.327  30.391 0.0000000000
107521  -51.886  4.125  31.821 0.0000000000
107542  -49.558  4.336  29.980 0.0000000000
92891  -49.773  -11.223  15.015 0.0000000000
96397  -41.995  -4.989  34.473 0.0000000000
99877  -43.769  -2.692  32.780 0.0000000000
89618  -54.359  -14.432  30.602 0.0000000000
89614  -51.059  -15.090  29.859 0.0000000000
88583  -51.354  -15.642  32.256 0.0000000000
172915  -46.578  -15.035  37.484 0.0000000000
91660  -41.523  -12.632  35.182 0.0000000000
166883  -39.875  -9.996  33.732 0.0000000000
92681  -38.539  -11.145  35.293 0.0000000000
90731  -52.462  -13.637  22.436 0.0000000000
95604  -47.781  -8.618  22.471 0.0000000000
92840  -49.477  -11.207  20.337 0.0000000000
96523  -49.701  -8.001  20.811 0.0000000000
96533  -51.203  -7.213  19.236 0.0000000000
161494  -50.474  -5.091  20.650 0.0000000000
99897  -50.948  -3.769  30.255 0.0000000000
97303  -50.434  -5.819  29.101 0.0000000000
99919  -52.849  -3.670  28.944 0.0000000000
106631  -56.738  4.190  25.569 0.0000000000
104715  -53.145  2.264  26.087 0.0000000000
106652  -55.170  3.805  23.407 0.0000000000
103827  -54.248  0.350  21.009 0.0000000000
170152  -54.729  4.529  21.454 0.0000000000
107628  -52.833  4.276  21.825 0.0000000000
110361  -53.135  8.177  19.870 0.0000000000
109401  -45.138  6.038  25.639 0.0000000000
109437  -47.046  7.426  21.987 0.0000000000
110325  -44.683  8.300  21.415 0.0000000000
171910  -42.650  8.377  20.424 0.0000000000
149803  -43.266  11.099  22.266 0.0000000000
90690  -49.020  -13.211  26.434 0.0000000000
172767  -49.356  -13.346  23.313 0.0000000000
91790  -47.307  -12.293  25.082 0.0000000000
93750  -46.364  -10.247  24.431 0.0000000000
97325  -46.830  -6.896  23.740 0.0000000000
102817  -56.231  -0.783  30.649 0.0000000000
148393  -55.620  -1.549  28.986 0.0000000000
169516  -57.105  1.414  29.347 0.0000000000
107557  -55.890  4.265  27.815 0.0000000000
108470  -54.101  5.319  26.183 0.0000000000
109412  -51.913  6.144  24.016 0.0000000000
107577  -50.313  4.746  26.869 0.0000000000
108453  -46.960  5.203  28.004 0.0000000000
109371  -44.542  6.847  29.305 0.0000000000
96555  -47.687  -7.496  16.600 0.0000000000
95519  -43.761  -8.018  31.221 0.0000000000
94619  -47.099  -8.516  30.491 0.0000000000
98129  -45.161  -4.978  31.080 0.0000000000
100829  -46.983  -2.117  31.165 0.0000000000
102803  -50.165  -0.635  31.674 0.0000000000
101828  -50.932  -1.751  33.937 0.0000000000
102791  -53.581  -0.273  32.608 0.0000000000
93742  -53.396  -10.572  25.497 0.0000000000
92757  -54.468  -11.202  27.165 0.0000000000
91760  -51.404  -12.240  26.936 0.0000000000
90654  -50.009  -14.135  28.119 0.0000000000
89626  -47.545  -14.614  29.619 0.0000000000
91672  -53.379  -12.377  35.719 0.0000000000
89522  -49.776  -15.042  39.465 0.0000000000
90573  -50.518  -12.911  36.497 0.0000000000
90595  -51.358  -13.518  34.744 0.0000000000
89574  -47.201  -14.597  34.231 0.0000000000
92718  -43.591  -11.949  31.217 0.0000000000
91889  -52.887  -12.177  16.158 0.0000000000
90759  -49.720  -13.101  20.809 0.0000000000
91871  -50.918  -12.092  18.668 0.0000000000
93827  -50.843  -10.960  16.279 0.0000000000
146408  -50.171  -9.561  16.777 0.0000000000
96558  -49.953  -7.369  17.060 0.0000000000
99085  -50.265  -4.525  17.902 0.0000000000
96436  -47.810  -7.970  28.804 0.0000000000
96471  -47.109  -5.497  27.158 0.0000000000
99942  -47.921  -2.707  25.321 0.0000000000
102844  -52.806  -0.367  27.926 0.0000000000
102853  -50.262  -0.386  26.114 0.0000000000
101932  -49.529  -1.902  22.840 0.0000000000
100910  -51.573  -2.179  20.749 0.0000000000
100924  -53.634  -1.954  18.901 0.0000000000
101963  -49.907  -1.459  18.435 0.0000000000
110330  -49.993  7.734  20.784 0.0000000000
108550  -48.656  6.699  19.676 0.0000000000
107623  -45.753  4.923  22.572 0.0000000000
107620  -43.294  4.879  22.238 0.0000000000
108507  -41.722  5.533  23.551 0.0000000000
92726  -45.888  -11.777  30.069 0.0000000000
92734  -46.044  -11.472  29.346 0.0000000000
93699  -46.483  -10.262  30.050 0.0000000000
107513  -53.428  4.419  32.487 0.0000000000
108406  -50.351  5.040  32.630 0.0000000000
91919  -50.882  -11.785  14.838 0.0000000000
89597  -54.463  -14.394  32.469 0.0000000000
88584  -53.076  -15.291  31.861 0.0000000000
89587  -53.294  -14.526  33.217 0.0000000000
91643  -40.105  -13.176  35.910 0.0000000000
92682  -39.323  -11.620  35.048 0.0000000000
91818  -52.352  -12.820  23.950 0.0000000000
90719  -52.049  -13.407  23.303 0.0000000000
168844  -48.053  -7.347  22.377 0.0000000000
95614  -48.689  -8.822  21.529 0.0000000000
97356  -49.035  -6.535  21.591 0.0000000000
97357  -49.685  -6.491  21.157 0.0000000000
98205  -49.355  -5.814  21.441 0.0000000000
100843  -52.186  -2.792  30.306 0.0000000000
98991  -52.133  -4.119  29.646 0.0000000000
99900  -53.461  -3.220  29.801 0.0000000000
161933  -56.368  5.519  25.010 0.0000000000
106643  -55.344  3.869  24.328 0.0000000000
107616  -55.875  5.329  23.440 0.0000000000
106659  -55.132  3.714  22.417 0.0000000000
107629  -55.481  5.716  21.935 0.0000000000
108541  -54.804  6.978  20.587 0.0000000000
153988  -54.639  7.427  22.088 0.0000000000
109400  -44.236  6.462  25.594 0.0000000000
109421  -44.604  6.968  23.956 0.0000000000
110307  -43.568  7.827  24.313 0.0000000000
111189  -43.630  9.334  21.783 0.0000000000
112053  -43.465  9.516  24.027 0.0000000000
90689  -48.327  -13.271  26.864 0.0000000000
91791  -48.042  -12.657  25.147 0.0000000000
91774  -47.351  -12.611  25.749 0.0000000000
94675  -45.505  -9.636  26.397 0.0000000000
93741  -45.976  -10.422  25.117 0.0000000000
95574  -45.817  -8.633  25.271 0.0000000000
95593  -46.649  -8.539  23.818 0.0000000000
96468  -45.993  -7.456  25.466 0.0000000000
103751  -56.481  0.717  31.904 0.0000000000
103765  -56.748  0.152  29.752 0.0000000000
105633  -56.567  1.924  30.297 0.0000000000
106587  -53.337  3.541  29.682 0.0000000000
169102  -55.867  3.372  29.079 0.0000000000
107556  -54.626  4.154  28.022 0.0000000000
107568  -55.233  4.669  27.259 0.0000000000
107566  -52.848  4.400  27.564 0.0000000000
108468  -52.068  5.079  26.084 0.0000000000
107553  -51.348  4.240  28.221 0.0000000000
108429  -48.081  5.028  31.047 0.0000000000
108445  -47.955  4.825  29.263 0.0000000000
108436  -46.368  5.504  29.630 0.0000000000
108442  -45.367  5.697  28.474 0.0000000000
109356  -45.675  6.687  30.708 0.0000000000
95656  -48.196  -8.273  16.184 0.0000000000
96413  -43.192  -7.328  31.497 0.0000000000
97277  -44.610  -6.715  31.153 0.0000000000
98127  -43.503  -5.792  31.584 0.0000000000
164304  -44.941  -1.990  33.504 0.0000000000
100827  -45.087  -2.354  31.848 0.0000000000
101845  -46.472  -1.434  32.161 0.0000000000
101855  -48.648  -1.267  31.265 0.0000000000
101847  -48.323  -0.815  32.157 0.0000000000
100804  -51.197  -2.625  34.476 0.0000000000
102782  -51.966  -0.656  33.176 0.0000000000
102783  -53.241  -0.678  33.491 0.0000000000
150959  -55.882  -0.233  33.667 0.0000000000
102784  -55.980  -0.997  34.749 0.0000000000
93753  -54.237  -10.086  24.669 0.0000000000
94663  -54.636  -9.643  25.620 0.0000000000
92745  -55.828  -11.888  28.026 0.0000000000
91743  -53.763  -12.655  28.152 0.0000000000
92755  -52.968  -11.639  27.039 0.0000000000
90657  -52.013  -13.121  28.023 0.0000000000
90674  -50.503  -13.462  27.619 0.0000000000
89649  -51.342  -14.175  28.743 0.0000000000
88601  -49.441  -15.490  30.675 0.0000000000
89628  -49.223  -14.855  29.447 0.0000000000
89612  -47.238  -14.891  30.393 0.0000000000
88532  -48.209  -15.334  39.350 0.0000000000
90550  -48.404  -13.867  36.849 0.0000000000
90571  -48.787  -12.920  36.340 0.0000000000
91669  -50.409  -12.556  35.851 0.0000000000
164591  -49.273  -12.895  35.437 0.0000000000
89575  -48.662  -14.372  34.519 0.0000000000
90591  -47.254  -13.504  34.719 0.0000000000
92716  -42.391  -10.841  31.665 0.0000000000
93674  -41.788  -10.663  32.110 0.0000000000
91873  -53.180  -12.458  17.401 0.0000000000
90715  -48.816  -13.173  22.879 0.0000000000
90742  -49.626  -13.374  21.718 0.0000000000
91836  -48.979  -12.896  21.366 0.0000000000
93795  -49.809  -10.301  20.173 0.0000000000
170664  -49.839  -11.817  20.020 0.0000000000
160710  -50.353  -10.937  19.236 0.0000000000
92861  -51.196  -11.686  17.668 0.0000000000
93815  -50.561  -10.391  17.935 0.0000000000
93826  -50.479  -10.348  16.964 0.0000000000
94749  -50.573  -9.520  18.457 0.0000000000
97374  -51.519  -6.473  18.996 0.0000000000
96543  -51.122  -7.154  18.668 0.0000000000
97380  -51.270  -6.420  18.545 0.0000000000
156329  -50.603  -5.878  17.864 0.0000000000
164210  -51.482  -4.960  18.440 0.0000000000
96420  -47.673  -7.531  30.531 0.0000000000
95526  -48.067  -8.081  29.955 0.0000000000
96422  -49.052  -7.087  29.900 0.0000000000
98162  -50.280  -5.042  28.187 0.0000000000
97308  -48.842  -5.720  27.991 0.0000000000
155506  -48.305  -4.163  27.410 0.0000000000
98182  -46.962  -4.414  26.091 0.0000000000
160533  -48.435  -2.441  26.358 0.0000000000
104681  -56.072  0.557  28.221 0.0000000000
102831  -53.849  -0.826  28.249 0.0000000000
155116  -54.032  1.398  27.623 0.0000000000
104722  -52.052  1.224  24.755 0.0000000000
103799  -51.301  0.684  25.972 0.0000000000
103804  -50.818  0.104  24.644 0.0000000000
101924  -49.983  -0.945  24.054 0.0000000000
102873  -50.573  -0.722  23.371 0.0000000000
101940  -50.944  -1.776  21.502 0.0000000000
102882  -51.816  -0.529  22.249 0.0000000000
103836  -54.650  0.688  19.899 0.0000000000
102903  -54.330  -0.488  19.819 0.0000000000
102923  -53.493  -0.418  18.646 0.0000000000
101965  -52.375  -1.608  18.477 0.0000000000
103847  -52.448  -0.063  18.795 0.0000000000
164340  -50.503  -0.483  18.909 0.0000000000
103840  -51.870  0.483  19.477 0.0000000000
152114  -52.023  4.290  22.270 0.0000000000
105705  -51.761  2.755  22.560 0.0000000000
109410  -49.738  6.061  24.064 0.0000000000
109427  -50.485  6.625  23.119 0.0000000000
109426  -49.570  6.743  23.038 0.0000000000
110341  -46.232  8.310  19.626 0.0000000000
110343  -48.202  8.091  19.797 0.0000000000
109457  -47.252  7.215  19.085 0.0000000000
108534  -47.170  5.759  20.838 0.0000000000
108533  -46.073  5.786  20.644 0.0000000000
107622  -44.837  4.905  22.363 0.0000000000
108531  -44.166  5.702  20.236 0.0000000000
111195  -41.945  9.417  21.416 0.0000000000
151819  -42.006  7.338  22.151 0.0000000000
110314  -41.530  7.443  23.211 0.0000000000
109398  -40.840  6.645  24.847 0.0000000000
91741  -46.148  -12.913  28.239 0.0000000000
91772  -45.801  -12.015  26.819 0.0000000000
91756  -45.679  -12.139  27.749 0.0000000000
93720  -45.502  -10.570  27.708 0.0000000000
95551  -45.859  -9.057  27.584 0.0000000000
105624  -56.327  2.658  31.161 0.0000000000
107524  -54.713  3.962  31.973 0.0000000000
106563  -53.252  3.629  31.197 0.0000000000
106574  -51.969  3.649  30.415 0.0000000000
107544  -50.959  4.032  29.107 0.0000000000
147167  -51.011  4.085  31.356 0.0000000000
108416  -48.994  5.048  31.965 0.0000000000
93841  -49.242  -10.552  15.347 0.0000000000
96401  -43.255  -5.943  33.970 0.0000000000
98974  -42.349  -4.130  32.867 0.0000000000
98119  -42.126  -3.847  34.353 0.0000000000
89632  -53.822  -14.159  29.651 0.0000000000
89630  -51.625  -14.634  29.439 0.0000000000
89616  -52.603  -14.942  30.258 0.0000000000
88592  -50.761  -15.702  31.445 0.0000000000
88580  -48.772  -15.723  32.468 0.0000000000
88541  -46.768  -15.448  38.645 0.0000000000
173331  -45.037  -14.672  37.045 0.0000000000
92694  -42.112  -11.731  33.891 0.0000000000
92701  -41.545  -11.184  33.514 0.0000000000
92692  -40.592  -11.384  34.354 0.0000000000
92690  -39.077  -10.926  34.708 0.0000000000
93774  -47.937  -10.315  22.156 0.0000000000
92827  -48.464  -11.616  21.585 0.0000000000
94712  -48.340  -9.608  21.755 0.0000000000
94724  -49.534  -9.530  20.542 0.0000000000
94725  -50.132  -9.450  19.974 0.0000000000
95631  -50.742  -8.557  19.231 0.0000000000
96524  -50.408  -7.816  20.239 0.0000000000
97368  -50.981  -6.447  20.148 0.0000000000
160750  -51.165  -5.183  20.251 0.0000000000
161466  -49.893  -4.714  30.319 0.0000000000
97285  -49.845  -6.158  30.043 0.0000000000
160609  -50.954  -5.074  29.778 0.0000000000
99004  -51.527  -4.791  28.958 0.0000000000
99930  -51.717  -3.680  28.172 0.0000000000
105672  -57.133  2.909  26.493 0.0000000000
104692  -54.000  2.281  26.769 0.0000000000
152592  -55.050  3.301  25.657 0.0000000000
105691  -53.808  2.607  24.196 0.0000000000
104732  -53.499  1.916  23.553 0.0000000000
103826  -53.471  0.213  21.648 0.0000000000
105707  -54.539  2.149  22.277 0.0000000000
105715  -54.957  2.499  21.089 0.0000000000
105719  -54.549  2.276  20.486 0.0000000000
105713  -53.149  2.466  21.099 0.0000000000
107634  -54.321  4.915  21.206 0.0000000000
108539  -53.089  5.931  20.595 0.0000000000
109462  -51.513  7.461  19.704 0.0000000000
108479  -46.721  5.929  25.040 0.0000000000
109408  -47.835  6.495  23.809 0.0000000000
109423  -46.431  6.830  23.223 0.0000000000
109436  -46.033  7.466  22.102 0.0000000000
110340  -45.186  8.563  19.856 0.0000000000
109455  -43.988  7.141  19.057 0.0000000000
111204  -43.865  9.119  19.815 0.0000000000
112070  -42.951  10.043  20.455 0.0000000000
112931  -42.285  10.906  22.003 0.0000000000
91792  -50.011  -12.908  25.567 0.0000000000
90706  -50.708  -13.190  24.107 0.0000000000
91804  -49.427  -13.102  24.739 0.0000000000
91803  -48.153  -12.702  24.190 0.0000000000
91815  -47.742  -12.165  23.714 0.0000000000
92768  -46.164  -11.741  25.937 0.0000000000
92790  -46.690  -11.022  24.283 0.0000000000
92803  -47.134  -10.921  23.568 0.0000000000
94693  -46.944  -9.383  23.451 0.0000000000
96496  -47.065  -7.794  23.390 0.0000000000
163517  -47.324  -6.289  23.286 0.0000000000
101861  -54.837  -1.212  30.897 0.0000000000
100853  -54.600  -2.665  29.747 0.0000000000
101876  -56.435  -1.150  30.091 0.0000000000
174210  -56.626  -0.348  28.947 0.0000000000
104682  -57.641  1.583  28.052 0.0000000000
105641  -56.600  2.409  29.697 0.0000000000
105649  -57.741  2.264  28.219 0.0000000000
105662  -57.889  2.794  27.165 0.0000000000
107570  -57.070  4.461  26.598 0.0000000000
108472  -56.278  5.388  25.772 0.0000000000
108500  -54.780  6.064  24.876 0.0000000000
109430  -53.918  6.940  23.160 0.0000000000
108498  -52.319  5.779  24.778 0.0000000000
108483  -50.878  5.285  25.455 0.0000000000
170227  -49.159  5.202  26.044 0.0000000000
107551  -49.581  4.499  28.496 0.0000000000
172490  -48.496  4.962  27.185 0.0000000000
108465  -48.223  5.265  26.381 0.0000000000
108463  -46.424  5.519  26.443 0.0000000000
108461  -44.711  5.831  26.976 0.0000000000
110290  -43.637  7.423  27.563 0.0000000000
94610  -44.694  -9.364  30.811 0.0000000000
157405  -46.280  -9.359  30.546 0.0000000000
95521  -45.853  -8.261  30.847 0.0000000000
97279  -46.318  -6.817  30.864 0.0000000000
98136  -47.201  -5.290  30.659 0.0000000000
98978  -44.467  -3.988  31.491 0.0000000000
99883  -46.232  -3.442  30.901 0.0000000000
98987  -47.527  -4.465  30.575 0.0000000000
168935  -48.418  -2.972  30.520 0.0000000000
101871  -50.397  -1.827  30.588 0.0000000000
101858  -51.602  -0.991  31.027 0.0000000000
100815  -48.688  -1.882  33.909 0.0000000000
102780  -50.314  -0.748  33.088 0.0000000000
102804  -51.062  -0.556  31.630 0.0000000000
102806  -52.996  -0.465  31.631 0.0000000000
102808  -55.141  -0.262  31.780 0.0000000000
102793  -56.394  0.316  33.266 0.0000000000
169040  -56.923  0.779  33.498 0.0000000000
92794  -53.115  -11.315  24.501 0.0000000000
92793  -52.457  -11.316  24.990 0.0000000000
93722  -56.357  -10.492  27.094 0.0000000000
148348  -54.864  -10.008  26.345 0.0000000000
92771  -53.852  -10.885  26.672 0.0000000000
92770  -52.696  -11.273  26.400 0.0000000000
91794  -51.434  -11.860  25.626 0.0000000000
150954  -50.255  -12.735  26.296 0.0000000000
168923  -49.068  -13.421  27.057 0.0000000000
90672  -48.604  -13.725  27.520 0.0000000000
89648  -50.480  -14.410  28.765 0.0000000000
89646  -48.700  -14.486  28.809 0.0000000000
158822  -47.284  -13.952  28.326 0.0000000000
90652  -46.686  -13.651  28.836 0.0000000000
89541  -52.184  -14.542  38.779 0.0000000000
89537  -48.541  -15.214  38.334 0.0000000000
171291  -50.453  -14.249  37.538 0.0000000000
90554  -52.113  -13.454  37.119 0.0000000000
149322  -52.573  -12.475  36.084 0.0000000000
91688  -52.549  -12.772  35.084 0.0000000000
90606  -52.754  -14.013  33.913 0.0000000000
89585  -51.451  -14.911  33.558 0.0000000000
88571  -49.269  -15.523  33.362 0.0000000000
88579  -47.319  -15.579  32.737 0.0000000000
162708  -44.553  -11.094  30.673 0.0000000000
94609  -43.598  -9.816  30.978 0.0000000000
94608  -42.729  -9.019  31.452 0.0000000000
95514  -42.072  -7.882  31.957 0.0000000000
95511  -41.468  -6.087  32.764 0.0000000000
91903  -54.528  -11.968  15.668 0.0000000000
164443  -52.928  -12.288  15.365 0.0000000000
91901  -52.135  -11.834  15.560 0.0000000000
90718  -51.102  -13.477  23.299 0.0000000000
160714  -51.117  -13.681  21.716 0.0000000000
91849  -49.285  -12.227  20.603 0.0000000000
90772  -50.758  -12.939  19.749 0.0000000000
90773  -51.354  -12.747  19.105 0.0000000000
91872  -51.607  -12.257  18.046 0.0000000000
92872  -51.379  -11.433  16.514 0.0000000000
92881  -51.355  -11.450  15.535 0.0000000000
93834  -50.771  -11.058  15.507 0.0000000000
93842  -50.064  -10.589  15.494 0.0000000000
94767  -49.310  -9.207  16.013 0.0000000000
154569  -50.623  -8.721  18.205 0.0000000000
163852  -50.338  -7.823  17.361 0.0000000000
151899  -49.168  -8.328  16.282 0.0000000000
97400  -49.271  -6.964  16.791 0.0000000000
97390  -49.081  -6.119  17.045 0.0000000000
99083  -48.439  -4.520  17.611 0.0000000000
94628  -46.879  -9.506  30.064 0.0000000000
95542  -47.156  -8.581  28.763 0.0000000000
96444  -46.563  -7.520  27.485 0.0000000000
96447  -48.644  -6.946  28.595 0.0000000000
96446  -47.737  -6.644  27.941 0.0000000000
96456  -46.545  -6.645  26.970 0.0000000000
97327  -46.499  -5.646  25.193 0.0000000000
98190  -47.078  -4.750  24.123 0.0000000000
99037  -47.651  -4.197  23.509 0.0000000000
100859  -54.207  -2.550  28.930 0.0000000000
101900  -52.699  -2.323  28.153 0.0000000000
173241  -50.874  -1.665  27.595 0.0000000000
103792  -52.189  1.072  26.964 0.0000000000
102842  -51.339  -0.172  27.218 0.0000000000
102852  -49.823  -1.044  26.530 0.0000000000
100882  -48.954  -1.600  25.266 0.0000000000
100895  -48.743  -2.482  23.296 0.0000000000
99046  -48.719  -4.115  22.149 0.0000000000
99969  -49.949  -3.461  21.153 0.0000000000
99975  -51.935  -3.892  19.927 0.0000000000
175075  -52.978  -0.668  21.127 0.0000000000
147482  -52.968  -2.405  19.701 0.0000000000
99982  -52.686  -3.562  18.981 0.0000000000
99999  -51.611  -3.759  18.403 0.0000000000
99988  -50.096  -2.939  18.057 0.0000000000
104738  -52.047  2.253  21.846 0.0000000000
109443  -52.238  7.348  22.111 0.0000000000
110347  -51.531  8.157  20.040 0.0000000000
109461  -50.554  7.347  19.642 0.0000000000
109439  -48.696  7.382  21.957 0.0000000000
110344  -48.990  7.955  19.910 0.0000000000
108551  -49.431  6.678  19.824 0.0000000000
108521  -48.800  5.452  21.433 0.0000000000
107624  -47.548  4.787  22.674 0.0000000000
107599  -46.442  4.094  24.222 0.0000000000
108545  -43.101  6.428  20.481 0.0000000000
108508  -42.277  5.166  22.984 0.0000000000
173000  -44.568  9.360  26.943 0.0000000000
112047  -44.145  10.092  25.148 0.0000000000
112917  -44.048  11.646  23.621 0.0000000000
113739  -43.166  11.670  22.947 0.0000000000
112915  -41.568  10.906  24.153 0.0000000000
150511  -46.285  -10.960  30.024 0.0000000000
90615  -55.464  -13.680  32.588 0.0000000000
90614  -54.827  -13.969  32.911 0.0000000000
89596  -53.773  -14.815  32.385 0.0000000000
89588  -54.111  -14.251  33.103 0.0000000000
161175  -40.011  -13.664  36.525 0.0000000000
152720  -51.869  -12.443  24.466 0.0000000000
91817  -51.583  -13.073  24.048 0.0000000000
97347  -48.484  -6.554  22.106 0.0000000000
96512  -48.703  -7.273  21.775 0.0000000000
98204  -48.793  -5.948  21.835 0.0000000000
99899  -52.726  -3.529  29.947 0.0000000000
100844  -54.006  -2.877  30.085 0.0000000000
108509  -55.745  6.369  23.615 0.0000000000
108502  -56.036  5.846  24.083 0.0000000000
108510  -55.830  6.163  23.204 0.0000000000
157909  -55.743  5.732  22.686 0.0000000000
109432  -55.681  6.691  22.851 0.0000000000
109445  -55.410  7.207  21.974 0.0000000000
109399  -43.553  7.031  25.776 0.0000000000
109405  -43.881  7.001  24.772 0.0000000000
110303  -43.416  7.755  25.219 0.0000000000
159462  -43.501  8.689  23.750 0.0000000000
111178  -43.416  8.553  24.710 0.0000000000
90688  -47.420  -13.052  26.571 0.0000000000
164458  -45.576  -8.969  26.010 0.0000000000
94676  -45.690  -9.568  25.572 0.0000000000
104644  -56.621  1.536  32.438 0.0000000000
104652  -56.511  1.285  31.178 0.0000000000
152116  -56.534  2.216  31.668 0.0000000000
106597  -52.985  3.752  28.894 0.0000000000
106598  -54.080  3.691  28.920 0.0000000000
107555  -53.514  4.100  28.183 0.0000000000
107565  -51.808  4.457  27.469 0.0000000000
107554  -52.123  4.201  28.070 0.0000000000
108414  -47.491  5.545  31.524 0.0000000000
108428  -47.323  5.301  30.732 0.0000000000
108427  -46.560  5.641  30.458 0.0000000000
108426  -45.772  6.014  30.249 0.0000000000
109366  -46.150  6.149  30.873 0.0000000000
93840  -48.339  -10.631  15.440 0.0000000000
94765  -47.730  -9.957  15.737 0.0000000000
94760  -47.164  -9.419  16.098 0.0000000000
95661  -47.915  -9.092  15.961 0.0000000000
97273  -42.530  -6.502  31.950 0.0000000000
97276  -43.466  -6.674  31.495 0.0000000000
98123  -42.360  -5.443  32.293 0.0000000000
100812  -45.736  -1.769  33.442 0.0000000000
101834  -45.858  -1.564  32.626 0.0000000000
101835  -46.560  -1.426  32.947 0.0000000000
101846  -47.370  -1.165  32.422 0.0000000000
101836  -47.316  -1.425  33.192 0.0000000000
101842  -53.543  -1.448  34.193 0.0000000000
150020  -54.595  -0.443  33.575 0.0000000000
95584  -55.923  -8.524  24.914 0.0000000000
94686  -55.367  -8.994  24.672 0.0000000000
94678  -55.238  -9.077  25.258 0.0000000000
91742  -52.826  -12.705  28.003 0.0000000000
159496  -52.590  -13.458  28.537 0.0000000000
172637  -51.911  -13.687  28.495 0.0000000000
88600  -48.595  -15.484  30.838 0.0000000000
88599  -47.726  -15.400  30.988 0.0000000000
89604  -46.936  -15.216  31.215 0.0000000000
88531  -47.300  -15.395  39.494 0.0000000000
90570  -47.786  -13.078  36.378 0.0000000000
91646  -48.117  -12.600  36.043 0.0000000000
169967  -48.899  -12.687  35.690 0.0000000000
91667  -48.284  -12.655  35.655 0.0000000000
90592  -48.198  -13.457  34.858 0.0000000000
91682  -46.887  -12.744  35.119 0.0000000000
91704  -42.587  -11.884  32.441 0.0000000000
92710  -42.101  -11.274  32.228 0.0000000000
92702  -42.098  -11.504  33.046 0.0000000000
90783  -52.236  -12.736  18.351 0.0000000000
163671  -48.972  -13.198  22.121 0.0000000000
91826  -48.467  -12.462  22.196 0.0000000000
93796  -50.249  -10.212  19.587 0.0000000000
92860  -50.631  -11.269  18.435 0.0000000000
98218  -51.752  -5.741  19.218 0.0000000000
98226  -51.705  -5.723  18.854 0.0000000000
98236  -51.290  -5.680  18.365 0.0000000000
154000  -51.902  -5.057  18.720 0.0000000000
98131  -47.753  -6.183  30.644 0.0000000000
96421  -48.404  -7.461  30.199 0.0000000000
154584  -48.541  -6.277  30.469 0.0000000000
99929  -50.705  -3.531  27.845 0.0000000000
153598  -49.359  -4.588  27.780 0.0000000000
99935  -48.770  -2.948  27.188 0.0000000000
100877  -49.087  -2.349  27.053 0.0000000000
104693  -55.234  1.264  27.783 0.0000000000
103783  -54.750  0.552  28.116 0.0000000000
103806  -51.970  0.813  24.069 0.0000000000
156058  -51.391  0.387  24.138 0.0000000000
102868  -51.053  -0.095  23.774 0.0000000000
102874  -51.412  -0.295  22.983 0.0000000000
102881  -51.095  -0.759  22.603 0.0000000000
103818  -52.140  -0.059  22.575 0.0000000000
104757  -54.166  1.128  19.572 0.0000000000
103843  -54.391  0.469  19.362 0.0000000000
103842  -53.811  0.581  19.129 0.0000000000
156855  -52.714  -0.791  18.541 0.0000000000
103841  -52.933  0.593  19.148 0.0000000000
103834  -52.550  1.045  19.886 0.0000000000
170535  -51.523  5.749  21.061 0.0000000000
164294  -51.386  4.862  22.045 0.0000000000
108522  -49.715  5.455  21.511 0.0000000000
109409  -48.751  6.446  23.749 0.0000000000
110367  -45.969  8.025  18.569 0.0000000000
109471  -46.510  7.651  18.774 0.0000000000
109456  -46.270  6.940  18.763 0.0000000000
108548  -46.750  6.464  19.611 0.0000000000
148112  -45.721  6.221  19.488 0.0000000000
108532  -45.087  5.603  20.384 0.0000000000
108547  -44.461  6.469  19.157 0.0000000000
111188  -41.579  9.476  22.229 0.0000000000
110323  -41.613  8.462  22.391 0.0000000000
93709  -45.900  -10.704  28.621 0.0000000000
94649  -45.773  -9.873  28.105 0.0000000000
94662  -45.503  -9.711  27.245 0.0000000000
106557  -55.804  3.972  32.175 0.0000000000
107522  -52.846  4.013  31.852 0.0000000000
107523  -53.748  3.961  31.865 0.0000000000
106575  -52.825  3.548  30.450 0.0000000000
106562  -52.381  3.713  31.161 0.0000000000
107534  -51.090  3.818  30.420 0.0000000000
108394  -49.851  5.665  33.322 0.0000000000
107510  -49.683  4.864  32.077 0.0000000000
108404  -48.549  5.538  32.507 0.0000000000
91910  -49.677  -12.387  14.938 0.0000000000
91917  -49.454  -11.840  14.824 0.0000000000
172677  -42.884  -5.171  34.176 0.0000000000
97271  -41.982  -4.507  33.709 0.0000000000
163987  -42.401  -4.598  34.234 0.0000000000
90628  -55.133  -14.063  30.423 0.0000000000
89617  -53.401  -14.715  30.381 0.0000000000
153718  -52.282  -15.444  32.291 0.0000000000
88593  -51.748  -15.617  31.485 0.0000000000
149664  -50.034  -15.761  31.783 0.0000000000
88582  -50.507  -15.705  32.342 0.0000000000
91661  -42.432  -12.604  35.059 0.0000000000
91678  -41.904  -12.135  34.576 0.0000000000
92693  -41.399  -11.546  34.182 0.0000000000
91677  -41.040  -12.060  34.733 0.0000000000
94704  -47.859  -9.464  22.303 0.0000000000
96513  -49.084  -7.953  21.367 0.0000000000
95615  -49.307  -8.763  20.960 0.0000000000
95623  -49.926  -8.688  20.364 0.0000000000
95624  -50.456  -8.622  19.766 0.0000000000
98206  -50.045  -5.779  20.929 0.0000000000
97358  -50.346  -6.460  20.666 0.0000000000
98212  -50.771  -5.780  20.436 0.0000000000
98213  -51.453  -5.658  19.819 0.0000000000
99896  -49.981  -3.774  30.322 0.0000000000
173682  -50.458  -5.210  30.113 0.0000000000
151116  -50.689  -4.598  30.170 0.0000000000
99005  -52.189  -4.231  29.155 0.0000000000
99918  -52.069  -4.170  28.693 0.0000000000
99931  -52.410  -3.595  28.478 0.0000000000
106617  -56.308  3.353  25.934 0.0000000000
106630  -55.702  3.868  25.171 0.0000000000
105692  -54.559  3.182  23.825 0.0000000000
105682  -54.470  3.257  24.927 0.0000000000
105698  -54.168  2.425  23.217 0.0000000000
150177  -53.974  1.795  22.744 0.0000000000
105699  -54.752  2.984  22.804 0.0000000000
106665  -55.126  3.997  21.910 0.0000000000
105709  -55.006  3.265  21.678 0.0000000000
106664  -54.849  3.585  21.480 0.0000000000
105720  -54.819  2.015  20.538 0.0000000000
106669  -54.700  2.736  20.913 0.0000000000
106663  -54.422  3.782  21.214 0.0000000000
108555  -54.427  7.682  20.338 0.0000000000
108540  -54.108  6.147  20.526 0.0000000000
108553  -53.230  6.983  19.879 0.0000000000
163075  -52.482  7.538  19.691 0.0000000000
109407  -46.516  6.373  24.287 0.0000000000
109402  -45.826  6.189  24.942 0.0000000000
110316  -44.467  7.621  22.963 0.0000000000
109422  -45.324  7.079  23.103 0.0000000000
110317  -45.172  7.632  22.190 0.0000000000
110326  -45.627  8.051  21.003 0.0000000000
111205  -44.631  8.642  19.281 0.0000000000
111198  -44.272  8.960  20.162 0.0000000000
112065  -43.246  10.372  21.379 0.0000000000
111197  -43.540  9.601  20.560 0.0000000000
112933  -42.928  10.930  21.409 0.0000000000
112937  -42.802  10.682  20.992 0.0000000000
112932  -42.783  11.110  21.571 0.0000000000
91776  -49.625  -13.029  26.154 0.0000000000
146559  -49.007  -13.080  25.531 0.0000000000
91802  -47.547  -12.237  24.466 0.0000000000
173744  -46.331  -10.775  24.697 0.0000000000
93762  -46.751  -10.221  23.791 0.0000000000
93763  -47.228  -10.140  23.190 0.0000000000
96495  -46.599  -7.677  23.965 0.0000000000
97338  -47.448  -7.120  23.010 0.0000000000
98179  -46.853  -6.076  23.850 0.0000000000
101862  -55.706  -0.978  30.845 0.0000000000
159387  -55.454  -1.761  30.402 0.0000000000
104663  -56.693  0.986  30.016 0.0000000000
160555  -57.195  0.811  29.161 0.0000000000
169873  -56.794  0.305  28.595 0.0000000000
104673  -57.510  1.459  28.674 0.0000000000
106578  -55.754  3.001  30.770 0.0000000000
105632  -56.285  2.572  30.327 0.0000000000
106589  -55.892  3.038  29.825 0.0000000000
106599  -56.498  3.649  28.356 0.0000000000
106601  -57.870  2.751  27.567 0.0000000000
105674  -57.759  3.289  27.178 0.0000000000
106619  -57.401  3.820  26.629 0.0000000000
168283  -57.130  4.022  27.355 0.0000000000
107581  -54.636  4.994  26.707 0.0000000000
107582  -55.873  5.148  26.514 0.0000000000
108471  -55.244  5.441  26.044 0.0000000000
108487  -55.678  5.744  25.294 0.0000000000
108486  -53.749  5.591  25.543 0.0000000000
108499  -53.439  5.911  24.812 0.0000000000
108485  -52.688  5.485  25.494 0.0000000000
107578  -51.328  4.749  26.675 0.0000000000
167758  -51.310  5.062  25.953 0.0000000000
108467  -50.616  4.984  26.145 0.0000000000
164227  -50.039  5.257  25.649 0.0000000000
108466  -49.886  4.989  26.322 0.0000000000
107543  -50.440  4.019  29.860 0.0000000000
155536  -50.038  4.256  29.156 0.0000000000
156823  -49.331  4.464  29.207 0.0000000000
108454  -47.977  4.885  28.166 0.0000000000
107562  -49.009  4.705  27.859 0.0000000000
146536  -47.622  5.180  27.226 0.0000000000
108464  -47.299  5.408  26.462 0.0000000000
160099  -46.739  5.368  27.178 0.0000000000
109379  -44.812  6.224  29.022 0.0000000000
108451  -45.209  5.652  27.528 0.0000000000
108441  -44.627  6.023  28.197 0.0000000000
109392  -44.060  6.339  27.035 0.0000000000
109377  -43.797  6.957  28.020 0.0000000000
95655  -47.373  -8.501  16.355 0.0000000000
97398  -47.686  -6.583  16.973 0.0000000000
94611  -45.674  -9.023  30.746 0.0000000000
95520  -44.751  -8.366  30.977 0.0000000000
154538  -44.776  -5.802  31.168 0.0000000000
156220  -45.565  -7.057  30.974 0.0000000000
156164  -45.800  -5.899  30.878 0.0000000000
157295  -46.801  -6.071  30.772 0.0000000000
98130  -46.212  -5.144  30.785 0.0000000000
99875  -42.812  -3.291  33.304 0.0000000000
98977  -43.364  -4.285  31.961 0.0000000000
156972  -43.461  -3.540  32.279 0.0000000000
100828  -46.067  -2.456  31.317 0.0000000000
99882  -45.292  -3.200  31.363 0.0000000000
99893  -47.012  -3.733  30.665 0.0000000000
99884  -46.934  -2.919  30.804 0.0000000000
99894  -47.819  -3.545  30.548 0.0000000000
100839  -47.710  -2.521  30.771 0.0000000000
101870  -49.410  -1.917  30.642 0.0000000000
101856  -49.732  -1.158  31.138 0.0000000000
101872  -51.377  -1.780  30.566 0.0000000000
101857  -50.698  -1.091  31.047 0.0000000000
100817  -50.374  -2.091  34.155 0.0000000000
100816  -49.603  -1.988  34.054 0.0000000000
101838  -49.198  -1.296  33.451 0.0000000000
101839  -50.105  -1.413  33.616 0.0000000000
102790  -52.467  -0.378  32.494 0.0000000000
102789  -51.488  -0.401  32.413 0.0000000000
102805  -51.958  -0.475  31.656 0.0000000000
102807  -54.086  -0.306  31.808 0.0000000000
164127  -55.637  0.018  32.598 0.0000000000
103741  -57.233  0.124  34.259 0.0000000000
146975  -55.694  -10.570  23.123 0.0000000000
92795  -53.912  -10.862  24.275 0.0000000000
93752  -53.546  -10.537  24.881 0.0000000000
93751  -52.971  -10.874  25.098 0.0000000000
91764  -55.197  -11.602  27.599 0.0000000000
92758  -56.042  -11.261  27.585 0.0000000000
93721  -55.287  -10.703  27.022 0.0000000000
93732  -55.755  -9.922  26.534 0.0000000000
169871  -54.478  -10.584  26.667 0.0000000000
91779  -52.163  -11.809  26.816 0.0000000000
92769  -52.024  -11.423  26.070 0.0000000000
91778  -51.534  -11.817  26.360 0.0000000000
91777  -50.872  -12.206  26.253 0.0000000000
91759  -50.673  -12.704  26.970 0.0000000000
90673  -49.525  -13.711  27.530 0.0000000000
90653  -49.097  -14.187  28.109 0.0000000000
148706  -50.946  -14.658  29.248 0.0000000000
89629  -50.186  -14.907  29.496 0.0000000000
89627  -48.356  -14.783  29.503 0.0000000000
89645  -47.838  -14.365  28.901 0.0000000000
158582  -48.148  -14.084  28.167 0.0000000000
90637  -47.191  -14.188  29.055 0.0000000000
91689  -53.434  -12.548  34.965 0.0000000000
89523  -50.681  -14.772  39.547 0.0000000000
89524  -51.566  -14.638  39.540 0.0000000000
89540  -51.243  -14.640  38.613 0.0000000000
88550  -46.189  -15.340  37.908 0.0000000000
88542  -47.647  -15.374  38.460 0.0000000000
89536  -47.903  -14.832  37.473 0.0000000000
90551  -49.295  -13.699  36.904 0.0000000000
89555  -49.772  -14.404  37.552 0.0000000000
90552  -50.130  -13.630  36.975 0.0000000000
90553  -51.039  -13.692  37.176 0.0000000000
169032  -52.073  -12.732  36.453 0.0000000000
90574  -51.359  -12.859  36.532 0.0000000000
91686  -50.852  -12.879  35.365 0.0000000000
91670  -51.243  -12.522  35.794 0.0000000000
91687  -51.714  -12.851  35.253 0.0000000000
90596  -52.236  -13.418  34.605 0.0000000000
90605  -51.881  -14.215  34.102 0.0000000000
89578  -51.009  -14.345  34.258 0.0000000000
88563  -47.939  -15.033  34.136 0.0000000000
89576  -49.414  -14.922  34.218 0.0000000000
88564  -48.684  -15.214  33.986 0.0000000000
88570  -48.161  -15.547  33.297 0.0000000000
88569  -47.243  -15.263  33.578 0.0000000000
91712  -44.013  -12.679  31.279 0.0000000000
92724  -44.294  -11.896  30.790 0.0000000000
92723  -43.705  -11.309  30.939 0.0000000000
93682  -43.885  -10.640  30.804 0.0000000000
93680  -41.892  -9.955  31.861 0.0000000000
146965  -42.633  -9.984  31.407 0.0000000000
93666  -40.492  -10.186  33.500 0.0000000000
93667  -41.138  -10.483  33.210 0.0000000000
95510  -40.965  -7.363  32.833 0.0000000000
167032  -41.394  -7.122  32.554 0.0000000000
175195  -41.085  -6.386  32.970 0.0000000000
95506  -42.658  -5.035  33.216 0.0000000000
91890  -53.983  -11.948  16.158 0.0000000000
90705  -49.789  -13.180  24.017 0.0000000000
90717  -50.141  -13.438  23.290 0.0000000000
92828  -48.854  -11.396  20.936 0.0000000000
92852  -50.378  -11.786  19.375 0.0000000000
91861  -50.683  -12.446  19.393 0.0000000000
92871  -50.799  -11.064  17.292 0.0000000000
92893  -51.215  -11.558  15.016 0.0000000000
93833  -50.343  -10.421  16.127 0.0000000000
94768  -49.843  -9.755  16.127 0.0000000000
94761  -49.855  -8.878  16.514 0.0000000000
96532  -50.840  -7.909  19.524 0.0000000000
157820  -50.726  -8.840  18.804 0.0000000000
95632  -50.952  -8.046  18.816 0.0000000000
96549  -50.523  -7.187  17.652 0.0000000000
96542  -50.717  -7.806  18.055 0.0000000000
95657  -49.922  -8.090  16.789 0.0000000000
96557  -49.410  -7.647  16.623 0.0000000000
98234  -49.853  -5.445  17.578 0.0000000000
98233  -48.780  -5.281  17.339 0.0000000000
99084  -49.302  -4.555  17.646 0.0000000000
94612  -46.456  -8.766  30.630 0.0000000000
94618  -46.844  -9.162  30.362 0.0000000000
96427  -48.214  -7.958  29.481 0.0000000000
95533  -47.702  -8.464  29.505 0.0000000000
95552  -46.468  -8.438  27.913 0.0000000000
95553  -47.052  -7.975  28.214 0.0000000000
97293  -50.205  -5.997  29.556 0.0000000000
97292  -49.558  -6.538  29.747 0.0000000000
97302  -49.854  -6.299  29.202 0.0000000000
97314  -47.809  -5.231  27.457 0.0000000000
96458  -47.793  -5.861  27.658 0.0000000000
96457  -47.039  -6.122  27.354 0.0000000000
96470  -46.670  -5.948  26.706 0.0000000000
96483  -46.490  -5.816  25.961 0.0000000000
96484  -46.764  -5.423  26.566 0.0000000000
156142  -47.340  -3.640  25.716 0.0000000000
98181  -46.704  -4.873  25.119 0.0000000000
98191  -47.036  -4.195  24.971 0.0000000000
172142  -47.288  -4.171  24.258 0.0000000000
99038  -47.538  -3.528  24.451 0.0000000000
101892  -55.366  -2.040  29.421 0.0000000000
100860  -54.783  -2.471  29.399 0.0000000000
101891  -54.895  -2.052  28.913 0.0000000000
101901  -53.230  -1.573  28.192 0.0000000000
151169  -52.305  -1.302  27.899 0.0000000000
158022  -51.780  -2.022  27.872 0.0000000000
101899  -51.403  -1.013  27.635 0.0000000000
104691  -53.022  1.661  26.961 0.0000000000
103798  -50.749  0.195  25.586 0.0000000000
103791  -51.536  0.545  26.775 0.0000000000
102854  -50.891  0.074  26.505 0.0000000000
102841  -50.563  -0.738  27.070 0.0000000000
101912  -49.277  -1.314  25.954 0.0000000000
102860  -49.741  -0.809  25.627 0.0000000000
101923  -49.829  -1.337  23.475 0.0000000000
171990  -49.174  -1.785  23.671 0.0000000000
99962  -48.673  -3.285  22.583 0.0000000000
100901  -49.276  -2.631  22.312 0.0000000000
99963  -49.240  -3.393  21.824 0.0000000000
100908  -49.768  -2.824  21.601 0.0000000000
100909  -50.595  -2.649  21.037 0.0000000000
100916  -51.599  -2.966  20.365 0.0000000000
174767  -52.258  -2.529  20.240 0.0000000000
103820  -53.839  0.771  21.839 0.0000000000
102892  -53.570  -0.232  21.097 0.0000000000
101957  -54.055  -1.386  18.978 0.0000000000
101950  -54.034  -1.243  19.441 0.0000000000
101956  -53.606  -2.073  19.157 0.0000000000
100918  -52.974  -2.911  19.173 0.0000000000
100923  -53.133  -2.628  18.948 0.0000000000
162499  -52.294  -3.741  18.736 0.0000000000
148958  -52.630  -2.521  18.617 0.0000000000
101964  -51.000  -1.493  18.460 0.0000000000
100932  -51.645  -2.315  18.395 0.0000000000
100931  -50.520  -2.189  18.281 0.0000000000
99987  -49.163  -2.993  18.002 0.0000000000
169371  -49.495  -1.018  18.655 0.0000000000
106657  -53.323  3.479  21.543 0.0000000000
104744  -52.167  1.574  20.903 0.0000000000
105706  -52.473  2.915  21.981 0.0000000000
105697  -51.136  2.587  23.124 0.0000000000
148313  -51.359  2.046  22.485 0.0000000000
109429  -52.641  6.778  23.176 0.0000000000
109428  -51.513  6.647  23.145 0.0000000000
109441  -50.225  7.250  22.013 0.0000000000
109442  -51.166  7.249  22.041 0.0000000000
110331  -50.872  7.830  20.787 0.0000000000
110359  -51.060  7.735  19.888 0.0000000000
110346  -50.551  7.974  20.020 0.0000000000
109424  -47.432  6.871  23.002 0.0000000000
162293  -48.253  6.894  22.959 0.0000000000
109438  -47.936  7.429  21.945 0.0000000000
109458  -48.265  7.292  19.248 0.0000000000
110356  -48.657  7.605  19.620 0.0000000000
109459  -49.080  7.284  19.470 0.0000000000
162314  -48.898  6.105  20.373 0.0000000000
108535  -48.206  5.924  20.564 0.0000000000
108519  -46.352  5.304  21.782 0.0000000000
156108  -46.675  4.845  22.721 0.0000000000
107611  -47.139  4.392  23.594 0.0000000000
107610  -46.122  4.523  23.457 0.0000000000
107621  -44.000  4.762  22.169 0.0000000000
107608  -44.296  4.554  23.052 0.0000000000
107607  -43.527  4.547  22.870 0.0000000000
160550  -42.977  4.615  22.806 0.0000000000
110352  -43.654  7.981  19.316 0.0000000000
109454  -43.307  7.114  19.853 0.0000000000
168971  -42.557  7.166  20.856 0.0000000000
109420  -41.824  6.450  22.943 0.0000000000
109435  -42.317  6.350  22.053 0.0000000000
108513  -42.141  5.769  22.760 0.0000000000
152495  -41.489  4.904  24.158 0.0000000000
175546  -44.776  10.807  24.661 0.0000000000
112905  -44.206  10.789  24.234 0.0000000000
112918  -44.922  11.628  24.304 0.0000000000
113731  -43.809  12.008  23.573 0.0000000000
113729  -42.250  11.462  23.654 0.0000000000
150215  -45.982  -12.309  29.541 0.0000000000
93710  -46.359  -10.593  29.533 0.0000000000
162030  -54.235  4.348  32.438 0.0000000000
107505  -53.118  4.892  33.128 0.0000000000
107511  -51.109  4.535  32.176 0.0000000000
108407  -51.344  5.038  32.888 0.0000000000
108395  -50.820  5.549  33.438 0.0000000000
91918  -50.195  -11.803  14.838 0.0000000000
96398  -41.844  -4.552  34.910 0.0000000000
97269  -41.920  -4.284  35.012 0.0000000000
90621  -55.632  -13.840  31.755 0.0000000000
89606  -54.444  -14.563  31.685 0.0000000000
89605  -53.698  -14.906  31.301 0.0000000000
89595  -52.999  -15.099  32.631 0.0000000000
88574  -51.713  -15.345  32.891 0.0000000000
91659  -40.608  -12.583  35.307 0.0000000000
91658  -39.699  -12.393  35.438 0.0000000000
91819  -53.595  -12.511  23.435 0.0000000000
90720  -53.012  -13.169  23.254 0.0000000000
172126  -47.916  -7.998  22.377 0.0000000000
95605  -48.210  -8.918  22.022 0.0000000000
163159  -48.338  -8.126  21.980 0.0000000000
160616  -49.328  -7.168  21.319 0.0000000000
96514  -49.939  -7.215  20.818 0.0000000000
171113  -49.693  -5.047  21.178 0.0000000000
100842  -51.172  -2.777  30.348 0.0000000000
98990  -51.452  -4.478  29.926 0.0000000000
99898  -51.876  -3.749  30.120 0.0000000000
99908  -52.823  -3.656  29.453 0.0000000000
99909  -53.509  -3.227  29.364 0.0000000000
107589  -56.640  4.912  25.295 0.0000000000
106644  -56.205  4.539  24.798 0.0000000000
107601  -56.220  5.226  24.493 0.0000000000
106653  -55.760  4.588  23.941 0.0000000000
153601  -55.501  4.462  23.136 0.0000000000
107630  -55.485  4.808  22.442 0.0000000000
107636  -55.119  4.720  21.733 0.0000000000
107635  -54.919  5.735  21.260 0.0000000000
108525  -55.336  6.696  21.436 0.0000000000
109450  -54.925  7.462  20.953 0.0000000000
110334  -54.100  7.956  21.129 0.0000000000
147675  -44.822  6.476  24.824 0.0000000000
110308  -44.019  7.431  23.922 0.0000000000
110324  -44.020  8.406  22.328 0.0000000000
162748  -43.627  8.772  22.850 0.0000000000
112058  -43.476  9.773  22.732 0.0000000000
91775  -48.236  -12.872  26.088 0.0000000000
93730  -45.432  -10.442  26.853 0.0000000000
92779  -45.920  -11.025  25.667 0.0000000000
93740  -45.646  -10.364  25.985 0.0000000000
94685  -46.036  -9.517  24.791 0.0000000000
94692  -46.489  -9.454  24.097 0.0000000000
162036  -46.236  -8.832  24.487 0.0000000000
95583  -46.231  -8.036  24.569 0.0000000000
96481  -46.371  -7.115  24.545 0.0000000000
102810  -56.361  -0.013  31.218 0.0000000000
102818  -56.534  -0.464  30.294 0.0000000000
103758  -56.547  0.365  30.717 0.0000000000
106588  -54.131  3.444  29.782 0.0000000000
147029  -54.947  3.430  29.434 0.0000000000
152478  -55.278  3.787  28.617 0.0000000000
107567  -54.022  4.528  27.424 0.0000000000
107580  -53.481  4.826  26.789 0.0000000000
108469  -53.047  5.188  26.167 0.0000000000
107579  -52.412  4.748  26.780 0.0000000000
107564  -50.847  4.499  27.536 0.0000000000
107532  -48.857  4.678  30.602 0.0000000000
107541  -48.741  4.621  29.665 0.0000000000
108438  -48.007  4.867  30.200 0.0000000000
108437  -47.213  5.179  29.871 0.0000000000
108444  -47.117  5.146  28.937 0.0000000000
108443  -46.219  5.426  28.724 0.0000000000
108435  -45.527  5.835  29.384 0.0000000000
109372  -45.093  6.592  29.886 0.0000000000
96414  -44.184  -7.472  31.184 0.0000000000
98128  -43.998  -4.929  31.450 0.0000000000
100811  -44.518  -2.122  33.275 0.0000000000
100826  -44.473  -2.398  32.401 0.0000000000
100820  -44.991  -1.880  32.702 0.0000000000
101844  -45.741  -1.782  31.951 0.0000000000
170585  -46.441  -1.792  31.599 0.0000000000
100830  -47.770  -1.737  31.158 0.0000000000
146756  -47.806  -1.188  31.674 0.0000000000
102787  -49.236  -0.666  31.830 0.0000000000
163736  -50.754  -1.140  33.474 0.0000000000
101840  -51.465  -1.224  33.612 0.0000000000
93765  -55.367  -10.100  23.697 0.0000000000
93754  -54.955  -9.646  24.371 0.0000000000
94677  -54.657  -9.472  24.978 0.0000000000
93743  -54.047  -10.037  25.246 0.0000000000
91745  -55.195  -12.354  28.257 0.0000000000
91763  -54.317  -12.025  27.728 0.0000000000
92756  -53.708  -11.492  27.177 0.0000000000
91762  -53.372  -12.101  27.598 0.0000000000
91761  -52.668  -12.123  27.404 0.0000000000
90676  -52.055  -12.448  27.477 0.0000000000
90675  -51.324  -12.893  27.537 0.0000000000
90656  -51.314  -13.544  28.116 0.0000000000
90655  -50.734  -13.947  28.276 0.0000000000
88602  -50.340  -15.424  30.453 0.0000000000
88611  -49.613  -15.224  30.007 0.0000000000
88610  -48.873  -15.197  30.091 0.0000000000
89613  -48.037  -15.095  30.214 0.0000000000
89625  -46.839  -14.236  29.774 0.0000000000
89567  -46.961  -14.535  37.117 0.0000000000
89568  -47.627  -14.016  36.812 0.0000000000
90572  -49.702  -12.948  36.441 0.0000000000
91649  -50.855  -12.513  36.115 0.0000000000
170219  -49.384  -12.609  36.090 0.0000000000
91685  -50.005  -12.870  35.460 0.0000000000
167789  -49.647  -13.290  35.109 0.0000000000
90594  -50.390  -13.592  34.860 0.0000000000
90593  -48.995  -13.413  34.979 0.0000000000
157873  -47.839  -14.255  34.521 0.0000000000
90618  -43.616  -13.078  32.057 0.0000000000
91711  -43.150  -12.226  31.785 0.0000000000
92717  -43.061  -11.464  31.422 0.0000000000
146046  -52.312  -12.344  17.365 0.0000000000
90728  -49.507  -13.431  22.601 0.0000000000
92841  -50.035  -11.039  19.799 0.0000000000
94754  -50.433  -9.516  17.611 0.0000000000
96550  -50.933  -7.022  18.186 0.0000000000
97392  -50.843  -6.471  17.978 0.0000000000
97391  -50.044  -6.497  17.382 0.0000000000
98235  -50.809  -5.169  18.080 0.0000000000
99086  -51.171  -4.436  18.269 0.0000000000
95523  -47.253  -7.990  30.586 0.0000000000
95525  -47.690  -8.098  30.331 0.0000000000
96428  -48.601  -7.516  29.731 0.0000000000
98156  -50.808  -5.302  28.779 0.0000000000
98155  -49.976  -5.770  28.595 0.0000000000
169733  -49.469  -5.253  28.022 0.0000000000
98169  -48.550  -4.922  27.671 0.0000000000
98174  -47.597  -4.574  27.134 0.0000000000
163851  -47.488  -3.963  26.724 0.0000000000
99023  -47.972  -3.243  26.777 0.0000000000
171982  -55.726  -0.921  28.683 0.0000000000
102832  -54.873  -1.154  28.528 0.0000000000
103772  -54.468  -0.276  28.270 0.0000000000
103782  -53.735  0.263  28.039 0.0000000000
104714  -52.591  1.834  25.180 0.0000000000
104706  -52.360  1.584  26.211 0.0000000000
104713  -51.872  1.201  25.576 0.0000000000
103805  -51.388  0.703  24.976 0.0000000000
102861  -50.251  -0.338  25.168 0.0000000000
101917  -49.824  -0.838  24.772 0.0000000000
102867  -50.395  -0.461  24.283 0.0000000000
101933  -50.455  -1.358  22.514 0.0000000000
100902  -50.025  -2.126  21.920 0.0000000000
101934  -51.381  -1.095  21.923 0.0000000000
101941  -51.866  -1.485  21.135 0.0000000000
103828  -54.729  0.845  20.522 0.0000000000
102893  -54.161  -0.212  20.493 0.0000000000
102904  -54.470  -0.005  19.525 0.0000000000
102913  -54.305  -0.694  19.191 0.0000000000
101966  -53.541  -1.322  18.694 0.0000000000
100933  -53.203  -2.074  18.687 0.0000000000
102922  -51.477  -0.735  18.650 0.0000000000
102921  -50.268  -0.911  18.630 0.0000000000
102912  -51.177  -0.066  19.109 0.0000000000
108524  -52.377  5.179  21.460 0.0000000000
106656  -52.146  3.527  22.391 0.0000000000
107615  -51.314  3.901  22.875 0.0000000000
109411  -50.861  6.026  23.990 0.0000000000
109440  -49.421  7.322  21.986 0.0000000000
156224  -46.701  7.974  20.757 0.0000000000
110327  -47.690  7.979  20.674 0.0000000000
110342  -47.258  8.150  19.668 0.0000000000
110355  -47.532  7.718  19.356 0.0000000000
108549  -47.784  6.589  19.628 0.0000000000
108518  -45.412  5.287  21.559 0.0000000000
108517  -44.495  5.203  21.341 0.0000000000
108516  -43.678  5.238  21.396 0.0000000000
110338  -42.166  8.346  21.270 0.0000000000
109404  -41.395  6.550  23.931 0.0000000000
110306  -41.066  7.691  24.260 0.0000000000
90670  -46.719  -13.415  27.813 0.0000000000
91757  -46.242  -12.741  27.312 0.0000000000
92754  -45.486  -11.305  27.302 0.0000000000
92744  -45.617  -11.444  28.201 0.0000000000
95562  -45.587  -8.930  26.747 0.0000000000
106566  -56.167  3.346  31.663 0.0000000000
106565  -55.222  3.463  31.375 0.0000000000
106564  -54.195  3.561  31.219 0.0000000000
106576  -53.717  3.461  30.475 0.0000000000
106586  -52.430  3.642  29.641 0.0000000000
106596  -51.997  3.900  28.823 0.0000000000
106585  -51.558  3.750  29.689 0.0000000000
171996  -50.997  3.837  29.773 0.0000000000
107533  -50.164  4.206  30.764 0.0000000000
107520  -50.275  4.504  31.745 0.0000000000
171672  -49.497  4.453  30.663 0.0000000000
168321  -48.719  4.916  31.349 0.0000000000
108415  -48.241  5.274  31.799 0.0000000000
109358  -47.035  6.210  31.906 0.0000000000
96410  -42.558  -5.767  32.498 0.0000000000
98124  -42.061  -4.641  32.872 0.0000000000
97275  -42.411  -4.512  32.754 0.0000000000
98125  -41.952  -4.135  33.592 0.0000000000
98975  -42.110  -3.856  33.843 0.0000000000
162842  -42.164  -3.970  35.027 0.0000000000
98972  -42.854  -3.403  34.481 0.0000000000
99874  -43.561  -2.772  33.767 0.0000000000
90640  -54.280  -13.658  29.292 0.0000000000
90639  -53.133  -13.870  29.064 0.0000000000
90638  -52.267  -14.161  29.055 0.0000000000
89631  -52.923  -14.450  29.649 0.0000000000
150261  -52.258  -14.654  29.685 0.0000000000
89615  -51.853  -15.069  30.094 0.0000000000
88595  -52.946  -15.230  31.004 0.0000000000
88604  -52.182  -15.379  30.805 0.0000000000
88603  -51.337  -15.459  30.663 0.0000000000
149316  -49.968  -15.677  31.178 0.0000000000
88591  -49.256  -15.704  31.569 0.0000000000
88590  -48.295  -15.645  31.673 0.0000000000
88530  -46.461  -15.423  39.576 0.0000000000
88529  -45.175  -15.536  39.206 0.0000000000
88540  -45.320  -15.452  38.268 0.0000000000
89552  -45.488  -15.113  37.499 0.0000000000
175400  -45.558  -14.660  37.037 0.0000000000
89566  -45.582  -13.941  36.607 0.0000000000
92700  -40.915  -10.911  33.819 0.0000000000
93660  -40.157  -10.673  33.993 0.0000000000
92683  -40.164  -11.905  34.868 0.0000000000
92691  -39.755  -11.164  34.491 0.0000000000
93659  -39.348  -10.274  34.215 0.0000000000
92816  -48.084  -11.319  22.167 0.0000000000
93783  -48.506  -10.600  21.467 0.0000000000
163120  -49.138  -10.431  20.721 0.0000000000
94713  -48.888  -9.609  21.129 0.0000000000
94737  -50.531  -9.356  19.276 0.0000000000
158283  -50.582  -7.036  20.373 0.0000000000
96525  -50.957  -7.161  19.864 0.0000000000
97369  -51.337  -6.447  19.527 0.0000000000
99066  -51.951  -5.136  19.368 0.0000000000
98989  -49.102  -5.007  30.384 0.0000000000
98138  -49.200  -5.924  30.349 0.0000000000
98139  -49.924  -5.539  30.246 0.0000000000
98140  -50.415  -5.609  29.835 0.0000000000
98147  -50.860  -5.366  29.317 0.0000000000
98998  -51.523  -4.694  29.424 0.0000000000
99012  -51.152  -4.499  28.343 0.0000000000
105660  -56.720  2.214  27.033 0.0000000000
105659  -55.273  2.087  27.171 0.0000000000
147778  -56.110  2.657  26.551 0.0000000000
105671  -55.054  2.787  26.343 0.0000000000
148557  -54.090  2.830  25.882 0.0000000000
105681  -53.469  2.538  25.151 0.0000000000
104724  -53.159  2.082  24.409 0.0000000000
104723  -52.682  1.444  23.980 0.0000000000
103813  -52.538  0.835  23.306 0.0000000000
103819  -52.865  0.425  22.466 0.0000000000
104731  -53.366  1.226  22.805 0.0000000000
104746  -54.611  1.046  21.238 0.0000000000
105708  -54.915  2.712  21.837 0.0000000000
104740  -54.854  1.809  21.334 0.0000000000
104747  -54.854  1.363  20.770 0.0000000000
104751  -54.757  1.372  20.300 0.0000000000
104750  -54.509  1.714  20.093 0.0000000000
105718  -54.080  2.277  20.403 0.0000000000
104745  -53.473  1.678  20.109 0.0000000000
106658  -53.707  4.282  21.352 0.0000000000
107633  -53.444  5.072  21.241 0.0000000000
108538  -52.168  6.556  20.240 0.0000000000
108537  -50.909  6.634  20.070 0.0000000000
108480  -47.552  5.764  25.148 0.0000000000
108494  -48.125  6.047  24.534 0.0000000000
108493  -47.319  6.176  24.456 0.0000000000
146163  -47.113  6.518  23.794 0.0000000000
109406  -45.580  6.606  24.075 0.0000000000
110366  -45.466  8.011  18.411 0.0000000000
109469  -44.858  7.402  18.465 0.0000000000
110365  -44.886  8.285  18.653 0.0000000000
111210  -44.168  8.567  19.206 0.0000000000
162534  -43.337  8.983  19.951 0.0000000000
169906  -43.312  9.594  20.330 0.0000000000
111196  -42.546  9.360  20.593 0.0000000000
112069  -42.441  10.234  20.929 0.0000000000
112064  -41.960  10.246  21.665 0.0000000000
112057  -41.529  10.134  22.722 0.0000000000
91793  -50.735  -12.460  25.517 0.0000000000
91805  -50.340  -12.935  24.816 0.0000000000
167994  -48.688  -12.968  24.696 0.0000000000
90716  -48.867  -13.101  23.860 0.0000000000
91816  -48.304  -12.643  23.292 0.0000000000
91773  -46.571  -12.579  26.364 0.0000000000
91789  -46.740  -12.112  25.451 0.0000000000
92780  -46.359  -11.320  25.077 0.0000000000
91801  -46.959  -11.798  24.703 0.0000000000
92791  -47.245  -11.633  24.012 0.0000000000
169251  -47.500  -11.521  23.404 0.0000000000
92815  -47.570  -10.903  22.835 0.0000000000
93773  -47.577  -10.041  22.650 0.0000000000
94703  -47.437  -9.363  22.858 0.0000000000
95594  -47.257  -8.599  23.126 0.0000000000
96504  -47.571  -7.912  22.766 0.0000000000
97346  -47.874  -6.448  22.641 0.0000000000
98197  -47.709  -5.637  22.923 0.0000000000
161982  -54.154  -2.062  30.465 0.0000000000
100845  -54.608  -2.650  30.070 0.0000000000
101874  -54.990  -2.179  30.327 0.0000000000
100846  -55.323  -2.266  29.957 0.0000000000
101883  -56.040  -1.545  29.648 0.0000000000
102824  -56.580  -0.685  29.521 0.0000000000
102833  -56.285  -1.006  29.005 0.0000000000
103774  -56.213  -0.319  28.653 0.0000000000
155855  -57.181  1.014  28.063 0.0000000000
104695  -57.436  1.809  27.560 0.0000000000
105642  -57.168  2.001  29.124 0.0000000000
106590  -56.919  2.832  28.924 0.0000000000
104683  -57.786  2.289  27.571 0.0000000000
105661  -57.640  2.512  27.040 0.0000000000
106618  -57.263  3.675  26.202 0.0000000000
106632  -57.006  4.463  26.025 0.0000000000
107569  -56.422  4.685  26.960 0.0000000000
107583  -56.742  4.969  26.214 0.0000000000
108473  -56.697  5.092  25.640 0.0000000000
108501  -55.832  6.062  24.476 0.0000000000
109415  -55.297  6.424  24.041 0.0000000000
109414  -54.302  6.479  24.058 0.0000000000
109413  -53.046  6.330  24.055 0.0000000000
108484  -51.739  5.382  25.434 0.0000000000
108497  -51.318  5.644  24.749 0.0000000000
108496  -50.358  5.590  24.829 0.0000000000
108482  -49.423  5.580  25.092 0.0000000000
108481  -48.437  5.583  25.362 0.0000000000
107552  -50.443  4.353  28.354 0.0000000000
107563  -49.921  4.603  27.668 0.0000000000
107550  -48.761  4.640  28.770 0.0000000000
108455  -49.361  4.859  26.927 0.0000000000
172658  -48.808  5.056  26.624 0.0000000000
171607  -47.708  5.511  25.814 0.0000000000
152999  -46.973  5.608  25.753 0.0000000000
108478  -46.079  5.737  25.701 0.0000000000
108452  -46.070  5.430  27.842 0.0000000000
108462  -45.426  5.682  26.520 0.0000000000
109393  -44.551  6.086  26.333 0.0000000000
109391  -43.530  7.123  26.768 0.0000000000
94617  -45.715  -9.927  30.604 0.0000000000
96415  -45.210  -7.595  31.004 0.0000000000
96416  -46.128  -7.587  30.876 0.0000000000
95522  -46.676  -8.133  30.716 0.0000000000
96417  -46.956  -7.538  30.757 0.0000000000
97280  -47.342  -6.907  30.730 0.0000000000
98973  -42.819  -4.897  32.137 0.0000000000
99881  -44.379  -2.979  31.926 0.0000000000
98979  -45.641  -4.165  30.961 0.0000000000
98986  -46.628  -4.373  30.707 0.0000000000
98988  -48.317  -4.452  30.463 0.0000000000
99895  -48.948  -3.893  30.371 0.0000000000
100840  -49.216  -2.883  30.434 0.0000000000
101869  -48.497  -2.148  30.723 0.0000000000
100841  -50.171  -2.785  30.372 0.0000000000
101873  -52.318  -1.702  30.626 0.0000000000
101837  -48.210  -1.182  33.134 0.0000000000
101848  -49.040  -0.763  32.718 0.0000000000
102779  -49.812  -0.562  32.489 0.0000000000
102781  -51.068  -0.653  33.083 0.0000000000
102788  -50.625  -0.455  32.407 0.0000000000
101859  -52.368  -0.888  31.094 0.0000000000
158122  -53.141  -1.355  30.784 0.0000000000
101860  -53.821  -0.922  31.069 0.0000000000
102792  -54.701  -0.098  32.677 0.0000000000
102809  -56.052  -0.104  31.733 0.0000000000
102794  -56.324  0.463  32.307 0.0000000000
155344  -57.486  1.303  34.705 0.0000000000
93764  -54.670  -10.478  24.039 0.0000000000
92806  -54.462  -11.359  23.664 0.0000000000
92805  -53.717  -11.747  23.829 0.0000000000
91808  -53.041  -12.277  23.922 0.0000000000
91807  -52.423  -11.961  24.466 0.0000000000
92792  -51.870  -11.838  24.952 0.0000000000
149678  -54.012  -10.267  26.032 0.0000000000
150371  -53.290  -11.204  26.690 0.0000000000
93731  -53.255  -10.776  26.167 0.0000000000
92781  -52.663  -11.043  25.670 0.0000000000
169475  -52.079  -11.462  25.463 0.0000000000
91758  -49.832  -13.189  26.876 0.0000000000
90671  -47.555  -13.553  27.463 0.0000000000
89647  -49.617  -14.508  28.786 0.0000000000
91728  -46.177  -12.977  29.192 0.0000000000
92725  -45.349  -11.634  30.468 0.0000000000
89525  -52.339  -14.524  39.701 0.0000000000
163653  -53.009  -14.358  38.802 0.0000000000
90539  -52.640  -14.187  37.941 0.0000000000
89538  -49.415  -15.003  38.367 0.0000000000
89554  -48.914  -14.602  37.532 0.0000000000
89539  -50.339  -14.743  38.380 0.0000000000
89556  -50.967  -14.411  37.860 0.0000000000
89557  -51.724  -14.312  37.821 0.0000000000
90555  -53.135  -13.558  37.416 0.0000000000
90575  -52.832  -12.969  36.684 0.0000000000
91650  -51.662  -12.466  36.103 0.0000000000
91671  -52.066  -12.510  35.686 0.0000000000
163139  -52.795  -12.522  35.520 0.0000000000
90597  -53.088  -13.231  34.432 0.0000000000
90607  -53.605  -13.763  33.753 0.0000000000
89586  -52.362  -14.855  33.260 0.0000000000
88573  -51.004  -15.479  33.018 0.0000000000
89577  -50.188  -14.560  34.300 0.0000000000
89583  -49.965  -15.203  33.793 0.0000000000
88572  -50.187  -15.525  33.123 0.0000000000
88581  -49.673  -15.724  32.437 0.0000000000
91681  -46.042  -12.585  35.063 0.0000000000
90590  -46.287  -13.177  34.680 0.0000000000
150783  -46.556  -14.107  34.355 0.0000000000
89573  -45.679  -14.072  34.079 0.0000000000
89582  -46.456  -14.824  33.811 0.0000000000
88568  -46.494  -15.345  33.015 0.0000000000
88588  -46.677  -15.405  32.123 0.0000000000
93687  -45.396  -10.752  30.570 0.0000000000
94616  -44.646  -10.268  30.704 0.0000000000
162859  -43.728  -8.778  31.116 0.0000000000
93681  -43.165  -10.691  31.152 0.0000000000
96408  -42.350  -7.065  31.938 0.0000000000
92709  -41.621  -10.906  32.748 0.0000000000
93673  -41.378  -10.157  32.526 0.0000000000
95513  -41.444  -8.217  32.406 0.0000000000
95515  -41.870  -6.532  32.376 0.0000000000
96404  -42.759  -5.465  33.309 0.0000000000
96400  -42.915  -5.984  34.017 0.0000000000
96396  -42.440  -5.315  34.029 0.0000000000
95499  -41.379  -5.086  33.514 0.0000000000
95493  -41.791  -4.950  33.780 0.0000000000
163470  -42.458  -5.005  34.876 0.0000000000
90828  -54.097  -12.374  15.463 0.0000000000
91902  -53.722  -12.205  15.564 0.0000000000
90827  -53.293  -12.546  15.216 0.0000000000
91913  -52.402  -12.237  14.977 0.0000000000
90730  -51.527  -13.652  22.463 0.0000000000
90729  -50.494  -13.591  22.355 0.0000000000
90744  -51.886  -13.768  21.586 0.0000000000
174333  -48.732  -12.181  21.291 0.0000000000
90761  -51.350  -13.371  19.997 0.0000000000
91888  -51.879  -11.961  16.856 0.0000000000
92882  -51.791  -11.802  15.049 0.0000000000
92892  -50.559  -11.323  15.054 0.0000000000
167145  -49.458  -9.942  15.734 0.0000000000
155692  -50.324  -8.607  17.330 0.0000000000
95662  -48.641  -8.895  15.984 0.0000000000
96556  -48.665  -7.548  16.452 0.0000000000
97399  -48.383  -6.739  16.710 0.0000000000
97389  -48.191  -5.935  17.045 0.0000000000
149513  -46.431  -9.817  30.322 0.0000000000
94640  -46.676  -9.835  29.538 0.0000000000
94629  -47.387  -8.746  30.095 0.0000000000
94641  -47.177  -9.151  29.520 0.0000000000
94650  -46.501  -9.313  28.590 0.0000000000
95563  -45.910  -8.224  27.073 0.0000000000
97284  -49.079  -6.716  30.220 0.0000000000
96438  -49.165  -6.966  29.343 0.0000000000
96437  -48.519  -7.533  29.106 0.0000000000
152483  -49.278  -6.421  28.635 0.0000000000
169844  -48.061  -7.349  28.504 0.0000000000
152789  -46.978  -6.776  27.571 0.0000000000
96455  -46.071  -7.407  26.537 0.0000000000
96469  -46.289  -6.553  26.142 0.0000000000
96482  -46.316  -6.444  25.280 0.0000000000
97326  -46.535  -6.262  24.482 0.0000000000
97328  -46.667  -5.141  25.962 0.0000000000
98180  -46.732  -5.497  24.360 0.0000000000
98189  -47.178  -5.531  23.611 0.0000000000
99036  -47.531  -4.980  23.320 0.0000000000
99045  -48.150  -4.817  22.666 0.0000000000
100852  -54.071  -2.928  29.770 0.0000000000
99910  -54.127  -2.821  29.353 0.0000000000
99920  -53.572  -3.070  28.930 0.0000000000
101890  -54.122  -1.850  28.525 0.0000000000
100858  -53.511  -2.526  28.525 0.0000000000
100870  -52.934  -3.127  28.507 0.0000000000
100869  -52.201  -3.010  28.090 0.0000000000
100868  -51.155  -2.697  27.799 0.0000000000
174186  -50.504  -2.083  27.572 0.0000000000
103781  -52.891  0.800  27.594 0.0000000000
104705  -51.806  1.046  26.309 0.0000000000
103780  -52.046  0.294  27.430 0.0000000000
168545  -50.123  -1.571  27.258 0.0000000000
100867  -50.031  -2.434  27.520 0.0000000000
101906  -49.430  -1.706  26.824 0.0000000000
100876  -48.849  -1.843  26.178 0.0000000000
100883  -48.522  -2.081  25.497 0.0000000000
101916  -49.388  -1.393  24.400 0.0000000000
100889  -48.638  -2.054  24.468 0.0000000000
99949  -48.143  -2.758  24.126 0.0000000000
99955  -48.138  -3.343  23.405 0.0000000000
156595  -48.243  -3.933  22.819 0.0000000000
170452  -48.871  -5.102  21.813 0.0000000000
151841  -49.402  -4.228  21.464 0.0000000000
99053  -50.186  -4.283  20.826 0.0000000000
99059  -51.737  -4.817  19.812 0.0000000000
99060  -52.259  -4.381  19.248 0.0000000000
102883  -52.732  -0.243  21.827 0.0000000000
102891  -52.232  -0.850  21.503 0.0000000000
101942  -52.752  -1.228  20.765 0.0000000000
102902  -53.649  -0.834  20.384 0.0000000000
101949  -53.387  -1.679  19.928 0.0000000000
101948  -52.472  -1.916  20.435 0.0000000000
100917  -52.463  -3.078  19.745 0.0000000000
99976  -52.532  -3.589  19.317 0.0000000000
99075  -52.227  -4.378  18.925 0.0000000000
99074  -51.886  -4.408  18.592 0.0000000000
99998  -50.670  -3.731  18.111 0.0000000000
99989  -51.118  -3.000  18.263 0.0000000000
99997  -49.711  -3.749  17.873 0.0000000000
170826  -51.490  1.649  21.750 0.0000000000
109444  -53.455  7.473  22.154 0.0000000000
110333  -52.998  8.029  20.991 0.0000000000
110332  -51.873  8.003  20.858 0.0000000000
110348  -52.577  8.296  20.070 0.0000000000
110360  -52.258  8.014  19.780 0.0000000000
109425  -48.922  6.925  22.824 0.0000000000
110329  -49.216  7.747  20.807 0.0000000000
110328  -48.487  7.881  20.731 0.0000000000
110345  -49.731  7.920  19.968 0.0000000000
110358  -50.151  7.637  19.811 0.0000000000
108552  -50.137  6.913  19.696 0.0000000000
163137  -50.019  6.227  20.418 0.0000000000
107625  -48.393  4.823  22.488 0.0000000000
108520  -47.866  5.319  21.729 0.0000000000
107612  -48.114  4.370  23.356 0.0000000000
106647  -47.874  3.896  24.111 0.0000000000
107609  -45.185  4.582  23.288 0.0000000000
107597  -44.576  4.332  23.982 0.0000000000
108546  -43.700  6.374  19.848 0.0000000000
108530  -43.368  5.822  20.798 0.0000000000
108515  -43.048  5.397  21.740 0.0000000000
108529  -42.774  6.050  21.315 0.0000000000
108514  -42.566  5.583  22.236 0.0000000000
107619  -42.757  5.003  22.526 0.0000000000
108492  -41.119  5.586  24.533 0.0000000000
109347  -46.824  6.841  32.088 0.0000000000
110279  -44.714  7.384  29.695 0.0000000000
110278  -44.299  7.446  29.025 0.0000000000
111159  -43.841  8.188  27.733 0.0000000000
111158  -43.483  8.022  26.957 0.0000000000
111166  -43.573  8.663  26.257 0.0000000000
112041  -45.087  9.973  26.373 0.0000000000
112040  -44.186  9.525  26.161 0.0000000000
112039  -43.675  9.271  25.502 0.0000000000
112046  -43.705  9.817  24.640 0.0000000000
112916  -43.692  10.591  23.720 0.0000000000
112924  -43.533  11.303  23.066 0.0000000000
175212  -43.946  11.966  23.573 0.0000000000
112925  -43.423  11.637  23.127 0.0000000000
113743  -43.022  11.345  22.200 0.0000000000
112923  -42.743  11.405  22.344 0.0000000000
112922  -42.007  11.088  23.031 0.0000000000
88551  -47.026  -15.207  37.800 0.0000000000
88594  -52.466  -15.456  31.486 0.0000000000
89526  -53.155  -14.312  39.709 0.0000000000
89553  -46.111  -14.739  37.140 0.0000000000
89584  -50.656  -15.063  33.714 0.0000000000
89598  -55.029  -14.182  32.113 0.0000000000
90540  -53.473  -13.981  38.208 0.0000000000
91647  -48.830  -12.562  35.965 0.0000000000
91648  -50.068  -12.564  36.110 0.0000000000
91668  -49.539  -12.599  35.856 0.0000000000
91673  -54.114  -12.188  35.347 0.0000000000
91683  -47.787  -12.875  35.217 0.0000000000
91684  -48.576  -12.927  35.321 0.0000000000
96392  -42.522  -5.398  35.008 0.0000000000
96402  -42.975  -4.756  33.993 0.0000000000
96405  -43.588  -6.354  33.789 0.0000000000
96445  -47.351  -7.372  28.087 0.0000000000
97274  -42.016  -5.013  32.777 0.0000000000
97278  -45.434  -6.474  30.991 0.0000000000
97283  -48.201  -6.918  30.501 0.0000000000
97320  -47.038  -4.985  26.841 0.0000000000
98122  -42.752  -6.048  31.890 0.0000000000
99011  -50.119  -4.181  27.830 0.0000000000
99019  -49.063  -3.751  27.540 0.0000000000
99863  -44.069  -2.519  33.890 0.0000000000
99873  -44.077  -2.402  33.412 0.0000000000
99990  -52.084  -3.109  18.498 0.0000000000
100798  -44.490  -2.313  33.797 0.0000000000
100819  -44.320  -2.256  32.899 0.0000000000
101854  -47.107  -1.489  31.634 0.0000000000
101875  -55.985  -1.541  30.250 0.0000000000
102834  -56.853  0.191  29.057 0.0000000000
102843  -51.930  -0.471  27.653 0.0000000000
102914  -54.343  -0.199  19.101 0.0000000000
102924  -54.143  -0.697  18.834 0.0000000000
103773  -55.340  -0.268  28.436 0.0000000000
103835  -54.554  0.205  20.162 0.0000000000
103848  -53.418  0.176  18.824 0.0000000000
103849  -54.082  0.015  18.845 0.0000000000
104739  -54.278  1.423  22.008 0.0000000000
104758  -54.606  1.085  19.798 0.0000000000
105673  -57.732  3.170  26.713 0.0000000000
105714  -54.192  2.884  20.822 0.0000000000
106600  -57.526  3.167  27.928 0.0000000000
106651  -51.443  3.178  22.963 0.0000000000
107519  -49.444  4.638  31.318 0.0000000000
108450  -44.512  5.975  27.520 0.0000000000
108526  -55.633  6.464  22.364 0.0000000000
108536  -49.362  5.923  20.650 0.0000000000
108554  -54.038  7.430  19.991 0.0000000000
109357  -46.323  6.653  31.451 0.0000000000
109378  -44.189  6.735  28.593 0.0000000000
109384  -43.727  6.846  27.490 0.0000000000
109385  -44.092  6.440  27.835 0.0000000000
109449  -54.362  7.949  20.527 0.0000000000
109460  -49.804  7.311  19.580 0.0000000000
109463  -53.198  7.838  19.704 0.0000000000
109464  -53.859  8.047  19.962 0.0000000000
109468  -44.303  7.916  18.773 0.0000000000
109470  -45.770  7.473  18.423 0.0000000000
110255  -47.081  7.403  32.441 0.0000000000
110284  -43.905  7.498  28.314 0.0000000000
110315  -43.758  8.011  23.385 0.0000000000
110339  -43.054  7.930  19.989 0.0000000000
110349  -53.566  8.217  20.238 0.0000000000
110353  -45.602  8.383  18.852 0.0000000000
110354  -46.497  8.103  19.007 0.0000000000
110357  -49.429  7.605  19.745 0.0000000000
111144  -44.592  7.994  29.324 0.0000000000
111167  -43.937  8.804  27.008 0.0000000000
111173  -43.408  8.538  25.514 0.0000000000
111190  -44.068  8.941  21.213 0.0000000000
112071  -43.044  10.312  20.729 0.0000000000
112936  -42.504  10.749  21.320 0.0000000000
113732  -44.507  12.053  23.990 0.0000000000
113738  -42.667  11.602  23.051 0.0000000000
150265  -47.996  -15.671  32.413 0.0000000000
150699  -53.764  -13.620  29.057 0.0000000000
152462  -51.645  3.793  31.058 0.0000000000
152694  -57.273  0.914  28.561 0.0000000000
154359  -43.013  4.363  23.372 0.0000000000
155235  -43.465  9.120  24.960 0.0000000000
156549  -54.935  1.794  20.717 0.0000000000
158031  -43.891  6.557  26.302 0.0000000000
159424  -45.952  -15.498  38.864 0.0000000000
161423  -41.911  -4.222  33.549 0.0000000000
163398  -49.414  -1.195  25.187 0.0000000000
163502  -43.529  10.465  23.096 0.0000000000
163806  -45.977  5.500  27.103 0.0000000000
164016  -45.773  -15.450  39.656 0.0000000000
164297  -48.483  -6.318  28.122 0.0000000000
164461  -46.396  -14.019  36.713 0.0000000000
164518  -49.566  -14.030  34.709 0.0000000000
168771  -54.784  7.639  21.261 0.0000000000
169044  -54.700  5.643  25.614 0.0000000000
169283  -50.182  -14.812  40.021 0.0000000000
169554  -44.905  6.018  19.452 0.0000000000
169911  -42.255  -5.817  32.305 0.0000000000
171051  -49.669  -0.858  33.124 0.0000000000
171466  -52.676  -14.467  39.254 0.0000000000
171956  -47.595  -12.646  36.084 0.0000000000
174204  -50.466  -12.516  25.906 0.0000000000
174380  -52.662  -3.152  18.813 0.0000000000
175113  -49.514  -7.575  21.099 0.0000000000
