#!ascii label  , from subject sub-v1s17x0050244_ses-1 vox2ras=TkReg
1743
166525  15.330  -50.842  73.075 0.0000000000
53558  5.265  -52.730  55.785 0.0000000000
50104  5.454  -55.443  71.971 0.0000000000
57036  7.527  -49.181  70.567 0.0000000000
64349  5.648  -43.442  61.405 0.0000000000
49022  10.519  -54.678  74.484 0.0000000000
54583  9.727  -50.245  76.083 0.0000000000
146880  16.272  -57.797  69.264 0.0000000000
44362  11.949  -57.564  69.639 0.0000000000
45535  6.843  -57.535  69.889 0.0000000000
66319  5.745  -41.290  72.699 0.0000000000
59172  5.716  -46.631  66.025 0.0000000000
69278  4.574  -37.792  67.798 0.0000000000
54626  2.833  -52.876  68.709 0.0000000000
53455  7.430  -53.442  67.080 0.0000000000
53408  8.680  -52.614  72.460 0.0000000000
61194  7.038  -45.468  74.884 0.0000000000
171155  10.696  -51.711  63.116 0.0000000000
58240  10.719  -48.181  58.376 0.0000000000
58296  5.095  -47.862  54.120 0.0000000000
65444  7.751  -41.200  55.708 0.0000000000
51178  12.719  -53.095  74.036 0.0000000000
58075  13.535  -49.464  74.638 0.0000000000
50102  15.676  -54.530  71.845 0.0000000000
44360  14.077  -57.586  68.716 0.0000000000
47906  13.493  -56.085  72.087 0.0000000000
46703  10.518  -56.683  72.514 0.0000000000
67326  5.420  -39.275  70.018 0.0000000000
52287  3.935  -54.265  70.756 0.0000000000
52301  5.712  -53.998  70.760 0.0000000000
52279  7.173  -54.545  72.542 0.0000000000
61189  10.232  -45.046  75.802 0.0000000000
169026  8.313  -48.184  75.786 0.0000000000
46719  5.928  -56.743  71.423 0.0000000000
47926  4.572  -57.268  69.176 0.0000000000
49055  3.718  -55.776  70.386 0.0000000000
50120  2.437  -54.767  69.350 0.0000000000
54634  10.098  -51.773  68.922 0.0000000000
53477  9.622  -53.055  65.073 0.0000000000
57075  9.733  -49.774  67.225 0.0000000000
62327  4.675  -44.974  64.129 0.0000000000
58192  7.798  -46.746  62.491 0.0000000000
59250  6.270  -45.983  59.510 0.0000000000
59283  8.401  -46.784  56.223 0.0000000000
60284  4.722  -45.459  58.080 0.0000000000
149683  7.886  -55.769  73.202 0.0000000000
155668  8.963  -53.899  74.152 0.0000000000
52257  10.555  -52.308  74.974 0.0000000000
60160  12.041  -47.500  75.023 0.0000000000
45593  16.999  -57.649  66.286 0.0000000000
47975  15.627  -56.151  64.306 0.0000000000
45595  15.441  -57.363  66.702 0.0000000000
168167  12.385  -57.233  67.063 0.0000000000
146569  8.617  -57.508  69.407 0.0000000000
45495  8.135  -57.153  72.254 0.0000000000
59122  4.399  -46.311  71.880 0.0000000000
57078  6.858  -47.503  67.933 0.0000000000
151845  3.860  -44.338  70.075 0.0000000000
64290  4.271  -42.589  67.834 0.0000000000
65344  5.384  -41.340  66.039 0.0000000000
54610  15.351  -50.802  71.321 0.0000000000
146848  19.747  -56.512  62.842 0.0000000000
49082  21.740  -55.824  65.463 0.0000000000
49057  17.747  -56.344  68.743 0.0000000000
51198  16.370  -54.053  70.592 0.0000000000
54666  1.593  -52.255  65.551 0.0000000000
55938  3.322  -51.050  65.333 0.0000000000
54635  4.536  -52.615  67.709 0.0000000000
52310  8.928  -53.637  69.875 0.0000000000
55877  8.409  -50.724  71.962 0.0000000000
172201  8.466  -51.566  74.016 0.0000000000
55867  7.676  -49.541  73.895 0.0000000000
57028  5.904  -47.967  72.844 0.0000000000
64254  5.858  -43.364  73.530 0.0000000000
155149  5.401  -52.051  63.719 0.0000000000
145506  7.253  -52.215  61.550 0.0000000000
162832  8.664  -52.145  59.923 0.0000000000
57112  9.334  -48.728  64.963 0.0000000000
57140  11.105  -49.440  61.319 0.0000000000
54813  8.907  -51.805  57.006 0.0000000000
54849  10.224  -51.586  54.714 0.0000000000
56111  9.213  -50.238  52.643 0.0000000000
155239  3.875  -36.258  64.937 0.0000000000
67400  6.162  -38.749  63.032 0.0000000000
67432  6.090  -38.433  60.020 0.0000000000
155986  6.662  -41.814  59.971 0.0000000000
63403  4.129  -43.723  55.656 0.0000000000
53398  14.600  -51.738  73.694 0.0000000000
57016  14.525  -50.423  74.014 0.0000000000
58086  14.890  -49.683  73.176 0.0000000000
160993  15.526  -52.787  73.047 0.0000000000
49044  14.869  -55.532  71.798 0.0000000000
51183  14.871  -53.294  73.102 0.0000000000
49026  13.029  -54.219  73.309 0.0000000000
52423  4.628  -52.804  53.746 0.0000000000
148281  6.092  -53.271  54.715 0.0000000000
51190  4.929  -54.871  71.657 0.0000000000
52285  5.066  -54.480  71.539 0.0000000000
52280  5.716  -54.774  71.883 0.0000000000
48001  16.970  -55.740  62.664 0.0000000000
49049  5.484  -56.142  71.649 0.0000000000
47913  5.000  -56.161  71.091 0.0000000000
49050  4.745  -55.736  71.217 0.0000000000
171301  3.968  -54.940  70.852 0.0000000000
55889  9.215  -50.330  69.801 0.0000000000
167325  10.038  -50.871  68.514 0.0000000000
57062  8.967  -49.327  68.509 0.0000000000
171906  5.054  -44.291  62.670 0.0000000000
59225  5.899  -45.942  61.376 0.0000000000
172080  4.685  -45.236  60.575 0.0000000000
149509  5.517  -45.831  59.040 0.0000000000
63367  4.814  -44.056  59.314 0.0000000000
47890  8.767  -55.812  73.761 0.0000000000
50088  9.394  -54.781  74.550 0.0000000000
51173  10.724  -53.568  74.699 0.0000000000
59104  12.825  -48.210  74.836 0.0000000000
61197  11.652  -46.027  74.524 0.0000000000
44380  16.855  -57.917  67.265 0.0000000000
174524  16.297  -57.619  66.683 0.0000000000
45555  15.677  -57.777  67.500 0.0000000000
44371  13.150  -57.525  68.648 0.0000000000
145824  13.533  -57.431  67.682 0.0000000000
154050  12.695  -57.438  67.807 0.0000000000
45532  10.790  -57.547  69.459 0.0000000000
47896  10.081  -56.079  73.501 0.0000000000
45493  9.072  -57.171  72.340 0.0000000000
47898  9.030  -56.343  73.449 0.0000000000
46698  8.041  -56.856  72.542 0.0000000000
64260  4.468  -43.946  71.903 0.0000000000
62271  4.054  -44.804  70.615 0.0000000000
65294  4.547  -43.214  71.460 0.0000000000
68299  4.718  -38.718  68.898 0.0000000000
66363  4.657  -41.498  68.789 0.0000000000
66394  4.728  -40.403  68.115 0.0000000000
65335  4.738  -41.500  67.096 0.0000000000
67366  4.832  -39.243  66.621 0.0000000000
45529  19.869  -57.677  67.250 0.0000000000
54652  2.601  -52.391  67.416 0.0000000000
54650  3.234  -51.793  66.956 0.0000000000
54623  3.823  -52.717  68.790 0.0000000000
52290  7.528  -53.982  71.794 0.0000000000
52312  7.097  -53.865  69.936 0.0000000000
52289  8.463  -53.491  71.786 0.0000000000
54614  9.538  -52.065  71.021 0.0000000000
54606  8.566  -51.629  72.711 0.0000000000
52260  9.404  -52.225  74.818 0.0000000000
52271  8.757  -53.021  74.130 0.0000000000
54594  8.911  -51.141  74.834 0.0000000000
60163  7.742  -46.927  75.754 0.0000000000
57017  7.466  -49.170  74.962 0.0000000000
152985  6.690  -48.130  74.385 0.0000000000
55868  7.053  -48.650  73.615 0.0000000000
60171  6.134  -46.914  74.025 0.0000000000
61199  5.231  -45.831  73.384 0.0000000000
62255  6.419  -44.718  74.164 0.0000000000
47963  14.100  -56.230  64.936 0.0000000000
47991  14.068  -55.677  63.591 0.0000000000
45562  7.213  -57.637  68.127 0.0000000000
45581  7.473  -57.667  67.055 0.0000000000
46734  6.583  -57.662  68.609 0.0000000000
154744  3.895  -56.941  68.788 0.0000000000
47931  4.422  -57.183  68.181 0.0000000000
51206  2.331  -53.852  68.854 0.0000000000
52323  1.768  -53.744  67.827 0.0000000000
54662  5.048  -52.192  66.036 0.0000000000
54689  4.823  -51.727  64.349 0.0000000000
54675  6.573  -53.087  65.661 0.0000000000
54684  10.182  -52.506  64.508 0.0000000000
144453  8.478  -53.026  63.610 0.0000000000
54713  8.733  -52.539  62.502 0.0000000000
164160  8.030  -52.188  61.145 0.0000000000
54729  9.792  -52.174  61.375 0.0000000000
58147  6.079  -47.064  66.358 0.0000000000
57100  8.356  -48.224  66.084 0.0000000000
168289  6.732  -47.422  65.394 0.0000000000
59235  9.213  -46.920  60.056 0.0000000000
58204  9.778  -47.573  61.548 0.0000000000
58215  10.716  -48.358  60.094 0.0000000000
56050  10.764  -50.143  58.901 0.0000000000
154511  10.538  -50.141  57.394 0.0000000000
54830  9.982  -51.606  55.493 0.0000000000
57181  10.783  -49.276  56.670 0.0000000000
58280  7.102  -47.463  54.673 0.0000000000
166504  9.384  -49.259  53.826 0.0000000000
57212  7.430  -48.828  53.436 0.0000000000
71397  3.698  -35.923  63.716 0.0000000000
67393  4.983  -37.972  64.075 0.0000000000
68367  4.529  -37.309  62.185 0.0000000000
67474  7.518  -38.588  56.217 0.0000000000
67442  7.894  -39.522  58.061 0.0000000000
67420  7.551  -39.723  60.055 0.0000000000
65439  7.038  -41.623  57.281 0.0000000000
64397  5.040  -42.573  57.338 0.0000000000
65452  4.878  -42.649  55.841 0.0000000000
50083  12.025  -53.444  74.308 0.0000000000
52262  12.013  -52.567  74.607 0.0000000000
54592  13.546  -51.135  74.455 0.0000000000
171969  15.999  -56.329  70.907 0.0000000000
152051  15.313  -57.952  68.142 0.0000000000
154866  15.102  -57.048  70.798 0.0000000000
154947  13.746  -57.255  70.686 0.0000000000
44344  12.729  -57.562  70.160 0.0000000000
44353  10.916  -57.404  70.883 0.0000000000
151215  12.524  -56.642  71.979 0.0000000000
49036  11.859  -55.055  73.370 0.0000000000
67298  6.393  -38.971  72.912 0.0000000000
66334  5.540  -40.552  71.045 0.0000000000
68288  6.196  -37.886  71.732 0.0000000000
69265  5.728  -37.281  70.412 0.0000000000
71317  5.260  -36.274  69.344 0.0000000000
53420  3.405  -53.356  69.706 0.0000000000
53432  3.843  -53.059  69.394 0.0000000000
53411  4.439  -53.854  70.630 0.0000000000
148021  6.504  -54.249  71.659 0.0000000000
52283  7.582  -54.107  72.602 0.0000000000
60155  10.090  -47.213  76.031 0.0000000000
146324  9.018  -48.902  75.948 0.0000000000
60156  9.170  -46.686  76.185 0.0000000000
62246  8.602  -44.861  76.429 0.0000000000
62248  7.721  -44.112  76.201 0.0000000000
63255  7.119  -43.417  75.893 0.0000000000
46722  6.128  -57.164  70.816 0.0000000000
46730  5.740  -57.539  69.501 0.0000000000
46726  5.462  -57.033  70.314 0.0000000000
47921  4.161  -56.574  70.083 0.0000000000
47922  3.470  -56.255  69.699 0.0000000000
49066  2.752  -55.689  69.244 0.0000000000
50112  3.162  -55.324  70.122 0.0000000000
51196  3.080  -54.513  70.085 0.0000000000
53444  9.211  -53.387  68.246 0.0000000000
53464  8.502  -53.439  66.438 0.0000000000
160286  10.206  -52.376  67.009 0.0000000000
54646  10.349  -51.319  66.842 0.0000000000
55935  10.266  -50.385  65.507 0.0000000000
59194  5.581  -46.299  65.013 0.0000000000
58168  6.588  -46.971  64.622 0.0000000000
58194  6.348  -46.269  62.913 0.0000000000
58219  6.818  -46.249  61.092 0.0000000000
59248  8.435  -46.591  59.266 0.0000000000
58249  10.099  -47.469  57.169 0.0000000000
151292  7.507  -46.199  57.928 0.0000000000
59285  6.421  -46.239  56.449 0.0000000000
59287  4.661  -46.257  55.504 0.0000000000
66544  7.739  -40.449  54.424 0.0000000000
147952  6.150  -41.965  54.759 0.0000000000
65473  5.836  -41.182  52.573 0.0000000000
49040  6.411  -55.832  72.598 0.0000000000
51185  6.923  -55.356  72.811 0.0000000000
50099  7.932  -55.435  73.367 0.0000000000
52266  9.857  -52.985  74.861 0.0000000000
154918  10.195  -51.324  75.486 0.0000000000
160131  12.117  -50.834  75.155 0.0000000000
57008  11.571  -50.345  75.502 0.0000000000
58065  10.968  -48.871  75.874 0.0000000000
61187  11.361  -46.226  75.054 0.0000000000
46796  17.683  -57.127  64.867 0.0000000000
46818  16.460  -56.300  64.125 0.0000000000
151645  16.556  -57.091  65.497 0.0000000000
45556  15.102  -57.744  67.814 0.0000000000
45596  13.539  -56.919  66.572 0.0000000000
46762  12.858  -56.678  65.783 0.0000000000
164111  8.050  -57.599  67.871 0.0000000000
146568  7.728  -57.543  69.640 0.0000000000
45524  9.906  -57.469  71.057 0.0000000000
146902  8.042  -57.539  71.087 0.0000000000
45519  7.102  -57.458  71.201 0.0000000000
46717  6.936  -57.193  71.893 0.0000000000
47908  6.428  -56.584  72.199 0.0000000000
57038  6.103  -47.686  70.866 0.0000000000
57064  7.296  -48.143  68.835 0.0000000000
58098  5.325  -46.880  70.036 0.0000000000
58123  5.346  -46.534  68.998 0.0000000000
151724  5.132  -45.944  67.618 0.0000000000
65310  4.616  -42.434  69.817 0.0000000000
152520  4.063  -43.331  68.953 0.0000000000
62309  4.398  -44.519  67.291 0.0000000000
63326  4.485  -44.215  65.841 0.0000000000
64323  4.962  -43.503  65.221 0.0000000000
65367  6.068  -42.314  64.526 0.0000000000
55875  15.388  -50.718  72.076 0.0000000000
153790  18.802  -56.761  63.329 0.0000000000
50136  22.010  -54.314  64.576 0.0000000000
163479  22.146  -54.703  65.221 0.0000000000
49104  21.401  -55.498  64.153 0.0000000000
47962  20.764  -56.516  64.283 0.0000000000
46794  19.642  -57.237  64.342 0.0000000000
46795  18.178  -57.105  64.535 0.0000000000
44364  18.049  -58.068  66.852 0.0000000000
155800  17.255  -57.094  69.198 0.0000000000
50111  17.321  -55.542  69.362 0.0000000000
49053  16.761  -55.758  70.462 0.0000000000
174285  16.083  -53.820  70.982 0.0000000000
54609  15.653  -51.872  72.004 0.0000000000
54648  4.749  -52.336  66.886 0.0000000000
153636  6.015  -53.278  67.801 0.0000000000
53431  5.113  -53.344  69.183 0.0000000000
53430  6.746  -53.668  69.140 0.0000000000
52322  8.551  -53.641  68.873 0.0000000000
52297  9.646  -53.112  69.853 0.0000000000
153929  9.569  -51.296  70.280 0.0000000000
55879  8.340  -50.203  70.965 0.0000000000
52275  8.152  -54.004  73.397 0.0000000000
52278  8.272  -53.543  73.417 0.0000000000
53406  8.463  -52.412  73.850 0.0000000000
54595  8.654  -50.294  75.008 0.0000000000
54604  7.911  -50.252  74.086 0.0000000000
54607  8.337  -51.617  73.529 0.0000000000
55871  8.078  -50.665  72.968 0.0000000000
157488  7.577  -49.671  72.297 0.0000000000
57031  6.546  -48.241  71.470 0.0000000000
58093  4.989  -47.170  72.339 0.0000000000
62263  4.621  -44.701  72.567 0.0000000000
65282  5.376  -42.592  72.953 0.0000000000
65275  6.848  -42.148  75.649 0.0000000000
151983  6.672  -40.659  74.898 0.0000000000
67289  6.409  -39.713  73.599 0.0000000000
46764  6.534  -57.703  65.584 0.0000000000
46740  5.217  -57.644  67.808 0.0000000000
54686  7.852  -53.193  64.241 0.0000000000
54696  6.885  -52.481  62.950 0.0000000000
144465  7.422  -52.380  58.150 0.0000000000
148681  8.480  -48.641  67.429 0.0000000000
57099  9.167  -48.880  65.824 0.0000000000
57110  10.505  -49.996  64.339 0.0000000000
58179  8.501  -47.675  63.737 0.0000000000
57128  10.129  -48.363  62.850 0.0000000000
56003  11.176  -50.831  62.067 0.0000000000
56019  10.446  -51.526  59.949 0.0000000000
54773  8.662  -51.862  58.491 0.0000000000
53544  7.614  -52.613  56.682 0.0000000000
52405  8.220  -53.141  54.934 0.0000000000
57195  10.554  -49.039  55.085 0.0000000000
153089  10.191  -51.953  53.364 0.0000000000
72367  5.007  -35.538  68.015 0.0000000000
72388  4.968  -34.766  66.361 0.0000000000
161137  4.122  -37.174  66.471 0.0000000000
68344  4.546  -37.991  65.113 0.0000000000
67383  5.842  -39.585  64.736 0.0000000000
65374  6.712  -42.144  63.117 0.0000000000
67409  6.145  -38.616  62.049 0.0000000000
66441  7.321  -40.378  62.065 0.0000000000
65401  5.631  -42.754  60.205 0.0000000000
64394  4.820  -43.412  58.468 0.0000000000
61312  3.908  -45.076  56.542 0.0000000000
151796  3.799  -46.076  54.853 0.0000000000
61332  3.270  -45.466  54.283 0.0000000000
55863  15.117  -51.196  73.480 0.0000000000
57020  14.917  -50.104  73.499 0.0000000000
57024  15.167  -50.279  73.130 0.0000000000
55869  15.437  -51.360  72.864 0.0000000000
52272  15.451  -52.871  72.992 0.0000000000
54600  15.230  -51.852  73.264 0.0000000000
52274  14.783  -52.678  73.387 0.0000000000
165548  4.426  -52.308  55.494 0.0000000000
53573  5.081  -52.750  55.108 0.0000000000
52422  5.406  -53.069  54.427 0.0000000000
52408  5.712  -53.003  55.194 0.0000000000
51192  5.061  -54.829  71.929 0.0000000000
51189  5.523  -55.027  72.003 0.0000000000
46833  18.132  -56.361  63.054 0.0000000000
46834  17.400  -56.194  63.293 0.0000000000
49046  5.794  -55.967  72.171 0.0000000000
49047  5.255  -55.735  71.708 0.0000000000
50106  4.790  -55.284  71.509 0.0000000000
55890  8.368  -49.792  70.124 0.0000000000
57046  8.661  -49.504  69.320 0.0000000000
57047  7.717  -49.002  69.546 0.0000000000
64350  5.485  -43.653  62.464 0.0000000000
62336  4.780  -44.943  61.653 0.0000000000
64365  5.262  -43.911  60.679 0.0000000000
158721  4.617  -44.710  59.729 0.0000000000
64364  5.411  -43.545  60.435 0.0000000000
49031  9.675  -55.455  74.262 0.0000000000
50087  9.898  -54.652  74.616 0.0000000000
50086  10.395  -54.397  74.593 0.0000000000
44357  16.569  -58.157  68.008 0.0000000000
45554  16.076  -57.838  67.343 0.0000000000
44358  16.031  -58.152  67.994 0.0000000000
44372  12.645  -57.535  68.996 0.0000000000
154983  12.734  -57.512  68.438 0.0000000000
45531  11.861  -57.500  68.857 0.0000000000
45541  11.784  -57.464  68.047 0.0000000000
45542  10.729  -57.480  68.456 0.0000000000
47888  9.833  -55.717  73.897 0.0000000000
47897  9.516  -56.232  73.484 0.0000000000
47889  9.357  -55.849  73.801 0.0000000000
168787  9.032  -56.062  73.960 0.0000000000
160497  5.018  -42.915  72.396 0.0000000000
66328  5.376  -41.860  72.028 0.0000000000
68308  4.677  -38.462  68.257 0.0000000000
67347  4.697  -39.543  68.456 0.0000000000
163052  4.706  -39.384  67.788 0.0000000000
67355  4.782  -40.177  67.449 0.0000000000
68318  4.602  -38.527  67.395 0.0000000000
54639  2.845  -52.594  68.186 0.0000000000
54638  3.157  -52.426  68.222 0.0000000000
54625  3.168  -52.663  68.783 0.0000000000
144627  8.133  -53.556  72.482 0.0000000000
53410  9.151  -52.786  71.518 0.0000000000
54589  9.959  -51.142  75.594 0.0000000000
53394  9.188  -51.203  75.094 0.0000000000
55852  9.428  -50.169  75.881 0.0000000000
161765  7.172  -46.260  75.057 0.0000000000
59102  7.221  -47.821  75.115 0.0000000000
60167  6.894  -46.960  74.868 0.0000000000
58079  6.409  -48.019  74.165 0.0000000000
161764  6.701  -46.423  74.604 0.0000000000
61198  6.036  -46.468  73.894 0.0000000000
61195  6.512  -45.539  74.320 0.0000000000
45546  7.018  -57.601  69.038 0.0000000000
167367  6.600  -57.587  69.325 0.0000000000
47928  3.199  -56.346  68.805 0.0000000000
47932  3.516  -56.495  67.943 0.0000000000
53435  2.655  -53.295  68.927 0.0000000000
52313  2.052  -53.690  68.332 0.0000000000
53448  2.480  -53.009  68.298 0.0000000000
169620  1.938  -53.059  67.464 0.0000000000
53466  6.425  -53.135  66.478 0.0000000000
54661  5.797  -52.736  66.033 0.0000000000
53465  7.302  -53.388  66.259 0.0000000000
54693  10.400  -52.139  63.710 0.0000000000
54694  9.929  -52.474  62.899 0.0000000000
54712  9.529  -52.353  62.131 0.0000000000
54711  10.649  -51.842  62.259 0.0000000000
58146  6.535  -47.417  66.159 0.0000000000
58157  6.176  -47.207  65.596 0.0000000000
159045  10.136  -47.566  59.731 0.0000000000
58216  10.000  -47.518  60.606 0.0000000000
58229  10.756  -48.293  59.231 0.0000000000
57165  10.935  -49.134  58.656 0.0000000000
57172  10.888  -48.979  57.685 0.0000000000
167731  10.614  -48.014  57.629 0.0000000000
58281  6.176  -47.198  54.785 0.0000000000
58295  7.331  -48.132  53.962 0.0000000000
157570  6.409  -47.896  54.159 0.0000000000
149366  4.263  -34.321  63.725 0.0000000000
71416  3.712  -35.590  62.990 0.0000000000
69325  3.973  -36.633  63.269 0.0000000000
149701  3.819  -36.462  62.203 0.0000000000
66517  8.241  -40.483  56.223 0.0000000000
67457  7.491  -38.752  57.395 0.0000000000
66502  8.164  -40.363  57.386 0.0000000000
66483  7.888  -40.501  58.439 0.0000000000
65438  7.760  -41.192  56.786 0.0000000000
65446  6.166  -42.015  56.847 0.0000000000
65445  7.030  -41.722  56.272 0.0000000000
51170  12.340  -52.841  74.381 0.0000000000
164944  13.256  -52.200  74.279 0.0000000000
159622  14.470  -49.063  73.603 0.0000000000
49041  15.986  -55.038  71.504 0.0000000000
47911  15.713  -56.508  70.938 0.0000000000
49042  15.738  -55.210  71.559 0.0000000000
47905  14.159  -55.667  72.039 0.0000000000
152012  14.745  -56.109  71.528 0.0000000000
46715  13.956  -56.968  71.101 0.0000000000
45513  13.071  -57.386  70.566 0.0000000000
45499  13.021  -57.007  71.280 0.0000000000
45500  12.121  -57.069  71.278 0.0000000000
168464  12.870  -56.316  72.216 0.0000000000
50090  13.344  -53.431  73.568 0.0000000000
49035  12.755  -54.908  72.981 0.0000000000
50091  12.434  -53.730  73.897 0.0000000000
49028  11.324  -54.584  73.972 0.0000000000
67308  6.248  -38.599  72.152 0.0000000000
70231  5.992  -36.678  70.671 0.0000000000
71299  6.065  -36.057  70.321 0.0000000000
70243  5.281  -36.657  69.532 0.0000000000
174546  5.705  -35.986  69.837 0.0000000000
52294  3.646  -53.854  70.286 0.0000000000
53412  3.890  -53.608  70.243 0.0000000000
52293  4.188  -53.976  70.792 0.0000000000
52284  5.862  -54.527  71.703 0.0000000000
61181  10.364  -46.138  75.813 0.0000000000
154115  9.438  -47.397  76.122 0.0000000000
158243  9.580  -46.413  76.149 0.0000000000
62245  9.071  -44.634  76.428 0.0000000000
159207  8.287  -44.958  76.379 0.0000000000
63250  8.238  -43.435  76.459 0.0000000000
63251  7.872  -43.366  76.374 0.0000000000
159620  6.133  -57.008  71.265 0.0000000000
46723  5.692  -56.821  70.913 0.0000000000
164853  4.052  -56.055  70.449 0.0000000000
47917  4.484  -56.299  70.562 0.0000000000
47918  3.814  -56.140  70.200 0.0000000000
49059  3.174  -55.795  69.950 0.0000000000
153362  3.361  -54.179  70.279 0.0000000000
52302  3.158  -53.769  69.852 0.0000000000
53443  9.962  -52.687  68.549 0.0000000000
53453  9.853  -52.912  67.679 0.0000000000
148580  10.252  -51.776  67.899 0.0000000000
167578  10.148  -50.667  67.595 0.0000000000
55919  10.131  -50.417  66.855 0.0000000000
54659  10.379  -51.383  65.895 0.0000000000
55918  10.256  -50.629  66.287 0.0000000000
60233  5.139  -45.691  64.462 0.0000000000
59202  5.788  -46.100  63.669 0.0000000000
157568  5.548  -45.754  62.949 0.0000000000
59239  6.200  -45.974  60.760 0.0000000000
59223  6.264  -46.031  61.187 0.0000000000
59237  6.978  -46.277  60.367 0.0000000000
59236  8.056  -46.538  60.245 0.0000000000
59249  7.254  -46.284  59.548 0.0000000000
59259  8.358  -46.508  58.220 0.0000000000
148354  6.741  -46.076  58.962 0.0000000000
59262  5.036  -45.718  58.490 0.0000000000
59273  5.466  -45.752  57.789 0.0000000000
59274  5.163  -45.718  57.538 0.0000000000
144496  5.117  -45.874  56.521 0.0000000000
60293  4.587  -45.487  56.852 0.0000000000
67488  7.409  -38.663  54.985 0.0000000000
66559  6.935  -40.302  53.183 0.0000000000
65472  6.621  -41.041  53.287 0.0000000000
66560  6.393  -40.510  52.631 0.0000000000
49039  6.960  -56.024  72.992 0.0000000000
50100  7.298  -55.663  72.964 0.0000000000
51168  10.324  -53.127  74.767 0.0000000000
51174  9.706  -54.142  74.626 0.0000000000
52258  10.164  -52.304  74.987 0.0000000000
52259  10.097  -52.294  75.096 0.0000000000
53391  10.307  -51.790  75.226 0.0000000000
160152  13.103  -50.793  74.735 0.0000000000
54584  12.164  -51.462  74.953 0.0000000000
55849  12.846  -50.641  74.870 0.0000000000
58069  12.271  -49.289  75.343 0.0000000000
59098  12.294  -48.355  75.170 0.0000000000
59099  11.653  -48.670  75.547 0.0000000000
163287  11.712  -47.742  75.305 0.0000000000
168748  11.325  -47.201  75.474 0.0000000000
60161  11.635  -46.857  75.119 0.0000000000
45617  17.659  -57.459  65.454 0.0000000000
46777  16.969  -56.934  65.052 0.0000000000
46760  15.342  -56.981  66.035 0.0000000000
167528  14.713  -57.730  68.559 0.0000000000
44369  15.134  -57.948  68.091 0.0000000000
151027  14.639  -57.701  68.380 0.0000000000
45575  13.497  -57.203  67.133 0.0000000000
45597  12.557  -56.992  66.411 0.0000000000
144434  11.434  -57.223  66.160 0.0000000000
146128  10.324  -57.372  65.964 0.0000000000
45543  8.897  -57.499  68.538 0.0000000000
45544  8.173  -57.553  68.616 0.0000000000
45501  11.203  -57.083  71.508 0.0000000000
45516  10.126  -57.373  71.451 0.0000000000
45502  10.307  -57.203  71.780 0.0000000000
45494  8.614  -57.172  72.317 0.0000000000
45503  8.850  -57.322  71.914 0.0000000000
45504  8.337  -57.311  71.912 0.0000000000
45526  7.431  -57.532  70.892 0.0000000000
161266  7.800  -57.437  71.489 0.0000000000
45507  6.755  -57.317  71.436 0.0000000000
46716  7.556  -57.176  72.106 0.0000000000
47901  7.641  -56.340  72.759 0.0000000000
47907  7.111  -56.647  72.427 0.0000000000
47902  6.998  -56.326  72.577 0.0000000000
49045  6.386  -56.215  72.431 0.0000000000
58095  4.960  -46.825  71.223 0.0000000000
57050  5.575  -47.106  70.253 0.0000000000
167401  4.989  -46.698  70.614 0.0000000000
164547  3.940  -44.578  70.342 0.0000000000
60198  4.412  -45.876  70.073 0.0000000000
60199  4.210  -45.376  69.834 0.0000000000
59154  4.978  -46.158  68.812 0.0000000000
60206  4.365  -45.413  69.026 0.0000000000
67318  5.623  -39.591  70.779 0.0000000000
160065  5.370  -41.172  70.536 0.0000000000
66349  5.146  -41.266  69.735 0.0000000000
65327  4.368  -42.134  68.226 0.0000000000
65319  4.422  -42.157  68.664 0.0000000000
64281  4.196  -42.891  68.308 0.0000000000
63308  4.277  -43.885  67.872 0.0000000000
64300  4.273  -43.592  67.377 0.0000000000
62316  4.425  -44.382  66.544 0.0000000000
64299  4.253  -43.069  67.277 0.0000000000
65345  5.005  -41.738  66.559 0.0000000000
64311  4.752  -42.968  66.236 0.0000000000
65357  5.267  -42.447  65.831 0.0000000000
64322  5.531  -42.906  64.845 0.0000000000
65356  5.769  -41.758  65.451 0.0000000000
158272  15.254  -50.215  71.640 0.0000000000
57029  15.035  -49.652  71.530 0.0000000000
57034  15.041  -50.069  70.978 0.0000000000
46829  19.947  -56.152  62.132 0.0000000000
46844  19.787  -55.927  61.700 0.0000000000
46830  19.666  -56.334  62.343 0.0000000000
46831  19.193  -56.509  62.614 0.0000000000
49068  21.180  -55.655  66.510 0.0000000000
50122  21.525  -54.249  66.666 0.0000000000
49073  22.074  -55.210  65.608 0.0000000000
49081  21.964  -55.025  64.954 0.0000000000
47940  21.640  -55.748  64.902 0.0000000000
47973  21.054  -55.888  63.946 0.0000000000
47952  21.337  -56.387  64.935 0.0000000000
45613  19.634  -57.621  65.137 0.0000000000
45649  18.901  -57.269  64.457 0.0000000000
45633  19.058  -57.492  65.083 0.0000000000
49056  18.648  -56.770  68.197 0.0000000000
45530  19.167  -57.806  67.307 0.0000000000
47919  18.335  -57.188  68.280 0.0000000000
162328  17.650  -57.409  68.583 0.0000000000
47920  17.530  -56.727  68.950 0.0000000000
51204  16.934  -54.580  69.608 0.0000000000
51197  16.859  -54.844  70.142 0.0000000000
168956  16.943  -55.190  70.133 0.0000000000
51194  16.274  -54.164  70.847 0.0000000000
164326  16.048  -53.494  70.656 0.0000000000
54613  15.526  -51.618  71.359 0.0000000000
54612  15.634  -52.235  71.403 0.0000000000
171345  15.497  -51.271  71.909 0.0000000000
53480  0.656  -52.798  64.575 0.0000000000
54649  3.898  -52.107  67.175 0.0000000000
53457  5.326  -52.911  67.374 0.0000000000
145898  4.557  -53.388  69.736 0.0000000000
53417  5.377  -53.688  70.003 0.0000000000
168782  8.114  -53.875  70.233 0.0000000000
52311  7.863  -53.818  69.437 0.0000000000
53429  7.401  -53.633  68.585 0.0000000000
55876  9.068  -51.105  71.137 0.0000000000
166233  8.998  -50.488  70.506 0.0000000000
51184  7.814  -54.836  73.318 0.0000000000
52276  7.233  -55.106  73.087 0.0000000000
155669  8.521  -54.062  73.850 0.0000000000
53401  8.837  -52.045  74.340 0.0000000000
171707  8.708  -53.167  73.921 0.0000000000
53405  8.425  -52.720  74.137 0.0000000000
146320  8.785  -48.837  75.801 0.0000000000
55853  8.568  -49.526  75.369 0.0000000000
57010  8.487  -49.138  75.465 0.0000000000
55862  7.482  -48.995  74.399 0.0000000000
55864  7.855  -50.073  74.106 0.0000000000
54608  7.969  -50.332  73.756 0.0000000000
155616  7.485  -49.358  73.552 0.0000000000
170287  6.681  -48.353  73.080 0.0000000000
55873  7.129  -48.841  72.863 0.0000000000
57027  6.434  -48.193  72.858 0.0000000000
171279  7.037  -48.676  72.078 0.0000000000
57032  6.486  -48.191  72.170 0.0000000000
158131  6.089  -47.816  71.564 0.0000000000
58092  5.494  -47.563  72.135 0.0000000000
62259  5.184  -44.948  73.233 0.0000000000
165296  4.686  -45.433  72.862 0.0000000000
63263  5.259  -44.049  73.055 0.0000000000
64257  5.284  -43.295  72.971 0.0000000000
64256  5.866  -42.662  73.508 0.0000000000
64250  6.939  -42.774  75.795 0.0000000000
47990  15.817  -55.876  63.589 0.0000000000
164458  15.039  -55.789  63.785 0.0000000000
46746  6.632  -57.694  66.678 0.0000000000
46731  5.222  -57.366  69.598 0.0000000000
46736  5.217  -57.689  68.789 0.0000000000
53475  0.793  -53.090  65.450 0.0000000000
52336  0.293  -53.571  64.988 0.0000000000
55953  4.043  -51.288  63.996 0.0000000000
54698  4.671  -51.719  63.504 0.0000000000
55968  4.779  -51.919  62.706 0.0000000000
53472  9.026  -53.309  65.661 0.0000000000
53473  7.823  -53.429  65.639 0.0000000000
53478  8.450  -53.322  64.962 0.0000000000
54714  7.621  -52.413  62.320 0.0000000000
54715  6.574  -52.292  62.271 0.0000000000
54716  5.598  -52.158  62.130 0.0000000000
54750  6.380  -52.251  60.913 0.0000000000
54748  8.330  -52.189  60.531 0.0000000000
54760  7.740  -52.283  59.911 0.0000000000
164983  7.566  -52.294  59.212 0.0000000000
54775  6.875  -52.511  58.795 0.0000000000
54774  7.885  -52.173  58.605 0.0000000000
57065  6.376  -47.448  68.877 0.0000000000
57077  7.818  -48.138  67.853 0.0000000000
154067  8.624  -48.276  65.390 0.0000000000
172142  9.846  -49.288  64.907 0.0000000000
57111  10.070  -49.147  64.390 0.0000000000
58180  7.666  -46.918  63.391 0.0000000000
155156  7.206  -47.001  64.178 0.0000000000
58191  8.566  -47.305  62.884 0.0000000000
58203  10.664  -48.387  61.022 0.0000000000
58189  10.569  -48.556  62.049 0.0000000000
57127  10.750  -49.184  62.895 0.0000000000
173143  11.191  -50.399  61.528 0.0000000000
56018  11.099  -50.655  60.681 0.0000000000
56051  10.179  -50.824  58.269 0.0000000000
54792  9.272  -51.480  58.061 0.0000000000
54793  8.345  -51.964  57.824 0.0000000000
54814  8.188  -52.198  57.082 0.0000000000
168916  7.904  -52.823  55.784 0.0000000000
53543  8.635  -52.320  56.306 0.0000000000
53555  9.691  -52.249  54.989 0.0000000000
53571  9.945  -52.324  54.041 0.0000000000
59269  9.275  -46.987  56.663 0.0000000000
58260  10.168  -47.656  56.236 0.0000000000
58278  10.067  -48.045  55.352 0.0000000000
57227  9.836  -50.034  53.463 0.0000000000
57211  10.253  -49.592  54.302 0.0000000000
56110  10.133  -51.135  53.193 0.0000000000
54888  9.976  -51.970  52.579 0.0000000000
72396  5.144  -34.516  65.442 0.0000000000
71374  3.933  -35.798  65.622 0.0000000000
71359  4.082  -36.238  66.522 0.0000000000
70272  3.927  -36.648  65.586 0.0000000000
69298  4.301  -37.794  66.033 0.0000000000
69315  4.328  -37.595  65.157 0.0000000000
67392  5.446  -38.440  64.089 0.0000000000
67391  6.055  -39.066  63.934 0.0000000000
66427  6.424  -40.320  64.274 0.0000000000
66434  6.629  -39.820  63.508 0.0000000000
67444  5.994  -38.217  58.907 0.0000000000
67434  4.744  -37.489  59.910 0.0000000000
67424  4.753  -37.544  60.772 0.0000000000
67423  5.296  -38.023  61.359 0.0000000000
67422  6.124  -38.509  61.040 0.0000000000
150161  7.326  -41.261  59.746 0.0000000000
66450  7.470  -39.927  61.050 0.0000000000
65399  7.213  -41.384  60.693 0.0000000000
65383  7.223  -41.462  61.678 0.0000000000
166548  5.960  -42.313  59.958 0.0000000000
64375  5.204  -42.965  59.554 0.0000000000
65435  5.393  -42.364  58.695 0.0000000000
64401  4.481  -43.155  56.408 0.0000000000
64398  4.507  -43.485  57.299 0.0000000000
63392  3.939  -44.233  55.930 0.0000000000
61319  3.771  -45.342  55.703 0.0000000000
62388  3.615  -44.808  55.444 0.0000000000
65460  4.139  -42.964  54.120 0.0000000000
165070  14.320  -51.972  73.783 0.0000000000
155836  14.133  -51.569  74.009 0.0000000000
55859  14.720  -50.949  73.846 0.0000000000
58082  14.687  -49.559  73.544 0.0000000000
58087  14.623  -49.157  73.233 0.0000000000
52277  15.807  -52.888  72.523 0.0000000000
50103  15.180  -54.916  71.988 0.0000000000
51181  15.457  -53.295  72.691 0.0000000000
165154  15.032  -54.258  72.512 0.0000000000
47892  14.427  -54.895  72.405 0.0000000000
49034  13.640  -54.898  72.685 0.0000000000
50098  13.908  -54.144  73.013 0.0000000000
51176  14.183  -52.783  73.553 0.0000000000
52440  5.533  -53.444  53.592 0.0000000000
51378  6.314  -53.877  53.426 0.0000000000
52286  4.645  -54.395  71.273 0.0000000000
52292  4.777  -54.242  71.197 0.0000000000
47909  5.941  -56.535  71.784 0.0000000000
47916  5.297  -56.500  70.980 0.0000000000
49051  4.141  -55.610  70.768 0.0000000000
50109  3.695  -55.216  70.573 0.0000000000
50107  4.261  -55.235  71.027 0.0000000000
51193  4.300  -54.764  71.125 0.0000000000
55888  9.801  -51.025  69.382 0.0000000000
55899  9.451  -50.144  68.971 0.0000000000
55907  9.679  -49.944  68.114 0.0000000000
63341  4.811  -44.500  63.439 0.0000000000
60248  5.216  -45.530  62.922 0.0000000000
61275  4.970  -45.213  62.134 0.0000000000
59241  5.282  -45.616  60.798 0.0000000000
59240  5.615  -45.883  60.087 0.0000000000
151221  4.894  -45.570  59.722 0.0000000000
60278  4.668  -45.332  59.286 0.0000000000
61306  4.364  -44.856  58.614 0.0000000000
49032  8.525  -55.657  73.709 0.0000000000
50094  8.850  -55.155  74.315 0.0000000000
49025  9.016  -55.420  74.249 0.0000000000
154126  10.231  -53.962  74.686 0.0000000000
52264  10.740  -52.804  74.822 0.0000000000
59103  13.414  -48.647  74.560 0.0000000000
60165  12.446  -47.233  74.500 0.0000000000
61191  12.021  -46.573  74.462 0.0000000000
60166  11.732  -46.822  75.038 0.0000000000
45571  17.223  -57.795  66.551 0.0000000000
45572  16.607  -57.792  66.934 0.0000000000
45573  15.955  -57.677  66.994 0.0000000000
45574  15.168  -57.537  67.299 0.0000000000
169928  13.559  -57.548  68.860 0.0000000000
44370  13.967  -57.565  68.493 0.0000000000
45540  13.540  -57.526  68.069 0.0000000000
146149  9.671  -57.473  69.008 0.0000000000
45533  9.524  -57.527  70.179 0.0000000000
46693  10.585  -56.369  73.009 0.0000000000
45492  9.697  -57.092  72.288 0.0000000000
46694  9.963  -56.677  72.871 0.0000000000
46705  8.850  -56.965  72.758 0.0000000000
46706  8.431  -56.925  72.655 0.0000000000
46707  8.081  -57.159  72.363 0.0000000000
46697  8.296  -56.619  72.863 0.0000000000
47891  8.407  -56.019  73.432 0.0000000000
160425  4.131  -44.884  71.696 0.0000000000
60183  4.277  -45.749  71.482 0.0000000000
63273  4.109  -44.618  71.302 0.0000000000
63276  4.033  -44.067  70.959 0.0000000000
63280  3.905  -43.896  70.452 0.0000000000
67338  4.989  -38.930  69.408 0.0000000000
67327  5.083  -40.045  69.491 0.0000000000
67339  4.756  -39.744  68.983 0.0000000000
66395  4.630  -41.252  67.945 0.0000000000
65336  4.445  -42.187  67.467 0.0000000000
66405  4.669  -41.278  67.504 0.0000000000
154216  4.845  -40.441  66.996 0.0000000000
66413  5.021  -39.775  66.416 0.0000000000
47988  20.609  -55.955  63.071 0.0000000000
47929  20.989  -56.289  66.604 0.0000000000
45570  20.002  -58.106  66.296 0.0000000000
49064  19.578  -56.674  67.672 0.0000000000
49065  18.951  -56.234  67.869 0.0000000000
53413  15.695  -52.899  71.043 0.0000000000
173360  1.760  -52.422  66.283 0.0000000000
55923  2.482  -52.031  66.607 0.0000000000
54651  3.023  -52.213  67.611 0.0000000000
54637  3.383  -52.205  67.783 0.0000000000
54622  4.418  -52.889  68.516 0.0000000000
174255  6.695  -54.036  71.137 0.0000000000
52300  6.362  -53.933  70.371 0.0000000000
145415  7.597  -53.972  70.918 0.0000000000
52299  8.762  -53.600  70.905 0.0000000000
52298  9.502  -53.038  70.653 0.0000000000
54611  9.047  -51.824  71.863 0.0000000000
52270  9.348  -52.777  74.640 0.0000000000
53400  8.789  -52.084  74.597 0.0000000000
54598  8.801  -51.054  74.767 0.0000000000
59097  8.159  -47.699  75.921 0.0000000000
147063  8.025  -48.516  75.264 0.0000000000
58073  7.017  -47.924  74.884 0.0000000000
168303  7.011  -48.594  74.704 0.0000000000
55865  7.045  -48.970  73.955 0.0000000000
57022  6.833  -48.788  73.838 0.0000000000
57023  6.378  -48.101  73.909 0.0000000000
156721  5.693  -48.054  73.285 0.0000000000
58085  5.061  -47.296  72.800 0.0000000000
60172  5.474  -46.807  73.465 0.0000000000
62258  5.874  -45.339  73.738 0.0000000000
63262  6.003  -44.238  73.665 0.0000000000
47976  14.615  -55.997  64.327 0.0000000000
45561  7.834  -57.634  67.589 0.0000000000
46738  6.591  -57.676  67.671 0.0000000000
51205  2.278  -54.359  68.978 0.0000000000
51213  2.157  -54.527  68.791 0.0000000000
51214  1.967  -54.090  68.394 0.0000000000
53458  1.670  -53.366  67.292 0.0000000000
53467  1.714  -52.825  66.867 0.0000000000
149681  4.458  -51.667  65.700 0.0000000000
55937  4.153  -51.314  65.022 0.0000000000
54677  4.985  -51.877  65.193 0.0000000000
54676  5.704  -52.456  65.399 0.0000000000
54688  5.722  -52.270  64.529 0.0000000000
54685  9.115  -53.127  64.326 0.0000000000
54695  9.632  -52.793  63.682 0.0000000000
170917  8.967  -52.768  63.113 0.0000000000
171038  8.489  -52.286  61.731 0.0000000000
170843  8.778  -52.182  61.053 0.0000000000
54747  9.402  -52.094  60.426 0.0000000000
58133  6.381  -47.233  67.040 0.0000000000
57090  7.137  -47.649  66.969 0.0000000000
58156  7.773  -47.810  65.391 0.0000000000
58155  8.366  -47.943  64.634 0.0000000000
58217  8.879  -46.881  60.956 0.0000000000
155202  8.520  -46.923  61.920 0.0000000000
57151  11.092  -49.375  60.395 0.0000000000
56034  10.962  -50.422  59.727 0.0000000000
57159  11.012  -49.286  59.503 0.0000000000
154739  10.714  -49.872  58.187 0.0000000000
56062  9.890  -51.020  57.517 0.0000000000
54831  9.503  -51.712  56.279 0.0000000000
163458  10.203  -50.701  56.881 0.0000000000
56075  10.555  -50.162  56.418 0.0000000000
160018  10.579  -50.346  55.685 0.0000000000
58262  8.006  -47.189  55.406 0.0000000000
167854  9.094  -47.757  55.064 0.0000000000
58279  8.246  -47.889  54.505 0.0000000000
58294  8.412  -48.683  53.875 0.0000000000
57228  8.486  -49.434  53.219 0.0000000000
148665  4.087  -34.769  64.395 0.0000000000
160774  3.813  -36.284  64.327 0.0000000000
159257  4.402  -37.381  64.377 0.0000000000
69324  4.188  -36.927  63.587 0.0000000000
68359  4.588  -37.385  63.089 0.0000000000
67401  5.446  -38.222  63.209 0.0000000000
67443  7.163  -38.781  58.488 0.0000000000
67431  6.997  -38.912  59.547 0.0000000000
67430  7.632  -39.634  59.027 0.0000000000
65415  7.467  -41.186  58.799 0.0000000000
65433  6.983  -41.619  58.211 0.0000000000
65434  6.114  -41.949  58.494 0.0000000000
65440  6.216  -41.917  57.692 0.0000000000
146160  5.265  -42.410  56.665 0.0000000000
65453  4.462  -43.052  55.811 0.0000000000
50093  11.079  -54.350  74.403 0.0000000000
50085  10.924  -54.087  74.587 0.0000000000
51171  11.721  -53.118  74.512 0.0000000000
152733  12.605  -51.804  74.689 0.0000000000
170707  13.424  -50.794  74.592 0.0000000000
54591  13.970  -51.139  74.245 0.0000000000
58074  13.890  -49.207  74.377 0.0000000000
46721  16.142  -57.221  70.300 0.0000000000
44348  15.564  -57.902  69.167 0.0000000000
46712  15.771  -57.058  70.587 0.0000000000
154989  15.181  -57.555  69.993 0.0000000000
45511  14.876  -57.448  70.127 0.0000000000
46699  14.946  -56.611  71.148 0.0000000000
46714  14.644  -56.993  70.945 0.0000000000
45512  14.123  -57.491  69.988 0.0000000000
44343  13.614  -57.556  69.638 0.0000000000
44352  12.440  -57.601  69.900 0.0000000000
170135  11.638  -57.518  70.306 0.0000000000
44345  11.825  -57.416  70.574 0.0000000000
46702  11.443  -56.552  72.359 0.0000000000
47894  12.583  -55.691  72.661 0.0000000000
46692  12.050  -56.208  72.536 0.0000000000
167962  11.253  -56.186  72.919 0.0000000000
47886  10.998  -55.230  73.661 0.0000000000
49029  10.685  -54.943  74.140 0.0000000000
67299  6.082  -40.192  72.804 0.0000000000
66327  5.699  -40.716  71.947 0.0000000000
67309  6.059  -39.542  72.119 0.0000000000
68289  5.956  -38.845  71.383 0.0000000000
168676  5.687  -38.711  70.587 0.0000000000
69257  6.103  -37.215  71.304 0.0000000000
68295  5.896  -37.931  70.877 0.0000000000
68296  5.467  -38.126  70.002 0.0000000000
69266  5.334  -37.239  69.722 0.0000000000
69274  4.976  -37.240  69.171 0.0000000000
70250  4.919  -36.659  68.924 0.0000000000
53434  3.041  -53.016  69.164 0.0000000000
53433  3.396  -52.939  69.296 0.0000000000
53419  3.687  -53.256  69.767 0.0000000000
53418  4.158  -53.485  70.056 0.0000000000
147322  4.833  -53.749  70.379 0.0000000000
52291  5.226  -53.863  70.810 0.0000000000
172583  7.520  -53.824  72.024 0.0000000000
170137  8.383  -52.863  73.232 0.0000000000
58067  9.844  -48.851  76.099 0.0000000000
168254  9.298  -49.362  75.975 0.0000000000
59096  9.350  -48.214  76.094 0.0000000000
164769  9.016  -47.565  76.123 0.0000000000
60157  8.665  -47.079  76.125 0.0000000000
61182  9.660  -45.356  76.166 0.0000000000
61183  9.048  -45.636  76.345 0.0000000000
60158  8.330  -46.591  76.172 0.0000000000
61185  8.154  -45.836  76.241 0.0000000000
61190  7.537  -46.097  75.616 0.0000000000
62251  7.322  -45.134  75.476 0.0000000000
164279  7.126  -44.221  75.518 0.0000000000
63254  7.459  -43.349  76.183 0.0000000000
45528  6.486  -57.405  70.427 0.0000000000
45536  6.316  -57.492  69.777 0.0000000000
156471  5.920  -57.314  70.120 0.0000000000
46732  4.706  -56.988  69.859 0.0000000000
46724  4.956  -56.674  70.451 0.0000000000
47927  3.971  -56.809  69.475 0.0000000000
49060  2.722  -55.256  69.657 0.0000000000
170059  3.218  -54.917  70.252 0.0000000000
50113  2.818  -54.884  69.855 0.0000000000
51199  2.636  -54.355  69.495 0.0000000000
52303  2.769  -53.764  69.406 0.0000000000
53421  2.970  -53.392  69.414 0.0000000000
53454  8.797  -53.452  67.369 0.0000000000
162226  9.536  -53.176  66.953 0.0000000000
53463  9.761  -53.062  66.324 0.0000000000
54660  10.305  -52.204  66.207 0.0000000000
54673  10.275  -52.311  65.405 0.0000000000
54672  10.436  -51.550  65.044 0.0000000000
55952  10.436  -50.693  64.663 0.0000000000
164376  5.591  -46.463  65.569 0.0000000000
58170  5.925  -46.976  65.094 0.0000000000
59192  6.166  -46.585  64.259 0.0000000000
58182  6.264  -46.540  63.941 0.0000000000
58193  6.959  -46.429  62.517 0.0000000000
59210  6.153  -46.095  62.037 0.0000000000
58206  6.704  -46.241  61.661 0.0000000000
58205  7.378  -46.476  61.780 0.0000000000
58218  7.697  -46.514  61.080 0.0000000000
59247  9.347  -46.957  58.571 0.0000000000
58241  10.123  -47.440  58.048 0.0000000000
59258  9.270  -46.914  57.633 0.0000000000
59270  8.156  -46.467  57.156 0.0000000000
59261  6.308  -45.899  58.624 0.0000000000
59271  7.010  -46.141  57.278 0.0000000000
59284  7.402  -46.522  56.306 0.0000000000
58263  6.767  -46.788  55.483 0.0000000000
58264  5.887  -46.520  55.545 0.0000000000
58282  5.419  -47.044  54.757 0.0000000000
67487  8.121  -39.517  55.605 0.0000000000
65449  7.599  -41.067  54.734 0.0000000000
65450  7.003  -41.675  55.222 0.0000000000
65457  6.833  -41.436  54.234 0.0000000000
65492  5.069  -41.129  51.809 0.0000000000
53545  5.723  -52.844  56.595 0.0000000000
172719  5.895  -55.727  72.322 0.0000000000
51186  6.039  -55.464  72.368 0.0000000000
161048  7.636  -55.291  73.240 0.0000000000
51180  8.270  -54.880  73.782 0.0000000000
50095  8.186  -55.122  73.796 0.0000000000
51179  8.808  -54.662  74.262 0.0000000000
53393  9.610  -51.493  75.196 0.0000000000
54588  10.030  -50.907  75.768 0.0000000000
52255  11.454  -52.599  74.744 0.0000000000
53389  11.155  -52.223  74.993 0.0000000000
54586  11.160  -51.479  75.270 0.0000000000
57007  12.186  -50.146  75.328 0.0000000000
55851  11.607  -50.848  75.334 0.0000000000
168888  11.300  -51.034  75.379 0.0000000000
57009  11.075  -50.509  75.595 0.0000000000
57001  10.603  -49.962  75.884 0.0000000000
58066  10.528  -49.367  75.986 0.0000000000
59094  10.525  -48.027  75.931 0.0000000000
60162  11.120  -46.437  75.396 0.0000000000
61188  10.810  -45.591  75.259 0.0000000000
61192  11.468  -46.096  74.815 0.0000000000
46797  17.096  -56.715  64.538 0.0000000000
46817  17.074  -56.404  63.908 0.0000000000
46798  16.318  -56.633  64.911 0.0000000000
45594  16.260  -57.315  66.077 0.0000000000
46778  15.783  -56.818  65.538 0.0000000000
46799  15.234  -56.385  64.969 0.0000000000
46780  13.578  -56.448  65.461 0.0000000000
44382  15.507  -57.996  67.936 0.0000000000
149686  14.378  -57.635  67.979 0.0000000000
150887  14.402  -57.488  67.566 0.0000000000
155414  14.434  -57.233  66.999 0.0000000000
168361  12.595  -56.496  65.117 0.0000000000
45560  8.496  -57.589  67.096 0.0000000000
45545  7.555  -57.583  68.623 0.0000000000
148108  7.247  -57.563  69.506 0.0000000000
44354  10.823  -57.536  70.319 0.0000000000
153545  9.477  -57.303  71.894 0.0000000000
45525  8.887  -57.516  71.120 0.0000000000
45534  8.275  -57.539  70.405 0.0000000000
145241  7.667  -57.540  70.497 0.0000000000
146403  7.267  -57.541  70.209 0.0000000000
45527  6.935  -57.495  70.635 0.0000000000
45520  6.630  -57.371  70.992 0.0000000000
158581  6.415  -57.198  71.258 0.0000000000
46718  6.405  -57.067  71.627 0.0000000000
46708  7.297  -56.994  72.262 0.0000000000
46709  6.669  -56.922  72.076 0.0000000000
46710  6.254  -56.806  71.834 0.0000000000
150800  5.987  -56.323  72.071 0.0000000000
57037  6.677  -48.299  70.685 0.0000000000
57048  6.904  -48.255  69.765 0.0000000000
57049  6.203  -47.564  69.970 0.0000000000
58109  5.772  -46.989  69.261 0.0000000000
59130  4.608  -46.215  70.373 0.0000000000
58111  5.145  -46.574  69.710 0.0000000000
58121  6.023  -47.101  68.247 0.0000000000
58135  5.783  -47.032  67.972 0.0000000000
59163  5.349  -46.176  67.693 0.0000000000
172736  5.559  -46.346  66.918 0.0000000000
66335  5.353  -41.486  71.267 0.0000000000
65301  4.520  -42.868  70.740 0.0000000000
64268  3.870  -43.772  70.035 0.0000000000
66350  4.757  -41.689  69.206 0.0000000000
65313  4.202  -42.866  69.056 0.0000000000
63288  3.865  -43.910  69.620 0.0000000000
61245  4.196  -44.971  68.661 0.0000000000
168785  4.428  -44.899  67.858 0.0000000000
60226  5.027  -45.933  66.174 0.0000000000
172673  4.878  -45.767  65.735 0.0000000000
62315  4.495  -44.816  65.789 0.0000000000
62321  4.512  -44.758  65.118 0.0000000000
64312  4.432  -43.441  66.548 0.0000000000
167660  4.601  -43.713  65.851 0.0000000000
63334  4.589  -44.456  64.684 0.0000000000
64337  5.217  -43.596  63.909 0.0000000000
64336  5.612  -43.146  63.618 0.0000000000
168105  5.725  -43.296  62.573 0.0000000000
55870  15.355  -50.627  72.667 0.0000000000
58090  15.131  -49.836  72.692 0.0000000000
164366  15.286  -50.020  72.152 0.0000000000
57030  14.777  -49.112  71.421 0.0000000000
144504  18.378  -56.758  63.681 0.0000000000
50131  22.159  -54.184  64.991 0.0000000000
147275  20.918  -55.649  63.427 0.0000000000
46792  20.304  -56.466  63.557 0.0000000000
46774  20.800  -57.046  64.887 0.0000000000
149682  19.884  -56.757  63.558 0.0000000000
46814  19.055  -56.888  63.488 0.0000000000
46816  17.720  -56.693  64.031 0.0000000000
44377  19.470  -57.973  66.373 0.0000000000
44405  18.282  -58.118  66.247 0.0000000000
44406  17.915  -58.089  65.858 0.0000000000
149449  17.625  -57.993  66.721 0.0000000000
44356  16.930  -58.170  68.201 0.0000000000
46725  17.020  -57.408  69.237 0.0000000000
50119  17.972  -55.654  68.265 0.0000000000
50110  17.892  -55.986  68.523 0.0000000000
51203  17.373  -55.254  68.964 0.0000000000
49058  17.179  -55.757  69.748 0.0000000000
47914  16.950  -56.647  70.023 0.0000000000
158653  16.609  -56.101  70.575 0.0000000000
49048  16.296  -55.483  71.007 0.0000000000
50105  16.134  -54.745  71.338 0.0000000000
52281  15.963  -53.814  71.551 0.0000000000
53409  15.728  -52.625  71.719 0.0000000000
150257  15.804  -52.938  72.288 0.0000000000
53407  15.627  -52.300  72.653 0.0000000000
55874  15.491  -51.295  72.411 0.0000000000
55922  2.837  -51.645  66.359 0.0000000000
55921  3.243  -51.375  66.144 0.0000000000
55920  3.844  -51.422  65.871 0.0000000000
54647  5.540  -52.752  66.643 0.0000000000
53456  6.244  -53.198  67.184 0.0000000000
148454  4.298  -53.068  69.128 0.0000000000
53416  6.064  -53.651  69.576 0.0000000000
166806  5.934  -53.419  68.945 0.0000000000
53447  5.340  -53.166  68.272 0.0000000000
53446  6.377  -53.451  68.437 0.0000000000
147301  6.916  -53.413  67.848 0.0000000000
53445  8.056  -53.552  67.972 0.0000000000
52321  9.430  -53.298  69.118 0.0000000000
53428  9.943  -52.558  69.390 0.0000000000
53415  9.831  -52.318  70.199 0.0000000000
54621  9.942  -51.785  69.660 0.0000000000
51188  6.228  -54.874  72.277 0.0000000000
156116  8.782  -50.108  75.498 0.0000000000
55857  8.705  -50.097  74.906 0.0000000000
55858  8.102  -49.483  74.767 0.0000000000
55861  8.155  -49.783  74.622 0.0000000000
54601  8.429  -50.816  74.455 0.0000000000
53404  8.246  -51.214  73.937 0.0000000000
170719  8.561  -52.055  72.780 0.0000000000
55880  7.746  -49.779  71.454 0.0000000000
55878  7.163  -48.920  71.442 0.0000000000
58094  5.321  -47.241  71.570 0.0000000000
59125  4.681  -46.684  71.689 0.0000000000
59117  4.838  -46.862  72.680 0.0000000000
60176  4.435  -45.904  72.555 0.0000000000
61206  4.207  -45.734  72.125 0.0000000000
63269  4.487  -44.228  72.121 0.0000000000
64259  4.835  -43.473  72.365 0.0000000000
65287  5.344  -42.220  72.599 0.0000000000
63258  6.906  -43.596  75.345 0.0000000000
64251  6.691  -42.921  74.985 0.0000000000
64253  6.350  -42.733  74.168 0.0000000000
65278  6.609  -41.471  74.876 0.0000000000
65279  6.335  -42.062  74.150 0.0000000000
65281  5.960  -42.072  73.535 0.0000000000
65286  5.803  -41.732  73.214 0.0000000000
66312  6.150  -40.780  73.448 0.0000000000
58091  14.810  -49.244  72.701 0.0000000000
47989  16.639  -56.028  63.426 0.0000000000
48002  16.030  -55.594  62.826 0.0000000000
48003  14.854  -55.440  63.024 0.0000000000
45547  6.035  -57.675  69.059 0.0000000000
46735  5.871  -57.754  68.224 0.0000000000
46739  5.881  -57.721  67.272 0.0000000000
47934  5.252  -57.334  66.837 0.0000000000
161540  3.250  -51.073  63.507 0.0000000000
54674  7.229  -53.209  64.935 0.0000000000
54687  6.696  -52.819  64.290 0.0000000000
146034  7.290  -52.819  63.575 0.0000000000
54697  5.806  -52.179  62.966 0.0000000000
55986  4.683  -52.068  61.804 0.0000000000
164689  6.858  -52.331  60.254 0.0000000000
53532  6.662  -52.783  57.095 0.0000000000
57063  8.145  -48.805  68.714 0.0000000000
157427  8.503  -48.805  68.045 0.0000000000
57076  9.089  -49.200  67.688 0.0000000000
57089  8.054  -48.147  66.880 0.0000000000
57088  8.970  -48.922  66.777 0.0000000000
55936  9.860  -49.725  66.284 0.0000000000
57098  9.827  -49.426  65.408 0.0000000000
57097  10.153  -49.804  64.875 0.0000000000
55967  10.703  -50.946  63.834 0.0000000000
151165  7.363  -47.428  64.772 0.0000000000
158576  7.818  -47.359  64.186 0.0000000000
58167  9.302  -48.339  64.104 0.0000000000
58190  9.513  -47.748  62.430 0.0000000000
58178  9.333  -48.041  63.251 0.0000000000
57120  10.145  -48.678  63.576 0.0000000000
55985  11.075  -50.581  62.898 0.0000000000
54728  10.975  -51.438  61.410 0.0000000000
54746  10.488  -51.803  60.701 0.0000000000
54759  9.458  -51.864  59.538 0.0000000000
56035  10.303  -51.162  59.145 0.0000000000
54772  9.407  -51.592  58.768 0.0000000000
54794  7.467  -52.461  57.512 0.0000000000
159023  6.809  -52.893  56.079 0.0000000000
52407  6.446  -53.146  55.277 0.0000000000
153839  6.747  -53.471  54.627 0.0000000000
169370  6.929  -53.862  53.947 0.0000000000
58259  10.653  -48.283  56.873 0.0000000000
58277  10.669  -48.589  55.950 0.0000000000
57210  10.605  -50.113  54.943 0.0000000000
58293  9.561  -48.556  54.512 0.0000000000
56096  10.373  -50.569  54.115 0.0000000000
54870  10.356  -51.449  54.012 0.0000000000
53589  9.744  -52.690  52.982 0.0000000000
154149  5.668  -35.724  69.362 0.0000000000
71333  5.023  -36.006  68.774 0.0000000000
70253  4.752  -36.409  68.363 0.0000000000
72377  4.938  -35.078  67.196 0.0000000000
70254  4.403  -36.569  67.508 0.0000000000
160298  4.389  -37.333  67.396 0.0000000000
161621  4.579  -38.459  66.625 0.0000000000
67375  4.884  -38.743  65.845 0.0000000000
67374  5.191  -39.329  65.765 0.0000000000
162301  4.635  -37.751  64.460 0.0000000000
67384  5.362  -38.853  64.974 0.0000000000
66420  5.622  -40.269  65.581 0.0000000000
65355  6.212  -40.982  64.971 0.0000000000
65366  6.539  -41.662  64.129 0.0000000000
65385  6.024  -42.978  62.145 0.0000000000
67410  5.404  -38.152  62.274 0.0000000000
67421  6.989  -39.085  60.597 0.0000000000
67408  6.937  -39.261  61.637 0.0000000000
67399  6.832  -39.493  62.641 0.0000000000
144761  7.193  -41.340  62.691 0.0000000000
65384  6.682  -42.284  62.025 0.0000000000
171442  5.836  -43.130  61.059 0.0000000000
64376  5.204  -43.332  59.645 0.0000000000
64388  4.944  -43.577  59.105 0.0000000000
161025  4.491  -44.037  58.215 0.0000000000
64392  5.032  -42.696  58.074 0.0000000000
152471  4.629  -43.632  57.984 0.0000000000
157226  4.104  -44.929  57.379 0.0000000000
155647  4.199  -45.591  56.050 0.0000000000
59288  4.491  -46.226  55.354 0.0000000000
59297  4.266  -46.654  54.756 0.0000000000
145117  5.186  -42.382  54.877 0.0000000000
144483  4.504  -42.874  54.987 0.0000000000
62396  3.377  -44.835  54.673 0.0000000000
60305  3.567  -45.917  54.611 0.0000000000
58297  4.429  -47.926  53.986 0.0000000000
44341  15.152  -57.731  69.454 0.0000000000
44342  14.723  -57.646  69.450 0.0000000000
44346  17.003  -57.941  68.596 0.0000000000
44347  16.407  -58.037  68.491 0.0000000000
44349  15.014  -57.832  69.099 0.0000000000
44350  13.991  -57.583  69.154 0.0000000000
44351  13.353  -57.567  69.288 0.0000000000
44355  17.695  -58.042  67.807 0.0000000000
44359  15.571  -58.032  68.315 0.0000000000
44361  12.943  -57.570  69.238 0.0000000000
44363  18.938  -58.046  67.044 0.0000000000
44365  17.220  -57.994  67.380 0.0000000000
44366  16.737  -58.102  67.703 0.0000000000
44367  16.181  -58.052  67.700 0.0000000000
44368  15.585  -58.337  67.895 0.0000000000
44378  18.893  -57.942  66.789 0.0000000000
44379  17.923  -57.999  67.253 0.0000000000
44381  16.011  -57.931  67.564 0.0000000000
44383  15.217  -57.904  67.710 0.0000000000
44384  14.505  -57.663  68.053 0.0000000000
44390  19.760  -58.044  66.116 0.0000000000
44391  18.843  -57.932  66.222 0.0000000000
44392  17.992  -57.978  66.182 0.0000000000
44393  17.495  -57.865  66.667 0.0000000000
44394  16.740  -57.859  67.110 0.0000000000
44404  18.991  -57.950  66.023 0.0000000000
45490  12.084  -56.837  71.723 0.0000000000
45491  11.280  -56.846  71.883 0.0000000000
45496  15.414  -57.319  70.370 0.0000000000
45497  14.944  -57.303  70.453 0.0000000000
45498  14.400  -57.273  70.530 0.0000000000
45505  7.848  -57.309  71.884 0.0000000000
45506  7.303  -57.353  71.668 0.0000000000
45508  16.432  -57.500  69.761 0.0000000000
45509  15.925  -57.504  70.055 0.0000000000
45510  15.608  -57.736  69.606 0.0000000000
45514  12.014  -57.269  70.873 0.0000000000
45515  11.071  -57.271  71.208 0.0000000000
45517  9.297  -57.427  71.551 0.0000000000
45518  8.536  -57.423  71.598 0.0000000000
45521  18.490  -57.505  68.232 0.0000000000
45522  16.793  -57.706  69.103 0.0000000000
45523  15.946  -57.941  69.088 0.0000000000
45537  19.935  -58.073  67.133 0.0000000000
45538  19.360  -57.971  66.962 0.0000000000
45539  18.495  -57.953  67.257 0.0000000000
45552  20.182  -58.074  66.673 0.0000000000
45553  19.690  -58.132  67.042 0.0000000000
45592  17.895  -58.007  65.961 0.0000000000
45614  19.308  -57.801  65.592 0.0000000000
45618  17.086  -57.437  65.731 0.0000000000
45632  19.256  -57.464  64.838 0.0000000000
45634  18.518  -57.366  64.935 0.0000000000
45648  19.400  -56.982  63.752 0.0000000000
46695  9.151  -56.671  73.130 0.0000000000
46696  8.750  -56.723  73.041 0.0000000000
46700  14.241  -56.457  71.483 0.0000000000
46701  13.398  -56.598  71.670 0.0000000000
46704  9.333  -56.895  72.747 0.0000000000
46711  16.085  -56.794  70.633 0.0000000000
46713  15.397  -56.812  70.898 0.0000000000
46720  16.611  -57.065  70.087 0.0000000000
46729  19.253  -57.458  67.622 0.0000000000
46775  20.429  -57.158  64.695 0.0000000000
46813  20.181  -56.225  62.714 0.0000000000
46815  18.615  -57.038  64.111 0.0000000000
46832  18.728  -56.482  62.748 0.0000000000
47887  10.343  -55.510  73.879 0.0000000000
47893  13.373  -55.482  72.475 0.0000000000
47895  11.552  -55.718  73.119 0.0000000000
47899  8.595  -56.284  73.351 0.0000000000
47900  8.156  -56.298  73.020 0.0000000000
47903  15.764  -55.887  71.227 0.0000000000
47904  15.293  -56.146  71.301 0.0000000000
47910  16.110  -56.004  71.000 0.0000000000
47912  5.565  -56.419  71.398 0.0000000000
47915  16.383  -56.485  70.606 0.0000000000
47925  19.278  -56.977  67.950 0.0000000000
47941  21.432  -56.472  65.447 0.0000000000
47961  21.157  -56.286  64.492 0.0000000000
47974  20.687  -56.162  63.715 0.0000000000
49023  10.012  -54.999  74.566 0.0000000000
49024  9.515  -55.205  74.477 0.0000000000
49027  12.153  -54.386  73.667 0.0000000000
49030  10.161  -55.245  74.308 0.0000000000
49033  15.027  -54.784  72.149 0.0000000000
49037  8.018  -56.003  73.170 0.0000000000
49038  7.440  -55.798  73.040 0.0000000000
49043  15.384  -55.405  71.635 0.0000000000
49052  17.135  -56.231  69.860 0.0000000000
49054  4.326  -55.974  70.724 0.0000000000
49061  20.986  -55.119  66.909 0.0000000000
49067  21.926  -55.105  66.220 0.0000000000
49074  21.581  -55.950  66.131 0.0000000000
49092  21.755  -55.084  64.424 0.0000000000
50084  11.438  -53.781  74.495 0.0000000000
50089  9.197  -54.518  74.464 0.0000000000
50092  11.720  -54.053  74.232 0.0000000000
50096  15.356  -54.057  72.359 0.0000000000
50097  14.651  -54.069  72.737 0.0000000000
50101  15.843  -54.424  71.714 0.0000000000
50108  16.575  -55.160  70.685 0.0000000000
50143  21.879  -54.401  64.253 0.0000000000
51169  13.012  -52.590  74.198 0.0000000000
51172  11.233  -53.384  74.622 0.0000000000
51175  9.278  -53.597  74.418 0.0000000000
51177  13.481  -52.958  73.727 0.0000000000
51182  15.241  -53.002  73.093 0.0000000000
51187  15.652  -53.830  72.154 0.0000000000
51191  16.169  -54.000  71.950 0.0000000000
51195  3.632  -54.651  70.572 0.0000000000
52256  11.002  -52.358  74.923 0.0000000000
52261  12.638  -52.264  74.527 0.0000000000
52263  11.045  -52.922  74.761 0.0000000000
52265  10.178  -53.085  74.889 0.0000000000
52267  14.700  -52.225  73.526 0.0000000000
52268  14.265  -52.320  73.688 0.0000000000
52269  13.663  -52.414  73.934 0.0000000000
52273  15.141  -52.544  73.266 0.0000000000
52282  16.003  -53.258  71.873 0.0000000000
52288  15.927  -53.522  71.695 0.0000000000
52295  2.988  -54.115  69.870 0.0000000000
52296  15.784  -53.134  71.011 0.0000000000
52406  7.277  -53.179  55.191 0.0000000000
52420  7.558  -53.560  54.436 0.0000000000
52421  6.163  -53.552  54.130 0.0000000000
53388  11.631  -51.635  75.095 0.0000000000
53390  10.821  -51.885  75.139 0.0000000000
53392  10.043  -51.664  75.279 0.0000000000
53395  13.603  -51.477  74.335 0.0000000000
53396  13.109  -51.688  74.509 0.0000000000
53397  9.058  -52.026  75.063 0.0000000000
53399  13.912  -52.191  73.963 0.0000000000
53402  15.370  -52.399  73.120 0.0000000000
53403  15.013  -52.051  73.408 0.0000000000
53436  2.286  -53.441  68.493 0.0000000000
53449  2.048  -53.316  67.960 0.0000000000
53471  9.972  -52.906  65.702 0.0000000000
53474  1.127  -52.510  65.108 0.0000000000
53557  5.992  -52.959  55.814 0.0000000000
53574  4.586  -52.528  54.605 0.0000000000
54582  10.054  -50.834  75.679 0.0000000000
54585  11.637  -51.253  75.208 0.0000000000
54587  10.470  -51.442  75.395 0.0000000000
54590  9.243  -50.973  75.211 0.0000000000
54593  12.996  -51.394  74.622 0.0000000000
54596  14.876  -51.476  73.620 0.0000000000
54597  14.445  -51.245  73.921 0.0000000000
54599  15.495  -52.269  72.949 0.0000000000
54602  15.511  -51.908  72.871 0.0000000000
54603  15.370  -51.654  73.086 0.0000000000
54605  15.580  -51.852  72.575 0.0000000000
54624  3.458  -52.502  68.496 0.0000000000
54636  3.882  -52.459  68.112 0.0000000000
54653  2.208  -52.815  67.569 0.0000000000
54663  4.253  -51.851  66.351 0.0000000000
54664  3.625  -51.644  66.501 0.0000000000
54665  2.019  -52.073  66.071 0.0000000000
54683  10.483  -51.610  64.349 0.0000000000
54749  7.423  -52.210  60.722 0.0000000000
54829  10.447  -50.919  55.233 0.0000000000
54848  10.463  -50.920  54.592 0.0000000000
55846  10.360  -50.363  75.826 0.0000000000
55847  9.903  -49.977  76.121 0.0000000000
55848  8.865  -49.874  75.747 0.0000000000
55850  12.057  -50.750  75.201 0.0000000000
55854  7.961  -49.090  74.979 0.0000000000
55855  13.772  -50.836  74.428 0.0000000000
55856  12.518  -51.078  74.893 0.0000000000
55860  14.277  -50.829  74.133 0.0000000000
55866  15.310  -51.170  73.184 0.0000000000
55872  7.792  -50.024  72.939 0.0000000000
55908  2.864  -51.993  67.009 0.0000000000
56076  10.228  -50.980  56.136 0.0000000000
57002  9.875  -49.639  76.063 0.0000000000
57003  9.424  -49.866  75.988 0.0000000000
57004  9.072  -49.460  75.911 0.0000000000
57005  8.658  -49.170  76.006 0.0000000000
57006  12.926  -49.841  74.966 0.0000000000
57011  7.955  -48.897  74.990 0.0000000000
57013  13.572  -50.321  74.578 0.0000000000
57014  7.434  -49.040  74.976 0.0000000000
57015  14.871  -50.557  73.721 0.0000000000
57018  6.896  -48.446  74.447 0.0000000000
57019  6.237  -47.897  73.965 0.0000000000
57021  14.673  -49.955  73.821 0.0000000000
57025  6.927  -48.458  73.952 0.0000000000
57026  6.033  -48.026  73.193 0.0000000000
57033  5.931  -47.802  71.845 0.0000000000
57039  5.656  -47.407  71.194 0.0000000000
57079  6.213  -47.113  67.892 0.0000000000
57119  10.679  -49.681  63.699 0.0000000000
57194  10.702  -49.561  55.755 0.0000000000
57213  6.650  -48.446  53.658 0.0000000000
58068  9.330  -48.904  76.018 0.0000000000
58070  11.516  -49.591  75.642 0.0000000000
58071  11.072  -49.907  75.751 0.0000000000
58072  8.392  -48.682  75.534 0.0000000000
58076  12.972  -48.925  74.979 0.0000000000
58077  6.984  -48.709  74.790 0.0000000000
58078  6.828  -47.948  74.804 0.0000000000
58081  6.033  -48.136  74.015 0.0000000000
58084  5.769  -48.118  73.396 0.0000000000
58088  5.451  -47.643  72.826 0.0000000000
58089  5.061  -47.213  72.734 0.0000000000
58097  5.240  -46.966  70.818 0.0000000000
58110  5.379  -46.716  69.515 0.0000000000
58122  5.707  -46.942  68.859 0.0000000000
58134  6.109  -47.127  67.192 0.0000000000
58136  5.646  -46.581  67.885 0.0000000000
58145  7.378  -47.774  66.123 0.0000000000
58148  5.669  -46.513  66.850 0.0000000000
58158  6.065  -47.088  65.916 0.0000000000
58169  6.204  -47.133  65.127 0.0000000000
58181  6.785  -46.637  63.611 0.0000000000
58207  6.310  -46.132  61.927 0.0000000000
58230  10.211  -47.506  58.902 0.0000000000
58261  9.244  -47.307  55.762 0.0000000000
58265  5.197  -46.395  55.550 0.0000000000
58283  4.697  -47.006  54.603 0.0000000000
58284  4.208  -47.363  54.225 0.0000000000
58298  3.994  -47.840  53.910 0.0000000000
59093  11.145  -47.975  75.637 0.0000000000
59095  10.032  -47.981  76.053 0.0000000000
59100  8.095  -48.121  75.633 0.0000000000
59101  7.636  -47.740  75.474 0.0000000000
59105  6.962  -47.858  74.865 0.0000000000
59106  6.498  -47.889  74.209 0.0000000000
59109  6.183  -47.670  73.903 0.0000000000
59110  5.657  -47.089  73.623 0.0000000000
59113  5.707  -47.480  73.498 0.0000000000
59114  5.047  -46.898  72.980 0.0000000000
59118  4.528  -46.560  72.223 0.0000000000
59121  4.770  -46.885  72.307 0.0000000000
59126  4.450  -46.095  71.182 0.0000000000
59129  4.711  -46.445  70.854 0.0000000000
59142  4.911  -46.531  70.200 0.0000000000
59143  4.908  -46.305  69.539 0.0000000000
59153  5.092  -46.189  68.567 0.0000000000
59164  5.056  -45.964  67.872 0.0000000000
59173  5.165  -45.824  66.852 0.0000000000
59180  5.765  -46.687  65.371 0.0000000000
59181  5.106  -45.902  65.337 0.0000000000
59182  5.474  -46.347  66.194 0.0000000000
59193  5.952  -46.594  64.747 0.0000000000
59201  6.147  -46.204  63.180 0.0000000000
59203  5.566  -46.017  64.157 0.0000000000
59211  5.993  -46.034  62.428 0.0000000000
59224  6.258  -46.004  61.305 0.0000000000
59226  5.425  -45.611  61.684 0.0000000000
59238  6.257  -46.005  60.517 0.0000000000
59251  5.745  -45.855  59.962 0.0000000000
59252  5.038  -45.752  59.517 0.0000000000
59253  5.138  -45.743  59.852 0.0000000000
59260  6.805  -45.973  58.222 0.0000000000
59263  4.928  -45.697  58.895 0.0000000000
59272  6.167  -45.881  57.655 0.0000000000
59275  5.049  -45.659  57.857 0.0000000000
59286  5.670  -46.009  56.560 0.0000000000
59289  4.319  -45.855  55.722 0.0000000000
59298  4.041  -46.314  54.896 0.0000000000
60154  10.789  -47.152  75.758 0.0000000000
60159  7.938  -46.751  76.018 0.0000000000
60164  7.371  -47.099  75.337 0.0000000000
60168  6.777  -46.875  74.734 0.0000000000
60175  4.929  -46.571  73.026 0.0000000000
60179  4.665  -46.554  72.641 0.0000000000
60180  4.352  -46.151  72.303 0.0000000000
60182  4.223  -45.991  71.993 0.0000000000
60186  4.294  -45.526  70.886 0.0000000000
60187  4.211  -45.384  70.396 0.0000000000
60205  4.601  -45.857  69.351 0.0000000000
60213  4.817  -45.869  68.492 0.0000000000
60214  4.657  -45.423  67.973 0.0000000000
60220  5.032  -45.656  66.986 0.0000000000
60232  5.319  -45.924  64.665 0.0000000000
60241  5.364  -45.748  63.905 0.0000000000
60242  5.269  -45.624  63.571 0.0000000000
60249  5.003  -45.308  61.927 0.0000000000
60256  5.062  -45.432  61.885 0.0000000000
60257  4.775  -45.344  60.920 0.0000000000
60268  4.739  -45.465  60.265 0.0000000000
60269  4.785  -45.398  60.067 0.0000000000
60277  4.795  -45.574  59.033 0.0000000000
60285  4.557  -45.286  58.334 0.0000000000
60294  4.228  -45.209  57.080 0.0000000000
60299  3.834  -45.595  55.463 0.0000000000
60300  3.759  -45.773  55.121 0.0000000000
60304  3.660  -46.349  54.305 0.0000000000
61184  8.564  -45.937  76.311 0.0000000000
61186  7.823  -45.932  76.030 0.0000000000
61202  4.662  -45.810  72.907 0.0000000000
61203  4.339  -45.458  72.365 0.0000000000
61209  4.180  -45.412  71.655 0.0000000000
61212  4.195  -45.203  71.051 0.0000000000
61215  4.020  -44.735  70.435 0.0000000000
61226  4.032  -45.115  69.998 0.0000000000
61237  4.087  -45.094  69.486 0.0000000000
61252  4.644  -45.141  67.114 0.0000000000
61258  4.779  -45.480  66.332 0.0000000000
61259  4.537  -44.939  66.438 0.0000000000
61264  4.602  -45.199  65.050 0.0000000000
61270  4.962  -45.457  64.295 0.0000000000
61281  4.940  -45.321  60.983 0.0000000000
61289  4.557  -45.090  60.195 0.0000000000
61301  4.465  -44.937  59.502 0.0000000000
61318  3.830  -45.224  56.257 0.0000000000
61325  3.513  -45.371  54.956 0.0000000000
62247  8.095  -44.132  76.380 0.0000000000
62250  7.362  -44.145  75.900 0.0000000000
62254  6.867  -44.589  74.835 0.0000000000
62264  4.225  -44.851  72.024 0.0000000000
62267  4.120  -45.038  71.572 0.0000000000
62270  4.115  -44.934  71.148 0.0000000000
62274  3.973  -44.772  70.197 0.0000000000
62283  3.927  -44.594  69.962 0.0000000000
62293  3.996  -44.660  69.055 0.0000000000
62300  4.248  -44.473  68.287 0.0000000000
62333  4.721  -44.954  62.851 0.0000000000
62343  4.741  -44.856  60.589 0.0000000000
62362  4.517  -44.483  58.884 0.0000000000
62370  4.295  -44.531  57.990 0.0000000000
62371  4.068  -44.575  57.054 0.0000000000
62379  3.813  -44.705  56.213 0.0000000000
63259  6.611  -43.886  74.488 0.0000000000
63266  4.834  -43.918  72.546 0.0000000000
63270  4.244  -44.460  71.723 0.0000000000
63277  3.988  -44.414  70.906 0.0000000000
63281  3.838  -44.045  70.354 0.0000000000
63298  4.140  -43.517  68.477 0.0000000000
63316  4.328  -43.802  66.808 0.0000000000
63317  4.307  -44.022  67.148 0.0000000000
63347  4.969  -44.568  62.257 0.0000000000
63354  5.020  -44.442  61.140 0.0000000000
63361  4.960  -44.270  60.124 0.0000000000
63373  4.705  -43.841  58.662 0.0000000000
63381  4.302  -43.966  57.422 0.0000000000
63382  4.053  -44.213  56.645 0.0000000000
63391  4.256  -43.770  56.591 0.0000000000
63404  3.710  -44.259  55.107 0.0000000000
64244  8.009  -42.755  76.467 0.0000000000
64262  4.664  -43.423  71.957 0.0000000000
64263  4.263  -43.965  71.462 0.0000000000
64265  4.232  -43.573  71.052 0.0000000000
64267  4.119  -43.349  70.240 0.0000000000
64271  4.223  -42.983  69.668 0.0000000000
64272  3.955  -43.572  69.545 0.0000000000
64291  4.219  -43.236  67.839 0.0000000000
64324  4.587  -44.031  65.185 0.0000000000
64338  4.814  -44.060  64.276 0.0000000000
64351  5.210  -44.232  61.999 0.0000000000
64363  5.518  -43.190  60.425 0.0000000000
64377  5.137  -43.759  59.779 0.0000000000
64386  5.029  -42.832  58.865 0.0000000000
64387  4.956  -43.114  58.988 0.0000000000
64393  4.850  -43.090  58.281 0.0000000000
64400  4.706  -42.845  56.584 0.0000000000
64402  4.406  -43.382  56.505 0.0000000000
64405  4.277  -43.208  54.995 0.0000000000
65276  6.631  -42.144  74.933 0.0000000000
65293  4.979  -42.724  72.026 0.0000000000
65300  4.964  -42.399  71.386 0.0000000000
65309  5.063  -42.002  70.552 0.0000000000
65312  4.455  -42.311  69.120 0.0000000000
65346  4.513  -42.520  66.927 0.0000000000
65365  6.967  -41.000  63.609 0.0000000000
65375  6.072  -42.734  63.389 0.0000000000
65398  7.560  -40.593  60.405 0.0000000000
65400  6.481  -42.203  60.860 0.0000000000
65416  6.820  -41.653  59.095 0.0000000000
65417  6.001  -42.097  59.302 0.0000000000
65418  5.417  -42.547  59.431 0.0000000000
65432  7.668  -41.193  57.832 0.0000000000
65441  5.462  -42.228  57.945 0.0000000000
65451  5.923  -42.165  55.793 0.0000000000
66308  6.299  -41.307  74.054 0.0000000000
66348  5.416  -40.340  70.216 0.0000000000
66362  4.845  -40.789  69.066 0.0000000000
66378  4.730  -40.568  68.627 0.0000000000
66379  4.614  -41.363  68.395 0.0000000000
66412  5.225  -40.491  66.266 0.0000000000
66463  7.677  -40.534  59.431 0.0000000000
66530  8.067  -40.495  55.163 0.0000000000
66545  7.307  -40.726  53.910 0.0000000000
66558  7.492  -40.038  53.807 0.0000000000
67385  4.866  -38.366  65.060 0.0000000000
67402  4.984  -37.801  63.173 0.0000000000
67411  4.792  -37.618  61.681 0.0000000000
67433  5.213  -37.885  59.506 0.0000000000
67473  8.116  -39.459  56.723 0.0000000000
67499  7.874  -39.757  54.581 0.0000000000
68298  5.026  -37.956  69.305 0.0000000000
68307  4.789  -37.914  68.855 0.0000000000
68330  4.707  -39.151  67.144 0.0000000000
68351  4.520  -37.359  63.749 0.0000000000
68352  4.301  -37.075  63.056 0.0000000000
68360  4.254  -37.001  62.359 0.0000000000
69277  4.732  -37.477  68.578 0.0000000000
69285  4.404  -37.877  66.919 0.0000000000
69331  4.094  -36.804  62.680 0.0000000000
70232  5.616  -36.731  70.032 0.0000000000
70242  5.686  -36.302  69.954 0.0000000000
70251  4.613  -37.034  68.168 0.0000000000
70286  3.965  -36.738  64.693 0.0000000000
70287  3.913  -36.544  63.862 0.0000000000
70297  3.777  -36.274  63.049 0.0000000000
71316  5.403  -35.986  69.381 0.0000000000
71332  5.326  -35.671  68.713 0.0000000000
71348  4.721  -35.916  67.955 0.0000000000
71396  3.810  -35.516  64.591 0.0000000000
72366  5.358  -35.277  67.804 0.0000000000
72378  4.672  -35.408  67.260 0.0000000000
72379  4.400  -35.859  67.211 0.0000000000
72389  4.620  -35.005  66.406 0.0000000000
72390  4.301  -35.458  66.457 0.0000000000
72397  4.692  -34.678  65.446 0.0000000000
72410  3.828  -34.963  63.639 0.0000000000
73377  4.457  -34.485  64.518 0.0000000000
73385  4.626  -33.996  63.736 0.0000000000
144383  19.422  -56.630  62.954 0.0000000000
144506  4.931  -53.306  52.944 0.0000000000
144703  4.332  -43.322  55.775 0.0000000000
144807  17.490  -57.738  68.445 0.0000000000
144957  7.953  -52.724  62.967 0.0000000000
145500  6.844  -52.436  59.595 0.0000000000
145568  5.893  -45.832  58.574 0.0000000000
145863  5.906  -47.078  66.812 0.0000000000
146290  4.123  -45.253  71.904 0.0000000000
146490  8.838  -48.191  76.018 0.0000000000
146598  5.012  -45.897  56.463 0.0000000000
146702  9.944  -54.054  74.671 0.0000000000
147620  2.134  -52.414  66.836 0.0000000000
147706  6.268  -52.427  63.676 0.0000000000
148362  8.483  -52.067  59.198 0.0000000000
148439  15.145  -50.690  73.392 0.0000000000
148875  4.954  -45.718  61.108 0.0000000000
148921  16.078  -58.078  68.444 0.0000000000
150343  16.207  -54.414  71.154 0.0000000000
150407  4.899  -45.668  65.123 0.0000000000
151412  3.804  -43.969  69.920 0.0000000000
151463  4.944  -45.291  63.294 0.0000000000
151605  15.669  -52.792  72.677 0.0000000000
151942  4.111  -36.925  64.320 0.0000000000
152043  9.202  -55.609  74.090 0.0000000000
152103  5.229  -34.949  67.011 0.0000000000
152368  5.752  -39.858  71.478 0.0000000000
152596  7.453  -46.249  58.718 0.0000000000
155084  6.297  -52.783  64.952 0.0000000000
155087  6.369  -43.401  74.116 0.0000000000
155105  7.701  -47.794  75.444 0.0000000000
155364  9.675  -51.285  56.907 0.0000000000
155452  17.666  -58.015  68.022 0.0000000000
155839  3.876  -44.238  69.567 0.0000000000
156073  15.729  -52.299  72.033 0.0000000000
156272  8.322  -47.415  76.019 0.0000000000
156580  5.113  -44.035  63.091 0.0000000000
156657  10.768  -50.973  75.519 0.0000000000
156791  5.478  -43.712  61.270 0.0000000000
157735  4.018  -45.939  55.310 0.0000000000
158168  5.254  -37.965  60.421 0.0000000000
158172  4.688  -43.332  57.859 0.0000000000
158258  4.092  -37.218  65.346 0.0000000000
158703  4.038  -44.071  68.774 0.0000000000
159091  4.666  -43.082  57.303 0.0000000000
160032  20.957  -57.064  64.888 0.0000000000
160055  10.742  -55.884  73.409 0.0000000000
160790  5.214  -47.830  73.034 0.0000000000
160834  4.408  -45.868  70.638 0.0000000000
161073  7.948  -44.967  76.256 0.0000000000
161360  11.087  -49.778  62.148 0.0000000000
161759  7.591  -45.032  75.967 0.0000000000
162407  4.643  -45.332  65.737 0.0000000000
162782  10.447  -56.949  72.107 0.0000000000
163433  14.385  -57.639  69.165 0.0000000000
164375  6.803  -41.644  75.465 0.0000000000
164509  9.071  -49.946  75.889 0.0000000000
164909  16.564  -54.770  70.649 0.0000000000
164985  11.970  -52.045  74.856 0.0000000000
165407  7.131  -40.428  63.007 0.0000000000
165534  14.170  -53.407  73.294 0.0000000000
165714  7.452  -40.729  61.227 0.0000000000
165719  1.315  -52.693  65.952 0.0000000000
165940  8.877  -50.630  75.189 0.0000000000
166378  17.216  -57.914  67.134 0.0000000000
166438  10.332  -48.677  76.045 0.0000000000
166730  9.892  -56.826  72.595 0.0000000000
166951  19.749  -57.382  67.508 0.0000000000
166980  4.986  -40.760  66.736 0.0000000000
167011  4.926  -37.747  62.498 0.0000000000
167385  21.469  -55.769  64.541 0.0000000000
167468  4.577  -38.262  65.882 0.0000000000
167476  6.160  -46.837  64.709 0.0000000000
167646  5.563  -42.194  57.320 0.0000000000
167851  3.939  -43.924  68.980 0.0000000000
167969  4.250  -42.673  68.620 0.0000000000
168253  6.143  -36.367  70.599 0.0000000000
168309  21.514  -55.010  66.525 0.0000000000
168369  5.727  -47.718  54.307 0.0000000000
168429  9.504  -47.055  59.324 0.0000000000
168976  5.947  -42.912  61.120 0.0000000000
169194  7.562  -48.272  75.214 0.0000000000
169242  4.999  -47.102  71.837 0.0000000000
169693  3.483  -52.723  68.973 0.0000000000
169708  18.300  -57.841  66.638 0.0000000000
170085  15.840  -52.983  71.944 0.0000000000
170693  11.027  -49.473  75.827 0.0000000000
171318  4.917  -45.327  62.786 0.0000000000
171622  5.973  -45.898  60.985 0.0000000000
171647  4.430  -41.919  67.826 0.0000000000
171726  4.499  -46.262  71.007 0.0000000000
171884  18.244  -57.835  67.756 0.0000000000
171961  5.004  -45.739  59.441 0.0000000000
172022  14.916  -53.433  73.134 0.0000000000
172063  8.033  -39.480  57.418 0.0000000000
172079  15.583  -58.147  67.888 0.0000000000
172281  7.137  -44.819  75.195 0.0000000000
172663  15.995  -55.538  71.279 0.0000000000
172815  13.797  -53.021  73.583 0.0000000000
172933  9.020  -49.920  76.260 0.0000000000
173047  18.033  -58.073  65.763 0.0000000000
173686  2.549  -52.710  67.900 0.0000000000
173754  5.143  -51.975  63.219 0.0000000000
174166  5.278  -45.997  67.185 0.0000000000
174170  9.216  -51.514  57.490 0.0000000000
174175  6.208  -36.859  71.249 0.0000000000
