#!ascii label  , from subject sub-v1s17x0050263_ses-1 vox2ras=TkReg
1781
13239  19.751  -71.923  -15.079 0.5000000000
24873  26.646  -62.418  -17.896 0.6000000238
154319  27.193  -61.904  -18.094 0.6000000238
24862  24.020  -62.111  -16.817 0.6000000238
176428  25.294  -61.766  -17.378 0.6999999881
26071  23.243  -61.552  -16.527 0.6000000238
26077  26.858  -61.055  -17.697 0.6999999881
26069  25.226  -60.948  -17.035 0.6000000238
18803  20.373  -66.423  -19.746 0.5000000000
15382  20.394  -70.570  -20.474 0.6000000238
158415  20.685  -69.627  -20.845 0.6000000238
154211  19.812  -67.223  -20.041 0.5000000000
13311  20.067  -72.374  -20.531 0.5000000000
14338  19.959  -71.480  -20.542 0.4000000060
16489  20.299  -69.375  -21.043 0.5000000000
17629  20.496  -68.534  -20.925 0.6000000238
170421  22.852  -67.193  -14.287 0.5000000000
10281  20.727  -75.543  -19.283 0.4000000060
19904  23.773  -66.312  -15.049 0.5000000000
19888  22.886  -66.831  -13.585 0.5000000000
21095  24.042  -65.580  -15.092 0.6000000238
23629  26.482  -64.291  -17.217 0.6000000238
163371  28.587  -63.098  -17.911 0.6000000238
24861  29.203  -62.326  -17.437 0.6999999881
151313  26.596  -63.285  -17.623 0.6000000238
24872  28.182  -62.235  -18.178 0.6999999881
26057  30.123  -60.952  -16.328 0.6000000238
26074  29.192  -61.674  -17.795 0.6999999881
176965  30.406  -60.625  -15.678 0.6000000238
26066  30.009  -60.426  -17.255 0.6000000238
27309  29.156  -60.298  -17.724 0.6999999881
175413  30.768  -59.672  -16.132 0.6999999881
26072  22.585  -61.262  -16.157 0.6000000238
19979  21.005  -65.991  -19.429 0.5000000000
148621  21.239  -67.869  -20.974 0.6000000238
174545  21.064  -66.221  -19.950 0.5000000000
13299  20.639  -71.517  -19.914 0.6000000238
15381  21.152  -69.909  -20.358 0.6999999881
16488  21.298  -68.903  -21.082 0.6000000238
12286  19.799  -73.503  -21.263 0.4000000060
19922  24.764  -66.122  -16.841 0.5000000000
156167  23.825  -66.567  -15.919 0.5000000000
12233  20.509  -73.247  -17.475 0.5000000000
19903  24.294  -65.969  -15.771 0.5000000000
22368  28.690  -64.808  -17.806 0.6999999881
21107  24.931  -65.443  -16.350 0.6000000238
22361  28.932  -64.635  -17.516 0.6999999881
23628  27.579  -64.022  -17.723 0.6000000238
22370  27.508  -64.657  -17.831 0.6000000238
23626  28.740  -63.909  -17.602 0.6999999881
23605  29.152  -62.958  -17.019 0.6999999881
26058  29.649  -61.794  -15.879 0.6000000238
24847  29.131  -62.649  -16.029 0.6000000238
171972  30.213  -61.202  -14.674 0.6000000238
26067  29.629  -61.485  -17.138 0.6000000238
27250  30.769  -60.494  -13.826 0.6000000238
28548  31.262  -59.038  -14.943 0.6999999881
27292  25.310  -59.543  -15.902 0.6999999881
27295  22.587  -60.339  -15.905 0.5000000000
28583  29.582  -59.755  -17.436 0.6999999881
27310  28.232  -60.290  -17.729 0.6999999881
27305  24.784  -59.974  -16.393 0.6000000238
17647  23.641  -67.859  -21.507 0.5000000000
19997  22.491  -66.663  -20.712 0.5000000000
147678  21.975  -66.088  -19.403 0.5000000000
16487  22.911  -69.191  -20.795 0.6999999881
171318  22.418  -67.722  -21.293 0.6000000238
13297  22.127  -72.337  -19.771 0.5000000000
14329  21.583  -71.535  -19.543 0.6999999881
15380  22.492  -69.859  -19.945 0.6999999881
158670  21.874  -69.442  -20.617 0.6000000238
148947  22.401  -68.729  -21.147 0.6000000238
12299  21.265  -74.516  -21.651 0.4000000060
12285  20.943  -73.759  -21.037 0.4000000060
13298  21.054  -72.342  -19.901 0.5000000000
19943  25.166  -66.136  -18.135 0.5000000000
21134  28.305  -66.060  -18.744 0.5000000000
21121  26.933  -65.656  -18.450 0.5000000000
21106  25.802  -65.447  -17.261 0.5000000000
21104  28.807  -65.291  -16.978 0.6000000238
21120  27.959  -65.388  -18.396 0.5000000000
152483  28.621  -64.008  -15.427 0.6999999881
23569  28.729  -63.478  -13.473 0.6000000238
153613  28.582  -63.723  -14.322 0.6999999881
23606  28.911  -63.484  -16.313 0.6999999881
23547  29.218  -62.887  -13.067 0.6000000238
23568  28.956  -62.958  -14.121 0.6000000238
23592  28.837  -63.176  -15.174 0.6999999881
25989  30.454  -61.807  -11.294 0.6999999881
153504  29.690  -62.197  -13.088 0.6000000238
24831  29.290  -62.409  -14.927 0.6000000238
155334  31.441  -59.831  -11.756 0.6000000238
27221  30.737  -61.157  -11.878 0.6999999881
26016  30.437  -61.169  -13.335 0.6999999881
31015  31.144  -57.940  -11.156 0.6000000238
28513  31.434  -59.205  -12.197 0.6000000238
175990  31.139  -59.998  -13.233 0.6999999881
28551  23.995  -59.162  -15.349 0.6000000238
28529  31.348  -59.183  -13.221 0.6999999881
27302  27.427  -59.954  -17.142 0.6999999881
27294  23.904  -59.635  -16.126 0.6000000238
175983  30.837  -57.370  -11.508 0.6999999881
29763  31.293  -58.431  -12.735 0.6000000238
29776  31.309  -58.236  -13.911 0.8000000119
28567  31.132  -58.730  -15.896 0.6999999881
28579  30.069  -59.111  -17.128 0.6999999881
28580  29.523  -59.162  -17.176 0.6999999881
172940  23.190  -66.649  -20.909 0.6000000238
16480  23.366  -69.551  -20.086 0.6999999881
16486  23.799  -68.841  -20.840 0.6999999881
17627  23.340  -68.520  -21.252 0.6000000238
13296  23.189  -72.261  -19.924 0.5000000000
14327  23.647  -71.421  -19.613 0.6999999881
163158  22.158  -74.435  -21.854 0.4000000060
13310  21.620  -73.000  -20.422 0.5000000000
149521  26.250  -66.043  -19.011 0.5000000000
172769  24.424  -66.327  -18.380 0.5000000000
19956  27.199  -66.383  -19.399 0.5000000000
19920  28.451  -66.172  -16.988 0.6000000238
162991  27.308  -65.566  -13.955 0.6000000238
21094  28.120  -65.656  -15.819 0.6999999881
19919  28.799  -65.728  -17.624 0.6999999881
22324  27.715  -65.002  -13.694 0.6999999881
21083  27.799  -65.237  -14.728 0.6999999881
158820  29.273  -63.154  -11.890 0.6000000238
22302  28.165  -64.397  -12.139 0.6000000238
22342  28.212  -64.506  -14.520 0.6999999881
25962  31.429  -61.858  -9.542 0.6999999881
25963  30.832  -61.855  -10.275 0.6999999881
24775  29.582  -63.092  -10.924 0.6999999881
27253  24.429  -60.183  -14.101 0.6000000238
27188  31.955  -60.243  -9.923 0.6000000238
25974  31.450  -61.083  -10.173 0.6999999881
24807  29.641  -62.469  -12.442 0.6999999881
155225  31.767  -56.422  -8.865 0.6000000238
31003  31.349  -57.864  -10.179 0.6000000238
171687  31.788  -58.097  -9.518 0.6000000238
28480  31.814  -59.387  -10.488 0.6000000238
25988  31.031  -61.105  -11.025 0.6999999881
26039  25.151  -60.262  -14.449 0.6000000238
32313  31.091  -57.046  -10.008 0.6000000238
29742  31.517  -58.617  -10.809 0.6000000238
28569  28.816  -58.827  -16.340 0.6999999881
28570  28.084  -59.561  -15.713 0.6000000238
27290  27.302  -59.731  -16.200 0.6999999881
147377  25.100  -59.598  -15.209 0.6000000238
33490  31.427  -55.623  -9.192 0.5000000000
32314  30.730  -56.346  -10.475 0.6000000238
31030  30.671  -57.001  -12.283 0.8000000119
31039  30.854  -56.799  -14.363 0.8000000119
32345  30.590  -56.887  -15.742 0.8000000119
31054  30.663  -57.513  -16.300 0.8000000119
29819  29.982  -58.396  -16.870 0.6999999881
28582  28.119  -59.552  -16.747 0.6999999881
31038  30.985  -57.468  -13.307 0.8000000119
166264  31.320  -57.775  -14.965 0.8000000119
17646  24.433  -67.636  -21.468 0.6999999881
18821  24.978  -67.098  -21.378 0.6999999881
19996  23.922  -66.386  -20.760 0.6000000238
14326  24.404  -71.450  -19.449 0.6999999881
19995  24.918  -66.531  -20.999 0.6000000238
149377  24.076  -72.218  -20.010 0.6000000238
19977  24.560  -66.129  -20.266 0.5000000000
155574  26.411  -66.543  -20.013 0.5000000000
23500  21.869  -63.290  -8.846 0.6000000238
18789  27.577  -67.115  -19.246 0.5000000000
24762  22.147  -63.001  -9.600 0.5000000000
18777  27.609  -67.345  -18.244 0.5000000000
24778  24.162  -63.272  -10.486 0.6000000238
19902  26.895  -66.701  -15.308 0.6999999881
19921  27.537  -66.816  -16.457 0.6000000238
21072  27.145  -65.560  -13.068 0.6999999881
19901  27.677  -66.286  -15.860 0.6999999881
24808  24.545  -62.447  -12.094 0.6000000238
23531  28.714  -63.935  -11.551 0.6999999881
22289  27.728  -65.062  -11.799 0.6000000238
24758  31.648  -62.557  -9.183 0.6999999881
23496  30.618  -63.585  -9.596 0.6999999881
23512  29.530  -63.703  -10.372 0.6999999881
26021  24.974  -61.240  -13.567 0.6000000238
26006  25.189  -62.067  -12.750 0.6000000238
155883  31.885  -61.125  -9.519 0.6000000238
24774  30.169  -62.624  -10.515 0.6999999881
26036  27.066  -60.986  -13.927 0.6000000238
26022  24.142  -60.882  -13.485 0.6000000238
29718  33.420  -58.514  -8.572 0.6000000238
28469  32.163  -59.351  -9.766 0.6000000238
27251  28.204  -59.924  -13.974 0.6999999881
27269  28.038  -59.883  -14.771 0.6000000238
26037  26.504  -60.763  -14.390 0.6000000238
32283  32.294  -57.170  -8.668 0.6000000238
33548  29.505  -55.591  -14.874 0.6000000238
32353  29.323  -56.250  -15.342 0.6000000238
31055  29.639  -56.957  -15.740 0.6999999881
172071  28.921  -58.347  -15.551 0.6000000238
27271  26.679  -60.085  -15.450 0.6000000238
33533  29.470  -54.998  -13.485 0.6000000238
32351  30.109  -56.409  -15.612 0.8000000119
33532  29.993  -55.463  -12.930 0.6000000238
32338  30.410  -56.059  -14.590 0.6999999881
29806  30.296  -57.660  -16.462 0.8000000119
16474  24.330  -69.273  -19.290 0.6999999881
17615  24.893  -68.521  -20.131 0.6999999881
17624  25.523  -67.917  -20.827 0.6999999881
14316  24.559  -70.966  -19.019 0.6999999881
15372  24.074  -70.254  -19.307 0.6999999881
18820  25.700  -67.366  -21.030 0.6000000238
19975  26.162  -66.993  -20.579 0.6000000238
23467  23.337  -63.468  -7.542 0.6000000238
23453  21.835  -63.602  -6.776 0.6000000238
23482  23.214  -63.580  -8.480 0.6000000238
23484  21.501  -63.499  -8.091 0.6000000238
17605  26.846  -67.737  -18.668 0.6000000238
23498  23.430  -63.490  -9.393 0.5000000000
154574  26.096  -67.256  -14.729 0.6999999881
18764  27.168  -67.402  -16.997 0.6999999881
158761  25.361  -62.724  -10.010 0.4000000060
23515  23.591  -63.374  -10.023 0.5000000000
21073  26.666  -66.214  -12.673 0.6999999881
19871  26.257  -66.748  -13.212 0.8000000119
24777  25.479  -62.712  -10.896 0.5000000000
21044  27.690  -65.551  -11.247 0.6000000238
19870  26.773  -66.092  -13.614 0.6999999881
24793  26.290  -62.105  -11.872 0.6000000238
157698  29.364  -64.350  -10.219 0.6999999881
22288  28.244  -64.750  -11.138 0.6999999881
27237  27.594  -60.625  -12.662 0.6999999881
26004  26.653  -61.653  -12.536 0.6000000238
25961  32.771  -62.017  -8.761 0.6999999881
23495  31.679  -63.319  -9.267 0.6999999881
29778  28.299  -58.211  -13.225 0.5000000000
26018  27.168  -61.222  -13.088 0.6000000238
28454  34.571  -59.679  -8.465 0.6000000238
177394  32.917  -60.684  -8.792 0.6000000238
153987  32.128  -61.683  -8.991 0.6999999881
27236  28.166  -59.870  -13.009 0.6999999881
28455  33.960  -59.089  -8.482 0.6000000238
159389  32.434  -59.928  -9.406 0.6000000238
32347  28.721  -56.055  -14.879 0.5000000000
29777  28.551  -58.588  -13.646 0.6000000238
30978  32.888  -57.868  -8.591 0.6000000238
34756  29.071  -54.606  -12.913 0.6000000238
33541  28.853  -55.208  -14.415 0.5000000000
29792  29.066  -57.649  -15.342 0.6999999881
34746  29.286  -54.507  -11.931 0.6000000238
16469  24.429  -69.424  -18.313 0.6999999881
17607  24.969  -68.657  -19.116 0.6999999881
17606  25.834  -68.170  -18.923 0.6000000238
18790  26.716  -67.448  -19.700 0.6000000238
24710  23.535  -63.247  -6.671 0.4000000060
23437  21.493  -63.248  -6.190 0.5000000000
17589  26.510  -67.880  -17.408 0.6000000238
152923  24.535  -62.637  -7.917 0.5000000000
24712  19.960  -62.483  -6.631 0.6000000238
17576  25.269  -68.426  -15.517 0.6999999881
173183  25.521  -67.877  -14.246 0.6999999881
24761  24.592  -63.232  -9.718 0.5000000000
19860  26.413  -66.905  -12.422 0.6999999881
163099  26.007  -62.076  -10.423 0.4000000060
21025  31.011  -65.425  -10.355 0.6999999881
21026  30.160  -65.578  -10.164 0.6999999881
19848  28.447  -66.867  -10.948 0.6999999881
27222  26.876  -60.530  -11.108 0.6000000238
23493  33.019  -63.371  -9.444 0.6999999881
22257  31.940  -64.280  -9.735 0.6999999881
21027  29.465  -65.297  -10.108 0.6999999881
153706  28.879  -65.603  -10.363 0.6999999881
28496  27.284  -59.719  -11.611 0.5000000000
25990  27.346  -60.622  -11.899 0.5000000000
25947  33.998  -61.308  -8.594 0.6000000238
24756  33.304  -62.646  -9.033 0.6999999881
172451  31.633  -63.873  -9.441 0.6999999881
22259  30.590  -64.245  -9.613 0.6999999881
29755  27.459  -58.929  -11.890 0.5000000000
29716  34.735  -58.747  -8.465 0.5000000000
27172  34.312  -60.533  -8.526 0.6000000238
27173  33.449  -60.759  -8.614 0.6000000238
16462  24.497  -69.945  -16.623 0.6999999881
17591  24.712  -69.051  -16.744 0.6999999881
24688  22.528  -62.749  -5.487 0.4000000060
16453  24.745  -69.616  -15.745 0.6999999881
17598  25.670  -68.350  -17.688 0.6999999881
25892  21.248  -62.022  -5.657 0.4000000060
17577  24.830  -68.978  -15.788 0.6999999881
25907  20.414  -61.739  -6.156 0.6000000238
17519  26.008  -68.041  -12.911 0.8000000119
17559  25.395  -68.571  -14.088 0.6999999881
18689  28.187  -67.862  -11.867 0.6000000238
18691  26.490  -67.575  -12.380 0.6000000238
29708  19.019  -58.604  -7.538 0.6000000238
19831  29.926  -66.250  -10.632 0.6999999881
18663  28.754  -67.324  -11.396 0.6999999881
18664  27.764  -67.203  -11.325 0.6000000238
22271  32.247  -64.677  -10.557 0.6000000238
24773  33.861  -62.984  -9.713 0.6000000238
32303  17.270  -56.144  -9.697 0.5000000000
25946  34.840  -61.121  -8.801 0.6000000238
155904  34.167  -62.330  -9.201 0.6999999881
28452  36.127  -59.173  -8.895 0.5000000000
16437  25.302  -69.306  -14.389 0.6999999881
162076  21.651  -61.284  -5.332 0.4000000060
17542  26.234  -68.597  -13.171 0.8000000119
27138  20.651  -60.755  -6.068 0.5000000000
17516  28.646  -68.200  -12.658 0.8000000119
28443  20.115  -59.332  -6.831 0.4000000060
28412  20.939  -59.940  -6.038 0.4000000060
17517  27.638  -68.337  -12.454 0.6999999881
30967  19.590  -57.722  -7.904 0.4000000060
28430  20.331  -60.060  -6.450 0.5000000000
22270  33.146  -64.116  -10.978 0.6000000238
21042  31.342  -65.677  -11.117 0.6000000238
19846  30.139  -66.609  -11.350 0.6999999881
30981  19.743  -56.942  -8.397 0.4000000060
23508  34.196  -63.071  -10.644 0.6000000238
23509  33.481  -63.582  -10.228 0.6000000238
32302  17.993  -55.720  -9.788 0.4000000060
30983  18.033  -57.209  -8.800 0.6000000238
159466  35.401  -61.268  -9.405 0.6000000238
27185  36.152  -60.324  -9.467 0.5000000000
165027  36.628  -58.912  -9.349 0.5000000000
27123  21.929  -60.507  -5.083 0.4000000060
16436  25.937  -69.656  -14.109 0.8000000119
28429  21.161  -59.161  -6.078 0.4000000060
17541  27.083  -68.785  -13.020 0.6999999881
150769  20.337  -57.867  -7.408 0.4000000060
18687  30.020  -67.307  -12.427 0.6000000238
18688  29.136  -67.652  -12.134 0.6999999881
21041  32.027  -65.241  -11.324 0.6000000238
19845  30.933  -66.216  -11.666 0.6000000238
32286  20.161  -56.464  -8.380 0.4000000060
32301  18.938  -55.582  -9.725 0.4000000060
164762  35.470  -61.637  -10.174 0.6000000238
158612  17.710  -54.905  -9.991 0.4000000060
27201  35.934  -60.906  -9.811 0.4000000060
28410  22.195  -59.725  -4.834 0.4000000060
17539  29.146  -68.448  -13.505 0.6999999881
29694  21.340  -58.312  -6.173 0.4000000060
18705  30.333  -67.545  -13.339 0.6999999881
18706  29.565  -67.883  -12.980 0.6000000238
165554  20.633  -57.289  -7.388 0.4000000060
22300  33.294  -64.267  -11.940 0.6000000238
21058  32.374  -65.185  -12.076 0.6000000238
33495  19.089  -54.583  -10.120 0.4000000060
24791  34.746  -62.582  -11.162 0.6000000238
35914  17.714  -53.732  -9.862 0.3000000119
27219  36.057  -60.989  -10.707 0.4000000060
27200  36.510  -60.258  -10.222 0.4000000060
161293  36.497  -60.359  -11.247 0.4000000060
30965  20.624  -56.636  -7.668 0.4000000060
33484  20.262  -54.872  -8.967 0.4000000060
23546  33.673  -63.974  -12.683 0.6000000238
24806  34.769  -62.633  -12.070 0.6000000238
152773  34.289  -63.245  -12.578 0.6000000238
27218  36.421  -60.348  -12.260 0.4000000060
27234  35.937  -60.995  -12.803 0.5000000000
28494  36.865  -59.737  -11.774 0.4000000060
33426  17.684  -55.877  -4.613 0.3000000119
28512  36.769  -59.687  -12.732 0.4000000060
33443  22.357  -55.843  -5.486 0.4000000060
35873  18.406  -53.028  -6.994 0.3000000119
30910  18.467  -57.919  -2.929 0.4000000060
33423  22.843  -55.919  -4.915 0.4000000060
34682  21.614  -53.622  -7.007 0.4000000060
37039  19.374  -51.323  -7.470 0.3000000119
38300  20.342  -51.138  -8.075 0.3000000119
33425  18.478  -55.563  -4.347 0.3000000119
34672  18.504  -54.494  -5.638 0.3000000119
32220  18.265  -57.027  -3.476 0.3000000119
34670  22.621  -54.072  -5.731 0.4000000060
35871  21.969  -52.768  -6.863 0.4000000060
35879  21.439  -52.722  -7.545 0.4000000060
35859  18.824  -53.562  -6.095 0.3000000119
33445  18.853  -54.903  -4.877 0.3000000119
32184  14.807  -56.534  -0.817 0.4000000060
165992  13.231  -54.887  -1.128 0.3000000119
171358  13.134  -54.397  -1.701 0.3000000119
33411  18.969  -55.873  -3.561 0.3000000119
163203  18.660  -57.168  -2.641 0.3000000119
37037  22.327  -51.780  -6.574 0.4000000060
37038  21.611  -51.583  -7.269 0.4000000060
38283  20.335  -50.868  -7.381 0.3000000119
177344  19.597  -52.225  -6.032 0.3000000119
171675  19.690  -53.848  -4.970 0.3000000119
30886  16.879  -57.922  -1.149 0.3000000119
33424  19.255  -55.243  -4.116 0.3000000119
34582  14.074  -54.865  -0.802 0.3000000119
32218  19.422  -56.046  -2.693 0.3000000119
34581  14.977  -54.791  -0.686 0.4000000060
34604  13.785  -54.292  -1.314 0.3000000119
164793  14.975  -53.775  -1.294 0.3000000119
35821  14.450  -53.488  -2.619 0.3000000119
38281  21.698  -50.922  -6.850 0.4000000060
38266  20.533  -50.801  -6.512 0.4000000060
37019  19.991  -52.228  -5.551 0.3000000119
30876  15.648  -56.816  -0.783 0.4000000060
34654  20.109  -54.111  -4.351 0.3000000119
172901  17.494  -56.721  -0.705 0.3000000119
33372  15.549  -55.439  -0.563 0.4000000060
33371  16.466  -55.278  -0.512 0.4000000060
149673  15.202  -53.148  -2.665 0.3000000119
39536  21.346  -50.714  -6.262 0.4000000060
37027  20.470  -51.368  -5.723 0.4000000060
35847  20.663  -53.509  -4.056 0.4000000060
34637  20.538  -54.412  -3.515 0.4000000060
177312  20.283  -55.055  -3.113 0.3000000119
33368  19.395  -55.395  -0.919 0.3000000119
156218  17.950  -56.154  -0.598 0.3000000119
34578  17.901  -54.614  -0.529 0.3000000119
35783  17.371  -53.891  -0.751 0.5000000000
178235  16.389  -54.607  -0.610 0.4000000060
35784  16.345  -53.954  -0.845 0.4000000060
36994  15.577  -52.663  -3.192 0.3000000119
37017  21.475  -51.892  -4.232 0.4000000060
35833  21.180  -53.901  -3.116 0.4000000060
34621  20.759  -54.679  -2.525 0.3000000119
35781  19.264  -53.796  -0.609 0.3000000119
36957  18.781  -53.063  -0.662 0.3000000119
156148  19.171  -51.719  -0.842 0.3000000119
33385  19.956  -55.591  -1.655 0.3000000119
34601  20.199  -54.920  -1.210 0.3000000119
35782  18.317  -53.830  -0.643 0.3000000119
36958  17.787  -53.066  -0.956 0.3000000119
36979  17.627  -52.369  -1.337 0.3000000119
34577  18.871  -54.613  -0.582 0.3000000119
35803  17.062  -52.754  -1.454 0.3000000119
36980  15.761  -52.949  -2.175 0.3000000119
38255  16.157  -50.991  -4.804 0.3000000119
37016  24.031  -51.702  -5.184 0.3000000119
39533  22.998  -50.804  -5.295 0.3000000119
38242  22.172  -51.533  -3.833 0.3000000119
173745  22.207  -52.553  -2.190 0.3000000119
36954  21.064  -52.202  -0.644 0.3000000119
38219  19.873  -51.180  -0.759 0.3000000119
37005  21.989  -52.435  -3.298 0.3000000119
160829  21.709  -52.989  -1.529 0.3000000119
36955  20.520  -52.941  -0.642 0.3000000119
38202  20.095  -52.129  -0.561 0.3000000119
39486  18.945  -50.881  -1.368 0.3000000119
38229  18.030  -51.023  -1.829 0.3000000119
36992  17.109  -52.060  -1.852 0.3000000119
38230  17.248  -51.313  -2.263 0.3000000119
158818  16.062  -52.339  -2.738 0.3000000119
38243  16.717  -50.966  -3.416 0.3000000119
38249  25.325  -51.691  -4.448 0.3000000119
39511  23.165  -50.736  -4.495 0.3000000119
37004  22.433  -51.925  -2.995 0.3000000119
36974  22.441  -51.578  -1.578 0.3000000119
38218  20.810  -51.363  -0.613 0.3000000119
39498  19.062  -50.117  -1.709 0.3000000119
39500  17.532  -50.557  -2.627 0.3000000119
39513  17.146  -50.085  -3.599 0.3000000119
39524  16.254  -50.215  -5.290 0.3000000119
178511  20.384  -50.072  -1.021 0.3000000119
39485  19.721  -50.383  -1.173 0.3000000119
40714  18.252  -49.132  -3.160 0.3000000119
40715  17.539  -49.361  -3.766 0.3000000119
39514  16.615  -50.360  -4.424 0.3000000119
39523  16.806  -49.638  -4.680 0.3000000119
40700  20.352  -48.914  -1.711 0.3000000119
40701  19.692  -49.477  -1.717 0.3000000119
40713  19.034  -48.888  -2.710 0.3000000119
41898  21.908  -48.612  -1.183 0.3000000119
41915  20.550  -48.266  -2.067 0.3000000119
41926  20.080  -47.877  -2.915 0.3000000119
41927  19.327  -48.174  -3.258 0.3000000119
41928  18.560  -48.467  -3.591 0.3000000119
41941  17.966  -48.157  -4.339 0.3000000119
41942  17.111  -48.434  -4.765 0.3000000119
13253  20.499  -72.148  -16.208 0.5000000000
12248  20.027  -73.908  -18.221 0.5000000000
11253  20.376  -74.753  -18.674 0.4000000060
26076  27.872  -61.217  -18.067 0.6999999881
27303  26.668  -60.371  -17.138 0.6999999881
11300  20.607  -75.425  -21.903 0.4000000060
11242  20.885  -74.111  -17.894 0.5000000000
26017  29.985  -61.693  -13.573 0.6000000238
19955  28.166  -66.668  -18.695 0.5000000000
177572  30.199  -61.701  -12.500 0.6000000238
18707  26.017  -67.447  -12.956 0.8000000119
18742  26.051  -67.856  -16.235 0.6999999881
19849  27.333  -66.341  -11.382 0.6000000238
29715  35.618  -58.592  -8.662 0.5000000000
21011  30.726  -64.887  -9.822 0.6999999881
32288  18.617  -56.427  -9.296 0.4000000060
29730  36.328  -58.424  -9.052 0.5000000000
23528  34.295  -63.145  -11.572 0.6000000238
28465  37.049  -58.984  -9.853 0.4000000060
19857  31.187  -66.366  -12.572 0.6000000238
22301  32.983  -64.705  -12.618 0.6000000238
34716  19.448  -53.712  -10.095 0.3000000119
24790  35.232  -62.129  -11.645 0.4000000060
24805  35.230  -62.115  -12.476 0.4000000060
33457  22.098  -54.988  -6.014 0.4000000060
39535  21.596  -50.806  -5.683 0.3000000119
38251  24.054  -51.044  -4.878 0.3000000119
18740  30.979  -68.077  -15.205 0.5000000000
17557  29.588  -68.642  -14.330 0.5000000000
17558  28.736  -68.976  -14.034 0.6999999881
16452  27.541  -70.121  -14.908 0.6999999881
15321  25.445  -70.003  -14.727 0.6000000238
157102  30.583  -67.734  -14.051 0.5000000000
17538  29.987  -68.109  -13.801 0.6000000238
16413  28.135  -69.153  -13.814 0.6000000238
15359  25.121  -71.098  -17.459 0.6000000238
15365  24.356  -70.285  -18.676 0.6000000238
15336  28.077  -70.484  -15.574 0.6999999881
15348  26.449  -71.088  -15.944 0.6000000238
163012  25.396  -71.201  -16.758 0.6000000238
15337  26.980  -70.627  -15.405 0.6999999881
15338  25.869  -70.576  -15.323 0.6000000238
15360  24.509  -70.312  -17.599 0.6000000238
19884  31.602  -66.802  -14.258 0.5000000000
14293  28.079  -71.471  -16.570 0.6999999881
14304  26.673  -71.962  -17.113 0.6999999881
14314  26.293  -72.165  -17.892 0.6000000238
154018  25.524  -71.584  -18.215 0.6000000238
15346  28.534  -70.847  -16.192 0.6000000238
15347  27.553  -71.042  -16.008 0.6999999881
14305  25.830  -71.642  -17.290 0.6000000238
15344  30.059  -70.123  -16.833 0.6000000238
19883  32.276  -66.266  -14.735 0.5000000000
19868  31.388  -66.573  -13.433 0.5000000000
14292  28.958  -71.254  -16.762 0.6999999881
13264  27.209  -72.506  -17.646 0.6000000238
14325  25.123  -71.973  -19.443 0.6000000238
153379  32.819  -65.730  -15.282 0.5000000000
19867  32.066  -66.134  -13.904 0.5000000000
23604  34.120  -63.783  -15.500 0.5000000000
21081  32.734  -65.474  -14.387 0.5000000000
24830  34.763  -62.377  -14.866 0.4000000060
24848  22.467  -62.615  -15.864 0.4000000060
161119  24.561  -62.906  -16.846 0.4000000060
150194  23.888  -63.067  -16.431 0.4000000060
23616  24.744  -63.720  -16.400 0.5000000000
23615  25.504  -64.272  -16.555 0.5000000000
23617  24.031  -63.912  -15.816 0.5000000000
22341  33.354  -64.669  -14.390 0.5000000000
22353  24.097  -64.770  -15.344 0.5000000000
18666  21.367  -66.592  -11.677 0.6000000238
23591  33.975  -63.860  -14.490 0.4000000060
22362  25.731  -64.908  -16.717 0.5000000000
22343  23.600  -65.008  -14.655 0.5000000000
156953  22.585  -65.898  -12.390 0.5000000000
23607  22.370  -63.289  -15.381 0.5000000000
23593  22.370  -63.822  -14.829 0.5000000000
175046  21.405  -63.458  -14.113 0.5000000000
22344  22.853  -64.494  -14.348 0.5000000000
170603  21.175  -64.185  -12.728 0.5000000000
22325  22.621  -64.734  -13.446 0.5000000000
21060  22.160  -65.548  -12.041 0.5000000000
156057  34.492  -62.967  -13.427 0.5000000000
21085  23.250  -65.280  -13.869 0.5000000000
26056  35.107  -61.759  -15.452 0.4000000060
24819  34.923  -62.381  -13.902 0.4000000060
26032  35.498  -61.147  -14.346 0.4000000060
28572  22.675  -59.267  -15.317 0.5000000000
22327  20.344  -63.911  -12.992 0.5000000000
22321  33.513  -64.312  -13.560 0.5000000000
24818  35.256  -61.992  -13.265 0.4000000060
28532  23.148  -59.073  -14.242 0.5000000000
29779  21.834  -58.429  -14.112 0.5000000000
29794  20.396  -58.551  -13.778 0.5000000000
164997  22.136  -58.771  -14.713 0.5000000000
26014  35.566  -61.363  -13.509 0.4000000060
27255  22.897  -59.545  -13.425 0.5000000000
28534  21.651  -58.444  -13.471 0.5000000000
27239  22.448  -60.146  -12.607 0.5000000000
28497  21.757  -59.610  -12.412 0.5000000000
29768  20.134  -58.210  -12.952 0.5000000000
28535  18.941  -59.137  -13.546 0.4000000060
26008  22.735  -61.223  -12.120 0.5000000000
28518  19.662  -58.536  -12.477 0.6000000238
29783  18.849  -58.714  -13.014 0.6000000238
147319  24.304  -61.695  -12.887 0.5000000000
25993  22.336  -61.559  -11.408 0.5000000000
28498  21.019  -59.559  -11.978 0.5000000000
28499  20.059  -59.189  -11.852 0.6000000238
166527  18.891  -58.703  -12.540 0.6000000238
28537  17.246  -59.680  -12.884 0.6000000238
27257  16.535  -60.421  -13.430 0.5000000000
27259  14.587  -61.286  -13.362 0.5000000000
24822  13.463  -62.299  -13.377 0.5000000000
25992  23.028  -62.022  -11.659 0.5000000000
24797  22.818  -62.361  -11.022 0.5000000000
25978  21.301  -61.476  -10.603 0.5000000000
25994  21.158  -60.773  -11.118 0.5000000000
25979  20.506  -61.068  -10.559 0.6000000238
28519  18.226  -59.270  -12.026 0.6000000238
28520  17.358  -59.609  -12.231 0.6000000238
28539  15.782  -60.568  -13.190 0.6000000238
26024  13.795  -61.571  -13.282 0.5000000000
28490  10.361  -59.432  -9.939 0.5000000000
26026  10.702  -62.480  -13.241 0.5000000000
24796  23.767  -62.714  -11.369 0.5000000000
24780  22.462  -62.665  -10.314 0.5000000000
24781  21.546  -62.280  -10.030 0.6000000238
25964  20.125  -61.715  -9.780 0.6000000238
27190  18.767  -61.224  -9.938 0.6000000238
28500  18.518  -59.976  -11.238 0.6000000238
27207  18.245  -60.758  -10.409 0.6000000238
28502  16.624  -60.166  -11.668 0.6000000238
28485  16.569  -60.503  -10.835 0.6000000238
149807  15.594  -60.372  -12.461 0.6000000238
27242  13.397  -61.094  -12.757 0.5000000000
160738  12.914  -61.817  -13.173 0.5000000000
27243  12.520  -61.242  -12.514 0.5000000000
25995  11.600  -61.286  -12.220 0.5000000000
26009  10.784  -61.783  -12.749 0.5000000000
25997  9.861  -61.339  -12.106 0.5000000000
24764  20.692  -62.401  -9.349 0.6000000238
24765  19.696  -62.307  -8.989 0.6000000238
162148  18.435  -61.651  -9.192 0.6000000238
27192  17.215  -61.136  -9.057 0.6000000238
27191  17.922  -61.276  -9.613 0.6000000238
27209  16.546  -60.714  -9.953 0.6000000238
27194  15.834  -60.548  -10.009 0.6000000238
28504  14.852  -60.415  -11.559 0.5000000000
153709  14.558  -60.185  -10.497 0.5000000000
28523  13.855  -60.632  -12.231 0.5000000000
165217  12.844  -60.158  -10.860 0.5000000000
28488  12.645  -59.209  -10.121 0.6000000238
27228  11.274  -60.734  -11.347 0.5000000000
28506  12.101  -59.772  -10.534 0.5000000000
29748  11.884  -58.919  -9.877 0.5000000000
29738  10.510  -58.611  -8.820 0.5000000000
24735  18.658  -62.081  -7.865 0.6000000238
27176  17.108  -60.613  -8.363 0.6000000238
28471  15.355  -59.944  -9.356 0.6000000238
28486  13.995  -59.552  -10.030 0.6000000238
29746  13.151  -58.481  -9.795 0.6000000238
29736  11.796  -58.243  -9.388 0.5000000000
27156  18.368  -60.797  -7.311 0.6000000238
29735  14.338  -58.688  -9.624 0.6000000238
31009  13.600  -57.698  -9.693 0.6000000238
169999  12.019  -57.791  -9.106 0.5000000000
28444  18.642  -59.362  -7.355 0.6000000238
164784  18.089  -59.920  -7.483 0.6000000238
29722  17.188  -58.768  -8.145 0.6000000238
29723  15.945  -58.712  -8.763 0.6000000238
30998  14.884  -57.769  -9.636 0.6000000238
32316  14.037  -56.999  -9.724 0.5000000000
29721  17.616  -58.047  -8.293 0.6000000238
30984  16.660  -58.023  -8.663 0.6000000238
30995  17.102  -56.964  -9.242 0.6000000238
29734  15.694  -57.905  -9.222 0.6000000238
32305  15.408  -56.103  -9.743 0.6000000238
151801  14.876  -55.798  -9.462 0.5000000000
150812  16.314  -55.473  -9.741 0.4000000060
15350  24.749  -70.283  -16.044 0.6000000238
15320  26.403  -70.210  -14.719 0.6999999881
21071  31.843  -65.959  -13.076 0.5000000000
22322  32.910  -65.011  -13.591 0.5000000000
22350  33.737  -64.447  -15.807 0.5000000000
22340  33.693  -64.345  -15.075 0.5000000000
21061  21.010  -65.275  -11.851 0.6000000238
27225  19.556  -59.880  -11.269 0.6000000238
27206  19.133  -60.566  -10.642 0.6000000238
28503  15.800  -60.315  -11.725 0.6000000238
28505  13.572  -60.378  -11.331 0.5000000000
28445  17.242  -59.717  -7.946 0.6000000238
28459  15.904  -59.511  -8.813 0.6000000238
30997  15.522  -56.915  -9.691 0.6000000238
32306  14.506  -56.383  -9.654 0.6000000238
155596  20.354  -72.307  -14.694 0.4000000060
11157  20.804  -73.761  -11.721 0.5000000000
11179  20.966  -75.105  -12.816 0.5000000000
155181  20.647  -74.136  -12.590 0.4000000060
11198  20.760  -73.500  -14.155 0.4000000060
12198  21.141  -73.730  -14.861 0.4000000060
153664  20.974  -72.780  -14.854 0.4000000060
10194  21.839  -75.534  -12.451 0.5000000000
11156  21.843  -74.407  -11.282 0.5000000000
165331  21.109  -74.643  -15.001 0.5000000000
11216  21.331  -74.062  -15.629 0.5000000000
12224  21.324  -73.384  -16.225 0.4000000060
10206  22.127  -76.161  -12.960 0.5000000000
9305  21.694  -76.599  -14.406 0.5000000000
9311  21.698  -76.199  -15.991 0.5000000000
10253  21.625  -75.299  -16.655 0.5000000000
11241  21.440  -74.596  -17.347 0.4000000060
9336  21.807  -75.546  -17.609 0.4000000060
9304  22.707  -77.066  -14.255 0.5000000000
177438  22.103  -77.061  -15.232 0.5000000000
8431  22.934  -77.625  -16.733 0.5000000000
9322  22.253  -76.935  -16.382 0.5000000000
9335  22.212  -76.441  -17.307 0.5000000000
11252  21.236  -74.956  -18.270 0.4000000060
13307  24.312  -72.835  -20.368 0.5000000000
13309  22.700  -72.899  -20.516 0.4000000060
12298  22.927  -74.089  -21.710 0.4000000060
11298  22.606  -75.005  -22.281 0.4000000060
11308  21.929  -75.753  -22.455 0.4000000060
10322  21.097  -76.092  -22.168 0.4000000060
174531  22.488  -77.023  -17.030 0.5000000000
9385  21.384  -76.719  -21.928 0.4000000060
9373  21.006  -76.665  -21.144 0.4000000060
10291  20.681  -76.237  -20.225 0.4000000060
7611  23.561  -78.211  -18.042 0.4000000060
9346  22.562  -76.709  -18.823 0.5000000000
171631  21.317  -75.994  -19.457 0.4000000060
10279  22.182  -76.186  -18.216 0.4000000060
11286  23.918  -73.405  -20.882 0.4000000060
151399  23.067  -76.398  -22.850 0.4000000060
9400  21.930  -76.474  -22.418 0.4000000060
177608  24.048  -78.796  -17.760 0.4000000060
9372  21.867  -77.081  -21.529 0.4000000060
9359  21.489  -76.464  -20.095 0.4000000060
7640  23.946  -78.662  -19.784 0.4000000060
8484  22.926  -77.279  -19.539 0.4000000060
8496  22.515  -77.418  -20.779 0.4000000060
9347  21.966  -76.202  -19.166 0.4000000060
13295  24.740  -72.336  -19.867 0.5000000000
12282  24.477  -73.415  -20.556 0.4000000060
11285  24.329  -74.308  -21.065 0.4000000060
10305  24.874  -75.469  -21.179 0.4000000060
9397  24.045  -76.946  -22.820 0.4000000060
9398  23.315  -77.180  -22.891 0.4000000060
8504  23.103  -78.231  -22.214 0.4000000060
8505  22.503  -77.708  -21.886 0.4000000060
153945  24.425  -79.039  -20.397 0.4000000060
177817  24.180  -78.923  -21.211 0.4000000060
8495  23.145  -78.167  -21.377 0.4000000060
13279  25.794  -72.168  -18.890 0.5000000000
12266  25.644  -73.415  -19.666 0.5000000000
13278  26.699  -72.837  -18.342 0.6000000238
11267  25.947  -74.392  -19.819 0.5000000000
157362  24.565  -75.992  -21.807 0.4000000060
9383  24.744  -76.722  -22.356 0.4000000060
8513  24.659  -77.977  -22.474 0.4000000060
7658  25.545  -78.487  -21.561 0.4000000060
11266  26.963  -74.725  -19.754 0.4000000060
13277  27.732  -73.098  -18.216 0.5000000000
11282  27.341  -75.187  -20.636 0.4000000060
10318  26.246  -76.371  -21.933 0.4000000060
12263  28.470  -74.128  -20.041 0.5000000000
11281  28.084  -74.723  -21.084 0.4000000060
10303  26.730  -75.746  -21.245 0.4000000060
10317  27.133  -75.779  -22.521 0.4000000060
13276  28.794  -73.025  -18.445 0.6000000238
13263  28.211  -72.525  -17.666 0.6000000238
12262  29.113  -73.436  -20.357 0.5000000000
12280  28.584  -73.865  -21.548 0.4000000060
16433  29.114  -69.258  -14.761 0.5000000000
24747  21.038  -63.076  -8.669 0.5000000000
24734  19.306  -62.394  -7.213 0.5000000000
27139  19.904  -60.910  -6.449 0.5000000000
23485  20.634  -63.288  -7.829 0.5000000000
25908  19.484  -61.708  -6.665 0.5000000000
24749  19.341  -62.545  -8.103 0.5000000000
151510  20.926  -75.321  -13.634 0.5000000000
11197  20.877  -74.547  -14.257 0.5000000000
11297  23.487  -74.600  -21.880 0.4000000060
10306  24.082  -75.306  -21.822 0.4000000060
8483  23.329  -77.987  -20.262 0.4000000060
11284  25.374  -74.890  -20.478 0.4000000060
10304  25.781  -75.815  -20.913 0.4000000060
8514  23.980  -77.841  -22.787 0.4000000060
7666  24.280  -78.389  -22.346 0.4000000060
12246  27.147  -73.554  -18.768 0.5000000000
9395  26.338  -76.846  -22.604 0.4000000060
12245  28.202  -73.664  -18.963 0.5000000000
12244  28.884  -73.490  -19.360 0.6000000238
160725  27.522  -75.243  -21.941 0.5000000000
14313  29.804  -72.113  -18.991 0.5000000000
23638  35.725  -63.331  -19.918 0.3000000119
22379  34.481  -64.055  -20.104 0.3000000119
22373  34.327  -63.981  -19.178 0.3000000119
162901  35.362  -63.170  -19.109 0.3000000119
24876  37.086  -62.918  -18.524 0.3000000119
23622  38.131  -63.199  -19.000 0.3000000119
154942  38.421  -62.750  -17.369 0.3000000119
21145  33.592  -65.234  -20.173 0.3000000119
19974  33.176  -65.863  -19.822 0.4000000060
19953  33.200  -65.903  -18.881 0.4000000060
22378  35.257  -63.762  -20.381 0.3000000119
19940  32.939  -66.392  -18.070 0.4000000060
22374  33.838  -64.609  -18.669 0.4000000060
19899  32.417  -66.434  -15.505 0.4000000060
166466  31.499  -67.690  -15.472 0.4000000060
23640  36.007  -63.664  -20.472 0.3000000119
22366  34.231  -63.905  -18.223 0.3000000119
22360  33.780  -64.523  -16.696 0.4000000060
156765  36.739  -62.297  -17.019 0.3000000119
24870  34.891  -62.648  -17.461 0.3000000119
17612  32.073  -67.839  -20.099 0.4000000060
16478  31.270  -69.162  -19.934 0.4000000060
16473  30.876  -69.850  -18.146 0.4000000060
16468  30.700  -69.664  -17.249 0.4000000060
19992  33.325  -65.848  -20.724 0.4000000060
18799  32.508  -67.238  -19.641 0.4000000060
17603  32.152  -67.903  -18.960 0.4000000060
16467  31.309  -69.189  -17.698 0.4000000060
17587  31.317  -68.528  -16.442 0.4000000060
21150  33.799  -65.306  -20.828 0.3000000119
18787  32.548  -67.209  -18.527 0.4000000060
169270  32.091  -67.787  -17.064 0.4000000060
17574  30.600  -68.562  -15.458 0.4000000060
21148  35.372  -64.963  -21.242 0.3000000119
18761  32.325  -67.218  -16.632 0.4000000060
17573  31.192  -68.299  -15.817 0.4000000060
22382  36.622  -64.160  -20.645 0.3000000119
155059  33.268  -65.262  -16.054 0.4000000060
23612  34.177  -63.792  -16.397 0.4000000060
160810  30.358  -70.202  -20.893 0.4000000060
14324  30.097  -71.545  -19.761 0.4000000060
16500  30.571  -69.686  -21.507 0.4000000060
16484  30.729  -69.731  -20.410 0.4000000060
15371  30.453  -70.625  -19.743 0.4000000060
14312  30.154  -71.358  -18.796 0.4000000060
18836  33.619  -67.222  -21.630 0.3000000119
18819  32.656  -67.126  -21.056 0.4000000060
19998  36.041  -66.527  -21.365 0.3000000119
19990  35.962  -65.687  -21.304 0.3000000119
16460  30.461  -69.429  -16.492 0.4000000060
22381  37.266  -64.846  -20.647 0.3000000119
171730  29.793  -72.231  -19.812 0.4000000060
13292  29.777  -71.734  -20.766 0.4000000060
24845  34.750  -62.376  -15.774 0.3000000119
26065  35.159  -61.907  -16.220 0.3000000119
24860  34.801  -62.462  -16.631 0.3000000119
16461  29.764  -69.820  -16.160 0.4000000060
15358  30.306  -70.376  -17.605 0.4000000060
153464  29.632  -71.881  -18.156 0.4000000060
13293  29.508  -72.607  -20.603 0.4000000060
21133  33.516  -65.265  -19.226 0.3000000119
24868  36.470  -62.600  -17.843 0.3000000119
24867  37.608  -62.795  -17.801 0.3000000119
153258  32.436  -67.294  -20.555 0.4000000060
22367  33.799  -64.571  -17.657 0.4000000060
173160  32.487  -67.183  -17.509 0.4000000060
177892  33.084  -65.889  -17.351 0.4000000060
18762  31.765  -67.926  -16.319 0.4000000060
23625  34.194  -63.822  -17.300 0.4000000060
17613  31.586  -68.440  -20.622 0.4000000060
16479  30.894  -69.889  -19.217 0.4000000060
16472  31.369  -69.247  -18.742 0.4000000060
18818  33.214  -66.618  -21.232 0.3000000119
17596  32.147  -67.900  -17.881 0.4000000060
21151  35.009  -65.835  -21.450 0.3000000119
17623  31.583  -68.598  -21.563 0.4000000060
18837  32.842  -67.491  -21.434 0.3000000119
19999  35.221  -66.655  -21.504 0.3000000119
11096  21.461  -73.967  -5.512 0.3000000119
11097  20.978  -74.145  -6.277 0.3000000119
12046  22.230  -73.403  -5.287 0.3000000119
11075  21.667  -74.616  -5.061 0.3000000119
13098  21.371  -72.530  -6.366 0.3000000119
11109  20.587  -73.943  -7.181 0.3000000119
12071  23.281  -73.195  -5.850 0.3000000119
148707  23.485  -74.432  -5.752 0.3000000119
10102  23.063  -74.729  -5.096 0.3000000119
14146  22.564  -71.732  -6.598 0.3000000119
13097  22.053  -72.301  -6.009 0.3000000119
12087  20.400  -73.028  -7.422 0.3000000119
149082  19.991  -73.105  -11.797 0.3000000119
151850  24.306  -74.670  -7.141 0.3000000119
10125  23.848  -75.433  -6.738 0.3000000119
12070  23.799  -72.761  -6.485 0.3000000119
11095  23.654  -73.747  -6.121 0.3000000119
10117  23.523  -75.208  -5.814 0.3000000119
14155  20.798  -71.650  -8.252 0.3000000119
12144  21.383  -73.520  -10.948 0.3000000119
12129  20.871  -72.649  -10.581 0.3000000119
13105  23.453  -71.864  -6.752 0.3000000119
14154  21.393  -71.508  -7.596 0.3000000119
14153  22.321  -71.355  -7.288 0.3000000119
13117  22.412  -71.577  -8.519 0.3000000119
13160  22.371  -72.583  -9.683 0.3000000119
13161  21.329  -72.256  -9.912 0.3000000119
12143  22.356  -73.984  -10.684 0.3000000119
9303  23.850  -76.821  -14.281 0.4000000060
10193  22.880  -75.725  -12.419 0.4000000060
5992  23.722  -80.836  -9.876 0.3000000119
5259  22.409  -81.516  -9.361 0.3000000119
9205  23.128  -75.749  -5.121 0.3000000119
9206  22.446  -76.102  -4.779 0.3000000119
8362  24.569  -77.813  -9.086 0.3000000119
7521  24.434  -78.773  -9.450 0.3000000119
6759  24.069  -79.390  -9.094 0.3000000119
6746  23.518  -79.634  -8.550 0.3000000119
5980  22.556  -80.967  -8.875 0.3000000119
8361  25.292  -77.323  -9.705 0.3000000119
8341  24.149  -77.163  -7.900 0.3000000119
7502  23.624  -78.312  -7.547 0.3000000119
6729  22.512  -79.435  -7.218 0.3000000119
6747  22.730  -79.884  -8.029 0.3000000119
9233  23.878  -76.284  -7.110 0.3000000119
9226  23.524  -76.277  -5.971 0.3000000119
7479  23.371  -77.888  -6.658 0.3000000119
7480  22.678  -78.233  -5.767 0.3000000119
8325  23.211  -77.298  -5.797 0.3000000119
8302  22.546  -77.439  -5.075 0.3000000119
13107  20.560  -72.058  -7.660 0.3000000119
13120  19.711  -72.420  -8.815 0.3000000119
170703  24.803  -76.448  -8.488 0.3000000119
13118  21.401  -71.564  -8.533 0.3000000119
5991  24.098  -81.046  -10.690 0.3000000119
178091  21.799  -77.361  -4.743 0.3000000119
9247  24.492  -77.093  -8.453 0.3000000119
6758  24.355  -79.538  -9.752 0.3000000119
8342  23.813  -77.535  -7.409 0.3000000119
6728  23.268  -79.130  -7.770 0.3000000119
7481  21.748  -78.781  -5.408 0.3000000119
11155  22.675  -74.564  -11.057 0.3000000119
8443  29.245  -77.705  -18.403 0.3000000119
155492  28.037  -76.644  -17.923 0.3000000119
8444  27.317  -77.166  -18.055 0.3000000119
8445  26.395  -77.679  -17.530 0.4000000060
158300  25.024  -78.657  -16.723 0.4000000060
7610  24.597  -78.933  -17.263 0.3000000119
8448  23.693  -78.430  -17.024 0.3000000119
173974  29.065  -78.364  -19.156 0.3000000119
7624  28.236  -78.617  -19.273 0.4000000060
149941  26.638  -79.179  -18.850 0.4000000060
7638  26.403  -79.149  -19.656 0.4000000060
7639  24.577  -79.161  -19.319 0.3000000119
8501  26.743  -77.858  -22.058 0.4000000060
7648  25.893  -78.916  -20.539 0.4000000060
7649  25.048  -78.862  -21.188 0.3000000119
8512  26.078  -77.516  -22.355 0.3000000119
11228  29.931  -75.174  -16.204 0.3000000119
10249  29.640  -75.613  -16.656 0.3000000119
10268  27.376  -76.189  -17.453 0.4000000060
9333  26.568  -76.601  -17.271 0.4000000060
9334  25.873  -77.254  -16.721 0.3000000119
8428  25.094  -77.941  -16.205 0.3000000119
8419  23.909  -77.637  -15.285 0.3000000119
9318  30.220  -76.421  -17.153 0.3000000119
8442  29.867  -77.497  -18.169 0.3000000119
8480  30.189  -77.807  -19.129 0.3000000119
8491  29.946  -77.608  -19.979 0.3000000119
8482  28.811  -78.457  -19.799 0.3000000119
7646  27.916  -78.734  -20.119 0.4000000060
9370  30.239  -76.791  -20.503 0.3000000119
9379  29.881  -76.248  -21.561 0.3000000119
9371  29.574  -77.105  -21.019 0.3000000119
8493  28.384  -78.135  -20.855 0.4000000060
8494  27.382  -78.344  -21.142 0.4000000060
10316  29.322  -75.530  -22.902 0.3000000119
9381  28.240  -76.656  -22.678 0.4000000060
168482  27.506  -76.700  -22.917 0.4000000060
12296  28.951  -72.178  -23.130 0.3000000119
11307  28.030  -74.392  -23.570 0.4000000060
9393  27.676  -75.976  -23.277 0.4000000060
9394  27.129  -76.331  -23.005 0.4000000060
14351  29.410  -71.374  -22.850 0.3000000119
12297  28.520  -73.254  -23.027 0.4000000060
13306  29.366  -71.948  -21.948 0.3000000119
148726  31.260  -71.688  -11.766 0.3000000119
14261  30.137  -71.892  -13.049 0.3000000119
13209  28.860  -72.140  -13.651 0.3000000119
13224  28.263  -72.641  -14.248 0.3000000119
11210  30.647  -74.621  -15.590 0.3000000119
12208  30.202  -73.980  -15.184 0.3000000119
12209  29.344  -73.849  -15.266 0.3000000119
12211  27.424  -73.595  -15.109 0.3000000119
10230  31.924  -75.571  -16.024 0.3000000119
10231  31.093  -75.298  -16.035 0.3000000119
11211  29.824  -74.555  -15.720 0.3000000119
11230  28.406  -74.546  -16.032 0.3000000119
11231  26.937  -74.960  -16.338 0.3000000119
156766  26.033  -75.324  -16.127 0.3000000119
10232  25.414  -75.582  -15.523 0.3000000119
9309  24.527  -76.815  -14.930 0.3000000119
10204  24.096  -75.915  -13.664 0.3000000119
10192  23.825  -75.476  -12.815 0.3000000119
9316  31.888  -76.474  -17.153 0.3000000119
165821  29.693  -74.699  -23.164 0.3000000119
176714  29.061  -74.793  -23.592 0.3000000119
12308  29.820  -72.648  -23.582 0.3000000119
10329  28.732  -74.108  -23.705 0.3000000119
14362  29.829  -71.201  -23.196 0.3000000119
15379  30.122  -70.351  -21.766 0.3000000119
14337  29.684  -71.077  -21.899 0.3000000119
152292  32.068  -71.568  -10.921 0.3000000119
13188  31.544  -71.842  -12.442 0.3000000119
169798  30.434  -72.301  -13.609 0.3000000119
13223  29.274  -72.649  -14.258 0.3000000119
11193  31.419  -74.018  -14.950 0.3000000119
12193  29.770  -73.303  -14.730 0.3000000119
11165  23.539  -75.112  -12.003 0.3000000119
14191  33.326  -71.914  -9.696 0.3000000119
14248  32.057  -71.621  -11.630 0.3000000119
13187  32.461  -71.923  -12.485 0.3000000119
13206  31.941  -72.387  -13.260 0.3000000119
13221  31.154  -72.724  -13.924 0.3000000119
11192  32.259  -74.348  -14.988 0.3000000119
14206  33.315  -71.526  -10.291 0.3000000119
14225  33.581  -71.341  -11.078 0.3000000119
13205  32.917  -72.444  -13.188 0.3000000119
12172  32.580  -72.875  -13.705 0.3000000119
10205  23.186  -76.205  -13.104 0.3000000119
9310  23.212  -77.399  -14.833 0.3000000119
8430  23.659  -78.068  -16.095 0.3000000119
7627  25.138  -79.259  -17.951 0.3000000119
6870  25.306  -79.088  -20.273 0.4000000060
11296  27.635  -75.002  -23.159 0.4000000060
15394  30.522  -69.988  -22.326 0.3000000119
9332  29.024  -76.925  -17.866 0.3000000119
8467  27.893  -78.131  -18.690 0.3000000119
10267  28.293  -76.065  -17.364 0.3000000119
8468  26.883  -78.355  -18.335 0.4000000060
7626  25.847  -79.294  -18.276 0.4000000060
6861  25.909  -79.385  -19.163 0.4000000060
8510  27.730  -77.503  -22.123 0.4000000060
10248  30.573  -75.743  -16.549 0.3000000119
10250  28.600  -75.344  -16.667 0.3000000119
10252  26.680  -75.712  -16.841 0.3000000119
10251  27.591  -75.463  -16.864 0.3000000119
9319  25.976  -76.211  -16.571 0.4000000060
9320  25.429  -76.848  -16.074 0.3000000119
9330  30.723  -77.176  -17.888 0.3000000119
9344  30.802  -77.406  -18.733 0.3000000119
9357  30.575  -77.206  -19.582 0.3000000119
8500  28.794  -77.346  -21.576 0.4000000060
148372  29.316  -72.194  -23.385 0.3000000119
158936  28.847  -73.238  -14.789 0.3000000119
12210  28.366  -73.831  -15.381 0.3000000119
12212  26.719  -73.938  -15.327 0.3000000119
14361  30.577  -71.394  -23.331 0.3000000119
21084  23.668  -65.825  -14.362 0.4000000060
5258  23.162  -80.955  -9.328 0.3000000119
5277  24.271  -81.469  -11.532 0.3000000119
5966  23.033  -80.392  -8.713 0.3000000119
5967  22.273  -80.623  -8.308 0.3000000119
6708  22.263  -79.069  -6.309 0.3000000119
6772  24.671  -79.558  -10.494 0.3000000119
6854  25.236  -79.444  -18.908 0.4000000060
6862  25.469  -79.296  -19.580 0.4000000060
6863  24.994  -79.283  -19.901 0.4000000060
6869  25.787  -79.193  -19.795 0.4000000060
7462  21.854  -78.015  -4.913 0.3000000119
7503  23.002  -78.705  -6.857 0.3000000119
7513  23.978  -78.704  -8.513 0.3000000119
7608  26.124  -78.723  -17.686 0.4000000060
7609  25.393  -78.996  -17.372 0.4000000060
7625  27.420  -78.752  -18.939 0.4000000060
7628  24.581  -79.152  -18.263 0.4000000060
7629  24.014  -78.728  -18.667 0.4000000060
7637  27.280  -78.949  -19.509 0.4000000060
7647  26.920  -78.879  -20.346 0.4000000060
7650  24.700  -79.039  -20.817 0.3000000119
7651  23.781  -78.710  -20.893 0.4000000060
7657  26.408  -78.466  -21.279 0.4000000060
7659  24.827  -78.496  -22.006 0.4000000060
7660  24.315  -78.749  -21.709 0.4000000060
7661  23.699  -78.664  -21.732 0.4000000060
8301  22.975  -76.659  -5.104 0.3000000119
8303  21.293  -76.879  -4.756 0.3000000119
8347  24.136  -77.789  -8.152 0.3000000119
8376  24.956  -78.241  -10.067 0.3000000119
8420  22.926  -77.610  -15.703 0.3000000119
8429  24.362  -77.978  -15.832 0.3000000119
8446  25.632  -78.282  -16.963 0.4000000060
8447  24.389  -78.410  -16.461 0.3000000119
8449  23.151  -77.777  -17.554 0.5000000000
8464  30.266  -77.630  -18.516 0.3000000119
8465  29.639  -78.020  -18.781 0.3000000119
8466  28.860  -78.202  -18.779 0.3000000119
8469  23.079  -77.433  -18.463 0.4000000060
8481  29.535  -78.140  -19.449 0.3000000119
8492  29.256  -77.899  -20.413 0.3000000119
8502  25.371  -78.033  -22.242 0.4000000060
8503  23.734  -78.423  -22.330 0.4000000060
8511  26.896  -77.124  -22.737 0.4000000060
8515  23.313  -77.966  -22.708 0.4000000060
8516  22.772  -77.592  -22.539 0.4000000060
9193  21.908  -75.642  -4.746 0.3000000119
9232  24.324  -76.453  -7.926 0.3000000119
9262  25.027  -76.879  -8.992 0.3000000119
9297  23.316  -76.626  -13.702 0.3000000119
9298  22.357  -76.615  -13.614 0.5000000000
9299  21.432  -76.131  -13.688 0.5000000000
9302  24.606  -75.985  -14.483 0.3000000119
9308  25.153  -76.413  -15.512 0.3000000119
9317  31.145  -76.538  -17.176 0.3000000119
9321  24.789  -77.335  -15.554 0.3000000119
9323  21.916  -76.084  -16.790 0.5000000000
9329  31.666  -76.728  -17.700 0.3000000119
9331  29.862  -76.911  -17.629 0.3000000119
9343  31.440  -76.947  -18.330 0.3000000119
9345  28.431  -77.453  -18.350 0.3000000119
9358  22.242  -76.755  -19.854 0.4000000060
9380  29.100  -76.486  -22.220 0.4000000060
9382  25.582  -76.790  -22.278 0.4000000060
9384  22.136  -77.144  -22.232 0.4000000060
9392  28.398  -75.761  -23.249 0.3000000119
9396  25.299  -77.351  -22.429 0.4000000060
9399  22.611  -76.834  -22.695 0.4000000060
10092  21.891  -75.112  -4.794 0.3000000119
10103  22.498  -75.337  -4.782 0.3000000119
10124  24.328  -75.563  -7.536 0.3000000119
10141  24.891  -75.715  -8.185 0.3000000119
10207  21.383  -75.723  -13.094 0.5000000000
10218  21.092  -75.594  -14.564 0.5000000000
10233  25.001  -75.989  -15.061 0.3000000119
10234  21.349  -75.217  -15.647 0.5000000000
10246  32.421  -76.200  -16.668 0.3000000119
10247  31.530  -76.027  -16.607 0.3000000119
10266  29.280  -76.203  -17.211 0.3000000119
10280  21.611  -75.658  -18.658 0.4000000060
10292  19.982  -75.978  -20.153 0.4000000060
10319  25.236  -76.258  -21.655 0.4000000060
10320  24.032  -76.158  -22.368 0.4000000060
10321  23.347  -75.638  -22.457 0.4000000060
10330  28.474  -74.886  -23.667 0.3000000119
10331  27.849  -75.153  -23.490 0.4000000060
10332  27.415  -75.661  -23.154 0.4000000060
10333  26.919  -76.165  -22.789 0.4000000060
10334  23.558  -76.440  -22.738 0.4000000060
10335  22.572  -75.979  -22.697 0.4000000060
11073  23.189  -73.881  -5.457 0.3000000119
11074  22.267  -74.582  -4.842 0.3000000119
11076  21.224  -74.782  -5.595 0.3000000119
11094  24.202  -73.735  -6.763 0.3000000119
11108  23.821  -74.551  -6.444 0.3000000119
11154  23.295  -74.644  -11.306 0.3000000119
11166  22.497  -75.104  -11.698 0.3000000119
11167  21.373  -74.782  -12.036 0.5000000000
11180  20.664  -74.343  -13.452 0.5000000000
11194  30.896  -74.148  -15.164 0.3000000119
11209  31.496  -74.719  -15.472 0.3000000119
11212  29.038  -74.310  -15.721 0.3000000119
11213  27.422  -74.266  -15.798 0.3000000119
11214  26.419  -74.519  -15.714 0.3000000119
11227  30.409  -75.073  -16.012 0.3000000119
11229  29.240  -74.887  -16.182 0.3000000119
11232  21.460  -74.330  -16.449 0.5000000000
11265  27.792  -74.677  -20.097 0.5000000000
11268  19.777  -75.398  -19.512 0.4000000060
11283  26.349  -75.223  -20.299 0.4000000060
11295  27.998  -74.224  -22.823 0.4000000060
11299  21.585  -75.207  -22.159 0.4000000060
11306  29.745  -73.656  -23.529 0.3000000119
12045  22.763  -73.255  -5.450 0.3000000119
12047  21.800  -73.141  -5.584 0.3000000119
12072  21.269  -73.378  -6.027 0.3000000119
12073  20.875  -73.240  -6.690 0.3000000119
12095  19.968  -72.726  -8.158 0.3000000119
12128  21.916  -73.151  -10.271 0.3000000119
12145  20.385  -72.972  -11.217 0.3000000119
12156  20.105  -73.348  -12.513 0.3000000119
12173  32.018  -72.982  -13.948 0.3000000119
12191  31.712  -73.506  -14.458 0.3000000119
12192  30.761  -73.461  -14.664 0.3000000119
12194  28.067  -73.258  -14.808 0.3000000119
12195  27.407  -73.008  -14.524 0.3000000119
12196  26.556  -73.412  -14.727 0.3000000119
12213  25.997  -74.054  -15.098 0.3000000119
12214  21.265  -73.252  -15.484 0.4000000060
12225  20.920  -72.787  -16.698 0.5000000000
12232  21.234  -73.649  -17.079 0.5000000000
12234  19.585  -73.060  -17.772 0.5000000000
12247  26.192  -73.057  -19.080 0.5000000000
12264  27.574  -74.180  -19.392 0.4000000060
12265  26.546  -73.919  -19.303 0.5000000000
12267  24.957  -72.969  -20.143 0.4000000060
12279  29.018  -72.885  -21.862 0.4000000060
12281  25.074  -73.864  -20.252 0.5000000000
12283  23.209  -73.440  -21.090 0.4000000060
12284  22.178  -73.701  -21.200 0.5000000000
12300  20.088  -74.667  -21.588 0.4000000060
12309  28.916  -73.050  -23.507 0.3000000119
12310  28.324  -73.783  -23.493 0.4000000060
13078  22.296  -72.873  -5.586 0.3000000119
13096  22.880  -72.482  -6.020 0.3000000119
13099  20.825  -72.494  -7.007 0.3000000119
13104  24.306  -72.092  -7.145 0.3000000119
13106  21.098  -71.940  -6.994 0.3000000119
13119  20.207  -71.950  -8.529 0.3000000119
13144  21.820  -71.885  -9.214 0.3000000119
13145  20.877  -71.812  -9.360 0.3000000119
13189  30.625  -71.748  -12.280 0.3000000119
13207  30.977  -72.058  -13.135 0.3000000119
13208  29.703  -72.212  -13.662 0.3000000119
13222  30.188  -72.732  -14.179 0.3000000119
13227  20.395  -72.804  -14.132 0.4000000060
13228  19.830  -72.409  -14.298 0.4000000060
13238  20.538  -72.142  -15.374 0.5000000000
13252  21.080  -72.654  -15.805 0.4000000060
13262  29.033  -72.308  -17.807 0.6000000238
13275  29.426  -72.877  -19.344 0.6000000238
13294  25.421  -72.576  -19.580 0.5000000000
13308  23.616  -72.825  -20.517 0.5000000000
13330  29.834  -71.849  -23.481 0.3000000119
13331  29.379  -71.716  -23.252 0.3000000119
14147  21.733  -71.724  -6.698 0.3000000119
14152  23.061  -71.460  -7.179 0.3000000119
14169  22.119  -71.334  -7.939 0.3000000119
14170  20.633  -71.739  -8.840 0.3000000119
14207  32.452  -71.667  -10.405 0.3000000119
14208  31.727  -71.844  -10.515 0.3000000119
14226  32.726  -71.436  -10.994 0.3000000119
14227  31.457  -71.671  -11.129 0.3000000119
14247  32.993  -71.572  -11.759 0.3000000119
14281  20.042  -71.801  -15.741 0.5000000000
14291  29.648  -70.860  -17.139 0.6999999881
14294  27.067  -71.544  -16.519 0.6999999881
14295  26.093  -71.450  -16.568 0.6000000238
14300  29.962  -71.145  -17.889 0.4000000060
14301  29.306  -71.585  -17.434 0.6999999881
14302  28.561  -71.874  -17.187 0.6999999881
14303  27.631  -72.032  -17.065 0.6999999881
14315  25.092  -71.504  -18.996 0.6000000238
14328  22.641  -71.510  -19.529 0.6999999881
14350  29.916  -70.667  -22.638 0.3000000119
15322  24.984  -69.611  -15.013 0.6999999881
15335  28.992  -70.211  -15.836 0.4000000060
15339  25.026  -70.215  -15.405 0.6000000238
15345  29.340  -70.545  -16.473 0.6000000238
15349  25.371  -70.877  -16.034 0.6000000238
15363  30.478  -70.560  -18.531 0.4000000060
15364  24.873  -70.991  -18.359 0.6000000238
15373  23.778  -70.334  -19.532 0.6999999881
15374  23.040  -70.544  -19.590 0.6999999881
15375  22.078  -70.669  -19.536 0.6999999881
15376  21.208  -70.688  -19.741 0.6999999881
15395  19.969  -70.116  -21.142 0.6000000238
16414  27.480  -69.249  -13.660 0.6000000238
16415  26.498  -69.220  -13.568 0.8000000119
16416  25.716  -69.003  -13.705 0.8000000119
16434  28.120  -69.516  -14.378 0.6000000238
16435  26.963  -69.710  -14.211 0.8000000119
16438  24.945  -69.019  -14.950 0.6999999881
16449  30.206  -69.169  -15.797 0.4000000060
16450  29.457  -69.527  -15.483 0.5000000000
16451  28.582  -69.844  -15.181 0.6999999881
16459  31.080  -69.035  -16.841 0.4000000060
16483  30.983  -69.007  -21.110 0.4000000060
16485  24.670  -68.431  -20.903 0.6999999881
16499  30.986  -69.229  -21.983 0.3000000119
17518  26.691  -68.211  -12.551 0.6999999881
17540  28.134  -68.770  -13.263 0.6999999881
17543  25.759  -68.403  -13.467 0.8000000119
17556  30.434  -68.238  -14.651 0.5000000000
17575  29.926  -68.880  -15.093 0.4000000060
17588  30.813  -68.821  -16.139 0.4000000060
17590  25.451  -68.407  -16.530 0.6999999881
17597  31.785  -68.589  -18.279 0.4000000060
17599  24.890  -68.804  -17.980 0.6999999881
17604  31.733  -68.540  -19.432 0.4000000060
17614  25.808  -67.970  -20.041 0.6000000238
17622  32.152  -67.803  -21.151 0.4000000060
17625  25.054  -67.845  -21.266 0.6999999881
17626  24.239  -68.249  -21.334 0.6999999881
17628  22.036  -68.151  -21.265 0.6000000238
17645  32.425  -68.339  -21.776 0.3000000119
17648  22.801  -68.108  -21.398 0.6000000238
17649  19.581  -69.123  -21.054 0.5000000000
18662  29.580  -67.136  -11.646 0.6999999881
18665  26.853  -67.057  -11.766 0.6999999881
18690  27.206  -67.772  -11.938 0.6000000238
18704  30.974  -67.214  -13.778 0.5000000000
18708  25.667  -67.960  -13.491 0.8000000119
18721  31.135  -67.556  -14.635 0.5000000000
18722  25.888  -67.312  -13.743 0.8000000119
18723  25.671  -67.816  -15.185 0.6999999881
18739  32.108  -67.172  -15.845 0.4000000060
18741  26.561  -67.312  -15.813 0.6999999881
18763  28.135  -66.828  -17.678 0.6000000238
18776  31.666  -68.464  -17.183 0.4000000060
18788  27.770  -66.550  -19.228 0.5000000000
18791  23.922  -66.211  -19.080 0.5000000000
18800  27.039  -66.952  -19.929 0.5000000000
18801  26.224  -67.366  -20.439 0.6000000238
18802  21.744  -66.279  -20.172 0.5000000000
18822  23.953  -67.036  -21.345 0.6000000238
18823  21.971  -67.218  -20.940 0.6000000238
18824  20.456  -67.471  -20.471 0.5000000000
18835  34.708  -67.167  -21.592 0.3000000119
19832  29.375  -65.999  -10.372 0.6999999881
19833  28.524  -66.224  -10.580 0.6999999881
19834  27.815  -66.025  -10.812 0.6000000238
19847  29.270  -66.716  -10.892 0.6999999881
19850  21.576  -65.734  -11.750 0.5000000000
19858  30.510  -66.730  -12.158 0.6000000238
19859  27.174  -65.693  -12.057 0.6000000238
19861  22.107  -66.290  -11.918 0.6000000238
19869  30.726  -66.946  -12.968 0.6999999881
19872  23.308  -66.087  -13.614 0.4000000060
19873  22.824  -66.345  -12.940 0.5000000000
19885  27.247  -66.004  -14.765 0.6999999881
19886  26.454  -66.653  -14.203 0.8000000119
19887  23.358  -66.602  -14.308 0.5000000000
19900  31.824  -66.982  -15.078 0.4000000060
19918  32.573  -66.527  -16.234 0.4000000060
19939  32.744  -66.516  -17.042 0.4000000060
19941  28.661  -66.060  -18.125 0.5000000000
19942  25.846  -65.874  -17.884 0.5000000000
19954  32.877  -66.533  -19.228 0.4000000060
19957  25.271  -66.124  -19.478 0.5000000000
19960  20.498  -65.970  -18.686 0.5000000000
19976  25.583  -66.499  -20.567 0.6000000238
19978  22.790  -66.165  -20.239 0.6000000238
19980  19.706  -66.146  -19.063 0.5000000000
19989  36.893  -66.200  -21.075 0.3000000119
19991  33.920  -65.889  -21.286 0.3000000119
19993  32.840  -66.598  -20.418 0.4000000060
19994  25.557  -66.886  -21.013 0.6000000238
20000  33.884  -66.594  -21.529 0.3000000119
20001  24.483  -66.727  -21.177 0.6999999881
21012  30.032  -64.829  -9.796 0.6999999881
21024  31.477  -64.834  -10.051 0.6999999881
21028  28.265  -65.502  -10.669 0.6999999881
21043  30.601  -66.010  -10.816 0.6999999881
21059  31.736  -65.736  -12.093 0.6000000238
21070  32.386  -65.373  -12.850 0.5000000000
21074  22.942  -65.561  -13.076 0.5000000000
21082  28.453  -64.858  -15.670 0.6000000238
21092  33.256  -64.976  -15.164 0.5000000000
21093  32.813  -65.963  -15.917 0.4000000060
21103  32.961  -65.888  -16.592 0.4000000060
21105  26.760  -65.001  -17.618 0.5000000000
21117  33.406  -65.419  -18.108 0.4000000060
21118  28.862  -65.380  -17.872 0.6999999881
21119  28.560  -65.515  -18.191 0.6999999881
21144  34.091  -64.704  -20.520 0.3000000119
21147  36.502  -65.054  -21.046 0.3000000119
21149  34.430  -65.108  -21.116 0.3000000119
22258  31.236  -64.322  -9.593 0.6999999881
22260  29.932  -64.133  -9.803 0.6999999881
22272  29.537  -64.721  -10.011 0.6999999881
22273  28.881  -64.902  -10.357 0.6999999881
22287  32.675  -64.720  -11.566 0.6000000238
22303  27.653  -64.977  -12.647 0.6000000238
22304  22.400  -65.095  -12.609 0.5000000000
22305  21.619  -64.879  -12.215 0.6000000238
22323  28.231  -64.231  -13.326 0.6999999881
22326  21.877  -64.330  -13.018 0.5000000000
22351  28.866  -64.371  -16.633 0.6999999881
22352  24.456  -65.340  -15.670 0.5000000000
22354  23.190  -64.102  -15.222 0.5000000000
22363  24.841  -64.670  -16.012 0.5000000000
22369  28.341  -64.786  -17.977 0.6999999881
22377  36.694  -63.461  -20.083 0.3000000119
22380  33.908  -64.589  -19.677 0.3000000119
22383  35.744  -64.229  -20.877 0.3000000119
22384  34.824  -64.363  -20.821 0.3000000119
23435  23.083  -63.298  -5.969 0.4000000060
23436  22.212  -63.376  -6.043 0.5000000000
23452  22.703  -63.551  -6.805 0.4000000060
23454  21.086  -63.364  -6.604 0.6000000238
23468  22.641  -63.637  -7.653 0.6000000238
23469  21.968  -63.667  -7.554 0.6000000238
23470  21.202  -63.537  -7.288 0.6000000238
23481  23.930  -63.319  -8.209 0.5000000000
23483  22.331  -63.589  -8.283 0.6000000238
23494  32.226  -63.648  -9.413 0.6999999881
23497  23.983  -63.482  -9.084 0.5000000000
23499  22.674  -63.469  -9.089 0.5000000000
23510  32.712  -64.027  -9.956 0.6000000238
23511  30.119  -63.350  -9.953 0.6999999881
23513  28.939  -64.187  -10.734 0.6999999881
23514  23.984  -63.464  -9.757 0.5000000000
23516  22.935  -63.264  -9.859 0.5000000000
23529  33.768  -63.712  -11.819 0.6000000238
23530  29.162  -63.589  -11.055 0.6999999881
23548  28.704  -63.658  -12.563 0.6000000238
23566  34.433  -63.052  -14.220 0.4000000060
23567  34.071  -63.586  -13.496 0.5000000000
23570  21.173  -63.690  -13.459 0.5000000000
23590  34.414  -63.077  -15.154 0.5000000000
23594  22.001  -63.934  -14.012 0.5000000000
23603  34.452  -63.060  -16.093 0.3000000119
23608  21.636  -63.252  -14.753 0.5000000000
23611  34.469  -63.067  -16.998 0.3000000119
23613  28.916  -63.088  -17.558 0.6999999881
23614  29.011  -63.788  -17.255 0.6999999881
23618  23.140  -63.240  -15.896 0.4000000060
23621  38.805  -63.002  -18.270 0.3000000119
23624  34.586  -63.228  -17.840 0.3000000119
23627  28.433  -63.931  -17.840 0.6999999881
23630  25.502  -63.350  -17.051 0.6000000238
23634  35.646  -62.895  -18.666 0.3000000119
23635  34.732  -63.413  -18.718 0.3000000119
23639  34.942  -63.529  -19.618 0.3000000119
24687  23.452  -62.669  -5.468 0.4000000060
24689  21.680  -62.742  -5.722 0.5000000000
24711  20.822  -62.749  -6.175 0.5000000000
24733  20.371  -63.156  -6.929 0.6000000238
24745  33.632  -61.947  -8.761 0.6000000238
24748  20.169  -62.830  -8.430 0.5000000000
24757  32.380  -62.854  -9.034 0.6999999881
24759  30.805  -62.725  -9.647 0.6999999881
24763  21.457  -62.806  -9.315 0.6000000238
24772  34.723  -62.420  -10.125 0.6000000238
24776  26.005  -62.355  -11.236 0.5000000000
24779  23.311  -63.026  -10.532 0.6000000238
24782  20.841  -61.760  -10.079 0.6000000238
24792  29.862  -62.456  -11.599 0.6999999881
24794  25.487  -62.486  -11.855 0.6000000238
24795  24.766  -62.911  -11.224 0.5000000000
24820  29.502  -62.307  -13.879 0.6000000238
24823  12.466  -62.504  -13.195 0.5000000000
24846  29.368  -62.247  -16.772 0.6000000238
24857  37.709  -62.430  -16.733 0.3000000119
24863  23.178  -62.454  -16.359 0.4000000060
24871  28.881  -62.395  -17.879 0.6999999881
24874  25.789  -62.439  -17.552 0.4000000060
24875  24.912  -62.335  -17.207 0.6000000238
24877  36.276  -62.820  -18.630 0.3000000119
25891  22.015  -62.065  -5.201 0.4000000060
25928  18.725  -61.629  -7.185 0.6000000238
25929  18.135  -61.445  -7.810 0.6000000238
25930  17.640  -61.254  -8.400 0.6000000238
25948  32.834  -61.222  -8.773 0.6999999881
25950  18.867  -62.098  -8.675 0.6000000238
25951  18.220  -61.724  -8.479 0.6000000238
25959  34.875  -61.796  -9.370 0.6000000238
25960  34.321  -61.733  -8.865 0.6999999881
25965  19.246  -61.731  -9.474 0.6000000238
25966  17.830  -61.498  -8.960 0.6000000238
25975  26.475  -61.283  -10.719 0.4000000060
25977  22.021  -61.918  -10.753 0.5000000000
25980  19.637  -61.137  -10.199 0.6000000238
25987  35.612  -61.590  -12.107 0.4000000060
25991  26.848  -61.377  -11.622 0.5000000000
25996  10.802  -61.238  -11.911 0.5000000000
26002  35.529  -61.622  -12.828 0.5000000000
26003  27.188  -61.171  -12.351 0.6000000238
26005  25.951  -62.020  -12.651 0.6000000238
26007  23.611  -61.931  -12.219 0.5000000000
26015  35.315  -61.753  -13.933 0.4000000060
26019  26.389  -61.426  -13.423 0.6000000238
26020  25.670  -61.660  -13.266 0.6000000238
26025  11.800  -62.049  -13.085 0.5000000000
26033  35.180  -61.755  -14.627 0.4000000060
26034  30.499  -60.704  -14.811 0.6000000238
26035  29.852  -61.668  -14.595 0.6000000238
26038  25.776  -61.033  -14.028 0.6000000238
26055  35.543  -61.353  -15.774 0.3000000119
26068  26.114  -60.831  -17.205 0.6999999881
26070  24.107  -60.850  -16.722 0.6000000238
26075  28.811  -61.004  -18.025 0.6999999881
26078  26.131  -61.614  -17.613 0.6999999881
26079  24.656  -61.590  -17.100 0.6999999881
27124  21.299  -60.581  -5.624 0.4000000060
27155  19.065  -60.906  -6.809 0.5000000000
27157  17.674  -60.666  -7.788 0.6000000238
27171  35.138  -60.268  -8.619 0.6000000238
27174  32.978  -60.071  -8.868 0.6000000238
27177  16.692  -60.619  -8.829 0.6000000238
27186  35.609  -60.679  -9.102 0.5000000000
27187  32.439  -60.698  -9.141 0.6000000238
27193  16.134  -60.377  -9.155 0.6000000238
27202  31.544  -60.217  -10.934 0.6999999881
27203  26.230  -60.404  -10.281 0.4000000060
27205  19.887  -60.543  -10.787 0.6000000238
27208  17.323  -60.881  -9.987 0.6000000238
27211  9.915  -60.196  -10.453 0.5000000000
27220  31.154  -60.480  -11.801 0.6999999881
27223  21.774  -60.562  -11.778 0.5000000000
27224  20.479  -60.175  -11.298 0.5000000000
27226  13.074  -60.605  -11.952 0.5000000000
27227  12.190  -60.562  -11.474 0.5000000000
27229  10.366  -60.793  -11.216 0.5000000000
27235  30.840  -60.711  -12.721 0.6999999881
27238  23.384  -60.824  -12.949 0.5000000000
27240  14.991  -60.727  -12.982 0.5000000000
27241  14.188  -60.908  -12.895 0.5000000000
27249  35.855  -60.663  -13.873 0.4000000060
27252  27.686  -60.575  -13.475 0.6999999881
27254  23.676  -59.934  -13.790 0.5000000000
27258  15.270  -61.025  -13.431 0.5000000000
27270  27.460  -60.087  -15.158 0.6000000238
27272  25.775  -60.077  -15.125 0.6000000238
27273  24.578  -59.484  -14.890 0.6000000238
27274  23.885  -59.357  -14.581 0.5000000000
27278  15.953  -61.138  -13.825 0.5000000000
27289  30.706  -60.107  -15.573 0.6000000238
27291  26.553  -59.875  -16.560 0.6999999881
27293  24.615  -59.384  -15.708 0.6000000238
27301  30.238  -59.649  -17.088 0.6999999881
27304  25.764  -60.112  -16.582 0.6999999881
27306  23.236  -60.524  -16.317 0.6000000238
27307  29.903  -59.824  -17.374 0.6999999881
27308  29.639  -60.236  -17.545 0.6000000238
27311  27.377  -60.525  -17.623 0.6999999881
28411  21.547  -59.797  -5.482 0.4000000060
28431  19.587  -60.103  -6.749 0.5000000000
28453  35.393  -59.426  -8.584 0.5000000000
28456  33.223  -59.244  -8.708 0.6000000238
28458  16.538  -60.013  -8.491 0.6000000238
28466  36.525  -59.621  -9.508 0.5000000000
28467  35.891  -59.958  -8.910 0.5000000000
28468  32.601  -59.306  -9.134 0.6000000238
28472  14.660  -59.660  -9.704 0.6000000238
28479  36.926  -59.694  -10.871 0.4000000060
28483  17.762  -60.463  -10.784 0.6000000238
28484  17.135  -60.567  -10.643 0.6000000238
28487  13.369  -59.597  -10.296 0.5000000000
28489  11.283  -59.498  -10.231 0.5000000000
28495  31.565  -59.301  -11.323 0.6000000238
28501  17.470  -60.057  -11.409 0.6000000238
28507  11.591  -60.209  -10.786 0.5000000000
28511  37.266  -59.155  -12.223 0.4000000060
28514  27.904  -59.382  -12.333 0.5000000000
28515  22.135  -59.062  -13.074 0.5000000000
28516  21.369  -58.781  -12.751 0.5000000000
28517  20.520  -58.620  -12.522 0.6000000238
28521  16.539  -60.043  -12.356 0.6000000238
28522  14.612  -60.533  -12.353 0.6000000238
28530  31.147  -59.590  -13.988 0.6999999881
28531  28.497  -59.219  -13.747 0.6999999881
28533  22.408  -58.698  -13.857 0.5000000000
28538  16.447  -60.167  -12.902 0.6000000238
28549  30.909  -59.924  -14.768 0.6999999881
28550  28.537  -59.193  -14.881 0.6000000238
28552  23.344  -58.995  -14.947 0.6000000238
28553  22.602  -58.797  -14.515 0.5000000000
28568  30.969  -59.430  -15.677 0.6999999881
28571  23.460  -59.230  -15.555 0.6000000238
28581  28.861  -59.251  -17.121 0.6999999881
28584  28.942  -59.722  -17.500 0.6999999881
28585  28.289  -59.729  -17.321 0.6999999881
29695  20.656  -58.635  -6.790 0.4000000060
29707  19.907  -58.577  -7.311 0.4000000060
29709  18.006  -58.879  -7.719 0.6000000238
29717  34.050  -58.444  -8.468 0.6000000238
29719  32.712  -58.605  -8.844 0.6000000238
29724  15.172  -58.900  -9.199 0.6000000238
29729  36.978  -58.339  -9.571 0.5000000000
29731  32.215  -58.654  -9.373 0.6000000238
29732  31.806  -58.654  -10.020 0.6000000238
29737  11.325  -58.213  -8.963 0.5000000000
29745  13.704  -58.571  -9.768 0.6000000238
29747  12.516  -58.271  -9.627 0.5000000000
29754  31.372  -58.561  -11.713 0.6000000238
29764  28.416  -59.029  -12.988 0.5000000000
29765  27.912  -58.582  -12.484 0.5000000000
29767  20.935  -58.232  -13.130 0.5000000000
29769  18.131  -59.159  -12.681 0.6000000238
29780  21.223  -58.282  -13.634 0.5000000000
29781  20.608  -58.239  -13.448 0.5000000000
29782  19.737  -58.481  -13.292 0.4000000060
29791  31.367  -58.425  -14.684 0.8000000119
29793  21.075  -58.339  -13.988 0.5000000000
29804  31.326  -58.215  -15.511 0.6999999881
29805  31.054  -58.079  -16.379 0.8000000119
29807  29.704  -57.893  -16.374 0.6999999881
29818  30.469  -58.190  -16.692 0.6999999881
29820  29.473  -58.716  -16.863 0.6999999881
30875  16.672  -56.987  -0.749 0.3000000119
30954  20.944  -57.755  -6.873 0.4000000060
30966  20.202  -57.177  -7.899 0.4000000060
30968  18.569  -57.904  -8.103 0.6000000238
30982  19.074  -57.086  -8.631 0.4000000060
30992  32.172  -57.971  -8.949 0.6000000238
30996  16.265  -57.193  -9.410 0.6000000238
30999  13.416  -57.207  -9.546 0.5000000000
31000  12.705  -57.560  -9.343 0.5000000000
31004  30.913  -57.230  -10.747 0.6000000238
31007  14.726  -56.888  -9.751 0.5000000000
31008  14.187  -57.682  -9.740 0.6000000238
31016  30.612  -56.698  -11.379 0.6000000238
31029  31.058  -57.828  -12.108 0.6999999881
31040  28.605  -57.700  -14.201 0.6000000238
31045  31.035  -57.111  -15.164 0.8000000119
31046  30.673  -56.554  -15.133 0.8000000119
31047  28.919  -56.767  -15.066 0.5000000000
31053  31.121  -57.492  -15.848 0.8000000119
32182  17.024  -56.127  -0.514 0.4000000060
32183  16.106  -56.144  -0.551 0.4000000060
32185  14.107  -56.215  -0.823 0.4000000060
32186  13.641  -55.601  -0.837 0.3000000119
32199  12.677  -55.695  -1.309 0.3000000119
32219  18.804  -56.560  -3.057 0.3000000119
32231  23.228  -56.552  -4.429 0.4000000060
32232  18.229  -56.271  -3.893 0.3000000119
32246  22.535  -56.612  -5.055 0.4000000060
32287  19.531  -56.262  -9.037 0.4000000060
32289  17.821  -56.502  -9.414 0.5000000000
32290  14.091  -56.069  -8.570 0.5000000000
32297  31.579  -57.303  -9.305 0.6000000238
32298  31.195  -56.394  -9.585 0.6000000238
32304  16.394  -56.250  -9.741 0.6000000238
32307  13.796  -56.625  -9.483 0.6000000238
32324  30.354  -56.121  -12.168 0.8000000119
32334  30.497  -56.306  -13.378 0.8000000119
32346  30.280  -56.159  -15.298 0.8000000119
32352  29.892  -56.592  -15.743 0.8000000119
33369  18.438  -55.427  -0.576 0.3000000119
33370  17.461  -55.372  -0.483 0.3000000119
33373  14.619  -55.654  -0.652 0.3000000119
33384  20.488  -55.108  -1.868 0.3000000119
33396  20.118  -55.487  -2.427 0.3000000119
33410  19.698  -55.471  -3.289 0.3000000119
33442  22.875  -55.054  -5.237 0.4000000060
33444  21.836  -55.868  -6.011 0.4000000060
33470  20.589  -55.724  -8.099 0.4000000060
33480  32.099  -55.626  -8.640 0.6000000238
33485  19.679  -55.310  -9.495 0.4000000060
33491  30.847  -55.555  -9.902 0.5000000000
33494  19.764  -54.482  -9.726 0.3000000119
33496  18.405  -54.994  -10.067 0.4000000060
33498  15.629  -55.383  -9.488 0.4000000060
33499  14.223  -56.138  -9.263 0.5000000000
33539  30.048  -55.502  -13.896 0.6000000238
33540  29.430  -55.219  -14.306 0.6000000238
33547  29.963  -55.596  -14.833 0.6000000238
33549  28.978  -55.797  -14.952 0.5000000000
33554  29.945  -55.873  -15.246 0.8000000119
33555  29.638  -56.011  -15.373 0.6000000238
34576  19.714  -54.462  -0.775 0.3000000119
34579  16.974  -54.598  -0.568 0.3000000119
34580  15.833  -54.668  -0.651 0.4000000060
34602  15.367  -54.121  -0.904 0.4000000060
34603  14.562  -54.237  -1.013 0.4000000060
34605  12.489  -54.811  -1.709 0.3000000119
34622  12.811  -54.355  -2.540 0.3000000119
34655  19.510  -54.543  -4.597 0.3000000119
34671  19.177  -54.122  -5.322 0.3000000119
34681  22.039  -53.870  -6.397 0.4000000060
34717  18.844  -53.679  -10.311 0.3000000119
34718  18.223  -54.179  -10.171 0.3000000119
34719  17.559  -54.393  -9.929 0.4000000060
34730  29.659  -54.135  -10.994 0.6000000238
34755  29.582  -54.915  -12.511 0.6000000238
34770  28.882  -54.824  -13.773 0.6000000238
35780  20.063  -53.684  -0.687 0.3000000119
35804  16.374  -53.157  -1.469 0.3000000119
35805  15.640  -53.537  -1.385 0.4000000060
35806  14.368  -53.777  -1.645 0.3000000119
35807  13.632  -53.931  -2.083 0.3000000119
35820  15.047  -53.400  -1.903 0.3000000119
35848  20.087  -53.195  -4.874 0.3000000119
35858  19.478  -53.080  -5.607 0.3000000119
35872  19.139  -52.325  -6.565 0.3000000119
36956  19.694  -53.016  -0.583 0.3000000119
36975  21.776  -52.314  -1.169 0.3000000119
36976  21.231  -52.960  -0.939 0.3000000119
36977  19.249  -52.439  -0.665 0.3000000119
36978  18.406  -52.262  -0.983 0.3000000119
36993  16.466  -52.486  -2.029 0.3000000119
37006  21.300  -52.919  -3.699 0.4000000060
37018  20.683  -52.317  -4.736 0.4000000060
37028  19.862  -51.353  -6.468 0.3000000119
37040  18.685  -52.049  -7.474 0.3000000119
37050  20.970  -51.593  -7.937 0.4000000060
38220  18.474  -51.517  -1.299 0.3000000119
38221  17.798  -51.735  -1.556 0.3000000119
38231  16.562  -51.801  -2.636 0.3000000119
38232  16.042  -51.892  -3.823 0.3000000119
38241  22.817  -51.146  -3.432 0.3000000119
38250  24.581  -51.487  -4.754 0.3000000119
38252  22.501  -50.954  -4.367 0.3000000119
38253  21.849  -51.012  -4.787 0.3000000119
38254  21.085  -51.270  -5.136 0.3000000119
38263  23.467  -51.071  -5.324 0.3000000119
38265  20.981  -50.786  -6.015 0.4000000060
38282  21.114  -50.653  -6.776 0.4000000060
38299  21.010  -50.879  -7.416 0.4000000060
39484  20.457  -50.689  -0.770 0.3000000119
39499  18.338  -50.315  -2.089 0.3000000119
39512  17.903  -49.828  -2.891 0.3000000119
39520  24.747  -50.931  -4.376 0.3000000119
39521  22.491  -50.780  -5.080 0.3000000119
39522  22.041  -50.791  -5.362 0.3000000119
39557  21.709  -50.788  -6.339 0.4000000060
40689  21.686  -49.457  -0.936 0.3000000119
40690  20.747  -49.509  -1.174 0.3000000119
40702  18.706  -49.622  -2.353 0.3000000119
40725  17.902  -48.762  -3.874 0.3000000119
40726  17.279  -48.870  -4.469 0.3000000119
40741  16.651  -49.123  -5.032 0.3000000119
41899  21.077  -48.783  -1.401 0.3000000119
41916  19.820  -48.589  -2.381 0.3000000119
41940  18.908  -47.782  -4.067 0.3000000119
43142  20.855  -47.599  -2.552 0.3000000119
148130  14.313  -62.023  -13.617 0.5000000000
148503  36.106  -63.040  -19.351 0.3000000119
149073  15.141  -60.304  -10.165 0.5000000000
149356  22.600  -73.929  -5.068 0.3000000119
149917  21.127  -66.827  -20.392 0.5000000000
150621  22.173  -76.813  -4.726 0.3000000119
150804  17.096  -55.511  -9.847 0.4000000060
150958  24.529  -77.416  -22.658 0.4000000060
150984  27.919  -66.566  -10.916 0.6000000238
151019  19.129  -59.086  -11.873 0.6000000238
151033  19.742  -68.093  -20.486 0.6000000238
152284  30.123  -70.927  -20.805 0.4000000060
152385  24.886  -63.074  -10.512 0.4000000060
152769  18.802  -60.075  -7.062 0.6000000238
152812  33.802  -63.533  -11.059 0.6000000238
152874  19.874  -62.904  -7.548 0.5000000000
153257  27.065  -60.579  -14.633 0.6000000238
153308  34.804  -62.549  -12.953 0.6000000238
153381  21.699  -61.260  -11.138 0.5000000000
153986  20.093  -55.780  -8.859 0.4000000060
154446  32.564  -56.329  -8.505 0.6000000238
154737  33.387  -65.259  -17.053 0.4000000060
154760  21.481  -76.210  -15.177 0.5000000000
154866  21.952  -73.890  -5.071 0.3000000119
155348  25.968  -59.727  -15.991 0.6000000238
155478  30.137  -61.177  -15.301 0.6000000238
156139  30.722  -59.040  -16.627 0.6999999881
156222  35.044  -57.943  -8.596 0.5000000000
156281  22.711  -72.046  -9.125 0.3000000119
156497  22.283  -63.644  -7.203 0.6000000238
156603  28.714  -58.487  -14.487 0.6999999881
156878  36.064  -61.009  -11.718 0.4000000060
157361  30.291  -57.088  -16.014 0.8000000119
158295  24.823  -70.634  -16.698 0.6000000238
158653  22.906  -67.308  -21.255 0.5000000000
158746  19.927  -54.852  -3.853 0.3000000119
158796  25.563  -75.996  -16.033 0.4000000060
159189  16.541  -59.140  -8.402 0.6000000238
159270  31.134  -63.754  -9.425 0.6999999881
159355  21.786  -76.880  -20.746 0.4000000060
159441  30.320  -61.184  -14.115 0.6999999881
159609  32.743  -72.148  -9.684 0.3000000119
159724  19.851  -75.446  -21.703 0.4000000060
159769  23.639  -77.054  -6.723 0.3000000119
159897  28.650  -61.731  -18.104 0.6999999881
159974  31.344  -58.895  -14.124 0.8000000119
160021  24.083  -69.220  -20.028 0.6999999881
160024  18.083  -55.212  -5.104 0.3000000119
160377  16.728  -60.779  -9.351 0.6000000238
160718  29.340  -71.832  -13.045 0.3000000119
160771  27.648  -62.980  -18.039 0.6000000238
160776  20.647  -72.995  -20.523 0.5000000000
160778  33.750  -59.900  -8.542 0.6000000238
161336  26.776  -66.425  -11.989 0.6999999881
161393  23.490  -78.005  -19.112 0.4000000060
161484  22.645  -77.013  -17.728 0.5000000000
161920  29.483  -60.865  -17.689 0.6999999881
162316  16.007  -57.601  -1.080 0.3000000119
163051  27.714  -60.065  -12.282 0.6999999881
163615  23.938  -76.907  -7.441 0.3000000119
163907  19.361  -59.330  -7.123 0.5000000000
165321  14.032  -60.239  -10.875 0.5000000000
165723  35.435  -61.127  -15.129 0.4000000060
165948  30.503  -60.074  -16.466 0.6999999881
166580  23.179  -59.734  -15.894 0.5000000000
166696  35.619  -61.587  -11.193 0.4000000060
167159  27.582  -60.416  -14.309 0.6000000238
168512  23.571  -73.895  -21.389 0.4000000060
168688  31.164  -57.462  -14.369 0.8000000119
168793  29.360  -72.496  -18.468 0.6000000238
168886  20.655  -59.403  -6.468 0.4000000060
169497  32.781  -71.801  -9.935 0.3000000119
170206  27.805  -66.036  -18.981 0.5000000000
170450  20.911  -74.950  -6.199 0.3000000119
170470  35.192  -62.093  -10.857 0.6000000238
170667  15.831  -60.476  -10.938 0.6000000238
171102  15.339  -56.130  -0.625 0.4000000060
171308  31.166  -63.193  -9.374 0.6999999881
171561  14.192  -60.449  -11.729 0.5000000000
171818  32.398  -65.594  -13.571 0.5000000000
172334  31.638  -65.204  -10.651 0.6000000238
172540  19.817  -62.790  -7.032 0.5000000000
172641  31.289  -59.912  -12.487 0.6999999881
172846  26.015  -78.126  -22.043 0.4000000060
172848  21.024  -77.532  -4.773 0.3000000119
172920  30.094  -57.204  -16.094 0.8000000119
173530  21.048  -61.288  -5.760 0.5000000000
173548  34.495  -66.395  -21.520 0.3000000119
173884  25.068  -62.629  -9.211 0.5000000000
173927  37.636  -58.642  -11.749 0.4000000060
173992  29.836  -63.207  -10.387 0.6999999881
174424  23.545  -50.825  -4.937 0.3000000119
174617  17.337  -57.558  -8.700 0.6000000238
174916  21.234  -69.428  -20.798 0.6000000238
175013  16.873  -60.008  -13.178 0.6000000238
175132  19.437  -58.375  -12.861 0.6000000238
175183  25.280  -68.374  -14.729 0.6999999881
175326  12.256  -57.933  -9.353 0.5000000000
175639  15.180  -60.429  -10.969 0.5000000000
176022  26.388  -79.011  -18.248 0.4000000060
176458  30.064  -66.953  -11.893 0.6999999881
177195  33.331  -61.464  -8.672 0.6000000238
177302  26.372  -61.869  -11.147 0.6000000238
177486  32.190  -62.276  -8.907 0.6999999881
177496  24.483  -69.529  -17.391 0.6999999881
177591  36.894  -59.531  -10.184 0.4000000060
177687  16.992  -53.370  -1.088 0.3000000119
177744  23.909  -77.251  -14.762 0.4000000060
177833  13.098  -57.776  -9.605 0.6000000238
177961  27.779  -74.876  -16.353 0.3000000119
178218  21.730  -70.104  -19.884 0.6999999881
178350  21.110  -60.266  -11.522 0.5000000000
